/*--------------------------------*- C++ -*----------------------------------*\
  =========                 |
  \\      /  F ield         | OpenFOAM: The Open Source CFD Toolbox
   \\    /   O peration     | Website:  https://openfoam.org
    \\  /    A nd           | Version:  6
     \\/     M anipulation  |
\*---------------------------------------------------------------------------*/
FoamFile
{
    version     2.0;
    format      ascii;
    class       volScalarField;
    location    "0.075";
    object      p;
}
// * * * * * * * * * * * * * * * * * * * * * * * * * * * * * * * * * * * * * //

dimensions      [0 2 -2 0 0 0 0];

internalField   nonuniform List<scalar> 
400
(
4.02406e-08
-0.00178818
-0.00376962
-0.00500611
-0.00504281
-0.00371107
-0.00103432
0.00283566
0.00766092
0.0131391
0.0189152
0.0245931
0.029754
0.0339887
0.0369439
0.0383862
0.0382788
0.0368582
0.034709
0.0328772
0.00176968
-7.4427e-05
-0.00160155
-0.00236179
-0.00216037
-0.000874613
0.00149202
0.00483067
0.00895681
0.0136258
0.0185436
0.0233798
0.0277873
0.0314315
0.0340313
0.0354085
0.0355469
0.0346239
0.0329467
0.0310705
0.00387785
0.00133774
-0.000326331
-0.00100315
-0.000753849
0.000476351
0.00267037
0.00572915
0.00949409
0.0137545
0.0182527
0.0226943
0.0267652
0.0301584
0.0326094
0.0339401
0.0341132
0.0332372
0.0313752
0.0287743
0.00550563
0.00203456
-5.73933e-05
-0.000869396
-0.000675831
0.000513118
0.00265399
0.00563987
0.00932007
0.0134998
0.0179382
0.022353
0.026434
0.0298661
0.0323623
0.0337074
0.033819
0.0327409
0.0303489
0.0267343
0.00617703
0.00172678
-0.000879102
-0.00189049
-0.00176612
-0.00057332
0.00161715
0.00468541
0.00848141
0.0128176
0.0174595
0.0221238
0.0264865
0.0302028
0.0329378
0.0344141
0.0344868
0.0331345
0.0300755
0.0253223
0.00554007
6.70111e-05
-0.00309205
-0.00431255
-0.00422697
-0.00295561
-0.000596081
0.00271683
0.00683053
0.0115605
0.0166727
0.0218742
0.0268149
0.0311014
0.0343268
0.0361237
0.0362605
0.0346382
0.0308164
0.0247659
0.00327057
-0.00330503
-0.00704357
-0.00844898
-0.00833855
-0.00688813
-0.00422322
-0.000493898
0.00414498
0.00951247
0.0153748
0.0214272
0.0272854
0.0324927
0.0365441
0.0389474
0.0393466
0.0375319
0.0328641
0.0252736
-0.000997657
-0.0087955
-0.0131301
-0.014663
-0.0144311
-0.0126767
-0.00955659
-0.00523512
0.000134958
0.00638287
0.0132827
0.0205236
0.0276886
0.0342474
0.0395718
0.043
0.0439948
0.0421721
0.036603
0.0271398
-0.00773118
-0.0169057
-0.0218346
-0.0233947
-0.0229032
-0.0206903
-0.0169496
-0.0118577
-0.00555664
0.00180669
0.0100311
0.0188173
0.0277293
0.036165
0.0433513
0.0484044
0.0505245
0.0490477
0.042595
0.0308505
-0.0175495
-0.0282777
-0.0337545
-0.0351683
-0.0342122
-0.0313379
-0.0267848
-0.020738
-0.0133154
-0.00461939
0.0052012
0.0158917
0.0270292
0.0379618
0.0477646
0.0552789
0.0593367
0.0588325
0.0516772
0.0372087
-0.0312897
-0.0437507
-0.049627
-0.0505835
-0.0488375
-0.0450106
-0.0393998
-0.0321924
-0.0234644
-0.0132456
-0.00159397
0.0113304
0.0251761
0.0392949
0.0526366
0.0637329
0.0709287
0.0724491
0.0650918
0.047512
-0.0501137
-0.0644444
-0.0703543
-0.0702841
-0.0672045
-0.0619741
-0.0549567
-0.0463308
-0.0361063
-0.0242057
-0.0105473
0.00487029
0.0218541
0.0398586
0.0577917
0.0738952
0.0859259
0.0911549
0.0846732
0.0638321
-0.0757245
-0.0918979
-0.0970234
-0.0948807
-0.0895468
-0.0821929
-0.0732447
-0.0628454
-0.0509023
-0.0371871
-0.0214217
-0.00336335
0.0170666
0.0395744
0.0631932
0.0860003
0.105149
0.116663
0.113129
0.0894981
-0.110848
-0.128311
-0.13089
-0.124785
-0.115672
-0.105072
-0.0934212
-0.0807603
-0.0668303
-0.0511911
-0.0333036
-0.0125987
0.0113999
0.0388415
0.0691475
0.100523
0.129701
0.151294
0.154476
0.129998
-0.160315
-0.17693
-0.173232
-0.159853
-0.144567
-0.129103
-0.113723
-0.0982124
-0.082022
-0.0644064
-0.0444888
-0.0212934
0.0061715
0.0386997
0.0764438
0.118242
0.160954
0.198028
0.214594
0.194585
-0.233196
-0.242502
-0.224918
-0.198795
-0.173895
-0.151515
-0.131293
-0.112434
-0.0938672
-0.0743962
-0.0527145
-0.027372
0.00322379
0.0406816
0.0862569
0.140135
0.200347
0.26024
0.301495
0.298434
-0.347016
-0.331489
-0.285723
-0.238757
-0.199837
-0.168374
-0.142523
-0.120277
-0.0996643
-0.0788323
-0.0559498
-0.0290494
0.0041041
0.0460581
0.0995384
0.166949
0.248987
0.341071
0.425276
0.465998
-0.543159
-0.451826
-0.350806
-0.272915
-0.215938
-0.174341
-0.143412
-0.118947
-0.0975691
-0.0766014
-0.0536718
-0.0263421
0.00821798
0.0535428
0.11418
0.195765
0.303645
0.439761
0.600234
0.74852
-0.936302
-0.606744
-0.391667
-0.275723
-0.204276
-0.15781
-0.12699
-0.104716
-0.0861136
-0.0679156
-0.0475378
-0.0224298
0.0104476
0.0552346
0.11812
0.208598
0.33971
0.531597
0.837368
1.26884
-1.64187
-0.751036
-0.350795
-0.210273
-0.144934
-0.109195
-0.0893959
-0.0768466
-0.0663442
-0.0549654
-0.0406675
-0.0214774
0.00505442
0.0425343
0.0970527
0.179975
0.31326
0.550381
1.06597
2.07151
)
;

boundaryField
{
    movingWall
    {
        type            zeroGradient;
    }
    fixedWalls
    {
        type            zeroGradient;
    }
    frontAndBack
    {
        type            empty;
    }
}


// ************************************************************************* //
