/*--------------------------------*- C++ -*----------------------------------*\
  =========                 |
  \\      /  F ield         | OpenFOAM: The Open Source CFD Toolbox
   \\    /   O peration     | Website:  https://openfoam.org
    \\  /    A nd           | Version:  6
     \\/     M anipulation  |
\*---------------------------------------------------------------------------*/
FoamFile
{
    version     2.0;
    format      ascii;
    class       surfaceScalarField;
    location    "0.075";
    object      phi;
}
// * * * * * * * * * * * * * * * * * * * * * * * * * * * * * * * * * * * * * //

dimensions      [0 3 -1 0 0 0 0];

internalField   nonuniform List<scalar> 
760
(
7.42319e-09
-7.42362e-09
-2.73069e-08
3.47302e-08
-1.03616e-07
7.63089e-08
-2.06727e-07
1.03112e-07
-3.21393e-07
1.14666e-07
-4.3438e-07
1.12986e-07
-5.34957e-07
1.00578e-07
-6.14792e-07
7.9834e-08
-6.67631e-07
5.28395e-08
-6.89112e-07
2.14812e-08
-6.76812e-07
-1.23001e-08
-6.30562e-07
-4.62499e-08
-5.52951e-07
-7.76112e-08
-4.4987e-07
-1.03081e-07
-3.30901e-07
-1.18969e-07
-2.09266e-07
-1.21635e-07
-1.01031e-07
-1.08235e-07
-2.33236e-08
-7.77075e-08
9.47437e-09
-3.27978e-08
9.47439e-09
-3.32887e-08
2.58653e-08
-1.55529e-07
1.5697e-07
-3.56709e-07
2.77489e-07
-6.10384e-07
3.56786e-07
-8.86333e-07
3.90615e-07
-1.15615e-06
3.82807e-07
-1.39553e-06
3.39953e-07
-1.58489e-06
2.69199e-07
-1.70942e-06
1.77362e-07
-1.75893e-06
7.09938e-08
-1.72816e-06
-4.30666e-08
-1.61737e-06
-1.57037e-07
-1.43326e-06
-2.61722e-07
-1.18986e-06
-3.46487e-07
-9.08939e-07
-3.99888e-07
-6.19415e-07
-4.1116e-07
-3.54992e-07
-3.72658e-07
-1.49604e-07
-2.83095e-07
-2.9597e-08
-1.52804e-07
-2.01226e-08
-7.76483e-08
1.03514e-07
-2.8901e-07
3.68332e-07
-6.04332e-07
5.92811e-07
-9.85142e-07
7.37597e-07
-1.39069e-06
7.96162e-07
-1.78283e-06
7.7495e-07
-2.12861e-06
6.85727e-07
-2.40121e-06
5.41798e-07
-2.58017e-06
3.56329e-07
-2.65147e-06
1.42288e-07
-2.60783e-06
-8.67031e-08
-2.44962e-06
-3.15251e-07
-2.18595e-06
-5.25386e-07
-1.83587e-06
-6.96568e-07
-1.42882e-06
-8.06942e-07
-1.00377e-06
-8.36206e-07
-6.06257e-07
-7.7017e-07
-2.82795e-07
-6.06557e-07
-7.28251e-08
-3.62775e-07
-9.29475e-08
-1.16534e-07
2.20048e-07
-4.1276e-07
6.64558e-07
-8.3674e-07
1.01679e-06
-1.33538e-06
1.23624e-06
-1.85752e-06
1.3183e-06
-2.35712e-06
1.27455e-06
-2.79504e-06
1.12364e-06
-3.13961e-06
8.86373e-07
-3.36663e-06
5.83346e-07
-3.45924e-06
2.34901e-07
-3.40835e-06
-1.37595e-07
-3.21357e-06
-5.10027e-07
-2.88474e-06
-8.54214e-07
-2.4435e-06
-1.13781e-06
-1.92431e-06
-1.32614e-06
-1.37396e-06
-1.38656e-06
-8.48768e-07
-1.29536e-06
-4.08982e-07
-1.04634e-06
-1.10989e-07
-6.60768e-07
-2.03936e-07
-1.52166e-07
3.72214e-07
-5.30923e-07
1.04332e-06
-1.06233e-06
1.5482e-06
-1.677e-06
1.8509e-06
-2.31254e-06
1.95385e-06
-2.91545e-06
1.87745e-06
-3.44156e-06
1.64976e-06
-3.85577e-06
1.30058e-06
-4.13118e-06
8.58764e-07
-4.24867e-06
3.5239e-07
-4.19701e-06
-1.89261e-07
-3.97398e-06
-7.33052e-07
-3.58838e-06
-1.23981e-06
-3.06241e-06
-1.66378e-06
-2.43377e-06
-1.95478e-06
-1.75635e-06
-2.06398e-06
-1.09819e-06
-1.95352e-06
-5.36139e-07
-1.60839e-06
-1.47423e-07
-1.04948e-06
-3.51359e-07
-1.8784e-07
5.60054e-07
-6.51292e-07
1.50677e-06
-1.29385e-06
2.19076e-06
-2.02826e-06
2.58532e-06
-2.78003e-06
2.70562e-06
-3.48817e-06
2.58559e-06
-4.1043e-06
2.26589e-06
-4.59085e-06
1.78713e-06
-4.91912e-06
1.18703e-06
-5.06797e-06
5.01241e-07
-5.02358e-06
-2.33653e-07
-4.78062e-06
-9.76012e-07
-4.34486e-06
-1.67557e-06
-3.73683e-06
-2.27181e-06
-2.99569e-06
-2.69592e-06
-2.18188e-06
-2.8778e-06
-1.37671e-06
-2.75869e-06
-6.7743e-07
-2.30767e-06
-1.87143e-07
-1.53977e-06
-5.38503e-07
-2.26649e-07
7.86703e-07
-7.81804e-07
2.06192e-06
-1.54381e-06
2.95276e-06
-2.40547e-06
3.44698e-06
-3.2792e-06
3.57935e-06
-4.09676e-06
3.40314e-06
-4.80649e-06
2.97562e-06
-5.36962e-06
2.35026e-06
-5.75672e-06
1.57413e-06
-5.94509e-06
6.89616e-07
-5.91794e-06
-2.60807e-07
-5.66541e-06
-1.22854e-06
-5.18793e-06
-2.15305e-06
-4.50146e-06
-2.95829e-06
-3.64388e-06
-3.5535e-06
-2.68079e-06
-3.84089e-06
-1.70794e-06
-3.73154e-06
-8.47431e-07
-3.16818e-06
-2.35448e-07
-2.15175e-06
-7.73951e-07
-2.7132e-07
1.05802e-06
-9.29442e-07
2.72004e-06
-1.82243e-06
3.84575e-06
-2.82011e-06
4.44466e-06
-3.82088e-06
4.58013e-06
-4.75002e-06
4.33228e-06
-5.55432e-06
3.77992e-06
-6.19582e-06
2.99176e-06
-6.64605e-06
2.02436e-06
-6.8819e-06
9.25458e-07
-6.88358e-06
-2.5912e-07
-6.63549e-06
-1.47663e-06
-6.13e-06
-2.65854e-06
-5.37458e-06
-3.7137e-06
-4.40147e-06
-4.52661e-06
-3.278e-06
-4.96435e-06
-2.11396e-06
-4.89558e-06
-1.06082e-06
-4.22132e-06
-2.97791e-07
-2.91478e-06
-1.07174e-06
-3.24284e-07
1.38231e-06
-1.09991e-06
3.49567e-06
-2.13649e-06
4.88233e-06
-3.27662e-06
5.5848e-06
-4.40418e-06
5.70768e-06
-5.43974e-06
5.36784e-06
-6.33154e-06
4.67171e-06
-7.04563e-06
3.70585e-06
-7.55744e-06
2.53618e-06
-7.84549e-06
1.21351e-06
-7.888e-06
-2.16613e-07
-7.66283e-06
-1.7018e-06
-7.15157e-06
-3.16981e-06
-6.34821e-06
-4.51706e-06
-5.27266e-06
-5.60216e-06
-3.9873e-06
-6.24971e-06
-2.61224e-06
-6.27065e-06
-1.33148e-06
-5.50208e-06
-3.79872e-07
-3.86639e-06
-1.45161e-06
-3.88054e-07
1.77036e-06
-1.29793e-06
4.40555e-06
-2.48864e-06
6.07304e-06
-3.77032e-06
6.86647e-06
-5.01268e-06
6.95004e-06
-6.13526e-06
6.49042e-06
-7.09252e-06
5.62897e-06
-7.85949e-06
4.47282e-06
-8.41987e-06
3.09655e-06
-8.75736e-06
1.551e-06
-8.8504e-06
-1.23566e-07
-8.67083e-06
-1.88137e-06
-8.18721e-06
-3.65342e-06
-7.37451e-06
-5.32976e-06
-6.23112e-06
-6.74555e-06
-4.80312e-06
-7.67771e-06
-3.21144e-06
-7.86232e-06
-1.67158e-06
-7.04194e-06
-4.87949e-07
-5.05002e-06
-1.93956e-06
-4.66045e-07
2.23641e-06
-1.52821e-06
5.46771e-06
-2.87722e-06
7.42205e-06
-4.28498e-06
8.27423e-06
-5.60984e-06
8.2749e-06
-6.77687e-06
7.65745e-06
-7.75426e-06
6.60636e-06
-8.53289e-06
5.25146e-06
-9.11076e-06
3.67443e-06
-9.48182e-06
1.92205e-06
-9.62874e-06
2.33557e-08
-9.51961e-06
-1.9905e-06
-9.10948e-06
-4.06355e-06
-8.3492e-06
-6.09004e-06
-7.20465e-06
-7.8901e-06
-5.6888e-06
-9.19356e-06
-3.90501e-06
-9.64612e-06
-2.09002e-06
-8.85692e-06
-6.29391e-07
-6.51066e-06
-2.56895e-06
-5.6419e-07
2.8006e-06
-1.79717e-06
6.70069e-06
-3.29568e-06
8.92055e-06
-4.78909e-06
9.76764e-06
-6.13228e-06
9.61809e-06
-7.26736e-06
8.79253e-06
-8.18704e-06
7.52605e-06
-8.90702e-06
5.97144e-06
-9.44678e-06
4.21418e-06
-9.81667e-06
2.29194e-06
-1.00092e-05
2.15867e-07
-9.99338e-06
-2.00631e-06
-9.71331e-06
-4.34362e-06
-9.09337e-06
-6.70997e-06
-8.05624e-06
-8.92724e-06
-6.56023e-06
-1.06896e-05
-4.66092e-06
-1.15454e-05
-2.58953e-06
-1.09283e-05
-8.13619e-07
-8.28656e-06
-3.38257e-06
-6.93961e-07
3.49456e-06
-2.11524e-06
8.12197e-06
-3.73019e-06
1.05355e-05
-5.22811e-06
1.12656e-05
-6.47851e-06
1.08685e-05
-7.45954e-06
9.77356e-06
-8.20317e-06
8.26967e-06
-8.75991e-06
6.52818e-06
-9.17765e-06
4.63193e-06
-9.48894e-06
2.60323e-06
-9.70222e-06
4.29139e-07
-9.79454e-06
-1.91398e-06
-9.70581e-06
-4.43235e-06
-9.33744e-06
-7.07835e-06
-8.56299e-06
-9.70168e-06
-7.26382e-06
-1.19887e-05
-5.40526e-06
-1.3404e-05
-3.16062e-06
-1.3173e-05
-1.05346e-06
-1.03937e-05
-4.43603e-06
-8.77491e-07
4.37205e-06
-2.49774e-06
9.74222e-06
-4.1501e-06
1.21879e-05
-5.50601e-06
1.26215e-05
-6.48672e-06
1.18492e-05
-7.13558e-06
1.04224e-05
-7.54125e-06
8.67535e-06
-7.79753e-06
6.78446e-06
-7.9843e-06
4.81869e-06
-8.15877e-06
2.7777e-06
-8.34963e-06
6.19998e-07
-8.5499e-06
-1.71371e-06
-8.70703e-06
-4.27522e-06
-8.71201e-06
-7.07337e-06
-8.39526e-06
-1.00184e-05
-7.54728e-06
-1.28367e-05
-5.99477e-06
-1.49565e-05
-3.76787e-06
-1.53999e-05
-1.36592e-06
-1.27957e-05
-5.80195e-06
-1.15384e-06
5.52589e-06
-2.95592e-06
1.15443e-05
-4.47659e-06
1.37085e-05
-5.44077e-06
1.35857e-05
-5.88943e-06
1.22979e-05
-5.96963e-06
1.05026e-05
-5.84158e-06
8.5473e-06
-5.64318e-06
6.58606e-06
-5.48129e-06
4.6568e-06
-5.43269e-06
2.7291e-06
-5.54515e-06
7.32468e-07
-5.83356e-06
-1.4253e-06
-6.2679e-06
-3.84088e-06
-6.75243e-06
-6.58884e-06
-7.10032e-06
-9.67053e-06
-7.02174e-06
-1.29153e-05
-6.16925e-06
-1.5809e-05
-4.31625e-06
-1.72529e-05
-1.76689e-06
-1.5345e-05
-7.56884e-06
-1.57532e-06
7.10121e-06
-3.44724e-06
1.34162e-05
-4.49203e-06
1.47533e-05
-4.6628e-06
1.37564e-05
-4.2251e-06
1.18602e-05
-3.46422e-06
9.74174e-06
-2.60928e-06
7.69236e-06
-1.82474e-06
5.80152e-06
-1.22411e-06
4.05617e-06
-8.86765e-07
2.39175e-06
-8.69389e-07
7.15091e-07
-1.2084e-06
-1.0863e-06
-1.91012e-06
-3.13916e-06
-2.92434e-06
-5.57462e-06
-4.09772e-06
-8.49715e-06
-5.11481e-06
-1.18982e-05
-5.46851e-06
-1.54553e-05
-4.56892e-06
-1.81525e-05
-2.23944e-06
-1.76745e-05
-9.80828e-06
-2.15252e-06
9.25373e-06
-3.69637e-06
1.49601e-05
-3.60622e-06
1.46632e-05
-2.40419e-06
1.25544e-05
-6.85334e-07
1.01413e-05
1.14163e-06
7.91477e-06
2.82769e-06
6.0063e-06
4.23133e-06
4.39788e-06
5.2723e-06
3.0152e-06
5.89789e-06
1.76616e-06
6.06214e-06
5.50845e-07
5.71644e-06
-7.40597e-07
4.81268e-06
-2.2354e-06
3.32526e-06
-4.0872e-06
1.30527e-06
-6.47716e-06
-1.01826e-06
-9.57469e-06
-3.09719e-06
-1.33764e-05
-3.97263e-06
-1.7277e-05
-2.63034e-06
-1.90168e-05
-1.24386e-05
-2.62509e-06
1.18788e-05
-2.66253e-06
1.49975e-05
-3.21533e-07
1.23222e-05
2.87998e-06
9.35289e-06
6.09582e-06
6.92547e-06
8.95764e-06
5.05294e-06
1.13258e-05
3.63815e-06
1.31654e-05
2.55826e-06
1.44801e-05
1.70053e-06
1.52748e-05
9.71479e-07
1.55355e-05
2.90079e-07
1.52181e-05
-4.23208e-07
1.42429e-05
-1.26012e-06
1.24997e-05
-2.34408e-06
9.88067e-06
-3.85809e-06
6.37639e-06
-6.07041e-06
2.30057e-06
-9.30054e-06
-1.31031e-06
-1.36661e-05
-2.40278e-06
-1.79243e-05
-1.48414e-05
-1.26341e-06
1.31422e-05
3.09554e-06
1.06386e-05
8.83758e-06
6.58014e-06
1.39801e-05
4.21039e-06
1.81368e-05
2.7687e-06
2.13527e-05
1.83709e-06
2.37661e-05
1.22476e-06
2.5515e-05
8.09338e-07
2.67061e-05
5.09399e-07
2.74056e-05
2.72006e-07
2.76359e-05
5.983e-08
2.73715e-05
-1.58878e-07
2.65307e-05
-4.19338e-07
2.49597e-05
-7.73028e-07
2.24137e-05
-1.31208e-06
1.85622e-05
-2.2189e-06
1.31179e-05
-3.85623e-06
6.319e-06
-6.86727e-06
2.62868e-07
-1.18682e-05
-1.45785e-05
1.31422e-05
2.37808e-05
3.03609e-05
3.45713e-05
3.734e-05
3.91771e-05
4.04019e-05
4.12112e-05
4.17206e-05
4.19926e-05
4.20524e-05
4.18936e-05
4.14742e-05
4.07012e-05
3.93891e-05
3.71702e-05
3.3314e-05
2.64467e-05
1.45785e-05
)
;

boundaryField
{
    movingWall
    {
        type            calculated;
        value           uniform 0;
    }
    fixedWalls
    {
        type            calculated;
        value           uniform 0;
    }
    frontAndBack
    {
        type            empty;
        value           nonuniform 0();
    }
}


// ************************************************************************* //
