/*--------------------------------*- C++ -*----------------------------------*\
  =========                 |
  \\      /  F ield         | OpenFOAM: The Open Source CFD Toolbox
   \\    /   O peration     | Website:  https://openfoam.org
    \\  /    A nd           | Version:  6
     \\/     M anipulation  |
\*---------------------------------------------------------------------------*/
FoamFile
{
    version     2.0;
    format      ascii;
    class       surfaceScalarField;
    location    "0.035";
    object      phi;
}
// * * * * * * * * * * * * * * * * * * * * * * * * * * * * * * * * * * * * * //

dimensions      [0 3 -1 0 0 0 0];

internalField   nonuniform List<scalar> 
760
(
-2.08424e-08
2.08424e-08
-8.27631e-08
6.19207e-08
-1.59035e-07
7.62717e-08
-2.3479e-07
7.57553e-08
-3.0421e-07
6.94194e-08
-3.64603e-07
6.0393e-08
-4.14211e-07
4.96081e-08
-4.51661e-07
3.74505e-08
-4.75862e-07
2.4201e-08
-4.86002e-07
1.01393e-08
-4.81569e-07
-4.43287e-09
-4.62387e-07
-1.91821e-08
-4.28652e-07
-3.37342e-08
-3.80986e-07
-4.76667e-08
-3.20499e-07
-6.04868e-08
-2.48971e-07
-7.15283e-08
-1.69467e-07
-7.95036e-08
-8.86282e-08
-8.08389e-08
-2.26445e-08
-6.59837e-08
-2.26445e-08
-6.28532e-08
8.36956e-08
-1.8854e-07
1.87608e-07
-3.3559e-07
2.23322e-07
-4.81516e-07
2.21682e-07
-6.15531e-07
2.03435e-07
-7.32023e-07
1.76884e-07
-8.27368e-07
1.44953e-07
-8.98878e-07
1.08961e-07
-9.44523e-07
6.98452e-08
-9.62866e-07
2.84831e-08
-9.53078e-07
-1.42209e-08
-9.14968e-07
-5.72923e-08
-8.49053e-07
-9.96491e-08
-7.56659e-07
-1.40061e-07
-6.4008e-07
-1.77065e-07
-5.02968e-07
-2.08641e-07
-3.515e-07
-2.30971e-07
-1.9768e-07
-2.34659e-07
-6.58888e-08
-1.97775e-07
-8.85333e-08
-8.23697e-08
1.66065e-07
-2.39552e-07
3.4479e-07
-4.19825e-07
4.03594e-07
-5.97438e-07
3.99295e-07
-7.60113e-07
3.66109e-07
-9.0127e-07
3.18042e-07
-1.01661e-06
2.6029e-07
-1.10295e-06
1.95306e-07
-1.15794e-06
1.24834e-07
-1.17992e-06
5.04649e-08
-1.16794e-06
-2.62009e-08
-1.12178e-06
-1.03459e-07
-1.04201e-06
-1.79418e-07
-9.30164e-07
-2.51905e-07
-7.8893e-07
-3.18299e-07
-6.22615e-07
-3.74956e-07
-4.38448e-07
-4.15138e-07
-2.50159e-07
-4.22948e-07
-8.57893e-08
-3.62145e-07
-1.74323e-07
-9.20683e-08
2.58134e-07
-2.68359e-07
5.21081e-07
-4.69394e-07
6.04629e-07
-6.66468e-07
5.96369e-07
-8.46382e-07
5.46024e-07
-1.00218e-06
4.73842e-07
-1.12936e-06
3.87465e-07
-1.22461e-06
2.90558e-07
-1.28549e-06
1.85713e-07
-1.31026e-06
7.52358e-08
-1.29786e-06
-3.85978e-08
-1.24794e-06
-1.53386e-07
-1.16091e-06
-2.66444e-07
-1.03818e-06
-3.74634e-07
-8.82395e-07
-4.74085e-07
-6.98003e-07
-5.59348e-07
-4.92724e-07
-6.20417e-07
-2.81577e-07
-6.34095e-07
-9.62405e-08
-5.47481e-07
-2.70563e-07
-1.00973e-07
3.59107e-07
-2.95364e-07
7.15472e-07
-5.16647e-07
8.25912e-07
-7.3283e-07
8.12552e-07
-9.29569e-07
7.42763e-07
-1.09956e-06
6.43828e-07
-1.2382e-06
5.26104e-07
-1.34221e-06
3.94574e-07
-1.40918e-06
2.52681e-07
-1.43734e-06
1.03393e-07
-1.42549e-06
-5.04427e-08
-1.37303e-06
-2.05844e-07
-1.28004e-06
-3.59435e-07
-1.14753e-06
-5.07149e-07
-9.77817e-07
-6.43794e-07
-7.75309e-07
-7.61856e-07
-5.48225e-07
-8.47501e-07
-3.13317e-07
-8.69003e-07
-1.06649e-07
-7.54149e-07
-3.77212e-07
-1.12355e-07
4.71462e-07
-3.29031e-07
9.32148e-07
-5.75168e-07
1.07205e-06
-8.14747e-07
1.05213e-06
-1.03194e-06
9.59955e-07
-1.21902e-06
8.30908e-07
-1.3714e-06
6.78485e-07
-1.48596e-06
5.09134e-07
-1.56043e-06
3.2715e-07
-1.59308e-06
1.36045e-07
-1.58258e-06
-6.09478e-08
-1.52793e-06
-2.60489e-07
-1.42866e-06
-4.58712e-07
-1.28506e-06
-6.50743e-07
-1.09884e-06
-8.30012e-07
-8.74102e-07
-9.86597e-07
-6.19619e-07
-1.10198e-06
-3.54477e-07
-1.13415e-06
-1.20463e-07
-9.88163e-07
-4.97676e-07
-1.27483e-07
5.98945e-07
-3.73034e-07
1.1777e-06
-6.50946e-07
1.34996e-06
-9.20056e-07
1.32124e-06
-1.16268e-06
1.20258e-06
-1.37071e-06
1.03893e-06
-1.53974e-06
8.47514e-07
-1.66704e-06
6.36441e-07
-1.75072e-06
4.10827e-07
-1.78921e-06
1.74537e-07
-1.78104e-06
-6.91193e-08
-1.72472e-06
-3.16811e-07
-1.61889e-06
-5.64545e-07
-1.46272e-06
-8.06906e-07
-1.25675e-06
-1.03598e-06
-1.00433e-06
-1.23902e-06
-7.14656e-07
-1.39165e-06
-4.09808e-07
-1.43899e-06
-1.39288e-07
-1.25868e-06
-6.36964e-07
-1.47337e-07
7.46282e-07
-4.30148e-07
1.46051e-06
-7.48361e-07
1.66817e-06
-1.05416e-06
1.62704e-06
-1.32768e-06
1.4761e-06
-1.56056e-06
1.27182e-06
-1.749e-06
1.03595e-06
-1.89107e-06
7.78513e-07
-1.9856e-06
5.05355e-07
-2.03144e-06
2.20376e-07
-2.02704e-06
-7.3513e-08
-1.97028e-06
-3.73574e-07
-1.85852e-06
-6.763e-07
-1.68917e-06
-9.76261e-07
-1.46071e-06
-1.26444e-06
-1.17485e-06
-1.52489e-06
-8.40723e-07
-1.72578e-06
-4.84012e-07
-1.7957e-06
-1.64748e-07
-1.57795e-06
-8.01712e-07
-1.73246e-07
9.19527e-07
-5.03892e-07
1.79116e-06
-8.72687e-07
2.03697e-06
-1.22321e-06
1.97757e-06
-1.53313e-06
1.78602e-06
-1.79434e-06
1.53302e-06
-2.00427e-06
1.24588e-06
-2.16251e-06
9.36757e-07
-2.2692e-06
6.12042e-07
-2.32399e-06
2.75175e-07
-2.32546e-06
-7.20465e-08
-2.27068e-06
-4.28351e-07
-2.15529e-06
-7.91696e-07
-1.97396e-06
-1.15759e-06
-1.72179e-06
-1.5166e-06
-1.39723e-06
-1.84945e-06
-1.00807e-06
-2.11495e-06
-5.83954e-07
-2.21982e-06
-1.99335e-07
-1.96256e-06
-1.00105e-06
-2.07321e-07
1.12685e-06
-5.99566e-07
2.1834e-06
-1.03148e-06
2.46888e-06
-1.43555e-06
2.38164e-06
-1.78698e-06
2.13745e-06
-2.07885e-06
1.82489e-06
-2.31102e-06
1.47804e-06
-2.48566e-06
1.1114e-06
-2.60509e-06
7.3147e-07
-2.67041e-06
3.40498e-07
-2.68061e-06
-6.18432e-08
-2.63197e-06
-4.76996e-07
-2.51781e-06
-9.05856e-07
-2.32889e-06
-1.34651e-06
-2.05488e-06
-1.79061e-06
-1.68819e-06
-2.21614e-06
-1.23253e-06
-2.57061e-06
-7.20902e-07
-2.73144e-06
-2.47382e-07
-2.43608e-06
-1.24843e-06
-2.53109e-07
1.37996e-06
-7.25587e-07
2.65588e-06
-1.23611e-06
2.97941e-06
-1.70303e-06
2.84857e-06
-2.0998e-06
2.53422e-06
-2.42249e-06
2.14758e-06
-2.67526e-06
1.73081e-06
-2.86447e-06
1.30061e-06
-2.99589e-06
8.62886e-07
-3.07295e-06
4.17562e-07
-3.09564e-06
-3.91511e-08
-3.05958e-06
-5.13058e-07
-2.95537e-06
-1.01007e-06
-2.76843e-06
-1.53345e-06
-2.4802e-06
-2.07884e-06
-2.07253e-06
-2.62381e-06
-1.53954e-06
-3.1036e-06
-9.14389e-07
-3.35659e-06
-3.16985e-07
-3.03349e-06
-1.56541e-06
-3.16861e-07
1.69682e-06
-8.95772e-07
3.23479e-06
-1.50404e-06
3.58767e-06
-2.04268e-06
3.38721e-06
-2.48565e-06
2.97719e-06
-2.83533e-06
2.49725e-06
-3.10309e-06
1.99857e-06
-3.30174e-06
1.49926e-06
-3.44211e-06
1.00326e-06
-3.53121e-06
5.06656e-07
-3.57089e-06
5.25725e-10
-3.55667e-06
-5.27272e-07
-3.47643e-06
-1.09032e-06
-3.30907e-06
-1.7008e-06
-3.02439e-06
-2.36352e-06
-2.58683e-06
-3.06137e-06
-1.97063e-06
-3.7198e-06
-1.19964e-06
-4.12758e-06
-4.24418e-07
-3.80871e-06
-1.98983e-06
-4.10116e-07
2.10693e-06
-1.13342e-06
3.95809e-06
-1.86229e-06
4.31654e-06
-2.47863e-06
4.00355e-06
-2.96252e-06
3.46108e-06
-3.32839e-06
2.86312e-06
-3.59911e-06
2.26929e-06
-3.79685e-06
1.697e-06
-3.93945e-06
1.14586e-06
-4.03887e-06
6.06077e-07
-4.1001e-06
6.17561e-08
-4.1198e-06
-5.07576e-07
-4.08408e-06
-1.12604e-06
-3.96529e-06
-1.81959e-06
-3.71856e-06
-2.61025e-06
-3.28201e-06
-3.49792e-06
-2.59217e-06
-4.40964e-06
-1.64074e-06
-5.07901e-06
-6.03788e-07
-4.84566e-06
-2.59362e-06
-5.54987e-07
2.66192e-06
-1.47803e-06
4.88114e-06
-2.35135e-06
5.18986e-06
-3.04216e-06
4.69436e-06
-3.54913e-06
3.96806e-06
-3.90814e-06
3.22212e-06
-4.15939e-06
2.52055e-06
-4.33769e-06
1.8753e-06
-4.46971e-06
1.27789e-06
-4.57366e-06
7.10022e-07
-4.65907e-06
1.4717e-07
-4.72581e-06
-4.40843e-07
-4.76101e-06
-1.09083e-06
-4.7332e-06
-1.8474e-06
-4.58294e-06
-2.76051e-06
-4.21336e-06
-3.8675e-06
-3.49698e-06
-5.12602e-06
-2.34587e-06
-6.23012e-06
-9.2389e-07
-6.26764e-06
-3.51751e-06
-7.93802e-07
3.45572e-06
-1.99295e-06
6.08028e-06
-3.02219e-06
6.2191e-06
-3.75818e-06
5.43035e-06
-4.24362e-06
4.45349e-06
-4.54988e-06
3.52839e-06
-4.74131e-06
2.71198e-06
-4.86798e-06
2.00196e-06
-4.96606e-06
1.37597e-06
-5.06018e-06
8.04147e-07
-5.16539e-06
2.52381e-07
-5.2873e-06
-3.18938e-07
-5.41904e-06
-9.59087e-07
-5.5328e-06
-1.73364e-06
-5.56239e-06
-2.73092e-06
-5.37574e-06
-4.05416e-06
-4.7535e-06
-5.74825e-06
-3.448e-06
-7.53562e-06
-1.49934e-06
-8.21631e-06
-5.01685e-06
-1.20036e-06
4.65608e-06
-2.75504e-06
7.63497e-06
-3.88951e-06
7.35357e-06
-4.56904e-06
6.10988e-06
-4.92731e-06
4.81176e-06
-5.08876e-06
3.68984e-06
-5.14651e-06
2.76972e-06
-5.16488e-06
2.02034e-06
-5.1865e-06
1.39758e-06
-5.23951e-06
8.57156e-07
-5.343e-06
3.55869e-07
-5.50958e-06
-1.5235e-07
-5.74399e-06
-7.24679e-07
-6.03413e-06
-1.44351e-06
-6.327e-06
-2.43805e-06
-6.47809e-06
-3.90307e-06
-6.17585e-06
-6.05049e-06
-4.92709e-06
-8.78438e-06
-2.43136e-06
-1.0712e-05
-7.4482e-06
-1.86849e-06
6.52456e-06
-3.73481e-06
9.50129e-06
-4.7002e-06
8.31896e-06
-5.02931e-06
6.43899e-06
-5.01842e-06
4.80087e-06
-4.8535e-06
3.52493e-06
-4.64643e-06
2.56265e-06
-4.46209e-06
1.836e-06
-4.33686e-06
1.27235e-06
-4.29235e-06
8.12646e-07
-4.34465e-06
4.08168e-07
-4.50975e-06
1.27463e-08
-4.80534e-06
-4.29088e-07
-5.2461e-06
-1.00275e-06
-5.82203e-06
-1.86211e-06
-6.4364e-06
-3.2887e-06
-6.76963e-06
-5.71727e-06
-6.10199e-06
-9.45202e-06
-3.53263e-06
-1.32814e-05
-1.09808e-05
-2.77648e-06
9.30104e-06
-4.21588e-06
1.09407e-05
-4.08413e-06
8.18722e-06
-3.36561e-06
5.72048e-06
-2.53594e-06
3.9712e-06
-1.76782e-06
2.75681e-06
-1.12602e-06
1.92084e-06
-6.30925e-07
1.34091e-06
-2.82891e-07
9.24319e-07
-7.73742e-08
6.07129e-07
-1.39871e-08
3.44781e-07
-1.0203e-07
1.00789e-07
-3.65337e-07
-1.65782e-07
-8.46961e-07
-5.21128e-07
-1.60765e-06
-1.10142e-06
-2.69144e-06
-2.20491e-06
-3.98307e-06
-4.42563e-06
-4.85057e-06
-8.58452e-06
-3.74805e-06
-1.43839e-05
-1.47289e-05
-2.6382e-06
1.19392e-05
-4.91177e-07
8.79367e-06
2.68358e-06
5.01246e-06
5.29453e-06
3.10953e-06
7.25918e-06
2.00654e-06
8.71822e-06
1.29777e-06
9.78815e-06
8.50915e-07
1.05582e-05
5.70821e-07
1.10954e-05
3.87158e-07
1.1445e-05
2.57508e-07
1.16326e-05
1.57176e-07
1.16642e-05
6.92288e-08
1.15214e-05
-2.30088e-08
1.11469e-05
-1.46604e-07
1.04114e-05
-3.65976e-07
9.06511e-06
-8.58581e-07
6.74321e-06
-2.10374e-06
3.24314e-06
-5.08445e-06
-3.22223e-07
-1.08186e-05
-1.50511e-05
1.19392e-05
2.07329e-05
2.57454e-05
2.88549e-05
3.08614e-05
3.21592e-05
3.30101e-05
3.35809e-05
3.39681e-05
3.42256e-05
3.43828e-05
3.4452e-05
3.4429e-05
3.42824e-05
3.39164e-05
3.30578e-05
3.09541e-05
2.58697e-05
1.50511e-05
)
;

boundaryField
{
    movingWall
    {
        type            calculated;
        value           uniform 0;
    }
    fixedWalls
    {
        type            calculated;
        value           uniform 0;
    }
    frontAndBack
    {
        type            empty;
        value           nonuniform 0();
    }
}


// ************************************************************************* //
