/*--------------------------------*- C++ -*----------------------------------*\
  =========                 |
  \\      /  F ield         | OpenFOAM: The Open Source CFD Toolbox
   \\    /   O peration     | Website:  https://openfoam.org
    \\  /    A nd           | Version:  6
     \\/     M anipulation  |
\*---------------------------------------------------------------------------*/
FoamFile
{
    version     2.0;
    format      ascii;
    class       volScalarField;
    location    "0.085";
    object      p;
}
// * * * * * * * * * * * * * * * * * * * * * * * * * * * * * * * * * * * * * //

dimensions      [0 2 -2 0 0 0 0];

internalField   nonuniform List<scalar> 
400
(
-1.07077e-08
-0.00184277
-0.00393647
-0.0053104
-0.00548051
-0.00425881
-0.00165734
0.00217658
0.00700291
0.0125109
0.0183314
0.0240498
0.0292274
0.0334372
0.0363154
0.0376294
0.0373577
0.0357671
0.0334863
0.0316014
0.001825
-7.61693e-05
-0.00169611
-0.0025659
-0.00247472
-0.00128785
0.000999097
0.00428101
0.00837305
0.0130261
0.0179377
0.0227655
0.0271494
0.0307433
0.0332592
0.0345202
0.0345211
0.0334602
0.0316732
0.029743
0.00405343
0.00142591
-0.000337009
-0.00111712
-0.000972036
0.000159312
0.00226483
0.00524856
0.00895293
0.0131656
0.0176241
0.0220263
0.0260484
0.0293743
0.0317336
0.0329482
0.0329885
0.0319777
0.0299963
0.0273098
0.0058367
0.00223071
1.82056e-05
-0.000904759
-0.000821206
0.000260444
0.00229969
0.0051924
0.00879015
0.0128987
0.0172749
0.021631
0.0256485
0.0290033
0.0314012
0.0326243
0.0325948
0.031367
0.0288243
0.0250691
0.00666537
0.00202724
-0.00072636
-0.0018622
-0.00185977
-0.000788367
0.00128296
0.00423738
0.0079287
0.0121723
0.0167336
0.0213255
0.0256163
0.029251
0.031885
0.0332344
0.0331548
0.0316317
0.0283807
0.0234187
0.00615643
0.000445836
-0.00288769
-0.00424849
-0.00430096
-0.00317015
-0.000952233
0.00222222
0.00620679
0.0108226
0.0158382
0.0209584
0.0258254
0.0300339
0.0331633
0.0348347
0.0348119
0.0329984
0.0289409
0.0226083
0.00395625
-0.0028948
-0.00682913
-0.00839059
-0.00843743
-0.00715186
-0.00465702
-0.00109645
0.00338451
0.0086142
0.0143646
0.0203307
0.0261208
0.0312638
0.0352363
0.0375277
0.0377709
0.0357529
0.0308113
0.0228693
-0.000327424
-0.0084183
-0.0129599
-0.0146626
-0.0146096
-0.0130499
-0.0101355
-0.00602083
-0.000844358
0.00523725
0.0120082
0.0191604
0.02627
0.0327902
0.0380686
0.0414168
0.0422778
0.0402565
0.0343907
0.0245207
-0.00717987
-0.0166365
-0.0217699
-0.0235099
-0.0232207
-0.0212377
-0.0177467
-0.0129091
-0.00684655
0.000314345
0.00838847
0.0170839
0.0259594
0.0343945
0.041586
0.0466137
0.0486474
0.0470022
0.0402557
0.0280759
-0.0172262
-0.028191
-0.033853
-0.0354514
-0.0347214
-0.0321167
-0.027865
-0.0221299
-0.0150016
-0.00655405
0.00308781
0.0136827
0.0248061
0.0357866
0.0456633
0.0532311
0.057279
0.0566686
0.049258
0.0343664
-0.0312892
-0.0439045
-0.0499282
-0.0510668
-0.0495672
-0.0460508
-0.0407982
-0.0339685
-0.0256012
-0.0156876
-0.00425198
0.00856692
0.0224207
0.0366419
0.0501392
0.0613879
0.0686772
0.0701868
0.0626554
0.0447172
-0.0504904
-0.06486
-0.0708616
-0.0709589
-0.068137
-0.0632531
-0.0566513
-0.0484744
-0.0386853
-0.027156
-0.0137595
0.00153677
0.0185482
0.0367103
0.0548851
0.0712497
0.0834936
0.0888325
0.0822992
0.0612237
-0.0764628
-0.0925396
-0.0976836
-0.0956759
-0.0905941
-0.0836109
-0.0751311
-0.0652534
-0.0538256
-0.0405541
-0.0251017
-0.0071845
0.0132898
0.0360079
0.059951
0.0831232
0.102602
0.114353
0.110917
0.087231
-0.111839
-0.129069
-0.131579
-0.125552
-0.116661
-0.106441
-0.0953038
-0.0832366
-0.0699038
-0.0547829
-0.0372603
-0.0167155
0.00734538
0.0350483
0.0657537
0.0975822
0.127184
0.149117
0.152546
0.128229
-0.161348
-0.177617
-0.17375
-0.160365
-0.14525
-0.130162
-0.115338
-0.100494
-0.0849843
-0.0679606
-0.0484564
-0.0254347
0.00211566
0.0349588
0.073173
0.115496
0.158691
0.196162
0.213086
0.193449
-0.233984
-0.242875
-0.22502
-0.198789
-0.174001
-0.151994
-0.132376
-0.114258
-0.0964546
-0.077646
-0.0564221
-0.0312634
-0.000556792
0.0372712
0.0833875
0.137856
0.198589
0.258887
0.30054
0.298005
-0.347266
-0.331314
-0.285186
-0.23802
-0.19917
-0.168095
-0.1429
-0.121469
-0.101694
-0.0815881
-0.0592067
-0.0325079
0.000767499
0.0431314
0.0972146
0.165283
0.247888
0.340372
0.424948
0.466239
-0.542706
-0.450989
-0.349555
-0.271409
-0.21449
-0.173304
-0.143075
-0.119478
-0.0989933
-0.0788059
-0.0564289
-0.029346
0.00530303
0.0510256
0.112283
0.194574
0.303085
0.439639
0.600446
0.749228
-0.935248
-0.605364
-0.389839
-0.273592
-0.202173
-0.156106
-0.125992
-0.104613
-0.0869553
-0.0696127
-0.049884
-0.0251336
0.00771896
0.0528026
0.116239
0.207408
0.339199
0.531614
0.837756
1.26962
-1.64055
-0.749394
-0.348611
-0.207658
-0.142231
-0.106813
-0.0876948
-0.0760765
-0.0666129
-0.0562339
-0.0427646
-0.0241292
0.00218302
0.0397878
0.0947281
0.17827
0.312241
0.549981
1.06606
2.07199
)
;

boundaryField
{
    movingWall
    {
        type            zeroGradient;
    }
    fixedWalls
    {
        type            zeroGradient;
    }
    frontAndBack
    {
        type            empty;
    }
}


// ************************************************************************* //
