/*--------------------------------*- C++ -*----------------------------------*\
  =========                 |
  \\      /  F ield         | OpenFOAM: The Open Source CFD Toolbox
   \\    /   O peration     | Website:  https://openfoam.org
    \\  /    A nd           | Version:  6
     \\/     M anipulation  |
\*---------------------------------------------------------------------------*/
FoamFile
{
    version     2.0;
    format      ascii;
    class       surfaceScalarField;
    location    "0.085";
    object      phi;
}
// * * * * * * * * * * * * * * * * * * * * * * * * * * * * * * * * * * * * * //

dimensions      [0 3 -1 0 0 0 0];

internalField   nonuniform List<scalar> 
760
(
8.45809e-09
-8.45807e-09
-2.59172e-08
3.43754e-08
-1.03442e-07
7.75247e-08
-2.0933e-07
1.05888e-07
-3.27953e-07
1.18623e-07
-4.45532e-07
1.17578e-07
-5.50716e-07
1.05184e-07
-6.34546e-07
8.38301e-08
-6.90203e-07
5.56576e-08
-7.12881e-07
2.26775e-08
-6.99905e-07
-1.29762e-08
-6.51112e-07
-4.8793e-08
-5.6939e-07
-8.17215e-08
-4.61221e-07
-1.08168e-07
-3.37003e-07
-1.24218e-07
-2.10869e-07
-1.26134e-07
-9.96954e-08
-1.11174e-07
-2.10735e-08
-7.86218e-08
1.08143e-08
-3.18879e-08
1.08142e-08
-3.28725e-08
2.44144e-08
-1.57033e-07
1.58536e-07
-3.63504e-07
2.83996e-07
-6.25685e-07
3.68068e-07
-9.12528e-07
4.05466e-07
-1.1944e-06
3.99447e-07
-1.44554e-06
3.56325e-07
-1.64492e-06
2.83216e-07
-1.7764e-06
1.87137e-07
-1.8288e-06
7.50769e-08
-1.79632e-06
-4.54638e-08
-1.67926e-06
-1.65851e-07
-1.48504e-06
-2.75939e-07
-1.22903e-06
-3.6418e-07
-9.34808e-07
-4.18439e-07
-6.33259e-07
-4.27682e-07
-3.59833e-07
-3.846e-07
-1.49503e-07
-2.88952e-07
-2.84926e-08
-1.52899e-07
-1.76784e-08
-7.89694e-08
1.03384e-07
-2.96117e-07
3.75683e-07
-6.22085e-07
6.09965e-07
-1.0178e-06
7.63781e-07
-1.44121e-06
8.28876e-07
-1.85241e-06
8.10645e-07
-2.2164e-06
7.20322e-07
-2.50434e-06
5.71153e-07
-2.69392e-06
3.76714e-07
-2.76969e-06
1.50846e-07
-2.72364e-06
-9.15106e-08
-2.55619e-06
-3.33296e-07
-2.27744e-06
-5.54694e-07
-1.90821e-06
-7.33406e-07
-1.48041e-06
-8.4624e-07
-1.03574e-06
-8.7235e-07
-6.22239e-07
-7.98104e-07
-2.88134e-07
-6.23057e-07
-7.32851e-08
-3.67748e-07
-9.09635e-08
-1.20013e-07
2.23397e-07
-4.26708e-07
6.82377e-07
-8.67496e-07
1.05075e-06
-1.388e-06
1.28428e-06
-1.93523e-06
1.3761e-06
-2.46089e-06
1.33631e-06
-2.92336e-06
1.18279e-06
-3.28847e-06
9.36272e-07
-3.52977e-06
6.18014e-07
-3.62868e-06
2.49751e-07
-3.57512e-06
-1.45069e-07
-3.36871e-06
-5.39702e-07
-3.02035e-06
-9.0306e-07
-2.55375e-06
-1.2e-06
-2.0063e-06
-1.39369e-06
-1.42817e-06
-1.45048e-06
-8.78969e-07
-1.34731e-06
-4.21535e-07
-1.08049e-06
-1.1359e-07
-6.75692e-07
-2.04554e-07
-1.57918e-07
3.81314e-07
-5.52075e-07
1.07653e-06
-1.10668e-06
1.60535e-06
-1.75026e-06
1.92787e-06
-2.41809e-06
2.04393e-06
-3.05394e-06
1.97216e-06
-3.61083e-06
1.73967e-06
-4.05077e-06
1.37621e-06
-4.3443e-06
9.11548e-07
-4.47026e-06
3.75712e-07
-4.41621e-06
-1.99119e-07
-4.17978e-06
-7.76134e-07
-3.77077e-06
-1.31207e-06
-3.21359e-06
-1.75718e-06
-2.54921e-06
-2.05807e-06
-1.83547e-06
-2.16421e-06
-1.14457e-06
-2.03821e-06
-5.56977e-07
-1.66808e-06
-1.52476e-07
-1.08019e-06
-3.57029e-07
-1.95731e-07
5.77046e-07
-6.79177e-07
1.55998e-06
-1.35081e-06
2.27699e-06
-2.1206e-06
2.69766e-06
-2.91118e-06
2.83452e-06
-3.65856e-06
2.71954e-06
-4.31119e-06
2.39231e-06
-4.82841e-06
1.89342e-06
-5.17866e-06
1.2618e-06
-5.3385e-06
5.35552e-07
-5.29262e-06
-2.44991e-07
-5.0353e-06
-1.03346e-06
-4.57315e-06
-1.77423e-06
-3.92888e-06
-2.40145e-06
-3.14511e-06
-2.84184e-06
-2.28673e-06
-3.0226e-06
-1.44002e-06
-2.88492e-06
-7.07034e-07
-2.40106e-06
-1.94802e-07
-1.59242e-06
-5.51831e-07
-2.36266e-07
8.13312e-07
-8.15004e-07
2.13872e-06
-1.61061e-06
3.07259e-06
-2.51258e-06
3.59963e-06
-3.43013e-06
3.75207e-06
-4.29179e-06
3.5812e-06
-5.0426e-06
3.14313e-06
-5.64053e-06
2.49135e-06
-6.05309e-06
1.67436e-06
-6.2551e-06
7.37558e-07
-6.22799e-06
-2.72099e-07
-5.96123e-06
-1.30022e-06
-5.45579e-06
-2.27966e-06
-4.72963e-06
-3.12761e-06
-3.82409e-06
-3.74738e-06
-2.80951e-06
-4.03717e-06
-1.78732e-06
-3.90711e-06
-8.8553e-07
-3.30286e-06
-2.45688e-07
-2.23227e-06
-7.97519e-07
-2.81913e-07
1.09522e-06
-9.65453e-07
2.82226e-06
-1.89424e-06
4.00138e-06
-2.93457e-06
4.63995e-06
-3.98158e-06
4.79908e-06
-4.95727e-06
4.55689e-06
-5.80514e-06
3.99099e-06
-6.48393e-06
3.17014e-06
-6.96212e-06
2.15255e-06
-7.21395e-06
9.89384e-07
-7.21771e-06
-2.68339e-07
-6.95679e-06
-1.56114e-06
-6.42379e-06
-2.81267e-06
-5.62779e-06
-3.92361e-06
-4.60421e-06
-4.77096e-06
-3.42512e-06
-5.21626e-06
-2.20633e-06
-5.12591e-06
-1.10609e-06
-4.4031e-06
-3.10317e-07
-3.02804e-06
-1.10784e-06
-3.34727e-07
1.42995e-06
-1.13507e-06
3.6226e-06
-2.20632e-06
5.07263e-06
-3.3878e-06
5.82143e-06
-4.56029e-06
5.97157e-06
-5.64133e-06
5.63793e-06
-6.57603e-06
4.92568e-06
-7.32734e-06
3.92146e-06
-7.86778e-06
2.69299e-06
-8.17329e-06
1.2949e-06
-8.22011e-06
-2.21517e-07
-7.98492e-06
-1.79633e-06
-7.44913e-06
-3.34846e-06
-6.60785e-06
-4.76489e-06
-5.48356e-06
-5.89525e-06
-4.14286e-06
-6.55696e-06
-2.71171e-06
-6.55706e-06
-1.38126e-06
-5.73355e-06
-3.94024e-07
-4.01527e-06
-1.50186e-06
-3.96869e-07
1.82682e-06
-1.32755e-06
4.55329e-06
-2.54769e-06
6.29277e-06
-3.86483e-06
7.13856e-06
-5.14617e-06
7.25291e-06
-6.30863e-06
6.8004e-06
-7.304e-06
5.92105e-06
-8.1046e-06
4.72206e-06
-8.69162e-06
3.28e-06
-9.04649e-06
1.64978e-06
-9.14589e-06
-1.22123e-07
-8.96039e-06
-1.98183e-06
-8.45811e-06
-3.85074e-06
-7.61446e-06
-5.60855e-06
-6.42947e-06
-7.08023e-06
-4.95238e-06
-8.03405e-06
-3.30904e-06
-8.2004e-06
-1.72165e-06
-7.32094e-06
-5.02634e-07
-5.23429e-06
-2.00449e-06
-4.71538e-07
2.29836e-06
-1.54707e-06
5.62881e-06
-2.91573e-06
7.66144e-06
-4.34807e-06
8.5709e-06
-5.70078e-06
8.60562e-06
-6.89703e-06
7.99665e-06
-7.90296e-06
6.92699e-06
-8.70748e-06
5.52658e-06
-9.3067e-06
3.87922e-06
-9.69294e-06
2.03601e-06
-9.84753e-06
3.24674e-08
-9.73753e-06
-2.09182e-06
-9.31735e-06
-4.27092e-06
-8.53763e-06
-6.38827e-06
-7.36468e-06
-8.25318e-06
-5.81299e-06
-9.58574e-06
-3.98901e-06
-1.00244e-05
-2.13473e-06
-9.17521e-06
-6.43087e-07
-6.72594e-06
-2.64758e-06
-5.64739e-07
2.8631e-06
-1.80037e-06
6.86444e-06
-3.30461e-06
9.16568e-06
-4.80706e-06
1.00734e-05
-6.16207e-06
9.96063e-06
-7.31077e-06
9.14535e-06
-8.24476e-06
7.86098e-06
-8.97864e-06
6.26047e-06
-9.53098e-06
4.43155e-06
-9.91136e-06
2.4164e-06
-1.01117e-05
2.32785e-07
-1.01004e-05
-2.10308e-06
-9.821e-06
-4.55034e-06
-9.19704e-06
-7.01223e-06
-8.15033e-06
-9.29989e-06
-6.63862e-06
-1.10974e-05
-4.71796e-06
-1.1945e-05
-2.62222e-06
-1.1271e-05
-8.24468e-07
-8.52369e-06
-3.47205e-06
-6.8847e-07
3.55157e-06
-2.09956e-06
8.27553e-06
-3.70356e-06
1.07697e-05
-5.19174e-06
1.15615e-05
-6.43433e-06
1.12032e-05
-7.40964e-06
1.01206e-05
-8.14959e-06
8.60093e-06
-8.70475e-06
6.81564e-06
-9.12326e-06
4.85006e-06
-9.438e-06
2.73114e-06
-9.65772e-06
4.52497e-07
-9.75955e-06
-2.00124e-06
-9.68297e-06
-4.62692e-06
-9.3282e-06
-7.367e-06
-8.56676e-06
-1.00613e-05
-7.27723e-06
-1.2387e-05
-5.42236e-06
-1.37999e-05
-3.17447e-06
-1.35188e-05
-1.05944e-06
-1.06387e-05
-4.53149e-06
-8.65955e-07
4.41752e-06
-2.46321e-06
9.87279e-06
-4.0877e-06
1.23942e-05
-5.41437e-06
1.28882e-05
-6.36647e-06
1.21553e-05
-6.98867e-06
1.07428e-05
-7.37087e-06
8.98312e-06
-7.6082e-06
7.05297e-06
-7.78206e-06
5.02393e-06
-7.95119e-06
2.90027e-06
-8.14558e-06
6.46881e-07
-8.35901e-06
-1.78781e-06
-8.53885e-06
-4.44709e-06
-8.57471e-06
-7.33114e-06
-8.29407e-06
-1.0342e-05
-7.48284e-06
-1.31982e-05
-5.96217e-06
-1.53206e-05
-3.75717e-06
-1.57238e-05
-1.36513e-06
-1.30308e-05
-5.89662e-06
-1.13787e-06
5.55539e-06
-2.90712e-06
1.1642e-05
-4.38613e-06
1.38732e-05
-5.30427e-06
1.38063e-05
-5.70555e-06
1.25566e-05
-5.73956e-06
1.07769e-05
-5.56906e-06
8.81262e-06
-5.33469e-06
6.8186e-06
-5.14612e-06
4.83535e-06
-5.08279e-06
2.83694e-06
-5.19468e-06
7.58767e-07
-5.498e-06
-1.48448e-06
-5.96292e-06
-3.98216e-06
-6.4923e-06
-6.80176e-06
-6.8959e-06
-9.93838e-06
-6.87816e-06
-1.32159e-05
-6.08393e-06
-1.61148e-05
-4.27809e-06
-1.75297e-05
-1.75798e-06
-1.55509e-05
-7.6546e-06
-1.5583e-06
7.11369e-06
-3.39357e-06
1.34773e-05
-4.38945e-06
1.48691e-05
-4.50353e-06
1.39204e-05
-4.00508e-06
1.20581e-05
-3.18306e-06
9.95483e-06
-2.27047e-06
7.90004e-06
-1.43588e-06
5.98401e-06
-7.96878e-07
4.19635e-06
-4.36444e-07
2.4765e-06
-4.14073e-07
7.36396e-07
-7.67832e-07
-1.13072e-06
-1.50425e-06
-3.24574e-06
-2.57158e-06
-5.73443e-06
-3.81294e-06
-8.69702e-06
-4.90692e-06
-1.2122e-05
-5.33785e-06
-1.56839e-05
-4.50537e-06
-1.83622e-05
-2.22221e-06
-1.7834e-05
-9.87682e-06
-2.139e-06
9.25269e-06
-3.65022e-06
1.49885e-05
-3.51259e-06
1.47314e-05
-2.25179e-06
1.26596e-05
-4.66866e-07
1.02732e-05
1.42882e-06
8.05915e-06
3.18107e-06
6.14778e-06
4.64307e-06
4.52201e-06
5.72955e-06
3.10987e-06
6.38354e-06
1.82251e-06
6.55605e-06
5.63889e-07
6.19694e-06
-7.71611e-07
5.25824e-06
-2.30704e-06
3.71624e-06
-4.19243e-06
1.62567e-06
-6.60645e-06
-7.78897e-07
-9.7174e-06
-2.94148e-06
-1.35213e-05
-3.89287e-06
-1.74108e-05
-2.60678e-06
-1.91201e-05
-1.24836e-05
-2.61898e-06
1.18717e-05
-2.63474e-06
1.50043e-05
-2.55995e-07
1.23527e-05
2.99736e-06
9.40627e-06
6.27515e-06
6.99543e-06
9.20365e-06
5.13065e-06
1.16372e-05
3.71427e-06
1.35348e-05
2.62437e-06
1.48948e-05
1.74989e-06
1.57178e-05
9.99482e-07
1.59872e-05
2.94491e-07
1.56577e-05
-4.42146e-07
1.46505e-05
-1.29979e-06
1.2858e-05
-2.39989e-06
1.01758e-05
-3.92427e-06
6.59949e-06
-6.14112e-06
2.44885e-06
-9.37064e-06
-1.23165e-06
-1.37303e-05
-2.37807e-06
-1.79737e-05
-1.48617e-05
-1.26543e-06
1.31371e-05
3.10161e-06
1.06373e-05
8.86665e-06
6.58764e-06
1.40464e-05
4.22649e-06
1.82511e-05
2.79082e-06
2.15199e-05
1.86176e-06
2.39857e-05
1.24856e-06
2.57806e-05
8.29368e-07
2.7007e-05
5.23542e-07
2.77275e-05
2.78981e-07
2.79628e-05
5.92157e-08
2.76873e-05
-1.66661e-07
2.68206e-05
-4.33084e-07
2.52116e-05
-7.90907e-07
2.26193e-05
-1.33194e-06
1.87169e-05
-2.23875e-06
1.32209e-05
-3.87468e-06
6.37406e-06
-6.88341e-06
2.80243e-07
-1.18799e-05
-1.45814e-05
1.31371e-05
2.37744e-05
3.0362e-05
3.45885e-05
3.73793e-05
3.92411e-05
4.04896e-05
4.1319e-05
4.18425e-05
4.21215e-05
4.21807e-05
4.20141e-05
4.1581e-05
4.07901e-05
3.94581e-05
3.72194e-05
3.33447e-05
2.64613e-05
1.45814e-05
)
;

boundaryField
{
    movingWall
    {
        type            calculated;
        value           uniform 0;
    }
    fixedWalls
    {
        type            calculated;
        value           uniform 0;
    }
    frontAndBack
    {
        type            empty;
        value           nonuniform 0();
    }
}


// ************************************************************************* //
