/*--------------------------------*- C++ -*----------------------------------*\
  =========                 |
  \\      /  F ield         | OpenFOAM: The Open Source CFD Toolbox
   \\    /   O peration     | Website:  https://openfoam.org
    \\  /    A nd           | Version:  6
     \\/     M anipulation  |
\*---------------------------------------------------------------------------*/
FoamFile
{
    version     2.0;
    format      ascii;
    class       surfaceScalarField;
    location    "0.09";
    object      phi;
}
// * * * * * * * * * * * * * * * * * * * * * * * * * * * * * * * * * * * * * //

dimensions      [0 3 -1 0 0 0 0];

internalField   nonuniform List<scalar> 
760
(
1.33463e-08
-1.33592e-08
-2.21557e-08
3.55016e-08
-1.10817e-07
8.86615e-08
-2.3658e-07
1.25763e-07
-3.80574e-07
1.43994e-07
-5.25101e-07
1.44527e-07
-6.54985e-07
1.29884e-07
-7.5804e-07
1.03055e-07
-8.25147e-07
6.7107e-08
-8.50297e-07
2.51499e-08
-8.30757e-07
-1.95399e-08
-7.67374e-07
-6.33827e-08
-6.64942e-07
-1.02432e-07
-5.32498e-07
-1.32445e-07
-3.83366e-07
-1.49132e-07
-2.34712e-07
-1.48654e-07
-1.06268e-07
-1.28444e-07
-1.79526e-08
-8.83153e-08
1.50618e-08
-3.30144e-08
1.50618e-08
-3.33996e-08
2.00409e-08
-1.74302e-07
1.76404e-07
-4.17683e-07
3.32041e-07
-7.34018e-07
4.42098e-07
-1.0856e-06
4.95578e-07
-1.43445e-06
4.93371e-07
-1.74635e-06
4.41787e-07
-1.99296e-06
3.49669e-07
-2.15278e-06
2.26926e-07
-2.21173e-06
8.40997e-08
-2.16373e-06
-6.75369e-08
-2.01134e-06
-2.15777e-07
-1.76632e-06
-3.47454e-07
-1.44995e-06
-4.48816e-07
-1.09259e-06
-5.06489e-07
-7.32044e-07
-5.09199e-07
-4.10059e-07
-4.50429e-07
-1.66449e-07
-3.31925e-07
-2.96528e-08
-1.6981e-07
-1.4591e-08
-8.91388e-08
1.0918e-07
-3.43815e-07
4.31081e-07
-7.34871e-07
7.23097e-07
-1.21755e-06
9.24775e-07
-1.74021e-06
1.01824e-06
-2.25149e-06
1.00465e-06
-2.7049e-06
8.952e-07
-3.06165e-06
7.06422e-07
-3.29218e-06
4.57448e-07
-3.37712e-06
1.6904e-07
-3.30817e-06
-1.3648e-07
-3.08892e-06
-4.35033e-07
-2.73551e-06
-7.00868e-07
-2.27694e-06
-9.07382e-07
-1.7544e-06
-1.02903e-06
-1.21896e-06
-1.04463e-06
-7.27186e-07
-9.42206e-07
-3.34124e-07
-7.24988e-07
-8.39781e-08
-4.19956e-07
-9.85691e-08
-1.40133e-07
2.49312e-07
-5.06192e-07
7.9714e-07
-1.04064e-06
1.25754e-06
-1.67965e-06
1.56379e-06
-2.35751e-06
1.6961e-06
-3.01176e-06
1.6589e-06
-3.58705e-06
1.47049e-06
-4.03759e-06
1.15696e-06
-4.32856e-06
7.4842e-07
-4.43711e-06
2.7759e-07
-4.35319e-06
-2.20402e-07
-4.08048e-06
-7.0774e-07
-3.63732e-06
-1.14403e-06
-3.05722e-06
-1.48748e-06
-2.3885e-06
-1.69776e-06
-1.69222e-06
-1.74091e-06
-1.03794e-06
-1.59648e-06
-4.9699e-07
-1.26594e-06
-1.34051e-07
-7.82895e-07
-2.3262e-07
-1.87172e-07
4.36484e-07
-6.61376e-07
1.27134e-06
-1.33649e-06
1.93265e-06
-2.12738e-06
2.35467e-06
-2.95324e-06
2.52197e-06
-3.7412e-06
2.44685e-06
-4.42877e-06
2.15807e-06
-4.96533e-06
1.69351e-06
-5.31271e-06
1.0958e-06
-5.4457e-06
4.10577e-07
-5.3526e-06
-3.13497e-07
-5.03623e-06
-1.02411e-06
-4.51515e-06
-1.66511e-06
-3.82489e-06
-2.17775e-06
-3.01845e-06
-2.5042e-06
-2.16537e-06
-2.59399e-06
-1.34839e-06
-2.41346e-06
-6.57416e-07
-1.95692e-06
-1.81357e-07
-1.25895e-06
-4.13977e-07
-2.32776e-07
6.6926e-07
-8.14228e-07
1.8528e-06
-1.62947e-06
2.7479e-06
-2.57053e-06
3.29573e-06
-3.54066e-06
3.4921e-06
-4.4569e-06
3.36309e-06
-5.251e-06
2.95217e-06
-5.86923e-06
2.31174e-06
-6.27168e-06
1.49825e-06
-6.4317e-06
5.70598e-07
-6.33596e-06
-4.09234e-07
-5.98534e-06
-1.37473e-06
-5.39666e-06
-2.25379e-06
-4.60499e-06
-2.96942e-06
-3.66578e-06
-3.44341e-06
-2.65576e-06
-3.60401e-06
-1.67137e-06
-3.39785e-06
-8.23677e-07
-2.80461e-06
-2.29563e-07
-1.85307e-06
-6.4354e-07
-2.79369e-07
9.48629e-07
-9.70098e-07
2.54353e-06
-1.92674e-06
3.70454e-06
-3.01679e-06
4.38578e-06
-4.12699e-06
4.6023e-06
-5.1651e-06
4.4012e-06
-6.05883e-06
3.8459e-06
-6.75347e-06
3.00638e-06
-7.20925e-06
1.95403e-06
-7.39928e-06
7.60625e-07
-7.30869e-06
-4.99827e-07
-6.93532e-06
-1.7481e-06
-6.29203e-06
-2.89707e-06
-5.41047e-06
-3.85098e-06
-4.34544e-06
-4.50844e-06
-3.17876e-06
-4.77069e-06
-2.02042e-06
-4.55618e-06
-1.00513e-06
-3.81991e-06
-2.82517e-07
-2.57568e-06
-9.26057e-07
-3.29068e-07
1.2777e-06
-1.13365e-06
3.34811e-06
-2.23356e-06
4.80445e-06
-3.46932e-06
5.62154e-06
-4.71104e-06
5.84403e-06
-5.85891e-06
5.54907e-06
-6.83944e-06
4.82643e-06
-7.60007e-06
3.76702e-06
-8.10391e-06
2.45787e-06
-8.32562e-06
9.82331e-07
-8.2493e-06
-5.76145e-07
-7.86873e-06
-2.12867e-06
-7.1902e-06
-3.5756e-06
-6.23796e-06
-4.80323e-06
-5.06161e-06
-5.68479e-06
-3.74403e-06
-6.08827e-06
-2.40695e-06
-5.89326e-06
-1.21069e-06
-5.01617e-06
-3.43956e-07
-3.44242e-06
-1.27001e-06
-3.83871e-07
1.66157e-06
-1.30888e-06
4.27312e-06
-2.55271e-06
6.04828e-06
-3.92551e-06
6.99434e-06
-5.28128e-06
7.1998e-06
-6.51595e-06
6.78373e-06
-7.55939e-06
5.86987e-06
-8.3659e-06
4.57353e-06
-8.90546e-06
2.99743e-06
-9.15709e-06
1.23396e-06
-9.10503e-06
-6.28201e-07
-8.73824e-06
-2.49546e-06
-8.05349e-06
-4.26035e-06
-7.06253e-06
-5.79418e-06
-5.80306e-06
-6.94426e-06
-4.35208e-06
-7.53925e-06
-2.83837e-06
-7.40697e-06
-1.44832e-06
-6.40622e-06
-4.17618e-07
-4.47312e-06
-1.68763e-06
-4.46286e-07
2.10785e-06
-1.5e-06
5.32683e-06
-2.88489e-06
7.43317e-06
-4.37619e-06
8.48564e-06
-5.81387e-06
8.63748e-06
-7.09535e-06
8.06521e-06
-8.16092e-06
6.93544e-06
-8.97845e-06
5.39107e-06
-9.53036e-06
3.54933e-06
-9.80399e-06
1.50758e-06
-9.78582e-06
-6.46364e-07
-9.45982e-06
-2.82146e-06
-8.81034e-06
-4.90983e-06
-7.83055e-06
-6.77397e-06
-6.53709e-06
-8.23772e-06
-4.99023e-06
-9.08611e-06
-3.31635e-06
-9.08084e-06
-1.72503e-06
-7.99754e-06
-5.07714e-07
-5.69044e-06
-2.19534e-06
-5.20464e-07
2.62832e-06
-1.71308e-06
6.51944e-06
-3.22923e-06
8.94932e-06
-4.80433e-06
1.00607e-05
-6.26947e-06
1.01026e-05
-7.53327e-06
9.32902e-06
-8.55678e-06
7.95894e-06
-9.33042e-06
6.16471e-06
-9.85607e-06
4.07499e-06
-1.01345e-05
1.78598e-06
-1.01574e-05
-6.23386e-07
-9.90481e-06
-3.0741e-06
-9.3463e-06
-5.46834e-06
-8.45025e-06
-7.67002e-06
-7.20097e-06
-9.487e-06
-5.62639e-06
-1.06607e-05
-3.83407e-06
-1.08732e-05
-2.04703e-06
-9.78457e-06
-6.19786e-07
-7.11768e-06
-2.81513e-06
-6.14092e-07
3.24241e-06
-1.95809e-06
7.86344e-06
-3.58295e-06
1.05742e-05
-5.18126e-06
1.16591e-05
-6.58687e-06
1.15082e-05
-7.73533e-06
1.04775e-05
-8.62269e-06
8.8463e-06
-9.27289e-06
6.81491e-06
-9.71505e-06
4.51714e-06
-9.96873e-06
2.03966e-06
-1.0035e-05
-5.57126e-07
-9.89173e-06
-3.21736e-06
-9.49378e-06
-5.8663e-06
-8.77972e-06
-8.38407e-06
-7.68973e-06
-1.0577e-05
-6.19923e-06
-1.21512e-05
-4.37091e-06
-1.27015e-05
-2.41925e-06
-1.17362e-05
-7.62127e-07
-8.7748e-06
-3.57726e-06
-7.41487e-07
3.9839e-06
-2.25053e-06
9.37248e-06
-3.9373e-06
1.2261e-05
-5.45697e-06
1.31787e-05
-6.66999e-06
1.27212e-05
-7.56329e-06
1.13708e-05
-8.18602e-06
9.46903e-06
-8.60696e-06
7.23585e-06
-8.88906e-06
4.79924e-06
-9.07499e-06
2.22559e-06
-9.1787e-06
-4.53412e-07
-9.18004e-06
-3.21602e-06
-9.02188e-06
-6.02446e-06
-8.61244e-06
-8.79351e-06
-7.83882e-06
-1.13506e-05
-6.60165e-06
-1.33884e-05
-4.88181e-06
-1.44213e-05
-2.84297e-06
-1.37751e-05
-9.47974e-07
-1.06698e-05
-4.52523e-06
-9.28156e-07
4.91205e-06
-2.60962e-06
1.10539e-05
-4.2634e-06
1.39147e-05
-5.53652e-06
1.44518e-05
-6.36166e-06
1.35464e-05
-6.81175e-06
1.18209e-05
-7.00852e-06
9.6658e-06
-7.07347e-06
7.30081e-06
-7.10507e-06
4.83085e-06
-7.16931e-06
2.28982e-06
-7.2949e-06
-3.2782e-07
-7.46859e-06
-3.04233e-06
-7.62903e-06
-5.86402e-06
-7.66142e-06
-8.76112e-06
-7.39998e-06
-1.1612e-05
-6.65317e-06
-1.41352e-05
-5.27501e-06
-1.57995e-05
-3.30737e-06
-1.57427e-05
-1.19813e-06
-1.2779e-05
-5.72336e-06
-1.21478e-06
6.12683e-06
-3.04255e-06
1.28817e-05
-4.47213e-06
1.53443e-05
-5.22835e-06
1.52081e-05
-5.39404e-06
1.37121e-05
-5.16957e-06
1.15964e-05
-4.76189e-06
9.25813e-06
-4.342e-06
6.88091e-06
-4.0351e-06
4.52395e-06
-3.92287e-06
2.17759e-06
-4.04628e-06
-2.04416e-07
-4.40381e-06
-2.6848e-06
-4.9429e-06
-5.32493e-06
-5.54493e-06
-8.1591e-06
-6.0094e-06
-1.11476e-05
-6.05392e-06
-1.40907e-05
-5.36584e-06
-1.64876e-05
-3.76289e-06
-1.73457e-05
-1.53981e-06
-1.50021e-05
-7.26317e-06
-1.6469e-06
7.77373e-06
-3.48177e-06
1.47166e-05
-4.31281e-06
1.61754e-05
-4.13904e-06
1.50343e-05
-3.30381e-06
1.28768e-05
-2.1638e-06
1.04564e-05
-9.99123e-07
8.09345e-06
-4.25779e-09
5.88605e-06
6.94366e-07
3.82533e-06
1.01813e-06
1.85383e-06
9.22951e-07
-1.09236e-07
3.96041e-07
-2.15789e-06
-5.35353e-07
-4.39353e-06
-1.78105e-06
-6.9134e-06
-3.15056e-06
-9.77806e-06
-4.31162e-06
-1.29296e-05
-4.7823e-06
-1.60169e-05
-4.04416e-06
-1.80838e-05
-1.98346e-06
-1.70628e-05
-9.24663e-06
-2.20548e-06
9.97922e-06
-3.59208e-06
1.61032e-05
-3.14171e-06
1.5725e-05
-1.48124e-06
1.33738e-05
6.93276e-07
1.07023e-05
2.90386e-06
8.2458e-06
4.86352e-06
6.13379e-06
6.41445e-06
4.33512e-06
7.47322e-06
2.76656e-06
7.99292e-06
1.33412e-06
7.94169e-06
-5.80047e-08
7.2946e-06
-1.5108e-06
6.03898e-06
-3.13791e-06
4.19759e-06
-5.07202e-06
1.87922e-06
-7.45969e-06
-6.35811e-07
-1.04146e-05
-2.78775e-06
-1.3865e-05
-3.68143e-06
-1.71901e-05
-2.43011e-06
-1.83142e-05
-1.16767e-05
-2.56034e-06
1.25396e-05
-2.25896e-06
1.58018e-05
5.54072e-07
1.2912e-05
4.23071e-06
9.69718e-06
7.84354e-06
7.0895e-06
1.09885e-05
5.10085e-06
1.35179e-05
3.6044e-06
1.53997e-05
2.45329e-06
1.6643e-05
1.52325e-06
1.72594e-05
7.17733e-07
1.72443e-05
-4.28672e-08
1.65683e-05
-8.34829e-07
1.51763e-05
-1.74591e-06
1.29978e-05
-2.89352e-06
9.9842e-06
-4.4461e-06
6.2029e-06
-6.63325e-06
2.03395e-06
-9.69601e-06
-1.48499e-06
-1.36712e-05
-2.41549e-06
-1.73837e-05
-1.40922e-05
-9.19762e-07
1.34593e-05
3.89638e-06
1.09856e-05
1.00509e-05
6.75748e-06
1.55055e-05
4.24253e-06
1.98578e-05
2.73721e-06
2.31681e-05
1.79052e-06
2.55958e-05
1.17678e-06
2.7291e-05
7.58097e-07
2.83649e-05
4.49286e-07
2.88846e-05
1.9801e-07
2.88731e-05
-3.13677e-08
2.83076e-05
-2.69328e-07
2.7113e-05
-5.51232e-07
2.515e-05
-9.30594e-07
2.22056e-05
-1.50168e-06
1.8011e-05
-2.43859e-06
1.23742e-05
-4.05921e-06
5.62718e-06
-6.92419e-06
-1.12177e-07
-1.16443e-05
-1.42044e-05
1.34593e-05
2.4445e-05
3.12024e-05
3.5445e-05
3.81822e-05
3.99727e-05
4.11495e-05
4.19076e-05
4.23569e-05
4.25549e-05
4.25235e-05
4.22542e-05
4.1703e-05
4.07724e-05
3.92707e-05
3.68321e-05
3.27729e-05
2.58487e-05
1.42044e-05
)
;

boundaryField
{
    movingWall
    {
        type            calculated;
        value           uniform 0;
    }
    fixedWalls
    {
        type            calculated;
        value           uniform 0;
    }
    frontAndBack
    {
        type            empty;
        value           nonuniform 0();
    }
}


// ************************************************************************* //
