/*--------------------------------*- C++ -*----------------------------------*\
  =========                 |
  \\      /  F ield         | OpenFOAM: The Open Source CFD Toolbox
   \\    /   O peration     | Website:  https://openfoam.org
    \\  /    A nd           | Version:  6
     \\/     M anipulation  |
\*---------------------------------------------------------------------------*/
FoamFile
{
    version     2.0;
    format      ascii;
    class       volVectorField;
    location    "0.03";
    object      U;
}
// * * * * * * * * * * * * * * * * * * * * * * * * * * * * * * * * * * * * * //

dimensions      [0 1 -1 0 0 0 0];

internalField   nonuniform List<vector> 
400
(
(-0.00020166 0.000198436 0)
(-0.00105729 0.00055058 0)
(-0.00249413 0.000657321 0)
(-0.00402381 0.000642345 0)
(-0.00544648 0.000584425 0)
(-0.00670577 0.000506904 0)
(-0.00776811 0.000415636 0)
(-0.00860511 0.000313224 0)
(-0.00919396 0.000201924 0)
(-0.0095174 8.41079e-05 0)
(-0.0095639 -3.76619e-05 0)
(-0.00932806 -0.000160589 0)
(-0.00881114 -0.000281589 0)
(-0.00802173 -0.000397266 0)
(-0.00697666 -0.00050387 0)
(-0.00570194 -0.000596875 0)
(-0.00423325 -0.000668048 0)
(-0.00263504 -0.000691001 0)
(-0.00112457 -0.00058296 0)
(-0.000217232 -0.000214726 0)
(-0.000564579 0.00105553 0)
(-0.00239977 0.00235521 0)
(-0.00512577 0.00274129 0)
(-0.00796932 0.00268087 0)
(-0.0106152 0.00244267 0)
(-0.0129593 0.00211656 0)
(-0.0149329 0.0017303 0)
(-0.0164812 0.00129719 0)
(-0.0175625 0.00082791 0)
(-0.0181465 0.000332975 0)
(-0.018214 -0.000176703 0)
(-0.0177573 -0.000689468 0)
(-0.0167808 -0.0011926 0)
(-0.0153021 -0.00167202 0)
(-0.0133541 -0.0021118 0)
(-0.0109882 -0.00249181 0)
(-0.00827614 -0.00277562 0)
(-0.00533381 -0.00286233 0)
(-0.00250114 -0.00246964 0)
(-0.000589137 -0.00111414 0)
(-0.00071639 0.00255104 0)
(-0.0029848 0.00514366 0)
(-0.00628277 0.00588475 0)
(-0.00968409 0.00574675 0)
(-0.0128357 0.00523617 0)
(-0.0156233 0.0045331 0)
(-0.0179668 0.0036993 0)
(-0.0198024 0.00276567 0)
(-0.0210823 0.00175641 0)
(-0.0217724 0.000694486 0)
(-0.021851 -0.000396827 0)
(-0.0213091 -0.00149304 0)
(-0.0201514 -0.00256748 0)
(-0.0183975 -0.00359043 0)
(-0.0160845 -0.00452769 0)
(-0.0132719 -0.00533507 0)
(-0.0100426 -0.00593377 0)
(-0.00652485 -0.00612198 0)
(-0.00310164 -0.00536693 0)
(-0.000744485 -0.00266668 0)
(-0.000789185 0.00429496 0)
(-0.00330303 0.00834572 0)
(-0.00695672 0.00945808 0)
(-0.010706 0.0092134 0)
(-0.0141664 0.00838605 0)
(-0.0172196 0.00725321 0)
(-0.0197824 0.00591317 0)
(-0.0217887 0.00441629 0)
(-0.0231897 0.00280157 0)
(-0.0239502 0.00110527 0)
(-0.0240475 -0.000636594 0)
(-0.0234709 -0.00238641 0)
(-0.0222224 -0.00410311 0)
(-0.0203191 -0.00574025 0)
(-0.0177963 -0.00724349 0)
(-0.0147134 -0.00854169 0)
(-0.0111565 -0.00950935 0)
(-0.00726073 -0.00983425 0)
(-0.00344869 -0.00869959 0)
(-0.000823769 -0.00447726 0)
(-0.000861879 0.00618619 0)
(-0.00362167 0.0118345 0)
(-0.00763788 0.0133406 0)
(-0.0117474 0.0129661 0)
(-0.015527 0.0117857 0)
(-0.018852 0.0101828 0)
(-0.0216373 0.00829517 0)
(-0.0238172 0.00619384 0)
(-0.0253438 0.00393289 0)
(-0.0261829 0.00156117 0)
(-0.0263109 -0.000873796 0)
(-0.0257142 -0.00332276 0)
(-0.0243901 -0.00573143 0)
(-0.0223492 -0.00803707 0)
(-0.0196208 -0.0101641 0)
(-0.0162602 -0.0120116 0)
(-0.0123545 -0.0134014 0)
(-0.0080492 -0.0138967 0)
(-0.00381867 -0.0123584 0)
(-0.000908268 -0.00645475 0)
(-0.000959212 0.00826676 0)
(-0.00403467 0.0156851 0)
(-0.00850761 0.0176191 0)
(-0.0130698 0.0170881 0)
(-0.0172479 0.015507 0)
(-0.0209086 0.0133805 0)
(-0.0239661 0.0108913 0)
(-0.0263572 0.00813351 0)
(-0.0280377 0.00517621 0)
(-0.0289762 0.00207951 0)
(-0.029149 -0.0011 0)
(-0.0285388 -0.00430429 0)
(-0.0271351 -0.00746833 0)
(-0.024938 -0.0105144 0)
(-0.021965 -0.0133448 0)
(-0.0182627 -0.0158242 0)
(-0.0139162 -0.0177111 0)
(-0.00908471 -0.0184217 0)
(-0.0043117 -0.0164439 0)
(-0.00102403 -0.00865524 0)
(-0.00109011 0.0106056 0)
(-0.00458058 0.0200133 0)
(-0.0096443 0.0224145 0)
(-0.0147847 0.021688 0)
(-0.0194639 0.01964 0)
(-0.0235397 0.016917 0)
(-0.0269286 0.0137555 0)
(-0.0295741 0.0102753 0)
(-0.0314405 0.00656067 0)
(-0.0325022 0.00268032 0)
(-0.0327371 -0.00130422 0)
(-0.0321235 -0.00533097 0)
(-0.0306397 -0.00932885 0)
(-0.0282689 -0.0132081 0)
(-0.0250088 -0.0168487 0)
(-0.0208882 -0.020075 0)
(-0.0159836 -0.0225673 0)
(-0.0104685 -0.0235615 0)
(-0.00497772 -0.0211046 0)
(-0.00118254 -0.0111654 0)
(-0.00126275 0.0132854 0)
(-0.00529277 0.0249605 0)
(-0.0111131 0.0278701 0)
(-0.01698 0.0268878 0)
(-0.0222743 0.0242796 0)
(-0.0268467 0.0208625 0)
(-0.0306227 0.0169379 0)
(-0.0335607 0.0126554 0)
(-0.0356406 0.00811354 0)
(-0.0368488 0.0033853 0)
(-0.0371678 -0.00146949 0)
(-0.0365707 -0.00639287 0)
(-0.0350206 -0.0113156 0)
(-0.0324749 -0.0161422 0)
(-0.0288986 -0.0207323 0)
(-0.0242874 -0.0248637 0)
(-0.0186953 -0.028118 0)
(-0.012305 -0.0295034 0)
(-0.00587043 -0.0265296 0)
(-0.00139668 -0.0140932 0)
(-0.00148934 0.0164095 0)
(-0.00621759 0.0307029 0)
(-0.0129995 0.0341579 0)
(-0.0197657 0.0328253 0)
(-0.0257957 0.0295249 0)
(-0.0309404 0.0252827 0)
(-0.0351468 0.0204805 0)
(-0.0384015 0.0153021 0)
(-0.0407124 0.00985766 0)
(-0.0420867 0.00421757 0)
(-0.0425167 -0.00157038 0)
(-0.0419712 -0.00746455 0)
(-0.0403924 -0.0134106 0)
(-0.0377007 -0.0193191 0)
(-0.033809 -0.025036 0)
(-0.0286546 -0.0302885 0)
(-0.0222414 -0.034533 0)
(-0.0147453 -0.0364823 0)
(-0.00707154 -0.0329672 0)
(-0.00168708 -0.0175814 0)
(-0.00178999 0.0201136 0)
(-0.00742742 0.037466 0)
(-0.0154309 0.0414865 0)
(-0.023298 0.039654 0)
(-0.0301853 0.0354719 0)
(-0.0359608 0.0302291 0)
(-0.0406155 0.024407 0)
(-0.0441861 0.0182271 0)
(-0.0467261 0.0118059 0)
(-0.0482775 0.00519986 0)
(-0.0488505 -0.00157022 0)
(-0.0484118 -0.00849729 0)
(-0.0468783 -0.0155622 0)
(-0.0441183 -0.0227019 0)
(-0.0399661 -0.0297651 0)
(-0.0342603 -0.0364311 0)
(-0.0269052 -0.0420012 0)
(-0.0180282 -0.0447965 0)
(-0.00871743 -0.0407564 0)
(-0.00208978 -0.02183 0)
(-0.00219941 0.0245858 0)
(-0.00904052 0.0455494 0)
(-0.0186048 0.0501129 0)
(-0.0278058 0.0475398 0)
(-0.0356598 0.0422026 0)
(-0.0420876 0.0357243 0)
(-0.047163 0.0287079 0)
(-0.0510054 0.0214132 0)
(-0.0537405 0.0139522 0)
(-0.0554632 0.0063507 0)
(-0.0562141 -0.00141895 0)
(-0.0559636 -0.00940951 0)
(-0.0546004 -0.0176667 0)
(-0.0519257 -0.0261878 0)
(-0.0476611 -0.0348574 0)
(-0.0414864 -0.0433267 0)
(-0.0331192 -0.0507176 0)
(-0.0225469 -0.0548284 0)
(-0.0110493 -0.0503796 0)
(-0.00267252 -0.0271385 0)
(-0.00278073 0.0301047 0)
(-0.011258 0.0553673 0)
(-0.0228353 0.0603564 0)
(-0.0336301 0.0566518 0)
(-0.04252 0.0497618 0)
(-0.0495503 0.0417353 0)
(-0.054941 0.0333167 0)
(-0.0589424 0.0247952 0)
(-0.0617866 0.0162588 0)
(-0.0636457 0.00767764 0)
(-0.0646072 -0.00105236 0)
(-0.0646559 -0.0100764 0)
(-0.0636561 -0.0195457 0)
(-0.0613316 -0.0295691 0)
(-0.0572549 -0.0401288 0)
(-0.0508661 -0.0509048 0)
(-0.0415522 -0.0608443 0)
(-0.0289697 -0.0670628 0)
(-0.0145194 -0.062555 0)
(-0.00357325 -0.0339967 0)
(-0.00365548 0.0371121 0)
(-0.014436 0.0675146 0)
(-0.0286335 0.0726104 0)
(-0.0412812 0.067135 0)
(-0.0511771 0.058116 0)
(-0.0586288 0.0481325 0)
(-0.0641022 0.0380743 0)
(-0.0680437 0.0282331 0)
(-0.0708329 0.0186369 0)
(-0.0727456 0.00916565 0)
(-0.0739362 -0.000395411 0)
(-0.074422 -0.0103215 0)
(-0.0740586 -0.0209185 0)
(-0.0724996 -0.0324789 0)
(-0.0691451 -0.0451857 0)
(-0.063105 -0.0588753 0)
(-0.0532196 -0.0724111 0)
(-0.0384471 -0.082084 0)
(-0.0200139 -0.0783991 0)
(-0.00509177 -0.0432896 0)
(-0.00506905 0.0463603 0)
(-0.0192251 0.0828674 0)
(-0.0368335 0.0873312 0)
(-0.0514971 0.0790413 0)
(-0.0621457 0.0670731 0)
(-0.0696013 0.0546204 0)
(-0.0747204 0.0426776 0)
(-0.0782229 0.0314745 0)
(-0.0806766 0.0209202 0)
(-0.0824828 0.0107575 0)
(-0.083881 0.000624761 0)
(-0.0849461 -0.00991843 0)
(-0.085562 -0.0213823 0)
(-0.0853545 -0.034329 0)
(-0.0835772 -0.0492961 0)
(-0.0789531 -0.0665215 0)
(-0.0695059 -0.0850726 0)
(-0.0528567 -0.100444 0)
(-0.0292443 -0.0996201 0)
(-0.0078792 -0.0567075 0)
(-0.00752291 0.0592125 0)
(-0.0268062 0.102718 0)
(-0.0487108 0.104957 0)
(-0.065162 0.0921759 0)
(-0.0758068 0.076138 0)
(-0.0824096 0.0606254 0)
(-0.086397 0.0465995 0)
(-0.0888325 0.0340997 0)
(-0.0904905 0.0228223 0)
(-0.0918976 0.0123154 0)
(-0.0933825 0.00203974 0)
(-0.0951037 -0.00862932 0)
(-0.0970323 -0.0204348 0)
(-0.0988678 -0.0342839 0)
(-0.0998473 -0.0512552 0)
(-0.0983882 -0.0723806 0)
(-0.0914908 -0.0975723 0)
(-0.0745261 -0.122085 0)
(-0.04501 -0.128438 0)
(-0.0131703 -0.0773779 0)
(-0.011973 0.0783039 0)
(-0.0390891 0.128873 0)
(-0.0656262 0.12558 0)
(-0.0823379 0.105698 0)
(-0.0910365 0.0841724 0)
(-0.0950486 0.0650451 0)
(-0.0965086 0.0489163 0)
(-0.0968228 0.0354004 0)
(-0.0969195 0.0238416 0)
(-0.0973905 0.0135284 0)
(-0.0986151 0.00373179 0)
(-0.100836 -0.00633928 0)
(-0.104173 -0.0176358 0)
(-0.108554 -0.0314226 0)
(-0.113475 -0.0494698 0)
(-0.117417 -0.0740931 0)
(-0.116537 -0.107167 0)
(-0.103225 -0.145451 0)
(-0.069594 -0.16743 0)
(-0.0223987 -0.111388 0)
(-0.0198426 0.108941 0)
(-0.0578541 0.162834 0)
(-0.0858748 0.147101 0)
(-0.0973213 0.116441 0)
(-0.0993101 0.0881985 0)
(-0.0971877 0.0654824 0)
(-0.093597 0.0478405 0)
(-0.0900275 0.0340911 0)
(-0.0873155 0.0230592 0)
(-0.0859211 0.013735 0)
(-0.0861372 0.00523342 0)
(-0.0882153 -0.00332294 0)
(-0.092426 -0.0129828 0)
(-0.0990458 -0.0252586 0)
(-0.108186 -0.0426111 0)
(-0.11913 -0.0690652 0)
(-0.128377 -0.11003 0)
(-0.126294 -0.167423 0)
(-0.0970893 -0.219616 0)
(-0.0337379 -0.170931 0)
(-0.0311938 0.160217 0)
(-0.077873 0.19989 0)
(-0.0896675 0.15814 0)
(-0.0800144 0.1144 0)
(-0.0653716 0.0812155 0)
(-0.0511193 0.0573508 0)
(-0.0388438 0.0404212 0)
(-0.0291546 0.0282494 0)
(-0.022161 0.0191506 0)
(-0.0177795 0.0119232 0)
(-0.0159508 0.00567025 0)
(-0.016754 -0.000402167 0)
(-0.0204858 -0.00722028 0)
(-0.0277413 -0.0162351 0)
(-0.0394647 -0.0302141 0)
(-0.0567117 -0.0547243 0)
(-0.0791366 -0.0998408 0)
(-0.100037 -0.177126 0)
(-0.0959031 -0.2735 0)
(-0.0306826 -0.259947 0)
(-0.0252119 0.229644 0)
(-0.0447327 0.212032 0)
(0.011852 0.135234 0)
(0.0689883 0.086718 0)
(0.110264 0.057052 0)
(0.139926 0.0379132 0)
(0.161606 0.0255172 0)
(0.177217 0.0173797 0)
(0.188113 0.0117785 0)
(0.195287 0.00764438 0)
(0.199342 0.00430732 0)
(0.200521 0.00126659 0)
(0.198675 -0.00200412 0)
(0.19311 -0.00635406 0)
(0.182198 -0.0136717 0)
(0.162596 -0.0287397 0)
(0.128346 -0.0631785 0)
(0.0731521 -0.137666 0)
(0.0175201 -0.258723 0)
(0.0420031 -0.303531 0)
(0.269986 0.138125 0)
(0.336721 0.116714 0)
(0.454077 0.0710379 0)
(0.539309 0.0422845 0)
(0.587548 0.0256275 0)
(0.615936 0.0156975 0)
(0.634265 0.00979535 0)
(0.646545 0.00629758 0)
(0.654813 0.0041535 0)
(0.660301 0.00274797 0)
(0.663712 0.00174153 0)
(0.665381 0.000933839 0)
(0.665339 0.000173155 0)
(0.663213 -0.00073016 0)
(0.657785 -0.00218406 0)
(0.645621 -0.00534189 0)
(0.618348 -0.0137456 0)
(0.553917 -0.036866 0)
(0.426219 -0.0937961 0)
(0.332665 -0.141066 0)
)
;

boundaryField
{
    movingWall
    {
        type            fixedValue;
        value           uniform (1 0 0);
    }
    fixedWalls
    {
        type            noSlip;
    }
    frontAndBack
    {
        type            empty;
    }
}


// ************************************************************************* //
