/*--------------------------------*- C++ -*----------------------------------*\
  =========                 |
  \\      /  F ield         | OpenFOAM: The Open Source CFD Toolbox
   \\    /   O peration     | Website:  https://openfoam.org
    \\  /    A nd           | Version:  6
     \\/     M anipulation  |
\*---------------------------------------------------------------------------*/
FoamFile
{
    version     2.0;
    format      ascii;
    class       surfaceScalarField;
    location    "0.1";
    object      phi;
}
// * * * * * * * * * * * * * * * * * * * * * * * * * * * * * * * * * * * * * //

dimensions      [0 3 -1 0 0 0 0];

internalField   nonuniform List<scalar> 
760
(
-5.40116e-09
5.40088e-09
-5.06839e-08
4.52827e-08
-1.21401e-07
7.0717e-08
-2.01213e-07
7.98117e-08
-2.79983e-07
7.87702e-08
-3.52009e-07
7.20264e-08
-4.13904e-07
6.18953e-08
-4.63273e-07
4.93685e-08
-4.98073e-07
3.48004e-08
-5.16429e-07
1.83563e-08
-5.16678e-07
2.4893e-10
-4.97541e-07
-1.91372e-08
-4.58395e-07
-3.91461e-08
-3.99678e-07
-5.87171e-08
-3.23512e-07
-7.61659e-08
-2.34653e-07
-8.88592e-08
-1.4179e-07
-9.28635e-08
-5.90602e-08
-8.27295e-08
-6.5118e-09
-5.25483e-08
-6.51174e-09
-4.59053e-08
5.13061e-08
-1.63746e-07
1.63124e-07
-3.2532e-07
2.3229e-07
-5.03578e-07
2.5807e-07
-6.78999e-07
2.54192e-07
-8.39105e-07
2.32132e-07
-9.75873e-07
1.98663e-07
-1.08361e-06
1.57106e-07
-1.15778e-06
1.08975e-07
-1.19458e-06
5.5156e-08
-1.19092e-06
-3.41111e-09
-1.14472e-06
-6.53375e-08
-1.05542e-06
-1.28454e-07
-9.24737e-07
-1.89397e-07
-7.57901e-07
-2.43001e-07
-5.65285e-07
-2.81476e-07
-3.6445e-07
-2.93698e-07
-1.81644e-07
-2.65536e-07
-4.99544e-08
-1.84237e-07
-5.64662e-08
-7.6106e-08
1.27412e-07
-2.47825e-07
3.34843e-07
-4.71734e-07
4.56199e-07
-7.13773e-07
5.00108e-07
-9.49891e-07
4.90311e-07
-1.16438e-06
4.46617e-07
-1.34685e-06
3.8114e-07
-1.48988e-06
3.00135e-07
-1.5876e-06
2.06693e-07
-1.63518e-06
1.02733e-07
-1.62878e-06
-9.81066e-09
-1.56587e-06
-1.28245e-07
-1.44585e-06
-2.48477e-07
-1.27103e-06
-3.64217e-07
-1.04815e-06
-4.65878e-07
-7.90433e-07
-5.39193e-07
-5.19959e-07
-5.64173e-07
-2.69352e-07
-5.16142e-07
-8.05184e-08
-3.73071e-07
-1.36985e-07
-9.50495e-08
2.22462e-07
-3.05305e-07
5.45099e-07
-5.74415e-07
7.25308e-07
-8.61727e-07
7.87421e-07
-1.14001e-06
7.68595e-07
-1.39187e-06
6.98475e-07
-1.60588e-06
5.95151e-07
-1.77382e-06
4.68076e-07
-1.88914e-06
3.22015e-07
-1.94634e-06
1.59929e-07
-1.94086e-06
-1.52877e-08
-1.86943e-06
-1.99674e-07
-1.73076e-06
-3.8715e-07
-1.52677e-06
-5.68209e-07
-1.26449e-06
-7.28161e-07
-9.58641e-07
-8.45038e-07
-6.34688e-07
-8.88125e-07
-3.31178e-07
-8.19652e-07
-9.947e-08
-6.04779e-07
-2.36454e-07
-1.08858e-07
3.3132e-07
-3.49915e-07
7.86156e-07
-6.56461e-07
1.03185e-06
-9.81598e-07
1.11256e-06
-1.29518e-06
1.08217e-06
-1.57861e-06
9.8191e-07
-1.81999e-06
8.36526e-07
-2.01076e-06
6.58845e-07
-2.14396e-06
4.55221e-07
-2.21346e-06
2.29426e-07
-2.21373e-06
-1.50159e-08
-2.14019e-06
-2.7322e-07
-1.98998e-06
-5.37357e-07
-1.76357e-06
-7.94616e-07
-1.46725e-06
-1.02448e-06
-1.11668e-06
-1.19561e-06
-7.41015e-07
-1.26379e-06
-3.8621e-07
-1.17446e-06
-1.14856e-07
-8.76133e-07
-3.51311e-07
-1.22124e-07
4.53443e-07
-3.93396e-07
1.05743e-06
-7.37329e-07
1.37579e-06
-1.10066e-06
1.47589e-06
-1.45022e-06
1.43173e-06
-1.76636e-06
1.29805e-06
-2.03694e-06
1.10711e-06
-2.25338e-06
8.75283e-07
-2.40847e-06
6.10305e-07
-2.49536e-06
3.16322e-07
-2.50725e-06
-3.12471e-09
-2.43754e-06
-3.42935e-07
-2.28075e-06
-6.94149e-07
-2.03453e-06
-1.04083e-06
-1.70314e-06
-1.35587e-06
-1.30252e-06
-1.59623e-06
-8.66284e-07
-1.70002e-06
-4.50413e-07
-1.59033e-06
-1.32395e-07
-1.19415e-06
-4.83706e-07
-1.37693e-07
5.91136e-07
-4.43653e-07
1.36339e-06
-8.3025e-07
1.76238e-06
-1.23706e-06
1.88269e-06
-1.6276e-06
1.82228e-06
-1.98128e-06
1.65173e-06
-2.28603e-06
1.41187e-06
-2.53356e-06
1.12281e-06
-2.71666e-06
7.93405e-07
-2.82788e-06
4.27541e-07
-2.85883e-06
2.78324e-08
-2.80018e-06
-4.01585e-07
-2.64251e-06
-8.51827e-07
-2.37875e-06
-1.30459e-06
-2.00901e-06
-1.72561e-06
-1.54797e-06
-2.05727e-06
-1.03416e-06
-2.21384e-06
-5.37223e-07
-2.08726e-06
-1.56217e-07
-1.57516e-06
-6.39923e-07
-1.57385e-07
7.48522e-07
-5.05925e-07
1.71193e-06
-9.43894e-07
2.20035e-06
-1.40225e-06
2.34105e-06
-1.84086e-06
2.26088e-06
-2.23841e-06
2.04929e-06
-2.58346e-06
1.75691e-06
-2.86855e-06
1.4079e-06
-3.08705e-06
1.0119e-06
-3.23123e-06
5.71716e-07
-3.29112e-06
8.77263e-08
-3.25401e-06
-4.38698e-07
-3.10496e-06
-1.00088e-06
-2.82953e-06
-1.58002e-06
-2.42003e-06
-2.13511e-06
-1.88646e-06
-2.59084e-06
-1.2712e-06
-2.8291e-06
-6.62053e-07
-2.69641e-06
-1.90781e-07
-2.04643e-06
-8.30704e-07
-1.82716e-07
9.31238e-07
-5.8447e-07
2.11368e-06
-1.08494e-06
2.70082e-06
-1.60439e-06
2.86051e-06
-2.09873e-06
2.75522e-06
-2.5465e-06
2.49706e-06
-2.93772e-06
2.14813e-06
-3.26681e-06
1.73699e-06
-3.52862e-06
1.27372e-06
-3.716e-06
7.59097e-07
-3.81792e-06
1.89646e-07
-3.81803e-06
-4.38585e-07
-3.69433e-06
-1.12459e-06
-3.42141e-06
-1.85294e-06
-2.978e-06
-2.57852e-06
-2.36235e-06
-3.20648e-06
-1.61603e-06
-3.57542e-06
-8.48996e-07
-3.46344e-06
-2.43476e-07
-2.65195e-06
-1.07418e-06
-2.15592e-07
1.14683e-06
-6.84187e-07
2.58228e-06
-1.26036e-06
3.27699e-06
-1.85106e-06
3.45121e-06
-2.40816e-06
3.31231e-06
-2.9111e-06
3e-06
-3.35276e-06
2.58979e-06
-3.73085e-06
2.11509e-06
-4.04329e-06
1.58615e-06
-4.28504e-06
1.00085e-06
-4.4454e-06
3.50007e-07
-4.50511e-06
-3.78878e-07
-4.43412e-06
-1.19557e-06
-4.19208e-06
-2.09497e-06
-3.73566e-06
-3.03494e-06
-3.03868e-06
-3.90347e-06
-2.12958e-06
-4.48452e-06
-1.14014e-06
-4.45288e-06
-3.28805e-07
-3.46328e-06
-1.40299e-06
-2.59081e-07
1.40591e-06
-8.12204e-07
3.1354e-06
-1.47939e-06
3.94418e-06
-2.15111e-06
4.12293e-06
-2.7758e-06
3.93701e-06
-3.33565e-06
3.55985e-06
-3.8283e-06
3.08244e-06
-4.25677e-06
2.54356e-06
-4.62416e-06
1.95353e-06
-4.93004e-06
1.30673e-06
-5.16669e-06
5.86655e-07
-5.31437e-06
-2.3119e-07
-5.33593e-06
-1.17402e-06
-5.17297e-06
-2.25794e-06
-4.74975e-06
-3.45816e-06
-3.99581e-06
-4.6574e-06
-2.90116e-06
-5.57918e-06
-1.60605e-06
-5.74799e-06
-4.74981e-07
-4.59435e-06
-1.87797e-06
-3.18554e-07
1.72447e-06
-9.79777e-07
3.79662e-06
-1.75507e-06
4.71946e-06
-2.51531e-06
4.88317e-06
-3.20754e-06
4.62924e-06
-3.81958e-06
4.17189e-06
-4.35647e-06
3.61933e-06
-4.82889e-06
3.01598e-06
-5.24774e-06
2.37238e-06
-5.62039e-06
1.67938e-06
-5.94626e-06
9.12532e-07
-6.21002e-06
3.25704e-08
-6.37175e-06
-1.01229e-06
-6.35577e-06
-2.27392e-06
-6.04532e-06
-3.76861e-06
-5.30093e-06
-5.40179e-06
-4.03226e-06
-6.84785e-06
-2.34753e-06
-7.43272e-06
-7.31951e-07
-6.20993e-06
-2.60992e-06
-4.03652e-07
2.12812e-06
-1.20473e-06
4.59771e-06
-2.10511e-06
5.61984e-06
-2.9545e-06
5.73256e-06
-3.70355e-06
5.37829e-06
-4.35036e-06
4.8187e-06
-4.91058e-06
4.17955e-06
-5.40503e-06
3.51044e-06
-5.85493e-06
2.82227e-06
-6.27875e-06
2.1032e-06
-6.6879e-06
1.32169e-06
-7.07849e-06
4.23161e-07
-7.41692e-06
-6.73856e-07
-7.61877e-06
-2.07207e-06
-7.52748e-06
-3.8599e-06
-6.91624e-06
-6.01303e-06
-5.56302e-06
-8.20107e-06
-3.46253e-06
-9.5332e-06
-1.174e-06
-8.49847e-06
-3.78391e-06
-5.31824e-07
2.65994e-06
-1.51415e-06
5.58003e-06
-2.54923e-06
6.65492e-06
-3.46998e-06
6.65331e-06
-4.24174e-06
6.15005e-06
-4.88026e-06
5.45722e-06
-5.41576e-06
4.71504e-06
-5.88147e-06
3.97615e-06
-6.31047e-06
3.25127e-06
-6.73417e-06
2.5269e-06
-7.17932e-06
1.76684e-06
-7.66033e-06
9.04169e-07
-8.16249e-06
-1.71694e-07
-8.61201e-06
-1.62255e-06
-8.83515e-06
-3.63676e-06
-8.52918e-06
-6.319e-06
-7.30852e-06
-9.42173e-06
-4.9385e-06
-1.19032e-05
-1.87833e-06
-1.15586e-05
-5.66225e-06
-7.34565e-07
3.39451e-06
-1.94495e-06
6.79042e-06
-3.09464e-06
7.80461e-06
-4.02208e-06
7.58074e-06
-4.73091e-06
6.85888e-06
-5.26663e-06
5.99295e-06
-5.67951e-06
5.12791e-06
-6.01716e-06
4.3138e-06
-6.32419e-06
3.55831e-06
-6.6431e-06
2.8458e-06
-7.01426e-06
2.138e-06
-7.47206e-06
1.36197e-06
-8.03145e-06
3.87698e-07
-8.657e-06
-9.96996e-07
-9.20865e-06
-3.08511e-06
-9.37453e-06
-6.15313e-06
-8.64253e-06
-1.01537e-05
-6.45233e-06
-1.40934e-05
-2.84129e-06
-1.51697e-05
-8.50353e-06
-1.06711e-06
4.46162e-06
-2.53251e-06
8.25582e-06
-3.68404e-06
8.95614e-06
-4.4405e-06
8.3372e-06
-4.89258e-06
7.31095e-06
-5.13557e-06
6.23595e-06
-5.24725e-06
5.23959e-06
-5.29055e-06
4.35711e-06
-5.31785e-06
3.5856e-06
-5.37529e-06
2.90324e-06
-5.50719e-06
2.2699e-06
-5.75921e-06
1.61399e-06
-6.17594e-06
8.04424e-07
-6.78354e-06
-3.89398e-07
-7.54195e-06
-2.32669e-06
-8.25113e-06
-5.44395e-06
-8.41431e-06
-9.99056e-06
-7.16973e-06
-1.5338e-05
-3.79428e-06
-1.85451e-05
-1.22978e-05
-1.61806e-06
6.07968e-06
-3.23861e-06
9.87636e-06
-4.02293e-06
9.74047e-06
-4.18523e-06
8.4995e-06
-3.99214e-06
7.11786e-06
-3.61238e-06
5.85619e-06
-3.15163e-06
4.77883e-06
-2.67986e-06
3.88534e-06
-2.24488e-06
3.15062e-06
-1.8818e-06
2.54016e-06
-1.62233e-06
2.01043e-06
-1.50519e-06
1.49685e-06
-1.58822e-06
8.87456e-07
-1.95722e-06
-2.03966e-08
-2.71246e-06
-1.57145e-06
-3.88804e-06
-4.26837e-06
-5.22835e-06
-8.65025e-06
-5.80256e-06
-1.47638e-05
-4.02137e-06
-2.03263e-05
-1.63192e-05
-2.48008e-06
8.55976e-06
-3.56583e-06
1.09621e-05
-2.98779e-06
9.16243e-06
-1.72635e-06
7.23806e-06
-2.93558e-07
5.68507e-06
1.11237e-06
4.45027e-06
2.40876e-06
3.48244e-06
3.55904e-06
2.73506e-06
4.55094e-06
2.15873e-06
5.38332e-06
1.70778e-06
6.05468e-06
1.33907e-06
6.54998e-06
1.00155e-06
6.82019e-06
6.1725e-07
6.75044e-06
4.93561e-08
6.12527e-06
-9.46289e-07
4.63959e-06
-2.78268e-06
2.0934e-06
-6.10406e-06
-9.81123e-07
-1.16893e-05
-2.45253e-06
-1.88549e-05
-1.87717e-05
-2.82258e-06
1.13823e-05
-4.45843e-07
8.58537e-06
3.37494e-06
5.34165e-06
6.85927e-06
3.75372e-06
9.79221e-06
2.75213e-06
1.22271e-05
2.01535e-06
1.42281e-05
1.48142e-06
1.58603e-05
1.10286e-06
1.71862e-05
8.32878e-07
1.82582e-05
6.35727e-07
1.91133e-05
4.84046e-07
1.97636e-05
3.51181e-07
2.01789e-05
2.0203e-07
2.02482e-05
-1.9988e-08
1.97161e-05
-4.14215e-07
1.81023e-05
-1.16885e-06
1.4703e-05
-2.7048e-06
9.01841e-06
-6.00466e-06
2.33936e-06
-1.21758e-05
-1.64323e-05
1.13823e-05
1.99677e-05
2.53094e-05
2.90631e-05
3.18152e-05
3.38306e-05
3.5312e-05
3.64149e-05
3.72477e-05
3.78835e-05
3.83675e-05
3.87187e-05
3.89207e-05
3.89007e-05
3.84865e-05
3.73177e-05
3.46129e-05
2.86082e-05
1.64324e-05
)
;

boundaryField
{
    movingWall
    {
        type            calculated;
        value           uniform 0;
    }
    fixedWalls
    {
        type            calculated;
        value           uniform 0;
    }
    frontAndBack
    {
        type            empty;
        value           nonuniform 0();
    }
}


// ************************************************************************* //
