/*--------------------------------*- C++ -*----------------------------------*\
  =========                 |
  \\      /  F ield         | OpenFOAM: The Open Source CFD Toolbox
   \\    /   O peration     | Website:  https://openfoam.org
    \\  /    A nd           | Version:  6
     \\/     M anipulation  |
\*---------------------------------------------------------------------------*/
FoamFile
{
    version     2.0;
    format      ascii;
    class       volVectorField;
    location    "0.1";
    object      U;
}
// * * * * * * * * * * * * * * * * * * * * * * * * * * * * * * * * * * * * * //

dimensions      [0 1 -1 0 0 0 0];

internalField   nonuniform List<vector> 
400
(
(9.62421e-06 -1.10054e-05 0)
(-0.000446103 0.000310993 0)
(-0.00165173 0.000529072 0)
(-0.00321137 0.000607648 0)
(-0.00483018 0.000601878 0)
(-0.00635686 0.00055192 0)
(-0.00770815 0.000477232 0)
(-0.00882981 0.000385111 0)
(-0.00967902 0.000277386 0)
(-0.010217 0.000154467 0)
(-0.0104079 1.73434e-05 0)
(-0.0102218 -0.000131443 0)
(-0.00963828 -0.000287059 0)
(-0.00865382 -0.000441331 0)
(-0.00729128 -0.000580865 0)
(-0.00561542 -0.000684016 0)
(-0.003754 -0.000716994 0)
(-0.00193101 -0.0006303 0)
(-0.000524744 -0.000370923 0)
(7.48434e-06 4.28457e-06 0)
(-0.000315668 0.000441755 0)
(-0.00183856 0.00180857 0)
(-0.00474 0.00268677 0)
(-0.00826472 0.00301608 0)
(-0.0118763 0.00297925 0)
(-0.0152757 0.00272617 0)
(-0.018274 0.00234092 0)
(-0.0207411 0.00186217 0)
(-0.0225778 0.00130571 0)
(-0.0237017 0.000679986 0)
(-0.0240432 -5.36313e-06 0)
(-0.0235493 -0.000734757 0)
(-0.0221908 -0.00148285 0)
(-0.0199756 -0.00220961 0)
(-0.0169675 -0.00285263 0)
(-0.0133149 -0.0033162 0)
(-0.00928271 -0.00346047 0)
(-0.00529373 -0.00310117 0)
(-0.00202532 -0.00206726 0)
(-0.000338156 -0.00049659 0)
(-0.000567915 0.00168839 0)
(-0.002897 0.00476101 0)
(-0.00700535 0.00661663 0)
(-0.0118351 0.00730515 0)
(-0.0167135 0.00718323 0)
(-0.0212771 0.00655459 0)
(-0.0252862 0.00560326 0)
(-0.0285706 0.00442246 0)
(-0.0310012 0.00305682 0)
(-0.0324724 0.0015335 0)
(-0.0328971 -0.000119467 0)
(-0.0322098 -0.00186211 0)
(-0.0303758 -0.0036332 0)
(-0.0274069 -0.00533872 0)
(-0.0233865 -0.00683539 0)
(-0.0185051 -0.00790932 0)
(-0.0130962 -0.00825897 0)
(-0.00768026 -0.00750915 0)
(-0.00311284 -0.00532976 0)
(-0.000588389 -0.00182949 0)
(-0.000718601 0.00343212 0)
(-0.00359882 0.00864929 0)
(-0.00858255 0.0116311 0)
(-0.0143493 0.0126886 0)
(-0.0201153 0.012415 0)
(-0.0254809 0.0112968 0)
(-0.0301837 0.00963257 0)
(-0.0340361 0.00757813 0)
(-0.0368949 0.00521199 0)
(-0.0386414 0.00258342 0)
(-0.0391746 -0.000258571 0)
(-0.0384142 -0.0032467 0)
(-0.0363106 -0.00627897 0)
(-0.0328634 -0.00919846 0)
(-0.028153 -0.0117657 0)
(-0.0223853 -0.0136249 0)
(-0.0159376 -0.0142797 0)
(-0.00941329 -0.0131203 0)
(-0.00384282 -0.00959402 0)
(-0.000731092 -0.00365898 0)
(-0.000821848 0.00548198 0)
(-0.00412709 0.0131817 0)
(-0.00982733 0.0174077 0)
(-0.0163751 0.018832 0)
(-0.0228828 0.0183506 0)
(-0.0289208 0.0166633 0)
(-0.0342149 0.0141946 0)
(-0.0385709 0.0111665 0)
(-0.0418391 0.00769073 0)
(-0.0438907 0.00383602 0)
(-0.0446093 -0.000331401 0)
(-0.0438914 -0.00472087 0)
(-0.0416578 -0.00919163 0)
(-0.0378761 -0.0135206 0)
(-0.0326012 -0.0173595 0)
(-0.0260366 -0.0201843 0)
(-0.0185988 -0.0212613 0)
(-0.0109944 -0.0196875 0)
(-0.00446509 -0.0146173 0)
(-0.000835542 -0.00580381 0)
(-0.000919608 0.00778757 0)
(-0.0046377 0.0182938 0)
(-0.0110475 0.0238976 0)
(-0.0183797 0.0257009 0)
(-0.0256394 0.0249666 0)
(-0.0323668 0.0226439 0)
(-0.0382805 0.0192983 0)
(-0.0431858 0.0152207 0)
(-0.0469312 0.010553 0)
(-0.0493798 0.00537677 0)
(-0.0503956 -0.000234002 0)
(-0.0498423 -0.00617548 0)
(-0.0475933 -0.0122761 0)
(-0.0435589 -0.0182471 0)
(-0.0377403 -0.0236159 0)
(-0.0303161 -0.0276511 0)
(-0.0217397 -0.0293147 0)
(-0.0128532 -0.027323 0)
(-0.00518311 -0.0204566 0)
(-0.000950669 -0.00825686 0)
(-0.00103661 0.0103728 0)
(-0.00523269 0.024038 0)
(-0.0124534 0.0311704 0)
(-0.0206792 0.0333712 0)
(-0.0287944 0.03234 0)
(-0.0363084 0.0293172 0)
(-0.042938 0.025028 0)
(-0.0484947 0.0198359 0)
(-0.0528321 0.0139081 0)
(-0.0558085 0.00732812 0)
(-0.0572674 0.000162643 0)
(-0.05703 -0.00748959 0)
(-0.0549022 -0.0154433 0)
(-0.0507039 -0.0233514 0)
(-0.0443406 -0.0306023 0)
(-0.0359245 -0.0362041 0)
(-0.0259276 -0.0387144 0)
(-0.0153626 -0.036333 0)
(-0.00615901 -0.0273501 0)
(-0.00110776 -0.0111057 0)
(-0.00118811 0.0133044 0)
(-0.00597895 0.0305429 0)
(-0.014185 0.0393718 0)
(-0.0234783 0.0419834 0)
(-0.0326009 0.0405989 0)
(-0.0410339 0.0368022 0)
(-0.0485012 0.0315009 0)
(-0.0548327 0.0251359 0)
(-0.0598985 0.0178936 0)
(-0.0635619 0.00984522 0)
(-0.0656501 0.00102751 0)
(-0.0659368 -0.0084948 0)
(-0.0641391 -0.0185543 0)
(-0.0599449 -0.028769 0)
(-0.0530984 -0.0383826 0)
(-0.0435684 -0.0460802 0)
(-0.0317861 -0.0498698 0)
(-0.0189527 -0.0472171 0)
(-0.00757679 -0.0357182 0)
(-0.00133804 -0.0145141 0)
(-0.00138723 0.01668 0)
(-0.00693231 0.0379947 0)
(-0.0163542 0.048703 0)
(-0.0269299 0.051718 0)
(-0.0372317 0.0498961 0)
(-0.04672 0.0452314 0)
(-0.0551428 0.0388425 0)
(-0.0623676 0.0312543 0)
(-0.0683008 0.0226656 0)
(-0.0728296 0.0131173 0)
(-0.0757797 0.00258673 0)
(-0.0768817 -0.00893834 0)
(-0.0757489 -0.0213623 0)
(-0.071888 -0.0343212 0)
(-0.0647881 -0.0469374 0)
(-0.054138 -0.0575156 0)
(-0.0401868 -0.0633178 0)
(-0.0242779 -0.0607201 0)
(-0.00973721 -0.0462368 0)
(-0.00169631 -0.0187519 0)
(-0.00165191 0.0206288 0)
(-0.00816093 0.0466337 0)
(-0.0190849 0.0594083 0)
(-0.0311862 0.0627761 0)
(-0.042837 0.0603846 0)
(-0.0534943 0.0547244 0)
(-0.062958 0.0471611 0)
(-0.0711616 0.0383121 0)
(-0.0780783 0.028382 0)
(-0.0836504 0.0173623 0)
(-0.0877332 0.00513556 0)
(-0.0900384 -0.00844571 0)
(-0.0900778 -0.0234418 0)
(-0.0871338 -0.0396096 0)
(-0.0803199 -0.0560361 0)
(-0.068828 -0.070635 0)
(-0.0524382 -0.079688 0)
(-0.0324315 -0.0779178 0)
(-0.0132045 -0.0599988 0)
(-0.00230196 -0.0242894 0)
(-0.00201342 0.0253274 0)
(-0.00977016 0.0567685 0)
(-0.0225498 0.0717734 0)
(-0.0364383 0.0753626 0)
(-0.0495788 0.0721916 0)
(-0.0614614 0.0653581 0)
(-0.0719792 0.0565158 0)
(-0.0811712 0.0463847 0)
(-0.0891177 0.0351714 0)
(-0.0958624 0.0228017 0)
(-0.101342 0.00902711 0)
(-0.105305 -0.00650409 0)
(-0.107203 -0.0241263 0)
(-0.106083 -0.043891 0)
(-0.100562 -0.0650509 0)
(-0.0890388 -0.085247 0)
(-0.0703282 -0.0995809 0)
(-0.0451316 -0.100294 0)
(-0.0190145 -0.078787 0)
(-0.00341399 -0.0320029 0)
(-0.00253014 0.0310327 0)
(-0.0119365 0.0688052 0)
(-0.0270094 0.0861267 0)
(-0.0429406 0.0896625 0)
(-0.0576338 0.0853813 0)
(-0.0706798 0.0771207 0)
(-0.0821247 0.0668641 0)
(-0.0921612 0.0554432 0)
(-0.101025 0.0430669 0)
(-0.108917 0.029588 0)
(-0.115931 0.0146013 0)
(-0.121942 -0.00251602 0)
(-0.126444 -0.0225151 0)
(-0.128319 -0.0459975 0)
(-0.125634 -0.0727531 0)
(-0.115679 -0.100523 0)
(-0.0956087 -0.123237 0)
(-0.0645718 -0.129642 0)
(-0.028859 -0.105386 0)
(-0.00554966 -0.0435487 0)
(-0.00331375 0.0381466 0)
(-0.01496 0.0832934 0)
(-0.0328504 0.102825 0)
(-0.0510042 0.105786 0)
(-0.067127 0.0998795 0)
(-0.0810345 0.0898263 0)
(-0.0930084 0.0779659 0)
(-0.103448 0.0652435 0)
(-0.112792 0.051874 0)
(-0.121454 0.0376452 0)
(-0.12976 0.0219941 0)
(-0.137835 0.00398637 0)
(-0.145382 -0.0176812 0)
(-0.151311 -0.0444718 0)
(-0.153273 -0.0772694 0)
(-0.147306 -0.114656 0)
(-0.128219 -0.149883 0)
(-0.0922456 -0.167395 0)
(-0.0449013 -0.143543 0)
(-0.00961073 -0.061853 0)
(-0.00457951 0.0473363 0)
(-0.019345 0.100975 0)
(-0.0405994 0.122182 0)
(-0.0608794 0.123629 0)
(-0.0778694 0.115309 0)
(-0.0918361 0.102939 0)
(-0.103411 0.0891968 0)
(-0.113255 0.0751215 0)
(-0.122042 0.0609346 0)
(-0.130429 0.0463802 0)
(-0.139021 0.03077 0)
(-0.148286 0.0128732 0)
(-0.158326 -0.0092364 0)
(-0.168414 -0.0381628 0)
(-0.176231 -0.0765298 0)
(-0.176928 -0.124842 0)
(-0.162801 -0.176895 0)
(-0.125975 -0.213056 0)
(-0.0684456 -0.196826 0)
(-0.0168244 -0.0913927 0)
(-0.00674128 0.0597558 0)
(-0.0259099 0.122789 0)
(-0.0508121 0.144224 0)
(-0.072302 0.142526 0)
(-0.0885672 0.130622 0)
(-0.100741 0.115209 0)
(-0.10997 0.0991975 0)
(-0.117239 0.0836532 0)
(-0.12347 0.0687804 0)
(-0.129532 0.0542933 0)
(-0.136265 0.0394317 0)
(-0.144462 0.0227534 0)
(-0.154727 0.0017773 0)
(-0.167067 -0.0273225 0)
(-0.179989 -0.0693727 0)
(-0.18894 -0.127941 0)
(-0.184794 -0.199361 0)
(-0.155563 -0.262178 0)
(-0.0964593 -0.265902 0)
(-0.0278499 -0.137923 0)
(-0.0105717 0.0774842 0)
(-0.035861 0.149673 0)
(-0.0634852 0.16802 0)
(-0.0830564 0.160448 0)
(-0.0946942 0.143321 0)
(-0.101156 0.123986 0)
(-0.104328 0.105311 0)
(-0.105579 0.0882252 0)
(-0.106037 0.0728176 0)
(-0.10667 0.05873 0)
(-0.108371 0.0451639 0)
(-0.112049 0.030608 0)
(-0.118681 0.0122983 0)
(-0.129175 -0.0144666 0)
(-0.143718 -0.0565555 0)
(-0.159961 -0.121238 0)
(-0.170116 -0.209857 0)
(-0.160259 -0.304173 0)
(-0.116616 -0.344125 0)
(-0.0399027 -0.207277 0)
(-0.0173769 0.104619 0)
(-0.0503949 0.181512 0)
(-0.0756224 0.189609 0)
(-0.0846722 0.17195 0)
(-0.0832328 0.147801 0)
(-0.0767312 0.12406 0)
(-0.0678564 0.102912 0)
(-0.0582219 0.0847833 0)
(-0.0489441 0.0694212 0)
(-0.0408097 0.0562705 0)
(-0.0344507 0.0444831 0)
(-0.0305461 0.032644 0)
(-0.030064 0.0181789 0)
(-0.0345287 -0.00357477 0)
(-0.0460308 -0.0402795 0)
(-0.0660393 -0.102187 0)
(-0.0919204 -0.197602 0)
(-0.112632 -0.319065 0)
(-0.106131 -0.40977 0)
(-0.0423351 -0.298219 0)
(-0.028354 0.149575 0)
(-0.067014 0.212626 0)
(-0.0707643 0.19518 0)
(-0.0495166 0.163267 0)
(-0.020717 0.132871 0)
(0.00846719 0.106857 0)
(0.035835 0.0855868 0)
(0.0604511 0.0685819 0)
(0.0819156 0.0550506 0)
(0.10015 0.044163 0)
(0.115171 0.035041 0)
(0.126848 0.0265281 0)
(0.134582 0.0167232 0)
(0.136789 0.0021698 0)
(0.130232 -0.0233326 0)
(0.109809 -0.0699571 0)
(0.0703784 -0.151709 0)
(0.0130396 -0.278668 0)
(-0.0378542 -0.417683 0)
(-0.0141825 -0.378441 0)
(-0.0301987 0.217923 0)
(-0.0440617 0.218287 0)
(0.0253676 0.158764 0)
(0.102971 0.118153 0)
(0.168551 0.0896674 0)
(0.222277 0.0680865 0)
(0.26641 0.0517888 0)
(0.302504 0.0396819 0)
(0.331842 0.0307005 0)
(0.355588 0.0239446 0)
(0.374656 0.0186605 0)
(0.389552 0.0140759 0)
(0.400117 0.00914013 0)
(0.405026 0.00210724 0)
(0.400854 -0.0101475 0)
(0.380849 -0.0333699 0)
(0.333584 -0.0791203 0)
(0.244691 -0.170337 0)
(0.124188 -0.314077 0)
(0.082566 -0.360623 0)
(0.261463 0.133098 0)
(0.323455 0.118628 0)
(0.445097 0.0799088 0)
(0.545206 0.0543345 0)
(0.612737 0.0379855 0)
(0.659433 0.026731 0)
(0.693447 0.0188459 0)
(0.718759 0.0133805 0)
(0.737755 0.00961493 0)
(0.752147 0.00700542 0)
(0.763106 0.00514867 0)
(0.771263 0.0037103 0)
(0.776623 0.00233753 0)
(0.778299 0.000547515 0)
(0.773839 -0.0024395 0)
(0.758188 -0.00799543 0)
(0.720881 -0.0190573 0)
(0.64359 -0.0428102 0)
(0.487686 -0.0997343 0)
(0.357597 -0.148466 0)
)
;

boundaryField
{
    movingWall
    {
        type            fixedValue;
        value           uniform (1 0 0);
    }
    fixedWalls
    {
        type            noSlip;
    }
    frontAndBack
    {
        type            empty;
    }
}


// ************************************************************************* //
