/*--------------------------------*- C++ -*----------------------------------*\
  =========                 |
  \\      /  F ield         | OpenFOAM: The Open Source CFD Toolbox
   \\    /   O peration     | Website:  https://openfoam.org
    \\  /    A nd           | Version:  6
     \\/     M anipulation  |
\*---------------------------------------------------------------------------*/
FoamFile
{
    version     2.0;
    format      ascii;
    class       volScalarField;
    location    "0.24";
    object      p;
}
// * * * * * * * * * * * * * * * * * * * * * * * * * * * * * * * * * * * * * //

dimensions      [0 2 -2 0 0 0 0];

internalField   nonuniform List<scalar> 
400
(
7.34053e-06
-0.0231848
-0.0520644
-0.0743196
-0.0826406
-0.073754
-0.047415
-0.00555731
0.048396
0.110048
0.174429
0.236348
0.290737
0.333036
0.359656
0.368564
0.36002
0.337436
0.308333
0.28515
0.0229913
-0.000839148
-0.0235018
-0.0388457
-0.0432756
-0.0344931
-0.0122004
0.0222088
0.0661391
0.116169
0.168375
0.218633
0.262936
0.297726
0.320268
0.329081
0.32447
0.308843
0.285985
0.262196
0.0535384
0.0205172
-0.00400428
-0.0181558
-0.0217561
-0.0135531
0.00643196
0.0368499
0.07543
0.119246
0.164952
0.209026
0.248031
0.278893
0.299183
0.30745
0.303664
0.289185
0.264412
0.231422
0.0816242
0.0359435
0.00545296
-0.0106841
-0.0150815
-0.00741443
0.011821
0.0410319
0.0779387
0.119767
0.163405
0.205581
0.243071
0.272912
0.29262
0.30045
0.295872
0.27932
0.248446
0.202708
0.100733
0.0416753
0.00403508
-0.0149465
-0.0202764
-0.0124528
0.00750645
0.0376373
0.0754861
0.118251
0.162869
0.206133
0.244833
0.275921
0.29666
0.304862
0.29942
0.279936
0.241714
0.182397
0.106187
0.0334821
-0.0116144
-0.033364
-0.0389606
-0.0296844
-0.00712396
0.0262872
0.067801
0.114461
0.163122
0.210506
0.253281
0.288161
0.31201
0.322057
0.316538
0.294239
0.248298
0.174974
0.0939288
0.00716883
-0.045259
-0.069
-0.0734785
-0.0608214
-0.0332792
0.00614325
0.0543078
0.108017
0.163966
0.218724
0.268747
0.310404
0.340027
0.354114
0.350107
0.325867
0.272281
0.184333
0.0596289
-0.0418521
-0.101095
-0.125303
-0.126471
-0.107778
-0.0722933
-0.023709
0.0343767
0.0984907
0.165153
0.23077
0.291557
0.34348
0.382229
0.403402
0.403422
0.378957
0.318225
0.214733
-0.00203995
-0.119167
-0.184206
-0.206421
-0.201077
-0.172793
-0.125695
-0.064292
0.0073202
0.0854217
0.166422
0.246639
0.322104
0.388386
0.440454
0.47281
0.480538
0.458638
0.391836
0.271597
-0.0981011
-0.231972
-0.300937
-0.317326
-0.300879
-0.258266
-0.194998
-0.116535
-0.0274483
0.0684146
0.167524
0.266295
0.360743
0.446148
0.516742
0.565735
0.586446
0.571466
0.500649
0.362307
-0.238219
-0.389871
-0.459319
-0.463861
-0.429684
-0.366411
-0.281327
-0.180933
-0.0701488
0.0473041
0.168272
0.289609
0.407633
0.517596
0.613111
0.68595
0.727176
0.725909
0.654921
0.497276
-0.436302
-0.606088
-0.669577
-0.652675
-0.591122
-0.498703
-0.384857
-0.257062
-0.120266
0.0223878
0.168633
0.31629
0.462519
0.603031
0.731172
0.837323
0.909824
0.932943
0.868949
0.691723
-0.713583
-0.899401
-0.944702
-0.890867
-0.787855
-0.654985
-0.50399
-0.342916
-0.176073
-0.00528424
0.168818
0.345786
0.524417
0.701702
0.871476
1.0232
1.14232
1.2067
1.16312
0.968972
-1.10504
-1.29729
-1.30074
-1.18488
-1.02003
-0.831987
-0.634164
-0.434041
-0.234066
-0.033617
0.169331
0.377059
0.591083
0.810923
1.0323
1.24505
1.43243
1.56486
1.5672
1.3672
-1.67261
-1.84051
-1.75571
-1.53746
-1.28215
-1.02083
-0.76613
-0.522486
-0.288419
-0.0592889
0.170835
0.408118
0.6581
0.924542
1.20734
1.4995
1.78482
2.02754
2.12493
1.95306
-2.52804
-2.58723
-2.32553
-1.94252
-1.55887
-1.20424
-0.884445
-0.596189
-0.330903
-0.0779611
0.173766
0.435414
0.71788
1.03122
1.38288
1.77418
2.19596
2.61319
2.89777
2.84434
-3.873
-3.61305
-3.0165
-2.38086
-1.82324
-1.35641
-0.968442
-0.640398
-0.352261
-0.0853331
0.177706
0.453626
0.759658
1.11425
1.53689
2.04545
2.64948
3.33063
3.96435
4.24909
-6.15941
-5.01373
-3.78644
-2.79027
-2.01928
-1.43417
-0.988418
-0.636628
-0.342541
-0.0781336
0.179933
0.453516
0.765969
1.14533
1.62783
2.259
3.0847
4.13978
5.42507
6.62751
-10.5695
-6.84899
-4.35764
-2.91496
-1.96811
-1.32305
-0.875106
-0.545548
-0.282407
-0.0515963
0.172435
0.412777
0.695024
1.05334
1.53993
2.23475
3.24505
4.76455
7.34526
11.1677
-17.9825
-8.6112
-4.15441
-2.37805
-1.46163
-0.918359
-0.578359
-0.344497
-0.163422
-0.00553219
0.148967
0.317272
0.51913
0.783954
1.16479
1.76026
2.7477
4.62118
9.19196
18.678
)
;

boundaryField
{
    movingWall
    {
        type            zeroGradient;
    }
    fixedWalls
    {
        type            zeroGradient;
    }
    frontAndBack
    {
        type            empty;
    }
}


// ************************************************************************* //
