/*--------------------------------*- C++ -*----------------------------------*\
  =========                 |
  \\      /  F ield         | OpenFOAM: The Open Source CFD Toolbox
   \\    /   O peration     | Website:  https://openfoam.org
    \\  /    A nd           | Version:  6
     \\/     M anipulation  |
\*---------------------------------------------------------------------------*/
FoamFile
{
    version     2.0;
    format      ascii;
    class       surfaceScalarField;
    location    "0.015";
    object      phi;
}
// * * * * * * * * * * * * * * * * * * * * * * * * * * * * * * * * * * * * * //

dimensions      [0 3 -1 0 0 0 0];

internalField   nonuniform List<scalar> 
760
(
-1.18191e-08
1.18191e-08
-6.80456e-08
5.62265e-08
-1.47855e-07
7.98094e-08
-2.3292e-07
8.50646e-08
-3.13228e-07
8.03079e-08
-3.83571e-07
7.03431e-08
-4.41023e-07
5.74521e-08
-4.83745e-07
4.27224e-08
-5.10498e-07
2.67523e-08
-5.20476e-07
9.97806e-09
-5.13278e-07
-7.19815e-09
-4.88916e-07
-2.43622e-08
-4.47854e-07
-4.10617e-08
-3.91094e-07
-5.67598e-08
-3.20387e-07
-7.07075e-08
-2.38765e-07
-8.16211e-08
-1.51771e-07
-8.69946e-08
-6.99485e-08
-8.18222e-08
-1.2227e-08
-5.77216e-08
-1.22268e-08
-5.62208e-08
6.80399e-08
-1.87657e-07
1.87663e-07
-3.57578e-07
2.4973e-07
-5.36696e-07
2.64183e-07
-7.06249e-07
2.49861e-07
-8.55239e-07
2.19333e-07
-9.77084e-07
1.79297e-07
-1.06759e-06
1.33231e-07
-1.12401e-06
8.31666e-08
-1.14462e-06
3.05913e-08
-1.12865e-06
-2.31699e-08
-1.07623e-06
-7.6783e-08
-9.88501e-07
-1.28789e-07
-8.67827e-07
-1.77433e-07
-7.18255e-07
-2.20279e-07
-5.46549e-07
-2.53327e-07
-3.64256e-07
-2.69287e-07
-1.91007e-07
-2.55071e-07
-5.70992e-08
-1.9163e-07
-6.93263e-08
-8.39275e-08
1.51967e-07
-2.6379e-07
3.67525e-07
-4.88227e-07
4.74167e-07
-7.21612e-07
4.97568e-07
-9.41428e-07
4.69677e-07
-1.13417e-06
4.12075e-07
-1.29158e-06
3.36704e-07
-1.40834e-06
2.49992e-07
-1.48098e-06
1.55809e-07
-1.50738e-06
5.69898e-08
-1.48657e-06
-4.39765e-08
-1.41875e-06
-1.4461e-07
-1.30534e-06
-2.42193e-07
-1.14935e-06
-3.33425e-07
-9.55895e-07
-4.13735e-07
-7.33455e-07
-4.75768e-07
-4.96207e-07
-5.06535e-07
-2.6775e-07
-4.83528e-07
-8.49468e-08
-3.74433e-07
-1.54273e-07
-9.97345e-08
2.51702e-07
-3.12348e-07
5.80138e-07
-5.7466e-07
7.3648e-07
-8.45043e-07
7.67951e-07
-1.09823e-06
7.22865e-07
-1.31937e-06
6.33211e-07
-1.49948e-06
5.16812e-07
-1.63286e-06
3.83377e-07
-1.71584e-06
2.38788e-07
-1.74616e-06
8.73121e-08
-1.72278e-06
-6.73631e-08
-1.64579e-06
-2.21596e-07
-1.51661e-06
-3.71368e-07
-1.33831e-06
-5.11725e-07
-1.11633e-06
-6.35725e-07
-8.59859e-07
-7.32235e-07
-5.84603e-07
-7.8179e-07
-3.17204e-07
-7.50928e-07
-1.00901e-07
-5.90737e-07
-2.55173e-07
-1.12268e-07
3.6397e-07
-3.53139e-07
8.21009e-07
-6.49333e-07
1.03267e-06
-9.52943e-07
1.07156e-06
-1.2357e-06
1.00562e-06
-1.4815e-06
8.79018e-07
-1.681e-06
7.16308e-07
-1.82847e-06
5.30852e-07
-1.92034e-06
3.30657e-07
-1.95442e-06
1.21389e-07
-1.92959e-06
-9.21913e-08
-1.84576e-06
-3.05428e-07
-1.70402e-06
-5.13112e-07
-1.5071e-06
-7.08642e-07
-1.26031e-06
-8.82518e-07
-9.73238e-07
-1.0193e-06
-6.63045e-07
-1.09198e-06
-3.59868e-07
-1.05411e-06
-1.13877e-07
-8.36727e-07
-3.6905e-07
-1.26446e-07
4.90416e-07
-3.98979e-07
1.09354e-06
-7.3335e-07
1.36705e-06
-1.07432e-06
1.41253e-06
-1.38994e-06
1.32124e-06
-1.66272e-06
1.1518e-06
-1.88308e-06
9.36666e-07
-2.0456e-06
6.93367e-07
-2.14707e-06
4.32134e-07
-2.18557e-06
1.59886e-07
-2.15995e-06
-1.17816e-07
-2.06975e-06
-3.95627e-07
-1.91543e-06
-6.67427e-07
-1.69899e-06
-9.25085e-07
-1.42516e-06
-1.15635e-06
-1.1037e-06
-1.34076e-06
-7.53463e-07
-1.44222e-06
-4.09015e-07
-1.39855e-06
-1.2892e-07
-1.11682e-06
-4.9797e-07
-1.44909e-07
6.35325e-07
-4.57513e-07
1.40615e-06
-8.39542e-07
1.74907e-06
-1.22648e-06
1.79947e-06
-1.58179e-06
1.67655e-06
-1.88646e-06
1.45647e-06
-2.131e-06
1.1812e-06
-2.31073e-06
8.73098e-07
-2.42327e-06
5.44677e-07
-2.46721e-06
2.03823e-07
-2.44143e-06
-1.43596e-07
-2.34495e-06
-4.92109e-07
-2.17717e-06
-8.35202e-07
-1.93874e-06
-1.16352e-06
-1.63318e-06
-1.46191e-06
-1.26996e-06
-1.70398e-06
-8.6979e-07
-1.84238e-06
-4.72902e-07
-1.79544e-06
-1.48829e-07
-1.4409e-06
-6.46799e-07
-1.69594e-07
8.04919e-07
-5.34546e-07
1.7711e-06
-9.77529e-07
2.19206e-06
-1.42182e-06
2.24377e-06
-1.82525e-06
2.07998e-06
-2.16739e-06
1.79861e-06
-2.43952e-06
1.45333e-06
-2.63852e-06
1.07209e-06
-2.76349e-06
6.69646e-07
-2.81398e-06
2.54316e-07
-2.78905e-06
-1.68525e-07
-2.68696e-06
-5.94199e-07
-2.50548e-06
-1.01668e-06
-2.24297e-06
-1.42603e-06
-1.90064e-06
-1.80424e-06
-1.4867e-06
-2.11792e-06
-1.02353e-06
-2.30556e-06
-5.5844e-07
-2.26053e-06
-1.75857e-07
-1.82348e-06
-8.22656e-07
-2.02786e-07
1.0077e-06
-6.36675e-07
2.20499e-06
-1.15772e-06
2.7131e-06
-1.67289e-06
2.75894e-06
-2.13331e-06
2.5404e-06
-2.51782e-06
2.18312e-06
-2.81976e-06
1.75527e-06
-3.03888e-06
1.29121e-06
-3.17688e-06
8.0764e-07
-3.23495e-06
3.12387e-07
-3.21255e-06
-1.90918e-07
-3.10695e-06
-6.99803e-07
-2.91347e-06
-1.21016e-06
-2.62682e-06
-1.71268e-06
-2.24404e-06
-2.18702e-06
-1.77021e-06
-2.59175e-06
-1.22832e-06
-2.84744e-06
-6.74265e-07
-2.81459e-06
-2.12932e-07
-2.28481e-06
-1.03559e-06
-2.48097e-07
1.2558e-06
-7.73602e-07
2.73049e-06
-1.39443e-06
3.33393e-06
-1.99573e-06
3.36024e-06
-2.52126e-06
3.06593e-06
-2.9508e-06
2.61266e-06
-3.28205e-06
2.08653e-06
-3.5198e-06
1.52895e-06
-3.66989e-06
9.57732e-07
-3.7362e-06
3.78694e-07
-3.71899e-06
-2.08126e-07
-3.61426e-06
-8.04526e-07
-3.41391e-06
-1.41052e-06
-3.10707e-06
-2.01952e-06
-2.68374e-06
-2.61035e-06
-2.14241e-06
-3.13308e-06
-1.50406e-06
-3.4858e-06
-8.33852e-07
-3.48479e-06
-2.64965e-07
-2.8537e-06
-1.30055e-06
-3.11851e-07
1.56765e-06
-9.60967e-07
3.37961e-06
-1.70909e-06
4.08205e-06
-2.41253e-06
4.06368e-06
-3.00834e-06
3.66173e-06
-3.48082e-06
3.08514e-06
-3.83599e-06
2.4417e-06
-4.08677e-06
1.77973e-06
-4.24541e-06
1.11637e-06
-4.31978e-06
4.5307e-07
-4.3116e-06
-2.16312e-07
-4.21547e-06
-9.00653e-07
-4.01875e-06
-1.60723e-06
-3.70257e-06
-2.33569e-06
-3.24572e-06
-3.0672e-06
-2.63428e-06
-3.74453e-06
-1.88131e-06
-4.23877e-06
-1.05974e-06
-4.30635e-06
-3.40969e-07
-3.57247e-06
-1.64152e-06
-4.0554e-07
1.97319e-06
-1.22439e-06
4.19846e-06
-2.13352e-06
4.99118e-06
-2.95288e-06
4.88304e-06
-3.6168e-06
4.32565e-06
-4.12116e-06
3.5895e-06
-4.48642e-06
2.80697e-06
-4.73805e-06
2.03136e-06
-4.8974e-06
1.27573e-06
-4.978e-06
5.33663e-07
-4.98381e-06
-2.10497e-07
-4.90827e-06
-9.76193e-07
-4.73338e-06
-1.78213e-06
-4.42968e-06
-2.63939e-06
-3.9593e-06
-3.53759e-06
-3.28682e-06
-4.41701e-06
-2.40591e-06
-5.11968e-06
-1.38965e-06
-5.32261e-06
-4.57894e-07
-4.50423e-06
-2.09942e-06
-5.5004e-07
2.52323e-06
-1.60442e-06
5.25284e-06
-2.71121e-06
6.09797e-06
-3.64984e-06
5.82168e-06
-4.36353e-06
5.03933e-06
-4.87224e-06
4.09821e-06
-5.21994e-06
3.15467e-06
-5.44991e-06
2.26133e-06
-5.59545e-06
1.42126e-06
-5.67716e-06
6.15372e-07
-5.7023e-06
-1.85351e-07
-5.66389e-06
-1.01461e-06
-5.53874e-06
-1.90727e-06
-5.28519e-06
-2.89294e-06
-4.84297e-06
-3.97981e-06
-4.14266e-06
-5.11732e-06
-3.13838e-06
-6.12396e-06
-1.88274e-06
-6.57825e-06
-6.46895e-07
-5.74008e-06
-2.74631e-06
-7.81623e-07
3.30486e-06
-2.15813e-06
6.62934e-06
-3.48682e-06
7.42666e-06
-4.51755e-06
6.85241e-06
-5.229e-06
5.75079e-06
-5.68562e-06
4.55483e-06
-5.96618e-06
3.43522e-06
-6.13667e-06
2.43182e-06
-6.24378e-06
1.52837e-06
-6.31563e-06
6.87224e-07
-6.36348e-06
-1.37503e-07
-6.38151e-06
-9.96581e-07
-6.34368e-06
-1.9451e-06
-6.19757e-06
-3.03905e-06
-5.85768e-06
-4.3197e-06
-5.20726e-06
-5.76774e-06
-4.13083e-06
-7.20039e-06
-2.61603e-06
-8.09305e-06
-9.60322e-07
-7.39578e-06
-3.70663e-06
-1.15572e-06
4.46058e-06
-2.94071e-06
8.41433e-06
-4.45632e-06
8.94227e-06
-5.47695e-06
7.87304e-06
-6.06921e-06
6.34305e-06
-6.36961e-06
4.85523e-06
-6.5015e-06
3.56711e-06
-6.55408e-06
2.4844e-06
-6.58467e-06
1.55896e-06
-6.62637e-06
7.28925e-07
-6.69386e-06
-7.00148e-08
-6.78484e-06
-9.05599e-07
-6.87597e-06
-1.85397e-06
-6.91201e-06
-3.00301e-06
-6.78863e-06
-4.44308e-06
-6.33694e-06
-6.21943e-06
-5.33879e-06
-8.19854e-06
-3.63947e-06
-9.79237e-06
-1.46846e-06
-9.56679e-06
-5.1751e-06
-1.73024e-06
6.19082e-06
-3.92005e-06
1.06041e-05
-5.41504e-06
1.04373e-05
-6.16605e-06
8.62406e-06
-6.41195e-06
6.58895e-06
-6.38497e-06
4.82824e-06
-6.24925e-06
3.43139e-06
-6.10497e-06
2.34012e-06
-6.00816e-06
1.46215e-06
-5.98866e-06
7.09425e-07
-6.06109e-06
2.41516e-09
-6.22877e-06
-7.37921e-07
-6.48e-06
-1.60274e-06
-6.77408e-06
-2.70893e-06
-7.01269e-06
-4.20446e-06
-6.99747e-06
-6.23465e-06
-6.39863e-06
-8.79738e-06
-4.82172e-06
-1.13693e-05
-2.21127e-06
-1.21772e-05
-7.38636e-06
-2.48001e-06
8.67083e-06
-4.72208e-06
1.28462e-05
-5.60054e-06
1.13157e-05
-5.55883e-06
8.58235e-06
-5.09292e-06
6.12304e-06
-4.51024e-06
4.24557e-06
-3.97257e-06
2.89372e-06
-3.55342e-06
1.92097e-06
-3.28147e-06
1.1902e-06
-3.16751e-06
5.95473e-07
-3.21862e-06
5.35188e-08
-3.44379e-06
-5.1275e-07
-3.85284e-06
-1.19369e-06
-4.44495e-06
-2.11683e-06
-5.17671e-06
-3.4727e-06
-5.8949e-06
-5.51646e-06
-6.22977e-06
-8.46251e-06
-5.50617e-06
-1.20929e-05
-3.03636e-06
-1.46471e-05
-1.04227e-05
-3.03322e-06
1.1704e-05
-4.02013e-06
1.38331e-05
-3.03172e-06
1.03273e-05
-1.41843e-06
6.96906e-06
1.51745e-07
4.55287e-06
1.45431e-06
2.943e-06
2.44555e-06
1.90248e-06
3.14638e-06
1.22014e-06
3.59122e-06
7.45353e-07
3.80615e-06
3.80547e-07
3.80039e-06
5.92786e-08
3.56234e-06
-2.747e-07
3.05638e-06
-6.87733e-07
2.22232e-06
-1.28277e-06
9.88687e-07
-2.23907e-06
-6.68872e-07
-3.8589e-06
-2.56444e-06
-6.56694e-06
-3.95737e-06
-1.06999e-05
-3.24499e-06
-1.53594e-05
-1.36677e-05
-1.51257e-06
1.32166e-05
2.00795e-06
1.03126e-05
6.42939e-06
5.90586e-06
1.00059e-05
3.39254e-06
1.25825e-05
1.97623e-06
1.4363e-05
1.16256e-06
1.5567e-05
6.98489e-07
1.63603e-05
4.26852e-07
1.68511e-05
2.54516e-07
1.71013e-05
1.30306e-07
1.7136e-05
2.46142e-08
1.69461e-05
-8.47599e-08
1.64821e-05
-2.23783e-07
1.56363e-05
-4.36921e-07
1.4212e-05
-8.14831e-07
1.19027e-05
-1.54952e-06
8.36695e-06
-3.03123e-06
3.63014e-06
-5.96314e-06
-6.35139e-07
-1.10942e-05
-1.43029e-05
1.32166e-05
2.35292e-05
2.94351e-05
3.28276e-05
3.48039e-05
3.59664e-05
3.66649e-05
3.70918e-05
3.73463e-05
3.74766e-05
3.75012e-05
3.74164e-05
3.71927e-05
3.67557e-05
3.59409e-05
3.43914e-05
3.13602e-05
2.5397e-05
1.43029e-05
)
;

boundaryField
{
    movingWall
    {
        type            calculated;
        value           uniform 0;
    }
    fixedWalls
    {
        type            calculated;
        value           uniform 0;
    }
    frontAndBack
    {
        type            empty;
        value           nonuniform 0();
    }
}


// ************************************************************************* //
