/*--------------------------------*- C++ -*----------------------------------*\
  =========                 |
  \\      /  F ield         | OpenFOAM: The Open Source CFD Toolbox
   \\    /   O peration     | Website:  https://openfoam.org
    \\  /    A nd           | Version:  6
     \\/     M anipulation  |
\*---------------------------------------------------------------------------*/
FoamFile
{
    version     2.0;
    format      ascii;
    class       volVectorField;
    location    "0.015";
    object      U;
}
// * * * * * * * * * * * * * * * * * * * * * * * * * * * * * * * * * * * * * //

dimensions      [0 1 -1 0 0 0 0];

internalField   nonuniform List<vector> 
400
(
(-5.51162e-05 5.20461e-05 0)
(-0.000687725 0.000423295 0)
(-0.00210203 0.000629917 0)
(-0.00380742 0.000676486 0)
(-0.00549172 0.000637973 0)
(-0.0070139 0.000557917 0)
(-0.00830123 0.000455535 0)
(-0.0093091 0.000339235 0)
(-0.0100078 0.000213372 0)
(-0.0103774 8.11212e-05 0)
(-0.0104058 -5.44892e-05 0)
(-0.0100891 -0.000190273 0)
(-0.00943176 -0.00032275 0)
(-0.00844794 -0.000447849 0)
(-0.00716389 -0.000559882 0)
(-0.00562435 -0.000648716 0)
(-0.00390637 -0.000693197 0)
(-0.00215914 -0.000648077 0)
(-0.000708405 -0.000437819 0)
(-5.67488e-05 -5.66738e-05 0)
(-0.000424189 0.00067684 0)
(-0.00219994 0.0021793 0)
(-0.00533433 0.00298197 0)
(-0.00895086 0.00317082 0)
(-0.0125034 0.00299928 0)
(-0.0157241 0.00263164 0)
(-0.0184546 0.00215136 0)
(-0.0205928 0.00159992 0)
(-0.0220714 0.00100092 0)
(-0.0228468 0.000371583 0)
(-0.0228944 -0.000272475 0)
(-0.0222076 -0.000915365 0)
(-0.0207985 -0.00153973 0)
(-0.0187009 -0.00212483 0)
(-0.0159762 -0.00264186 0)
(-0.0127269 -0.00304255 0)
(-0.00911852 -0.00323584 0)
(-0.00543318 -0.00305072 0)
(-0.00223739 -0.00223114 0)
(-0.000429184 -0.000692885 0)
(-0.00065797 0.00211062 0)
(-0.00316907 0.00535968 0)
(-0.00737607 0.00700887 0)
(-0.0121183 0.00738627 0)
(-0.016733 0.00698239 0)
(-0.0209033 0.00613013 0)
(-0.0244335 0.0050115 0)
(-0.0271941 0.00372311 0)
(-0.0291002 0.00232248 0)
(-0.0300971 0.000851802 0)
(-0.0301545 -0.000651508 0)
(-0.0292644 -0.00215 0)
(-0.0274423 -0.00360271 0)
(-0.0247307 -0.00496025 0)
(-0.0212074 -0.00615429 0)
(-0.0170021 -0.00707415 0)
(-0.0123192 -0.00752196 0)
(-0.00749355 -0.0071509 0)
(-0.00321342 -0.00546492 0)
(-0.000664522 -0.00214579 0)
(-0.000783511 0.00397892 0)
(-0.00376259 0.0093472 0)
(-0.00871023 0.0119501 0)
(-0.0142284 0.0125004 0)
(-0.0195572 0.0117863 0)
(-0.0243497 0.0103357 0)
(-0.0283935 0.00844237 0)
(-0.0315488 0.00626625 0)
(-0.0337252 0.00390411 0)
(-0.0348652 0.00142687 0)
(-0.0349363 -0.00110353 0)
(-0.033929 -0.00362559 0)
(-0.0318575 -0.00607179 0)
(-0.028764 -0.00835985 0)
(-0.0247299 -0.0103756 0)
(-0.0198941 -0.0119363 0)
(-0.0144795 -0.0127218 0)
(-0.00885573 -0.0121812 0)
(-0.00381603 -0.00951699 0)
(-0.000791 -0.00403483 0)
(-0.000878035 0.00610249 0)
(-0.00424805 0.0138849 0)
(-0.00984984 0.0175358 0)
(-0.0160657 0.0182409 0)
(-0.0220323 0.017148 0)
(-0.0273704 0.0150091 0)
(-0.0318555 0.0122433 0)
(-0.0353452 0.00907909 0)
(-0.0377509 0.00565489 0)
(-0.0390172 0.00207041 0)
(-0.039112 -0.00158903 0)
(-0.038023 -0.00523941 0)
(-0.0357588 -0.00878764 0)
(-0.0323547 -0.0121179 0)
(-0.0278859 -0.0150667 0)
(-0.0224926 -0.0173713 0)
(-0.0164112 -0.0185727 0)
(-0.0100512 -0.0178829 0)
(-0.00432198 -0.0141392 0)
(-0.000888374 -0.00618481 0)
(-0.000985882 0.00847752 0)
(-0.00479511 0.0189908 0)
(-0.0111318 0.0238076 0)
(-0.0181341 0.0246549 0)
(-0.0248146 0.0231058 0)
(-0.0307538 0.020176 0)
(-0.0357166 0.0164288 0)
(-0.0395636 0.0121705 0)
(-0.0422141 0.00758288 0)
(-0.04362 0.00279272 0)
(-0.0437518 -0.00209514 0)
(-0.0425934 -0.00697875 0)
(-0.040143 -0.0117432 0)
(-0.0364211 -0.0162402 0)
(-0.0314881 -0.0202533 0)
(-0.0254775 -0.0234273 0)
(-0.018638 -0.0251396 0)
(-0.0114298 -0.0243188 0)
(-0.00490638 -0.0193665 0)
(-0.001002 -0.00859863 0)
(-0.00112939 0.0111706 0)
(-0.00550123 0.0247974 0)
(-0.0127613 0.0309207 0)
(-0.0207388 0.0318887 0)
(-0.0282898 0.0297802 0)
(-0.0349466 0.0259261 0)
(-0.0404675 0.0210621 0)
(-0.0447243 0.0155833 0)
(-0.0476543 0.00971697 0)
(-0.0492237 0.00361297 0)
(-0.0494094 -0.00261166 0)
(-0.0481902 -0.00884552 0)
(-0.045548 -0.0149593 0)
(-0.0414777 -0.0207763 0)
(-0.0360118 -0.0260228 0)
(-0.0292644 -0.0302353 0)
(-0.0214914 -0.0325908 0)
(-0.0132142 -0.0316718 0)
(-0.00567382 -0.0253554 0)
(-0.00115529 -0.0113525 0)
(-0.00132443 0.0142872 0)
(-0.00643994 0.0315123 0)
(-0.0148947 0.0391047 0)
(-0.0241055 0.0401458 0)
(-0.032727 0.0373286 0)
(-0.0402392 0.0323704 0)
(-0.0464043 0.026216 0)
(-0.0511222 0.0193641 0)
(-0.0543629 0.0120882 0)
(-0.0561193 0.00455335 0)
(-0.0563803 -0.00312344 0)
(-0.0551189 -0.0108356 0)
(-0.0522926 -0.0184528 0)
(-0.0478555 -0.0257781 0)
(-0.0417904 -0.0324794 0)
(-0.0341698 -0.0379639 0)
(-0.0252406 -0.0411589 0)
(-0.0155915 -0.0402115 0)
(-0.00671122 -0.0323487 0)
(-0.00136644 -0.014566 0)
(-0.00159058 0.0179717 0)
(-0.00769741 0.0394196 0)
(-0.0177068 0.0486615 0)
(-0.0284719 0.049677 0)
(-0.0383883 0.0459289 0)
(-0.0468882 0.0396197 0)
(-0.0537623 0.0319526 0)
(-0.0589662 0.0235467 0)
(-0.0625283 0.014719 0)
(-0.0644857 0.00563616 0)
(-0.0648489 -0.00360486 0)
(-0.0635855 -0.0129249 0)
(-0.0606179 -0.0222146 0)
(-0.0558376 -0.0312745 0)
(-0.0491449 -0.0397177 0)
(-0.0405303 -0.0468003 0)
(-0.0301962 -0.0511331 0)
(-0.0187916 -0.0502986 0)
(-0.00813065 -0.0406863 0)
(-0.00165996 -0.0184059 0)
(-0.00196065 0.0224237 0)
(-0.00940609 0.0489026 0)
(-0.0214475 0.0599753 0)
(-0.0341548 0.0607727 0)
(-0.0455967 0.055758 0)
(-0.0551814 0.0477579 0)
(-0.0627754 0.0382972 0)
(-0.0684367 0.0281311 0)
(-0.0722898 0.0176102 0)
(-0.0744424 0.00687968 0)
(-0.0749406 -0.0040139 0)
(-0.0737483 -0.0150528 0)
(-0.0707413 -0.0261842 0)
(-0.0657193 -0.0372371 0)
(-0.0584521 -0.0477874 0)
(-0.0487821 -0.0569222 0)
(-0.0367954 -0.0628513 0)
(-0.0231626 -0.0624053 0)
(-0.0101151 -0.0508432 0)
(-0.00207961 -0.023112 0)
(-0.00249577 0.0279361 0)
(-0.0117901 0.0604929 0)
(-0.0265065 0.0735348 0)
(-0.041611 0.0737534 0)
(-0.0547786 0.0669624 0)
(-0.06546 0.0568055 0)
(-0.0736823 0.0452032 0)
(-0.0796789 0.0330554 0)
(-0.0837238 0.0207228 0)
(-0.08603 0.00829117 0)
(-0.0866987 -0.00428684 0)
(-0.0856956 -0.0171035 0)
(-0.0828389 -0.0302151 0)
(-0.0778034 -0.0435334 0)
(-0.0701632 -0.0566393 0)
(-0.0595106 -0.0684519 0)
(-0.0456838 -0.0766844 0)
(-0.0292656 -0.0771493 0)
(-0.0129877 -0.0635061 0)
(-0.00271101 -0.0290541 0)
(-0.00331429 0.0349712 0)
(-0.0152393 0.074952 0)
(-0.0334944 0.0899561 0)
(-0.0514862 0.0889387 0)
(-0.0664676 0.0795996 0)
(-0.0780804 0.0666559 0)
(-0.0866578 0.0524976 0)
(-0.092714 0.0381552 0)
(-0.0967411 0.023951 0)
(-0.0990989 0.00985458 0)
(-0.0999672 -0.0043353 0)
(-0.0993242 -0.0188846 0)
(-0.0969263 -0.0340324 0)
(-0.0922943 -0.0498583 0)
(-0.0847313 -0.0660357 0)
(-0.0734358 -0.0813645 0)
(-0.0577743 -0.0929812 0)
(-0.0379927 -0.0953237 0)
(-0.017327 -0.0796988 0)
(-0.00372655 -0.0368477 0)
(-0.00464645 0.0443052 0)
(-0.0204216 0.0933869 0)
(-0.0433172 0.109975 0)
(-0.0645895 0.106555 0)
(-0.0811747 0.0935185 0)
(-0.0932078 0.076965 0)
(-0.101556 0.0597941 0)
(-0.107153 0.0431015 0)
(-0.110784 0.0270827 0)
(-0.112992 0.0115078 0)
(-0.114059 -0.00405194 0)
(-0.113992 -0.0201112 0)
(-0.1125 -0.0371836 0)
(-0.108941 -0.0556409 0)
(-0.102287 -0.075406 0)
(-0.0911721 -0.0953084 0)
(-0.074151 -0.111913 0)
(-0.0506391 -0.117867 0)
(-0.0241284 -0.100953 0)
(-0.00546745 -0.0475796 0)
(-0.00692349 0.0572848 0)
(-0.028403 0.117358 0)
(-0.0571026 0.134312 0)
(-0.0815531 0.12649 0)
(-0.0988361 0.108117 0)
(-0.110131 0.0869596 0)
(-0.117156 0.0663587 0)
(-0.121409 0.0473123 0)
(-0.124017 0.0297392 0)
(-0.125718 0.0131007 0)
(-0.126903 -0.00333859 0)
(-0.127631 -0.0204141 0)
(-0.127603 -0.0390099 0)
(-0.126066 -0.0599463 0)
(-0.121665 -0.083644 0)
(-0.112342 -0.109284 0)
(-0.0954169 -0.13309 0)
(-0.068637 -0.145601 0)
(-0.0349042 -0.129413 0)
(-0.00855829 -0.0631748 0)
(-0.010868 0.0762017 0)
(-0.0405776 0.148794 0)
(-0.0755191 0.163184 0)
(-0.101546 0.147732 0)
(-0.117146 0.121881 0)
(-0.12541 0.0951232 0)
(-0.129241 0.0709172 0)
(-0.130761 0.0498369 0)
(-0.131395 0.0312989 0)
(-0.132016 0.0143293 0)
(-0.133082 -0.00217506 0)
(-0.134722 -0.019409 0)
(-0.136711 -0.0386906 0)
(-0.138323 -0.0614419 0)
(-0.138051 -0.0889074 0)
(-0.133217 -0.121178 0)
(-0.1196 -0.154809 0)
(-0.0921614 -0.178404 0)
(-0.0512754 -0.167504 0)
(-0.0139447 -0.086822 0)
(-0.0173778 0.104736 0)
(-0.057739 0.189166 0)
(-0.0963265 0.194872 0)
(-0.118722 0.167124 0)
(-0.127531 0.131571 0)
(-0.128759 0.0987468 0)
(-0.126548 0.071442 0)
(-0.123418 0.0492636 0)
(-0.12083 0.0308433 0)
(-0.119578 0.0146716 0)
(-0.120073 -0.000722344 0)
(-0.122493 -0.0168487 0)
(-0.126792 -0.0354277 0)
(-0.132533 -0.0585459 0)
(-0.138492 -0.088577 0)
(-0.141914 -0.127277 0)
(-0.137342 -0.172847 0)
(-0.116158 -0.213384 0)
(-0.072896 -0.216557 0)
(-0.0224094 -0.123348 0)
(-0.0264926 0.148499 0)
(-0.076653 0.236605 0)
(-0.107937 0.222095 0)
(-0.114531 0.176867 0)
(-0.107592 0.130973 0)
(-0.0960602 0.0934944 0)
(-0.0843841 0.0651146 0)
(-0.0746265 0.0438204 0)
(-0.0676501 0.0272626 0)
(-0.0637653 0.01343 0)
(-0.063111 0.000622987 0)
(-0.0658395 -0.0127966 0)
(-0.0721644 -0.0287408 0)
(-0.0822632 -0.0497845 0)
(-0.0959033 -0.0794629 0)
(-0.111487 -0.12184 0)
(-0.124056 -0.17868 0)
(-0.122565 -0.241336 0)
(-0.0918958 -0.273004 0)
(-0.0323699 -0.179247 0)
(-0.0327105 0.212668 0)
(-0.0802503 0.27758 0)
(-0.0759556 0.225769 0)
(-0.0453976 0.162111 0)
(-0.0116667 0.11088 0)
(0.0174758 0.0742933 0)
(0.0403756 0.049332 0)
(0.0571431 0.032198 0)
(0.0684509 0.0198295 0)
(0.074959 0.0100686 0)
(0.0770421 0.00133493 0)
(0.0746871 -0.00777666 0)
(0.0674264 -0.0189303 0)
(0.0542744 -0.0346052 0)
(0.0337972 -0.0588198 0)
(0.00470572 -0.0976464 0)
(-0.0323547 -0.157962 0)
(-0.0698498 -0.240616 0)
(-0.0821063 -0.316607 0)
(-0.0328763 -0.254796 0)
(0.00108615 0.268744 0)
(-0.00416315 0.26746 0)
(0.0811383 0.177451 0)
(0.167932 0.110379 0)
(0.230006 0.0678686 0)
(0.272422 0.0417561 0)
(0.30138 0.0259719 0)
(0.32079 0.0162426 0)
(0.333275 0.00983096 0)
(0.340493 0.00511056 0)
(0.34329 0.00106701 0)
(0.341825 -0.00310048 0)
(0.335549 -0.00832911 0)
(0.322957 -0.0161577 0)
(0.301145 -0.0295287 0)
(0.265205 -0.0541081 0)
(0.207184 -0.0997636 0)
(0.118741 -0.179454 0)
(0.0250421 -0.289062 0)
(0.0216398 -0.298708 0)
(0.295763 0.144725 0)
(0.383812 0.124125 0)
(0.527332 0.0721744 0)
(0.627315 0.0395683 0)
(0.680801 0.0216512 0)
(0.710239 0.01195 0)
(0.72774 0.00676191 0)
(0.738461 0.00394517 0)
(0.744992 0.00230256 0)
(0.748697 0.00120946 0)
(0.750199 0.000334455 0)
(0.749634 -0.000541596 0)
(0.746688 -0.00165471 0)
(0.740393 -0.00341557 0)
(0.728551 -0.00671848 0)
(0.7064 -0.0136194 0)
(0.662391 -0.0287068 0)
(0.56991 -0.0611072 0)
(0.419304 -0.119714 0)
(0.315763 -0.148983 0)
)
;

boundaryField
{
    movingWall
    {
        type            fixedValue;
        value           uniform (1 0 0);
    }
    fixedWalls
    {
        type            noSlip;
    }
    frontAndBack
    {
        type            empty;
    }
}


// ************************************************************************* //
