/*--------------------------------*- C++ -*----------------------------------*\
  =========                 |
  \\      /  F ield         | OpenFOAM: The Open Source CFD Toolbox
   \\    /   O peration     | Website:  https://openfoam.org
    \\  /    A nd           | Version:  6
     \\/     M anipulation  |
\*---------------------------------------------------------------------------*/
FoamFile
{
    version     2.0;
    format      ascii;
    class       volVectorField;
    location    "0.08";
    object      U;
}
// * * * * * * * * * * * * * * * * * * * * * * * * * * * * * * * * * * * * * //

dimensions      [0 1 -1 0 0 0 0];

internalField   nonuniform List<vector> 
400
(
(0.000257752 -0.000254075 0)
(0.000161325 0.000105174 0)
(-0.00114236 0.000564985 0)
(-0.00345256 0.000894706 0)
(-0.00637502 0.0010617 0)
(-0.00950097 0.00107774 0)
(-0.0124613 0.000967574 0)
(-0.0149514 0.000760147 0)
(-0.0167415 0.000484343 0)
(-0.017678 0.00016779 0)
(-0.0176835 -0.000162845 0)
(-0.016756 -0.000481032 0)
(-0.0149696 -0.000759502 0)
(-0.0124767 -0.00096962 0)
(-0.00950818 -0.00108142 0)
(-0.00637228 -0.00106524 0)
(-0.00344254 -0.000896366 0)
(-0.00113103 -0.000563984 0)
(0.000168346 -0.000102571 0)
(0.000259661 0.000255498 0)
(-6.59439e-05 -0.000191174 0)
(-0.00156717 0.00161364 0)
(-0.00562347 0.00361246 0)
(-0.0116643 0.00506693 0)
(-0.0188888 0.00580002 0)
(-0.0264615 0.00581703 0)
(-0.0335796 0.00520401 0)
(-0.0395516 0.00408606 0)
(-0.0438409 0.00260322 0)
(-0.0460833 0.000899544 0)
(-0.0460937 -0.000880238 0)
(-0.0438682 -0.00259058 0)
(-0.0395861 -0.00408429 0)
(-0.033609 -0.00521318 0)
(-0.0264757 -0.00583285 0)
(-0.0188842 -0.00581527 0)
(-0.0116454 -0.0050745 0)
(-0.00560105 -0.00360907 0)
(-0.00155228 -0.00160302 0)
(-6.15206e-05 0.000198305 0)
(-0.000511207 0.0010348 0)
(-0.00364992 0.00566427 0)
(-0.0105009 0.0102129 0)
(-0.0199331 0.0134766 0)
(-0.0307805 0.0150671 0)
(-0.0419242 0.0149578 0)
(-0.052284 0.0133206 0)
(-0.0609206 0.0104373 0)
(-0.0671011 0.00664231 0)
(-0.0703261 0.00229177 0)
(-0.0703409 -0.00225006 0)
(-0.0671407 -0.00661511 0)
(-0.0609719 -0.0104338 0)
(-0.0523304 -0.0133412 0)
(-0.0419513 -0.0149934 0)
(-0.0307819 -0.0151021 0)
(-0.019913 -0.0134953 0)
(-0.0104728 -0.0102074 0)
(-0.00362957 -0.00564126 0)
(-0.000504724 -0.00101705 0)
(-0.00090546 0.0033775 0)
(-0.00562044 0.0121061 0)
(-0.0152192 0.0199195 0)
(-0.0278979 0.0253323 0)
(-0.04208 0.0278126 0)
(-0.0563896 0.0273407 0)
(-0.0695345 0.0242124 0)
(-0.0804057 0.0189103 0)
(-0.0881465 0.0120127 0)
(-0.0921762 0.00414103 0)
(-0.0921993 -0.00406611 0)
(-0.0882094 -0.0119626 0)
(-0.0804909 -0.0189012 0)
(-0.0696186 -0.0242458 0)
(-0.0564512 -0.027402 0)
(-0.0421064 -0.0278758 0)
(-0.0278905 -0.02537 0)
(-0.0151933 -0.019916 0)
(-0.00559719 -0.0120696 0)
(-0.000897147 -0.00334573 0)
(-0.00125356 0.00672443 0)
(-0.00747379 0.0208114 0)
(-0.0197769 0.0325563 0)
(-0.0356399 0.0403531 0)
(-0.0530297 0.0436441 0)
(-0.0703048 0.0425022 0)
(-0.0859877 0.0374123 0)
(-0.0988466 0.0291076 0)
(-0.107951 0.01845 0)
(-0.11268 0.00635796 0)
(-0.112718 -0.00622839 0)
(-0.108058 -0.0183594 0)
(-0.0989971 -0.0290822 0)
(-0.0861475 -0.0374566 0)
(-0.0704398 -0.0425963 0)
(-0.0531159 -0.0437491 0)
(-0.0356714 -0.0404253 0)
(-0.0197684 -0.0325669 0)
(-0.00745322 -0.0207663 0)
(-0.00124419 -0.0066771 0)
(-0.00158574 0.0110176 0)
(-0.00929858 0.0317513 0)
(-0.024319 0.048126 0)
(-0.0433654 0.0585256 0)
(-0.0639068 0.0624976 0)
(-0.0840228 0.0603246 0)
(-0.10207 0.0527711 0)
(-0.116731 0.0408857 0)
(-0.127048 0.0258537 0)
(-0.132395 0.00891178 0)
(-0.132459 -0.00868915 0)
(-0.127228 -0.0256902 0)
(-0.116991 -0.0408228 0)
(-0.102359 -0.0528198 0)
(-0.0842878 -0.0604602 0)
(-0.0641045 -0.0626657 0)
(-0.0434761 -0.0586597 0)
(-0.0243528 -0.0481755 0)
(-0.00929079 -0.031712 0)
(-0.0015771 -0.0109569 0)
(-0.00193239 0.0162628 0)
(-0.0111971 0.0449668 0)
(-0.0290182 0.066675 0)
(-0.0512863 0.0798558 0)
(-0.0749277 0.0843119 0)
(-0.097741 0.0806821 0)
(-0.117946 0.0701278 0)
(-0.134192 0.0540899 0)
(-0.145542 0.0341163 0)
(-0.151412 0.0117706 0)
(-0.151513 -0.011395 0)
(-0.145828 -0.0338282 0)
(-0.134613 -0.0539539 0)
(-0.11843 -0.0701667 0)
(-0.0982077 -0.0808686 0)
(-0.0753054 -0.084573 0)
(-0.0515319 -0.0800943 0)
(-0.0291304 -0.0668061 0)
(-0.0112177 -0.044963 0)
(-0.00192753 -0.0161974 0)
(-0.0023222 0.0225258 0)
(-0.0132691 0.0605752 0)
(-0.0340353 0.0882878 0)
(-0.0595636 0.104334 0)
(-0.0861869 0.108963 0)
(-0.11144 0.10336 0)
(-0.133465 0.089227 0)
(-0.150953 0.0684843 0)
(-0.163065 0.0430759 0)
(-0.169313 0.0148842 0)
(-0.169463 -0.0142721 0)
(-0.163492 -0.0425902 0)
(-0.151591 -0.0682217 0)
(-0.134216 -0.0892305 0)
(-0.11219 -0.103604 0)
(-0.0868255 -0.109355 0)
(-0.0600132 -0.104736 0)
(-0.034273 -0.0885655 0)
(-0.0133396 -0.060657 0)
(-0.0023257 -0.022474 0)
(-0.00278518 0.0299288 0)
(-0.0156134 0.078765 0)
(-0.0395067 0.113064 0)
(-0.0682747 0.131885 0)
(-0.0976031 0.136195 0)
(-0.124817 0.127973 0)
(-0.148085 0.109639 0)
(-0.166258 0.0836867 0)
(-0.178701 0.0524743 0)
(-0.185095 0.0181678 0)
(-0.185301 -0.0172143 0)
(-0.179294 -0.0516964 0)
(-0.167158 -0.0832248 0)
(-0.149167 -0.109567 0)
(-0.125928 -0.128274 0)
(-0.0985871 -0.13676 0)
(-0.069006 -0.132528 0)
(-0.0399265 -0.11358 0)
(-0.0157616 -0.0790084 0)
(-0.0028034 -0.0299223 0)
(-0.0033605 0.0386545 0)
(-0.0183438 0.0997837 0)
(-0.0455484 0.14107 0)
(-0.0773871 0.16228 0)
(-0.108859 0.165504 0)
(-0.137196 0.153846 0)
(-0.160769 0.130657 0)
(-0.178759 0.0990877 0)
(-0.190873 0.0619043 0)
(-0.19706 0.0214824 0)
(-0.197326 -0.0200695 0)
(-0.19164 -0.0607252 0)
(-0.179938 -0.0983365 0)
(-0.162215 -0.13045 0)
(-0.138722 -0.154191 0)
(-0.110259 -0.16628 0)
(-0.0784752 -0.163251 0)
(-0.0462114 -0.141939 0)
(-0.0186026 -0.100294 0)
(-0.00340173 -0.0387415 0)
(-0.00411055 0.0489652 0)
(-0.0216171 0.123926 0)
(-0.0522632 0.172261 0)
(-0.0867167 0.195006 0)
(-0.119305 0.195986 0)
(-0.147398 0.179873 0)
(-0.169835 0.151175 0)
(-0.186365 0.113766 0)
(-0.197205 0.0707596 0)
(-0.202682 0.0246148 0)
(-0.202995 -0.0226302 0)
(-0.198117 -0.0690699 0)
(-0.187788 -0.112626 0)
(-0.171621 -0.150757 0)
(-0.149338 -0.180224 0)
(-0.121151 -0.196994 0)
(-0.0882146 -0.196391 0)
(-0.0532259 -0.173616 0)
(-0.0220225 -0.124838 0)
(-0.00418515 -0.0492136 0)
(-0.00514609 0.0612501 0)
(-0.0256749 0.151522 0)
(-0.0597343 0.206357 0)
(-0.0958339 0.229072 0)
(-0.127795 0.226137 0)
(-0.153535 0.204341 0)
(-0.172756 0.169573 0)
(-0.18606 0.126416 0)
(-0.194362 0.078195 0)
(-0.198457 0.0272619 0)
(-0.198789 -0.0246283 0)
(-0.195335 -0.0759101 0)
(-0.18761 -0.124794 0)
(-0.174757 -0.168852 0)
(-0.15579 -0.204631 0)
(-0.130034 -0.227362 0)
(-0.0977415 -0.230931 0)
(-0.0610308 -0.208332 0)
(-0.0262619 -0.152994 0)
(-0.00526648 -0.0617497 0)
(-0.00667052 0.0761211 0)
(-0.0308974 0.1829 0)
(-0.0679591 0.242628 0)
(-0.103848 0.262715 0)
(-0.132372 0.253583 0)
(-0.152684 0.224757 0)
(-0.16587 0.183617 0)
(-0.173691 0.135308 0)
(-0.177895 0.0831181 0)
(-0.179798 0.0290272 0)
(-0.180096 -0.0257437 0)
(-0.178782 -0.0802151 0)
(-0.175147 -0.133145 0)
(-0.167831 -0.182499 0)
(-0.155007 -0.224877 0)
(-0.134815 -0.254946 0)
(-0.106066 -0.265045 0)
(-0.0695736 -0.245321 0)
(-0.0316906 -0.185095 0)
(-0.0068507 -0.0769833 0)
(-0.00904925 0.094576 0)
(-0.0378366 0.218256 0)
(-0.0766157 0.279481 0)
(-0.108924 0.29295 0)
(-0.129702 0.274769 0)
(-0.140383 0.237697 0)
(-0.144023 0.190452 0)
(-0.143751 0.138349 0)
(-0.142154 0.0842501 0)
(-0.141004 0.0294441 0)
(-0.141194 -0.0256322 0)
(-0.142743 -0.0808124 0)
(-0.144782 -0.13566 0)
(-0.145533 -0.188867 0)
(-0.142347 -0.237509 0)
(-0.131973 -0.276106 0)
(-0.111193 -0.295638 0)
(-0.0784368 -0.2829 0)
(-0.0388333 -0.221307 0)
(-0.00930288 -0.0959282 0)
(-0.0128717 0.118216 0)
(-0.0470745 0.25725 0)
(-0.0843674 0.313708 0)
(-0.107251 0.314966 0)
(-0.11407 0.284696 0)
(-0.109882 0.238855 0)
(-0.100131 0.18681 0)
(-0.0892309 0.133328 0)
(-0.0803379 0.0803128 0)
(-0.0754187 0.0280483 0)
(-0.0754203 -0.0239881 0)
(-0.0803856 -0.0765704 0)
(-0.0894427 -0.130246 0)
(-0.100667 -0.184761 0)
(-0.110884 -0.238217 0)
(-0.115576 -0.285756 0)
(-0.109092 -0.317743 0)
(-0.0861206 -0.317692 0)
(-0.0482082 -0.261191 0)
(-0.0132046 -0.120184 0)
(-0.0187888 0.149559 0)
(-0.0583492 0.297986 0)
(-0.086996 0.339163 0)
(-0.0909542 0.321421 0)
(-0.0757429 0.276927 0)
(-0.0511721 0.223494 0)
(-0.0248207 0.169622 0)
(-0.00169543 0.11846 0)
(0.0151637 0.0703971 0)
(0.0240899 0.0245186 0)
(0.0243372 -0.0206474 0)
(0.0158462 -0.0667394 0)
(-0.000750736 -0.115273 0)
(-0.0238821 -0.167239 0)
(-0.0505579 -0.22233 0)
(-0.075732 -0.27742 0)
(-0.0916455 -0.323851 0)
(-0.0881624 -0.343303 0)
(-0.0594145 -0.302644 0)
(-0.0191733 -0.152227 0)
(-0.0263306 0.192759 0)
(-0.067522 0.334622 0)
(-0.0729812 0.344341 0)
(-0.0442278 0.301604 0)
(0.00139173 0.244073 0)
(0.0499707 0.187506 0)
(0.0935707 0.137098 0)
(0.128163 0.0932402 0)
(0.151936 0.0544952 0)
(0.164186 0.0188771 0)
(0.164677 -0.0157187 0)
(0.15335 -0.0514225 0)
(0.130328 -0.0903863 0)
(0.0961856 -0.134692 0)
(0.052615 -0.185913 0)
(0.00357273 -0.243799 0)
(-0.0429456 -0.303177 0)
(-0.0727769 -0.347961 0)
(-0.0680545 -0.339497 0)
(-0.0266352 -0.196094 0)
(-0.0286606 0.250696 0)
(-0.0578509 0.350541 0)
(-0.01424 0.309412 0)
(0.0628953 0.242374 0)
(0.142532 0.180398 0)
(0.212308 0.130078 0)
(0.268106 0.090782 0)
(0.309169 0.0597767 0)
(0.336074 0.0342347 0)
(0.349602 0.0117481 0)
(0.350218 -0.0097515 0)
(0.337892 -0.032221 0)
(0.312086 -0.0577601 0)
(0.271914 -0.0888493 0)
(0.216651 -0.128446 0)
(0.146879 -0.179482 0)
(0.0665795 -0.242795 0)
(-0.0118898 -0.311761 0)
(-0.0570671 -0.354667 0)
(-0.0285024 -0.254248 0)
(0.0138341 0.2888 0)
(0.0301291 0.302649 0)
(0.153658 0.214045 0)
(0.282259 0.142412 0)
(0.382471 0.0940672 0)
(0.4567 0.0620914 0)
(0.510157 0.0406689 0)
(0.546844 0.0256492 0)
(0.569816 0.0142936 0)
(0.581074 0.00481562 0)
(0.581583 -0.00407066 0)
(0.571347 -0.0135005 0)
(0.549402 -0.0247655 0)
(0.513716 -0.0396717 0)
(0.461144 -0.0610135 0)
(0.387517 -0.0930809 0)
(0.287372 -0.141944 0)
(0.157964 -0.214729 0)
(0.032821 -0.304742 0)
(0.0151442 -0.291066 0)
(0.304806 0.147146 0)
(0.406021 0.127687 0)
(0.569196 0.0748002 0)
(0.685789 0.0419036 0)
(0.753284 0.0239114 0)
(0.794416 0.0139867 0)
(0.820755 0.00833945 0)
(0.837499 0.00491726 0)
(0.847473 0.0026188 0)
(0.852207 0.000846197 0)
(0.852367 -0.000766454 0)
(0.847967 -0.002518 0)
(0.838372 -0.00477011 0)
(0.822082 -0.00811301 0)
(0.796282 -0.0136427 0)
(0.755759 -0.0234301 0)
(0.688881 -0.041344 0)
(0.57252 -0.074371 0)
(0.408471 -0.127734 0)
(0.305965 -0.147571 0)
)
;

boundaryField
{
    movingWall
    {
        type            fixedValue;
        value           uniform (1 0 0);
    }
    fixedWalls
    {
        type            noSlip;
    }
    frontAndBack
    {
        type            empty;
    }
}


// ************************************************************************* //
