/*--------------------------------*- C++ -*----------------------------------*\
  =========                 |
  \\      /  F ield         | OpenFOAM: The Open Source CFD Toolbox
   \\    /   O peration     | Website:  https://openfoam.org
    \\  /    A nd           | Version:  6
     \\/     M anipulation  |
\*---------------------------------------------------------------------------*/
FoamFile
{
    version     2.0;
    format      ascii;
    class       volScalarField;
    location    "0.14";
    object      p;
}
// * * * * * * * * * * * * * * * * * * * * * * * * * * * * * * * * * * * * * //

dimensions      [0 2 -2 0 0 0 0];

internalField   nonuniform List<scalar> 
400
(
1.34144e-08
-0.00027807
-0.000491984
-0.00051739
-0.000324659
8.63582e-05
0.000702914
0.00150585
0.00247096
0.0035667
0.00475121
0.0059701
0.00715613
0.00823182
0.00911608
0.00973603
0.0100447
0.0100407
0.00978801
0.00946618
0.000277514
-9.32404e-06
-0.000162667
-0.000137264
6.72546e-05
0.000455075
0.00102213
0.00175627
0.00263836
0.00364077
0.00472522
0.00584149
0.00692788
0.0079143
0.00872906
0.00931042
0.00962282
0.00966914
0.00948035
0.00915044
0.000501971
0.000123793
-4.27623e-05
-8.1211e-06
0.000194317
0.000564959
0.0011026
0.00179922
0.00264024
0.00360219
0.00465031
0.00573701
0.0068021
0.00777564
0.00858468
0.00916518
0.00947943
0.00952527
0.00930416
0.00886557
0.000535946
5.33445e-05
-0.000155377
-0.000133149
5.9909e-05
0.000419246
0.000944482
0.00163059
0.00246715
0.0034349
0.00450226
0.00562288
0.00673476
0.00776242
0.00862345
0.00924172
0.00956833
0.00959229
0.00929716
0.00872372
0.00031872
-0.000257689
-0.000511389
-0.000506285
-0.000322635
3.15139e-05
0.000557065
0.00125237
0.00211168
0.00312049
0.00425074
0.00545679
0.00667299
0.00781424
0.00878224
0.00948073
0.00984219
0.00984386
0.00945947
0.00874219
-0.000189273
-0.000854461
-0.00115319
-0.00116535
-0.000988243
-0.000632371
-9.4792e-05
0.000627127
0.00153346
0.00261583
0.003851
0.00519489
0.00657747
0.00790078
0.00904377
0.00987999
0.0103125
0.0102996
0.00980642
0.00891407
-0.00102135
-0.00177994
-0.00212575
-0.00215451
-0.00198113
-0.00161852
-0.001061
-0.000300421
0.000670982
0.00185344
0.00323154
0.00476563
0.00638296
0.00797104
0.00937896
0.0104364
0.0109994
0.0109913
0.0103588
0.00922377
-0.0022143
-0.00307946
-0.00347705
-0.00352254
-0.00335245
-0.00298303
-0.00240545
-0.00160452
-0.000562237
0.000734029
0.00228185
0.00405219
0.00597542
0.00792703
0.00972072
0.0111249
0.0119206
0.0119635
0.011151
0.00965427
-0.00381534
-0.00480779
-0.00526426
-0.00532786
-0.00516424
-0.00479524
-0.00420882
-0.00338139
-0.00228189
-0.000880527
0.000840646
0.00287381
0.00516536
0.00759026
0.00992875
0.0118701
0.0130779
0.013279
0.0122485
0.0101971
-0.00588693
-0.00703443
-0.00755752
-0.00764003
-0.00748895
-0.0071356
-0.00656544
-0.00574582
-0.00463056
-0.00316834
-0.00131226
0.000966043
0.00365188
0.00664793
0.00972307
0.0124815
0.0144148
0.0150127
0.0137723
0.0108786
-0.00851275
-0.00984991
-0.0104432
-0.0105393
-0.0104056
-0.0100887
-0.00957336
-0.00881872
-0.00776391
-0.00633469
-0.00444897
-0.00202606
0.000991052
0.00458612
0.00858054
0.0125316
0.0157145
0.0172087
0.0159286
0.0118266
-0.0118094
-0.013376
-0.0140279
-0.0141138
-0.0139911
-0.0137293
-0.0133143
-0.0127001
-0.0118159
-0.01057
-0.00884762
-0.00650709
-0.00338553
0.000660117
0.00563311
0.011185
0.0164126
0.0197614
0.0190214
0.0134235
-0.0159514
-0.0177846
-0.0184439
-0.0184527
-0.0183044
-0.0180974
-0.0178184
-0.01742
-0.0168317
-0.0159596
-0.0146743
-0.0127847
-0.0100065
-0.00595579
-0.000254274
0.00714785
0.0154253
0.0222357
0.0234409
0.01663
-0.0212271
-0.0233315
-0.0238523
-0.0236287
-0.0233557
-0.0231561
-0.023008
-0.0228643
-0.0226662
-0.0223414
-0.0217795
-0.0207784
-0.0189547
-0.0156416
-0.00989058
-0.000818126
0.0114104
0.0238748
0.0297288
0.0235583
-0.0281629
-0.0304165
-0.0304329
-0.0296518
-0.0290452
-0.0287206
-0.0286182
-0.0286824
-0.0288731
-0.0291589
-0.0294832
-0.0296801
-0.0293187
-0.0274736
-0.02254
-0.0124437
0.00406441
0.0243527
0.038951
0.0380269
-0.0378009
-0.0396725
-0.0383134
-0.0363517
-0.0350407
-0.0343416
-0.0340932
-0.0342064
-0.0346488
-0.0354283
-0.0365453
-0.0378812
-0.0389813
-0.0387099
-0.0348753
-0.0242062
-0.00362012
0.0258214
0.0538102
0.0656422
-0.0523847
-0.0520708
-0.047401
-0.0431944
-0.040611
-0.0391707
-0.0385069
-0.0384473
-0.0389275
-0.0399506
-0.0415195
-0.0434938
-0.0453236
-0.0456283
-0.0417149
-0.0294015
-0.0040446
0.0356653
0.0815634
0.115541
-0.0777623
-0.0688623
-0.0569739
-0.0489399
-0.0443231
-0.0417495
-0.0404871
-0.040167
-0.0405996
-0.0416968
-0.043365
-0.0453162
-0.0467549
-0.0459094
-0.0394982
-0.0224872
0.0110877
0.0652729
0.137307
0.208707
-0.13222
-0.089534
-0.0616667
-0.0484462
-0.0419904
-0.0387505
-0.0374789
-0.0374871
-0.0383438
-0.0398057
-0.0416382
-0.0433557
-0.0438646
-0.0409587
-0.0307025
-0.00689118
0.0388515
0.115821
0.232673
0.37892
-0.257173
-0.105029
-0.0460428
-0.0320631
-0.0280459
-0.0267817
-0.0274265
-0.0292465
-0.0316294
-0.0342611
-0.0368762
-0.0389261
-0.0392078
-0.0353684
-0.0232401
0.00414426
0.058141
0.158069
0.332853
0.603104
)
;

boundaryField
{
    movingWall
    {
        type            zeroGradient;
    }
    fixedWalls
    {
        type            zeroGradient;
    }
    frontAndBack
    {
        type            empty;
    }
}


// ************************************************************************* //
