/*--------------------------------*- C++ -*----------------------------------*\
  =========                 |
  \\      /  F ield         | OpenFOAM: The Open Source CFD Toolbox
   \\    /   O peration     | Website:  https://openfoam.org
    \\  /    A nd           | Version:  6
     \\/     M anipulation  |
\*---------------------------------------------------------------------------*/
FoamFile
{
    version     2.0;
    format      ascii;
    class       surfaceScalarField;
    location    "0.14";
    object      phi;
}
// * * * * * * * * * * * * * * * * * * * * * * * * * * * * * * * * * * * * * //

dimensions      [0 3 -1 0 0 0 0];

internalField   nonuniform List<scalar> 
760
(
-1.85432e-09
1.85419e-09
-4.18417e-08
3.99874e-08
-1.09789e-07
6.79477e-08
-1.90583e-07
8.07932e-08
-2.73443e-07
8.28603e-08
-3.51487e-07
7.80444e-08
-4.20261e-07
6.87733e-08
-4.765e-07
5.62394e-08
-5.17359e-07
4.08584e-08
-5.40101e-07
2.27419e-08
-5.42163e-07
2.06224e-09
-5.21486e-07
-2.06765e-08
-4.77083e-07
-4.44036e-08
-4.09827e-07
-6.72561e-08
-3.23428e-07
-8.63985e-08
-2.25417e-07
-9.80105e-08
-1.27779e-07
-9.7639e-08
-4.68077e-08
-8.09708e-08
-1.15749e-09
-4.56502e-08
-1.15756e-09
-4.05803e-08
4.24345e-08
-1.53484e-07
1.52891e-07
-3.16397e-07
2.3086e-07
-5.03733e-07
2.68129e-07
-6.94485e-07
2.73613e-07
-8.73547e-07
2.57106e-07
-1.0303e-06
2.25528e-07
-1.15681e-06
1.82747e-07
-1.24649e-06
1.3054e-07
-1.29354e-06
6.97956e-08
-1.29301e-06
1.52646e-09
-1.24136e-06
-7.23272e-08
-1.13757e-06
-1.4819e-07
-9.84617e-07
-2.2021e-07
-7.91202e-07
-2.79814e-07
-5.73384e-07
-3.15828e-07
-3.55267e-07
-3.15756e-07
-1.67561e-07
-2.68677e-07
-4.2071e-08
-1.7114e-07
-4.32286e-08
-7.3567e-08
1.16002e-07
-2.47153e-07
3.26478e-07
-4.82432e-07
4.66139e-07
-7.45916e-07
5.31613e-07
-1.01099e-06
5.3869e-07
-1.2582e-06
5.04313e-07
-1.47352e-06
4.40845e-07
-1.64631e-06
3.55539e-07
-1.76782e-06
2.52048e-07
-1.83045e-06
1.32431e-07
-1.82784e-06
-1.08506e-09
-1.75553e-06
-1.44636e-07
-1.61234e-06
-2.91387e-07
-1.40222e-06
-4.30324e-07
-1.13658e-06
-5.45456e-07
-8.3626e-07
-6.16148e-07
-5.32392e-07
-6.19624e-07
-2.64509e-07
-5.3656e-07
-7.47141e-08
-3.60935e-07
-1.17943e-07
-9.68672e-08
2.12869e-07
-3.18049e-07
5.4766e-07
-6.10425e-07
7.58515e-07
-9.32573e-07
8.53762e-07
-1.25359e-06
8.59707e-07
-1.55147e-06
8.02192e-07
-1.81048e-06
6.99858e-07
-2.01864e-06
5.63699e-07
-2.16595e-06
3.99352e-07
-2.24352e-06
2.10005e-07
-2.24361e-06
-9.9952e-10
-2.16033e-06
-2.27912e-07
-1.99128e-06
-4.60434e-07
-1.73991e-06
-6.81695e-07
-1.41852e-06
-8.66848e-07
-1.05115e-06
-9.83516e-07
-6.75042e-07
-9.95735e-07
-3.38868e-07
-8.72734e-07
-9.66854e-08
-6.03118e-07
-2.14628e-07
-1.14546e-07
3.27415e-07
-3.74817e-07
8.0793e-07
-7.15437e-07
1.09913e-06
-1.08742e-06
1.22575e-06
-1.45603e-06
1.22832e-06
-1.79751e-06
1.14367e-06
-2.09532e-06
9.97662e-07
-2.33686e-06
8.05243e-07
-2.51135e-06
5.73843e-07
-2.60868e-06
3.07333e-07
-2.61925e-06
9.56719e-09
-2.53474e-06
-3.12424e-07
-2.34997e-06
-6.45199e-07
-2.06604e-06
-9.6563e-07
-1.6945e-06
-1.23838e-06
-1.26189e-06
-1.41612e-06
-8.12535e-07
-1.44509e-06
-4.07062e-07
-1.27821e-06
-1.14592e-07
-8.95587e-07
-3.2922e-07
-1.3044e-07
4.57855e-07
-4.27106e-07
1.1046e-06
-8.13573e-07
1.4856e-06
-1.23352e-06
1.6457e-06
-1.64858e-06
1.64337e-06
-2.03368e-06
1.52877e-06
-2.37202e-06
1.33601e-06
-2.65095e-06
1.08417e-06
-2.85917e-06
7.82067e-07
-2.98526e-06
4.33418e-07
-3.01713e-06
4.14396e-08
-2.94272e-06
-3.86836e-07
-2.75206e-06
-8.35859e-07
-2.44135e-06
-1.27633e-06
-2.01908e-06
-1.66066e-06
-1.51321e-06
-1.92199e-06
-9.76748e-07
-1.98155e-06
-4.87073e-07
-1.76788e-06
-1.34518e-07
-1.24814e-06
-4.63738e-07
-1.47428e-07
6.05283e-07
-4.82782e-07
1.43995e-06
-9.18016e-07
1.92084e-06
-1.38914e-06
2.11683e-06
-1.85421e-06
2.10844e-06
-2.28726e-06
1.96182e-06
-2.67185e-06
1.72059e-06
-2.99584e-06
1.40816e-06
-3.2479e-06
1.03413e-06
-3.41536e-06
6.00883e-07
-3.48318e-06
1.09262e-07
-3.43413e-06
-4.35886e-07
-3.25092e-06
-1.01907e-06
-2.9212e-06
-1.60605e-06
-2.44627e-06
-2.13559e-06
-1.85268e-06
-2.51558e-06
-1.20313e-06
-2.63111e-06
-5.9868e-07
-2.37233e-06
-1.62342e-07
-1.68448e-06
-6.2608e-07
-1.67588e-07
7.72871e-07
-5.47708e-07
1.82007e-06
-1.03844e-06
2.41157e-06
-1.56714e-06
2.64552e-06
-2.08826e-06
2.62956e-06
-2.57554e-06
2.4491e-06
-3.01374e-06
2.1588e-06
-3.39222e-06
1.78664e-06
-3.70049e-06
1.3424e-06
-3.92529e-06
8.25677e-07
-4.04859e-06
2.32567e-07
-4.04688e-06
-4.37598e-07
-3.89258e-06
-1.17337e-06
-3.55963e-06
-1.93901e-06
-3.0351e-06
-2.66012e-06
-2.33749e-06
-3.21319e-06
-1.53743e-06
-3.43117e-06
-7.68386e-07
-3.14137e-06
-2.05803e-07
-2.24706e-06
-8.31883e-07
-1.9259e-07
9.65461e-07
-6.26506e-07
2.25399e-06
-1.18203e-06
2.9671e-06
-1.7762e-06
3.23969e-06
-2.3599e-06
3.21325e-06
-2.90745e-06
2.99666e-06
-3.40614e-06
2.65748e-06
-3.84826e-06
2.22875e-06
-4.22574e-06
1.71988e-06
-4.52624e-06
1.12617e-06
-4.72979e-06
4.36121e-07
-4.80631e-06
-3.61081e-07
-4.71516e-06
-1.26453e-06
-4.40992e-06
-2.24424e-06
-3.85255e-06
-3.21749e-06
-3.04042e-06
-4.02532e-06
-2.0439e-06
-4.42768e-06
-1.0367e-06
-4.14858e-06
-2.77648e-07
-3.00612e-06
-1.10953e-06
-2.24268e-07
1.18973e-06
-7.23795e-07
2.75351e-06
-1.35511e-06
3.59842e-06
-2.02262e-06
3.9072e-06
-2.67386e-06
3.8645e-06
-3.28513e-06
3.60793e-06
-3.84796e-06
3.22032e-06
-4.35964e-06
2.74043e-06
-4.81686e-06
2.1771e-06
-5.21082e-06
1.52014e-06
-5.52223e-06
7.47527e-07
-5.71594e-06
-1.67373e-07
-5.7369e-06
-1.24357e-06
-5.51158e-06
-2.46957e-06
-4.96239e-06
-3.76667e-06
-4.04434e-06
-4.94337e-06
-2.80728e-06
-5.66474e-06
-1.46467e-06
-5.49119e-06
-3.99733e-07
-4.07106e-06
-1.50926e-06
-2.65387e-07
1.45512e-06
-8.45704e-07
3.33383e-06
-1.56483e-06
4.31755e-06
-2.3117e-06
4.65407e-06
-3.03129e-06
4.58408e-06
-3.70382e-06
4.28046e-06
-4.32727e-06
3.84378e-06
-4.90627e-06
3.31942e-06
-5.44517e-06
2.716e-06
-5.94244e-06
2.01741e-06
-6.38383e-06
1.18892e-06
-6.73346e-06
1.82258e-07
-6.924e-06
-1.05303e-06
-6.85117e-06
-2.54239e-06
-6.38388e-06
-4.23396e-06
-5.4071e-06
-5.92016e-06
-3.9133e-06
-7.15855e-06
-2.13212e-06
-7.27236e-06
-6.07339e-07
-5.59584e-06
-2.1166e-06
-3.20767e-07
1.77588e-06
-1.00172e-06
4.01478e-06
-1.82066e-06
5.13649e-06
-2.64811e-06
5.48151e-06
-3.42851e-06
5.36448e-06
-4.14885e-06
5.0008e-06
-4.81591e-06
4.51084e-06
-5.44384e-06
3.94735e-06
-6.04739e-06
3.31955e-06
-6.63623e-06
2.60625e-06
-7.20691e-06
1.75959e-06
-7.73027e-06
7.05617e-07
-8.13473e-06
-6.48571e-07
-8.29046e-06
-2.38666e-06
-8.00841e-06
-4.51601e-06
-7.07965e-06
-6.84892e-06
-5.38813e-06
-8.85007e-06
-3.11396e-06
-9.54653e-06
-9.51654e-07
-7.75815e-06
-3.06826e-06
-3.9924e-07
2.17512e-06
-1.20707e-06
4.82261e-06
-2.135e-06
6.06442e-06
-3.03357e-06
6.38007e-06
-3.85152e-06
6.18244e-06
-4.58679e-06
5.73607e-06
-5.25734e-06
5.18138e-06
-5.88817e-06
4.57819e-06
-6.50582e-06
3.9372e-06
-7.13377e-06
3.23421e-06
-7.78462e-06
2.41044e-06
-8.44562e-06
1.36662e-06
-9.05626e-06
-3.79246e-08
-9.48127e-06
-1.96165e-06
-9.49204e-06
-4.50525e-06
-8.78532e-06
-7.55564e-06
-7.08872e-06
-1.05467e-05
-4.41667e-06
-1.22186e-05
-1.49352e-06
-1.06813e-05
-4.56178e-06
-5.17324e-07
2.69245e-06
-1.48584e-06
5.79112e-06
-2.52116e-06
7.09975e-06
-3.4581e-06
7.31701e-06
-4.2607e-06
6.98504e-06
-4.9447e-06
6.42006e-06
-5.54188e-06
5.77856e-06
-6.08842e-06
5.12474e-06
-6.62178e-06
4.47056e-06
-7.17865e-06
3.79107e-06
-7.78973e-06
3.02153e-06
-8.4674e-06
2.04428e-06
-9.18278e-06
6.77456e-07
-9.83171e-06
-1.31271e-06
-1.01963e-05
-4.14066e-06
-9.9239e-06
-7.82804e-06
-8.57627e-06
-1.18943e-05
-5.86444e-06
-1.49304e-05
-2.26696e-06
-1.42788e-05
-6.82874e-06
-7.06387e-07
3.39883e-06
-1.87389e-06
6.95863e-06
-2.9828e-06
8.20866e-06
-3.87461e-06
8.20882e-06
-4.55297e-06
7.6634e-06
-5.06359e-06
6.93069e-06
-5.45672e-06
6.17169e-06
-5.77993e-06
5.44795e-06
-6.07881e-06
4.76944e-06
-6.39866e-06
4.11093e-06
-6.7845e-06
3.40737e-06
-7.2762e-06
2.53597e-06
-7.89379e-06
1.29505e-06
-8.60668e-06
-5.9983e-07
-9.28172e-06
-3.46562e-06
-9.61298e-06
-7.49678e-06
-9.06427e-06
-1.2443e-05
-6.96535e-06
-1.70293e-05
-3.18024e-06
-1.80639e-05
-1.0009e-05
-1.02529e-06
4.42412e-06
-2.41481e-06
8.34815e-06
-3.47446e-06
9.2683e-06
-4.12812e-06
8.86248e-06
-4.46972e-06
8.005e-06
-4.59631e-06
7.05728e-06
-4.58453e-06
6.15991e-06
-4.49448e-06
5.3579e-06
-4.37601e-06
4.65097e-06
-4.27516e-06
4.01007e-06
-4.24095e-06
3.37316e-06
-4.33164e-06
2.62667e-06
-4.61621e-06
1.57962e-06
-5.16079e-06
-5.52513e-08
-5.98188e-06
-2.64453e-06
-6.94115e-06
-6.53751e-06
-7.56363e-06
-1.18205e-05
-6.87953e-06
-1.77134e-05
-3.87475e-06
-2.10687e-05
-1.38837e-05
-1.57537e-06
5.99949e-06
-3.10163e-06
9.87441e-06
-3.75275e-06
9.91943e-06
-3.7508e-06
8.86053e-06
-3.37099e-06
7.62518e-06
-2.787e-06
6.47329e-06
-2.10451e-06
5.47742e-06
-1.3908e-06
4.64419e-06
-6.90983e-07
3.95115e-06
-4.03704e-08
3.35946e-06
5.22428e-07
2.81036e-06
9.39597e-07
2.2095e-06
1.11605e-06
1.40317e-06
9.07329e-07
1.53467e-07
1.3679e-07
-1.87399e-06
-1.31011e-06
-5.09061e-06
-3.23016e-06
-9.90048e-06
-4.63939e-06
-1.63042e-05
-3.68542e-06
-2.20226e-05
-1.75692e-05
-2.46999e-06
8.46948e-06
-3.49109e-06
1.08955e-05
-2.78649e-06
9.21484e-06
-1.34372e-06
7.41775e-06
3.12109e-07
5.96936e-06
1.97282e-06
4.81258e-06
3.55075e-06
3.8995e-06
5.00717e-06
3.18776e-06
6.3279e-06
2.63043e-06
7.50714e-06
2.18022e-06
8.53183e-06
1.78568e-06
9.3624e-06
1.37893e-06
9.90673e-06
8.58836e-07
9.98882e-06
7.13777e-08
9.32695e-06
-1.21211e-06
7.56471e-06
-3.32837e-06
4.47172e-06
-6.80749e-06
5.8866e-07
-1.24211e-05
-1.81639e-06
-1.96176e-05
-1.93855e-05
-2.86675e-06
1.13362e-05
-5.05281e-07
8.53404e-06
3.37417e-06
5.33538e-06
6.99087e-06
3.80105e-06
1.01159e-05
2.84431e-06
1.2788e-05
2.14053e-06
1.50593e-05
1.62821e-06
1.69855e-05
1.26149e-06
1.8621e-05
9.9499e-07
2.00084e-05
7.92823e-07
2.11694e-05
6.24651e-07
2.20907e-05
4.5761e-07
2.2701e-05
2.48566e-07
2.2836e-05
-6.36209e-08
2.21924e-05
-5.68551e-07
2.02811e-05
-1.41709e-06
1.64375e-05
-2.96382e-06
1.01974e-05
-6.18105e-06
2.87382e-06
-1.2294e-05
-1.65117e-05
1.13362e-05
1.98703e-05
2.52057e-05
2.90067e-05
3.1851e-05
3.39915e-05
3.56197e-05
3.68812e-05
3.78762e-05
3.8669e-05
3.92937e-05
3.97513e-05
3.99999e-05
3.99363e-05
3.93677e-05
3.79506e-05
3.49868e-05
2.88057e-05
1.65117e-05
)
;

boundaryField
{
    movingWall
    {
        type            calculated;
        value           uniform 0;
    }
    fixedWalls
    {
        type            calculated;
        value           uniform 0;
    }
    frontAndBack
    {
        type            empty;
        value           nonuniform 0();
    }
}


// ************************************************************************* //
