/*--------------------------------*- C++ -*----------------------------------*\
  =========                 |
  \\      /  F ield         | OpenFOAM: The Open Source CFD Toolbox
   \\    /   O peration     | Website:  https://openfoam.org
    \\  /    A nd           | Version:  6
     \\/     M anipulation  |
\*---------------------------------------------------------------------------*/
FoamFile
{
    version     2.0;
    format      ascii;
    class       volVectorField;
    location    "0.14";
    object      U;
}
// * * * * * * * * * * * * * * * * * * * * * * * * * * * * * * * * * * * * * //

dimensions      [0 1 -1 0 0 0 0];

internalField   nonuniform List<vector> 
400
(
(4.6085e-05 -4.75046e-05 0)
(-0.000316283 0.000251881 0)
(-0.00143439 0.000487559 0)
(-0.00297453 0.000595953 0)
(-0.00464807 0.000615598 0)
(-0.00628115 0.000582277 0)
(-0.00776598 0.000516762 0)
(-0.00902899 0.000428115 0)
(-0.0100111 0.00031845 0)
(-0.0106571 0.000187314 0)
(-0.0109133 3.48493e-05 0)
(-0.010732 -0.000135967 0)
(-0.0100801 -0.000317403 0)
(-0.00895346 -0.000495044 0)
(-0.00739442 -0.000646066 0)
(-0.00551255 -0.000738684 0)
(-0.00350113 -0.000734324 0)
(-0.00164664 -0.000593142 0)
(-0.000335851 -0.000293735 0)
(6.43622e-05 5.88557e-05 0)
(-0.000256222 0.000311115 0)
(-0.00166097 0.00163083 0)
(-0.00451294 0.00260529 0)
(-0.0081422 0.00307241 0)
(-0.0120097 0.00315088 0)
(-0.0157659 0.00296958 0)
(-0.0191658 0.00261514 0)
(-0.0220307 0.00213302 0)
(-0.0242196 0.00154162 0)
(-0.02561 0.000848311 0)
(-0.0260929 6.22806e-05 0)
(-0.02558 -0.000795513 0)
(-0.0240206 -0.00168378 0)
(-0.0214272 -0.00253297 0)
(-0.0179094 -0.00323929 0)
(-0.0137098 -0.0036653 0)
(-0.0092252 -0.00365401 0)
(-0.00500572 -0.00306235 0)
(-0.00176727 -0.0018408 0)
(-0.000247259 -0.000305006 0)
(-0.000527858 0.00147133 0)
(-0.00282458 0.00453677 0)
(-0.00705309 0.00664628 0)
(-0.0122178 0.00765462 0)
(-0.0176189 0.00779056 0)
(-0.0228195 0.00731178 0)
(-0.0275016 0.00640548 0)
(-0.0314269 0.0051796 0)
(-0.0344065 0.00368669 0)
(-0.0362787 0.00195516 0)
(-0.0369024 1.64658e-05 0)
(-0.0361649 -0.00207282 0)
(-0.0340028 -0.00421146 0)
(-0.0304347 -0.006236 0)
(-0.0256045 -0.00790903 0)
(-0.0198283 -0.00892387 0)
(-0.013618 -0.0089412 0)
(-0.00767513 -0.00767184 0)
(-0.00294087 -0.00503414 0)
(-0.000506351 -0.00149419 0)
(-0.000712269 0.0032051 0)
(-0.00368502 0.0085495 0)
(-0.00900382 0.0120065 0)
(-0.0153667 0.0136042 0)
(-0.0219327 0.013746 0)
(-0.0282102 0.0128496 0)
(-0.0338439 0.0112206 0)
(-0.0385663 0.00903973 0)
(-0.0421635 0.00640011 0)
(-0.0444492 0.00335521 0)
(-0.0452555 -3.78423e-05 0)
(-0.0444411 -0.00368171 0)
(-0.0419144 -0.0074052 0)
(-0.0376739 -0.0109324 0)
(-0.0318639 -0.0138624 0)
(-0.0248381 -0.0156777 0)
(-0.017197 -0.0158081 0)
(-0.00978795 -0.0137706 0)
(-0.00379494 -0.00940367 0)
(-0.000664103 -0.00323439 0)
(-0.000844712 0.00533315 0)
(-0.00435582 0.0133908 0)
(-0.0105881 0.0183661 0)
(-0.0179678 0.0205747 0)
(-0.025523 0.0206686 0)
(-0.0327186 0.0192637 0)
(-0.0391798 0.0168 0)
(-0.0446272 0.0135361 0)
(-0.0488347 0.00960377 0)
(-0.0515966 0.00507661 0)
(-0.0527148 3.03909e-05 0)
(-0.0520045 -0.00540316 0)
(-0.04932 -0.0109842 0)
(-0.044604 -0.0163143 0)
(-0.0379638 -0.0208002 0)
(-0.0297634 -0.0236628 0)
(-0.020692 -0.0240314 0)
(-0.0117843 -0.0211551 0)
(-0.0045347 -0.0147344 0)
(-0.000774309 -0.00534773 0)
(-0.000960569 0.00778354 0)
(-0.00496543 0.0189591 0)
(-0.0120582 0.0256336 0)
(-0.0204103 0.0284888 0)
(-0.0289227 0.0284978 0)
(-0.0370223 0.0265182 0)
(-0.0443258 0.0231441 0)
(-0.0505536 0.0187151 0)
(-0.0554762 0.0133957 0)
(-0.0588713 0.00726643 0)
(-0.060504 0.000404499 0)
(-0.0601271 -0.00704211 0)
(-0.057507 -0.0147772 0)
(-0.0524836 -0.0222753 0)
(-0.0450744 -0.0287159 0)
(-0.0356141 -0.0329821 0)
(-0.0248796 -0.0337895 0)
(-0.0141577 -0.0299993 0)
(-0.00538141 -0.0211073 0)
(-0.000886149 -0.00781376 0)
(-0.00108519 0.0105534 0)
(-0.00561588 0.0252598 0)
(-0.0136229 0.0338276 0)
(-0.02301 0.0373768 0)
(-0.0325461 0.0372765 0)
(-0.0416262 0.0346756 0)
(-0.0498693 0.0303446 0)
(-0.0570087 0.0247075 0)
(-0.0628227 0.0179513 0)
(-0.0670792 0.0101434 0)
(-0.0695032 0.00133365 0)
(-0.0697676 -0.00834705 0)
(-0.0675121 -0.0185758 0)
(-0.0624107 -0.0287093 0)
(-0.0543088 -0.0376646 0)
(-0.0434323 -0.0438829 0)
(-0.030614 -0.0454892 0)
(-0.0174637 -0.0407521 0)
(-0.00656846 -0.0288474 0)
(-0.00104185 -0.0107283 0)
(-0.00123635 0.0136876 0)
(-0.00638265 0.0323812 0)
(-0.0154382 0.0430507 0)
(-0.0259952 0.0473419 0)
(-0.0366782 0.0471094 0)
(-0.0468584 0.0438508 0)
(-0.0561733 0.0385407 0)
(-0.064388 0.0316914 0)
(-0.0713078 0.0235 0)
(-0.0767071 0.0139936 0)
(-0.0802796 0.00315424 0)
(-0.0816092 -0.00895831 0)
(-0.0801709 -0.0220525 0)
(-0.075392 -0.0354078 0)
(-0.0668194 -0.0476626 0)
(-0.0544197 -0.0566914 0)
(-0.0389689 -0.0597623 0)
(-0.0224433 -0.0541923 0)
(-0.00841168 -0.0385843 0)
(-0.00129549 -0.0143128 0)
(-0.00142861 0.0172668 0)
(-0.0073267 0.0404768 0)
(-0.0176248 0.0534678 0)
(-0.0295297 0.0585341 0)
(-0.041502 0.0581302 0)
(-0.0529027 0.0541762 0)
(-0.063412 0.047884 0)
(-0.0728549 0.0398614 0)
(-0.0810948 0.0303029 0)
(-0.0879447 0.0191652 0)
(-0.0930949 0.00630904 0)
(-0.0960526 -0.00835524 0)
(-0.0961029 -0.0246687 0)
(-0.0923373 -0.0419332 0)
(-0.0838273 -0.0585489 0)
(-0.0700239 -0.0717092 0)
(-0.0513881 -0.0774539 0)
(-0.030193 -0.0715262 0)
(-0.0114219 -0.0513932 0)
(-0.00174386 -0.0189805 0)
(-0.0016795 0.0214048 0)
(-0.00851337 0.049755 0)
(-0.0202981 0.0652855 0)
(-0.0337474 0.0711181 0)
(-0.0471339 0.0704636 0)
(-0.0598315 0.0657579 0)
(-0.0715973 0.0584929 0)
(-0.082354 0.0493828 0)
(-0.0920669 0.0386113 0)
(-0.100638 0.0260357 0)
(-0.10781 0.0113364 0)
(-0.113061 -0.00583043 0)
(-0.115497 -0.0255948 0)
(-0.113802 -0.0474738 0)
(-0.106365 -0.0697865 0)
(-0.0917545 -0.0890124 0)
(-0.0696424 -0.0995157 0)
(-0.0422709 -0.0944664 0)
(-0.0164417 -0.0690136 0)
(-0.00257479 -0.0254783 0)
(-0.00201803 0.0262586 0)
(-0.0100367 0.0604832 0)
(-0.0236022 0.0787377 0)
(-0.0387854 0.0852424 0)
(-0.0536479 0.0841808 0)
(-0.0676158 0.0786225 0)
(-0.0805673 0.0703887 0)
(-0.0925679 0.0603169 0)
(-0.103736 0.0485804 0)
(-0.114128 0.0349185 0)
(-0.123623 0.0187762 0)
(-0.131763 -0.000563441 0)
(-0.137551 -0.0237322 0)
(-0.139264 -0.0507723 0)
(-0.134447 -0.0802631 0)
(-0.120373 -0.108138 0)
(-0.0952383 -0.126693 0)
(-0.0604919 -0.125135 0)
(-0.0247463 -0.0940738 0)
(-0.0041398 -0.0351217 0)
(-0.0024987 0.0320572 0)
(-0.0120532 0.0730079 0)
(-0.0277467 0.0940723 0)
(-0.0448042 0.100996 0)
(-0.0610689 0.0992369 0)
(-0.076084 0.0926373 0)
(-0.0899054 0.0833977 0)
(-0.102784 0.072497 0)
(-0.115037 0.0601097 0)
(-0.126941 0.0458594 0)
(-0.138607 0.0289235 0)
(-0.149778 0.00810242 0)
(-0.159519 -0.0179776 0)
(-0.165848 -0.0502962 0)
(-0.165493 -0.0882478 0)
(-0.154174 -0.127717 0)
(-0.127881 -0.15887 0)
(-0.0860228 -0.165474 0)
(-0.0379563 -0.130082 0)
(-0.00705185 -0.0501213 0)
(-0.00322755 0.0391612 0)
(-0.0148336 0.0877885 0)
(-0.0330439 0.111521 0)
(-0.0519757 0.118331 0)
(-0.0692952 0.115365 0)
(-0.0847794 0.107383 0)
(-0.0987306 0.0969968 0)
(-0.111618 0.0853339 0)
(-0.12398 0.0725904 0)
(-0.136348 0.058302 0)
(-0.149139 0.0413895 0)
(-0.162442 0.0201147 0)
(-0.175639 -0.00783539 0)
(-0.186852 -0.044801 0)
(-0.192399 -0.0916889 0)
(-0.186661 -0.145217 0)
(-0.163043 -0.194061 0)
(-0.117464 -0.2158 0)
(-0.0574023 -0.180662 0)
(-0.0122455 -0.0738859 0)
(-0.00441439 0.0481769 0)
(-0.0188497 0.105435 0)
(-0.0399318 0.131207 0)
(-0.0603792 0.136895 0)
(-0.0778572 0.131876 0)
(-0.0925939 0.12194 0)
(-0.105235 0.110082 0)
(-0.116489 0.0975562 0)
(-0.127106 0.0845935 0)
(-0.137849 0.0706885 0)
(-0.149443 0.0545729 0)
(-0.162414 0.0340231 0)
(-0.17674 0.00575158 0)
(-0.191221 -0.0341897 0)
(-0.202654 -0.0888467 0)
(-0.205065 -0.156941 0)
(-0.189754 -0.227313 0)
(-0.148225 -0.272505 0)
(-0.0822912 -0.247307 0)
(-0.0207 -0.110903 0)
(-0.00647733 0.0601775 0)
(-0.024914 0.126713 0)
(-0.0489223 0.152896 0)
(-0.0696433 0.155672 0)
(-0.0852703 0.14729 0)
(-0.0969034 0.134537 0)
(-0.10569 0.120655 0)
(-0.112615 0.106943 0)
(-0.11861 0.0936388 0)
(-0.124587 0.0802345 0)
(-0.131477 0.0653881 0)
(-0.140201 0.0465939 0)
(-0.151488 0.0198483 0)
(-0.165394 -0.0202315 0)
(-0.180376 -0.0790612 0)
(-0.191848 -0.158532 0)
(-0.190761 -0.250356 0)
(-0.164715 -0.325994 0)
(-0.106452 -0.325684 0)
(-0.0321496 -0.165673 0)
(-0.010231 0.0771822 0)
(-0.0343491 0.152399 0)
(-0.0602036 0.175388 0)
(-0.077819 0.172276 0)
(-0.0873553 0.158684 0)
(-0.0915693 0.142033 0)
(-0.0923586 0.12549 0)
(-0.0910526 0.110199 0)
(-0.088724 0.0963011 0)
(-0.0863141 0.0832627 0)
(-0.0847665 0.0697807 0)
(-0.085174 0.053388 0)
(-0.0888748 0.0299461 0)
(-0.0973401 -0.00660373 0)
(-0.111526 -0.0635089 0)
(-0.130165 -0.146417 0)
(-0.146822 -0.253062 0)
(-0.147932 -0.360649 0)
(-0.115992 -0.402293 0)
(-0.0423684 -0.240347 0)
(-0.017103 0.103423 0)
(-0.0487594 0.182491 0)
(-0.0715768 0.19476 0)
(-0.0776678 0.181223 0)
(-0.0727645 0.160353 0)
(-0.0623706 0.139066 0)
(-0.0492472 0.119775 0)
(-0.0349848 0.103085 0)
(-0.0206433 0.0888037 0)
(-0.00698379 0.0762665 0)
(0.00529134 0.0642574 0)
(0.0152487 0.0506511 0)
(0.0213833 0.031877 0)
(0.0213136 0.00240639 0)
(0.0118166 -0.0453128 0)
(-0.0100459 -0.119757 0)
(-0.043641 -0.226607 0)
(-0.079422 -0.357056 0)
(-0.092145 -0.452354 0)
(-0.0405915 -0.328125 0)
(-0.0284459 0.147865 0)
(-0.0663264 0.212014 0)
(-0.068044 0.197755 0)
(-0.0438177 0.169095 0)
(-0.0110314 0.141288 0)
(0.0229387 0.117169 0)
(0.055688 0.0972336 0)
(0.0861984 0.0811297 0)
(0.114029 0.0681312 0)
(0.139035 0.0573623 0)
(0.161073 0.0477265 0)
(0.179669 0.0376268 0)
(0.193583 0.0245523 0)
(0.200283 0.004587 0)
(0.195426 -0.0280825 0)
(0.172877 -0.0817311 0)
(0.1262 -0.167851 0)
(0.054531 -0.296842 0)
(-0.0165884 -0.438263 0)
(-0.0088687 -0.395785 0)
(-0.0307375 0.216364 0)
(-0.0451475 0.216723 0)
(0.0247244 0.158838 0)
(0.104039 0.120066 0)
(0.172801 0.0931048 0)
(0.230861 0.0726536 0)
(0.280127 0.0571173 0)
(0.321916 0.045459 0)
(0.357332 0.0366605 0)
(0.387355 0.0298195 0)
(0.412658 0.0240912 0)
(0.43336 0.0184987 0)
(0.448681 0.0116974 0)
(0.456429 0.00170707 0)
(0.45224 -0.0144198 0)
(0.428816 -0.0413261 0)
(0.37485 -0.0883862 0)
(0.275561 -0.17786 0)
(0.140554 -0.320161 0)
(0.0871523 -0.36552 0)
(0.261024 0.132457 0)
(0.322098 0.117682 0)
(0.443115 0.0792255 0)
(0.54345 0.0541167 0)
(0.612304 0.0382368 0)
(0.661207 0.0273715 0)
(0.698 0.0197692 0)
(0.726415 0.0144796 0)
(0.748651 0.010792 0)
(0.766255 0.00816622 0)
(0.780202 0.00618172 0)
(0.790852 0.00445676 0)
(0.797806 0.00256622 0)
(0.79966 -3.53273e-05 0)
(0.793473 -0.00409696 0)
(0.774095 -0.010764 0)
(0.731753 -0.0224433 0)
(0.649639 -0.045899 0)
(0.489819 -0.101987 0)
(0.357994 -0.149301 0)
)
;

boundaryField
{
    movingWall
    {
        type            fixedValue;
        value           uniform (1 0 0);
    }
    fixedWalls
    {
        type            noSlip;
    }
    frontAndBack
    {
        type            empty;
    }
}


// ************************************************************************* //
