/*--------------------------------*- C++ -*----------------------------------*\
  =========                 |
  \\      /  F ield         | OpenFOAM: The Open Source CFD Toolbox
   \\    /   O peration     | Website:  https://openfoam.org
    \\  /    A nd           | Version:  6
     \\/     M anipulation  |
\*---------------------------------------------------------------------------*/
FoamFile
{
    version     2.0;
    format      ascii;
    class       surfaceScalarField;
    location    "0.025";
    object      phi;
}
// * * * * * * * * * * * * * * * * * * * * * * * * * * * * * * * * * * * * * //

dimensions      [0 3 -1 0 0 0 0];

internalField   nonuniform List<scalar> 
760
(
3.84949e-09
-3.84982e-09
-3.4164e-08
3.80135e-08
-1.1005e-07
7.58863e-08
-2.08143e-07
9.80938e-08
-3.13627e-07
1.05483e-07
-4.14474e-07
1.00847e-07
-5.01655e-07
8.71808e-08
-5.68795e-07
6.71392e-08
-6.11635e-07
4.28401e-08
-6.27583e-07
1.59473e-08
-6.15466e-07
-1.21168e-08
-5.75542e-07
-3.9924e-08
-5.09739e-07
-6.58026e-08
-4.22096e-07
-8.76429e-08
-3.19305e-07
-1.02791e-07
-2.11182e-07
-1.08123e-07
-1.1075e-07
-1.00431e-07
-3.36348e-08
-7.71152e-08
4.35949e-09
-3.79942e-08
4.35971e-09
-3.65657e-08
3.27159e-08
-1.57915e-07
1.59363e-07
-3.49499e-07
2.6747e-07
-5.83806e-07
3.324e-07
-8.31839e-07
3.53516e-07
-1.06813e-06
3.37137e-07
-1.27243e-06
2.91484e-07
-1.42982e-06
2.24524e-07
-1.53004e-06
1.43064e-07
-1.56686e-06
5.27641e-08
-1.5376e-06
-4.1375e-08
-1.44319e-06
-1.34331e-07
-1.28861e-06
-2.20383e-07
-1.08366e-06
-2.92591e-07
-8.43844e-07
-3.4261e-07
-5.90825e-07
-3.61142e-07
-3.5191e-07
-3.39346e-07
-1.57609e-07
-2.71416e-07
-3.585e-08
-1.59753e-07
-3.14903e-08
-7.63567e-08
1.09073e-07
-2.7629e-07
3.59298e-07
-5.66972e-07
5.58151e-07
-9.09907e-07
6.75335e-07
-1.26673e-06
7.10344e-07
-1.60373e-06
6.74135e-07
-1.8938e-06
5.81549e-07
-2.11669e-06
4.4741e-07
-2.25838e-06
2.84761e-07
-2.31031e-06
1.04694e-07
-2.26883e-06
-8.28556e-08
-2.13525e-06
-2.67907e-07
-1.91643e-06
-4.39205e-07
-1.62573e-06
-5.83293e-07
-1.28406e-06
-6.84281e-07
-9.20378e-07
-7.24825e-07
-5.70885e-07
-6.88839e-07
-2.76123e-07
-5.66178e-07
-7.53793e-08
-3.60497e-07
-1.0687e-07
-1.08658e-07
2.17731e-07
-3.79324e-07
6.29963e-07
-7.59968e-07
9.38796e-07
-1.19927e-06
1.11464e-06
-1.64985e-06
1.16092e-06
-2.07141e-06
1.09569e-06
-2.43209e-06
9.42231e-07
-2.70832e-06
7.23642e-07
-2.88385e-06
4.60291e-07
-2.9487e-06
1.69543e-07
-2.89851e-06
-1.33048e-07
-2.73455e-06
-4.31871e-07
-2.46443e-06
-7.09318e-07
-2.10342e-06
-9.44309e-07
-1.67577e-06
-1.11193e-06
-1.21569e-06
-1.18491e-06
-7.66813e-07
-1.13771e-06
-3.79757e-07
-9.53234e-07
-1.07371e-07
-6.32883e-07
-2.14241e-07
-1.36998e-07
3.54729e-07
-4.74742e-07
9.67707e-07
-9.42835e-07
1.40689e-06
-1.47566e-06
1.64747e-06
-2.01593e-06
1.70119e-06
-2.51694e-06
1.5967e-06
-2.94295e-06
1.36824e-06
-3.2682e-06
1.04889e-06
-3.4752e-06
6.67294e-07
-3.55319e-06
2.47535e-07
-3.49717e-06
-1.89067e-07
-3.30787e-06
-6.21178e-07
-2.99267e-06
-1.02452e-06
-2.56739e-06
-1.36959e-06
-2.05841e-06
-1.62091e-06
-1.5044e-06
-1.73892e-06
-9.5676e-07
-1.68536e-06
-4.77695e-07
-1.4323e-06
-1.35813e-07
-9.74765e-07
-3.50054e-07
-1.6569e-07
5.20419e-07
-5.73618e-07
1.37563e-06
-1.13426e-06
1.96754e-06
-1.76579e-06
2.27899e-06
-2.3996e-06
2.33501e-06
-2.98221e-06
2.1793e-06
-3.47445e-06
1.86049e-06
-3.84922e-06
1.42366e-06
-4.08866e-06
9.06734e-07
-4.18174e-06
3.40612e-07
-4.12281e-06
-2.47997e-07
-3.91147e-06
-8.32519e-07
-3.5538e-06
-1.38219e-06
-3.06486e-06
-1.85852e-06
-2.47199e-06
-2.21377e-06
-1.818e-06
-2.39291e-06
-1.16292e-06
-2.34044e-06
-5.82966e-07
-2.01225e-06
-1.65624e-07
-1.39211e-06
-5.15677e-07
-1.98878e-07
7.19297e-07
-6.87446e-07
1.8642e-06
-1.35346e-06
2.63355e-06
-2.09569e-06
3.02122e-06
-2.83243e-06
3.07176e-06
-3.50303e-06
2.8499e-06
-4.06551e-06
2.42297e-06
-4.49254e-06
1.85069e-06
-4.76696e-06
1.18115e-06
-4.87814e-06
4.51796e-07
-4.81984e-06
-3.06296e-07
-4.58984e-06
-1.06253e-06
-4.19153e-06
-1.7805e-06
-3.63749e-06
-2.41257e-06
-2.95437e-06
-2.89689e-06
-2.18833e-06
-3.15895e-06
-1.40897e-06
-3.1198e-06
-7.09642e-07
-2.71158e-06
-2.01758e-07
-1.89999e-06
-7.17436e-07
-2.40622e-07
9.59919e-07
-8.27592e-07
2.45117e-06
-1.61878e-06
3.42473e-06
-2.48872e-06
3.89116e-06
-3.34048e-06
3.92352e-06
-4.10628e-06
3.61569e-06
-4.74274e-06
3.05943e-06
-5.22413e-06
2.33209e-06
-5.53568e-06
1.4927e-06
-5.66826e-06
5.84378e-07
-5.61525e-06
-3.59307e-07
-5.37182e-06
-1.30596e-06
-4.93691e-06
-2.2154e-06
-4.31802e-06
-3.03146e-06
-3.53839e-06
-3.67652e-06
-2.64555e-06
-4.05178e-06
-1.71887e-06
-4.04648e-06
-8.72513e-07
-3.55793e-06
-2.49408e-07
-2.5231e-06
-9.66844e-07
-2.95172e-07
1.25509e-06
-1.00537e-06
3.16137e-06
-1.94701e-06
4.36638e-06
-2.96366e-06
4.90781e-06
-3.94111e-06
4.90097e-06
-4.80565e-06
4.48023e-06
-5.51523e-06
3.76901e-06
-6.04883e-06
2.86569e-06
-6.3967e-06
1.84057e-06
-6.55298e-06
7.40657e-07
-6.51125e-06
-4.01039e-07
-6.26331e-06
-1.55391e-06
-5.8014e-06
-2.67731e-06
-5.12433e-06
-3.70853e-06
-4.24739e-06
-4.55346e-06
-3.21541e-06
-5.08377e-06
-2.11589e-06
-5.14601e-06
-1.08726e-06
-4.58656e-06
-3.14406e-07
-3.29595e-06
-1.28125e-06
-3.67415e-07
1.62251e-06
-1.23225e-06
4.02621e-06
-2.35225e-06
5.48638e-06
-3.53151e-06
6.08706e-06
-4.63759e-06
6.00705e-06
-5.59415e-06
5.43679e-06
-6.36541e-06
4.54026e-06
-6.93988e-06
3.44017e-06
-7.31676e-06
2.21745e-06
-7.49602e-06
9.19923e-07
-7.47262e-06
-4.24437e-07
-7.23447e-06
-1.79206e-06
-6.76461e-06
-3.14716e-06
-6.04843e-06
-4.42472e-06
-5.08658e-06
-5.51531e-06
-3.91373e-06
-6.25662e-06
-2.62026e-06
-6.43947e-06
-1.37037e-06
-5.83645e-06
-4.03742e-07
-4.26257e-06
-1.68499e-06
-4.63486e-07
2.08599e-06
-1.51981e-06
5.08253e-06
-2.84327e-06
6.80984e-06
-4.18935e-06
7.43314e-06
-5.40938e-06
7.22709e-06
-6.43154e-06
6.45895e-06
-7.23435e-06
5.34307e-06
-7.82281e-06
4.02862e-06
-8.21017e-06
2.60481e-06
-8.40575e-06
1.1155e-06
-8.4077e-06
-4.22481e-07
-8.20016e-06
-1.9996e-06
-7.75482e-06
-3.59251e-06
-7.03833e-06
-5.14121e-06
-6.02774e-06
-6.52589e-06
-4.73561e-06
-7.54875e-06
-3.24373e-06
-7.93136e-06
-1.73805e-06
-7.34214e-06
-5.26111e-07
-5.47451e-06
-2.2111e-06
-5.91713e-07
2.67771e-06
-1.87891e-06
6.36972e-06
-3.41809e-06
8.34901e-06
-4.90926e-06
8.92432e-06
-6.19627e-06
8.5141e-06
-7.22509e-06
7.48777e-06
-8.00061e-06
6.1186e-06
-8.55318e-06
4.58119e-06
-8.91607e-06
2.96769e-06
-9.11169e-06
1.31113e-06
-9.14392e-06
-3.90253e-07
-8.99433e-06
-2.1492e-06
-8.62244e-06
-3.9644e-06
-7.97173e-06
-5.79191e-06
-6.98544e-06
-7.51219e-06
-5.6371e-06
-8.89709e-06
-3.97892e-06
-9.58953e-06
-2.20311e-06
-9.11795e-06
-6.9259e-07
-6.98503e-06
-2.90369e-06
-7.64417e-07
3.44212e-06
-2.31778e-06
7.92308e-06
-4.05377e-06
1.0085e-05
-5.61981e-06
1.04904e-05
-6.87407e-06
9.76836e-06
-7.8027e-06
8.4164e-06
-8.45313e-06
6.76903e-06
-8.89062e-06
5.01868e-06
-9.17344e-06
3.2505e-06
-9.34003e-06
1.47773e-06
-9.40248e-06
-3.27805e-07
-9.34256e-06
-2.20911e-06
-9.10977e-06
-4.19719e-06
-8.62336e-06
-6.27832e-06
-7.78434e-06
-8.35121e-06
-6.507e-06
-1.01744e-05
-4.781e-06
-1.13155e-05
-2.76869e-06
-1.11303e-05
-9.17658e-07
-8.83606e-06
-3.82135e-06
-1.00112e-06
4.44325e-06
-2.83681e-06
9.75877e-06
-4.68684e-06
1.1935e-05
-6.17527e-06
1.19788e-05
-7.21934e-06
1.08124e-05
-7.87878e-06
9.07584e-06
-8.26156e-06
7.15182e-06
-8.47447e-06
5.23158e-06
-8.60153e-06
3.37756e-06
-8.69677e-06
1.57296e-06
-8.78169e-06
-2.42878e-07
-8.84255e-06
-2.14825e-06
-8.82556e-06
-4.21418e-06
-8.63202e-06
-6.47187e-06
-8.12001e-06
-8.86322e-06
-7.12711e-06
-1.11673e-05
-5.53703e-06
-1.29056e-05
-3.41521e-06
-1.32521e-05
-1.22038e-06
-1.10309e-05
-5.04173e-06
-1.33191e-06
5.77516e-06
-3.41187e-06
1.18387e-05
-5.17242e-06
1.36956e-05
-6.3032e-06
1.31096e-05
-6.85931e-06
1.13685e-05
-7.01499e-06
9.23152e-06
-6.95073e-06
7.08757e-06
-6.81119e-06
5.09204e-06
-6.69745e-06
3.26382e-06
-6.6718e-06
1.54732e-06
-6.76304e-06
-1.51635e-07
-6.96674e-06
-1.94455e-06
-7.23821e-06
-3.94271e-06
-7.47852e-06
-6.23155e-06
-7.51872e-06
-8.82302e-06
-7.11841e-06
-1.15676e-05
-6.01349e-06
-1.40105e-05
-4.06991e-06
-1.51957e-05
-1.62196e-06
-1.34788e-05
-6.66369e-06
-1.78836e-06
7.56353e-06
-3.93618e-06
1.39865e-05
-5.19128e-06
1.49507e-05
-5.51138e-06
1.34297e-05
-5.20197e-06
1.10591e-05
-4.58132e-06
8.61087e-06
-3.89068e-06
6.39693e-06
-3.28743e-06
4.48879e-06
-2.86556e-06
2.84195e-06
-2.67862e-06
1.36038e-06
-2.75516e-06
-7.51002e-08
-3.1036e-06
-1.59611e-06
-3.70493e-06
-3.34138e-06
-4.4908e-06
-5.44568e-06
-5.3068e-06
-8.00703e-06
-5.87059e-06
-1.10038e-05
-5.76163e-06
-1.41195e-05
-4.52852e-06
-1.64288e-05
-2.12169e-06
-1.58857e-05
-8.78538e-06
-2.33866e-06
9.90219e-06
-4.03997e-06
1.56878e-05
-4.03944e-06
1.49502e-05
-2.92385e-06
1.23141e-05
-1.34444e-06
9.47971e-06
2.69624e-07
6.9968e-06
1.68046e-06
4.9861e-06
2.77534e-06
3.39391e-06
3.50836e-06
2.10893e-06
3.86017e-06
1.00857e-06
3.81506e-06
-2.99921e-08
3.35199e-06
-1.13303e-06
2.44911e-06
-2.4385e-06
1.10636e-06
-4.10294e-06
-6.04584e-07
-6.29608e-06
-2.45498e-06
-9.15344e-06
-3.95022e-06
-1.26243e-05
-4.26987e-06
-1.61091e-05
-2.60431e-06
-1.75512e-05
-1.13897e-05
-2.64865e-06
1.25508e-05
-2.59807e-06
1.56373e-05
-1.81703e-07
1.25338e-05
2.98556e-06
9.14681e-06
6.02425e-06
6.44102e-06
8.58522e-06
4.43584e-06
1.05749e-05
2.99644e-06
1.20086e-05
1.96021e-06
1.29324e-05
1.18506e-06
1.33834e-05
5.57581e-07
1.33702e-05
-1.68044e-08
1.28649e-05
-6.27713e-07
1.18017e-05
-1.3753e-06
1.00876e-05
-2.38885e-06
7.63952e-06
-3.84796e-06
4.47816e-06
-5.99208e-06
9.25094e-07
-9.0712e-06
-2.05099e-06
-1.3133e-05
-2.58557e-06
-1.70167e-05
-1.39753e-05
-9.39469e-07
1.34903e-05
3.73767e-06
1.09601e-05
9.61841e-06
6.65305e-06
1.46896e-05
4.0756e-06
1.85942e-05
2.53646e-06
2.14445e-05
1.58555e-06
2.34484e-05
9.92522e-07
2.4796e-05
6.12632e-07
2.56271e-05
3.53924e-07
2.60264e-05
1.58266e-07
2.60243e-05
-1.46891e-08
2.55959e-05
-1.99365e-07
2.46553e-05
-4.34673e-07
2.3044e-05
-7.7748e-07
2.05211e-05
-1.32508e-06
1.67829e-05
-2.25394e-06
1.15954e-05
-3.88371e-06
5.24041e-06
-6.778e-06
-2.21117e-07
-1.15551e-05
-1.41964e-05
1.34903e-05
2.44504e-05
3.11035e-05
3.51791e-05
3.77156e-05
3.93011e-05
4.02936e-05
4.09062e-05
4.12602e-05
4.14184e-05
4.14037e-05
4.12044e-05
4.07697e-05
3.99922e-05
3.86672e-05
3.64132e-05
3.25295e-05
2.57515e-05
1.41964e-05
)
;

boundaryField
{
    movingWall
    {
        type            calculated;
        value           uniform 0;
    }
    fixedWalls
    {
        type            calculated;
        value           uniform 0;
    }
    frontAndBack
    {
        type            empty;
        value           nonuniform 0();
    }
}


// ************************************************************************* //
