/*--------------------------------*- C++ -*----------------------------------*\
  =========                 |
  \\      /  F ield         | OpenFOAM: The Open Source CFD Toolbox
   \\    /   O peration     | Website:  https://openfoam.org
    \\  /    A nd           | Version:  6
     \\/     M anipulation  |
\*---------------------------------------------------------------------------*/
FoamFile
{
    version     2.0;
    format      ascii;
    class       volScalarField;
    location    "0.04";
    object      p;
}
// * * * * * * * * * * * * * * * * * * * * * * * * * * * * * * * * * * * * * //

dimensions      [0 2 -2 0 0 0 0];

internalField   nonuniform List<scalar> 
400
(
2.71943e-05
-0.0580294
-0.130332
-0.186188
-0.207142
-0.184896
-0.118825
-0.0138393
0.12138
0.275718
0.436678
0.591283
0.726937
0.832364
0.898716
0.920985
0.899807
0.843621
0.771092
0.71303
0.0575812
-0.00206756
-0.0588267
-0.0973791
-0.108579
-0.0865899
-0.0306667
0.0556408
0.165741
0.290979
0.421484
0.546951
0.657423
0.744111
0.800283
0.822302
0.810921
0.772085
0.715131
0.655519
0.13407
0.0514414
-0.01
-0.0456052
-0.054735
-0.0341688
0.0160319
0.092415
0.189188
0.298925
0.413192
0.523187
0.620385
0.697211
0.747717
0.768346
0.759031
0.723099
0.661407
0.578808
0.204739
0.0903863
0.0139357
-0.026696
-0.0378149
-0.0185134
0.029939
0.103446
0.196157
0.300995
0.410094
0.515281
0.608575
0.682714
0.731637
0.751101
0.739801
0.698755
0.621922
0.507512
0.253404
0.105442
0.0109835
-0.0368211
-0.0502197
-0.030366
0.0201271
0.0961796
0.191448
0.298743
0.410296
0.518089
0.61421
0.69122
0.742492
0.762723
0.749212
0.700906
0.605866
0.457644
0.268505
0.086136
-0.0271441
-0.0819004
-0.0958242
-0.0720462
-0.0146699
0.0699688
0.174711
0.291917
0.413585
0.531516
0.637519
0.723626
0.782291
0.806839
0.792993
0.737687
0.623564
0.440574
0.240015
0.0220656
-0.109762
-0.169456
-0.180292
-0.147572
-0.0771505
0.023092
0.144916
0.280002
0.419902
0.556037
0.679718
0.782195
0.854696
0.888848
0.878482
0.818289
0.685304
0.466164
0.157162
-0.0982174
-0.247316
-0.307997
-0.31003
-0.261442
-0.170283
-0.0463041
0.100969
0.262429
0.429137
0.5921
0.742073
0.86939
0.963814
1.01488
1.01404
0.953098
0.802511
0.545118
0.00655223
-0.288769
-0.452556
-0.507837
-0.492713
-0.418971
-0.297506
-0.140317
0.0416593
0.238585
0.441182
0.640223
0.826052
0.988119
1.11455
1.19237
1.20988
1.15491
0.989359
0.690923
-0.229643
-0.567831
-0.741511
-0.781432
-0.737175
-0.625911
-0.462264
-0.260861
-0.0340235
0.207962
0.4559
0.700795
0.932995
1.14134
1.31231
1.42995
1.47847
1.43996
1.26443
0.921769
-0.576149
-0.9599
-1.13459
-1.14355
-1.05294
-0.887677
-0.667173
-0.408941
-0.126381
0.170405
0.473095
0.773766
1.06357
1.33137
1.56231
1.73713
1.83479
1.8291
1.65287
1.26313
-1.06872
-1.49883
-1.65793
-1.61117
-1.44928
-1.20809
-0.912788
-0.583642
-0.234306
0.126458
0.492486
0.858254
1.21703
1.55889
1.86849
2.12342
2.29625
2.34922
2.18962
1.75206
-1.76199
-2.23276
-2.34488
-2.20269
-1.9334
-1.5873
-1.19576
-0.780713
-0.354356
0.0777991
0.513655
0.951992
1.39014
1.8214
2.23173
2.59668
2.88207
3.03481
2.92441
2.44531
-2.74581
-3.23203
-3.23677
-2.93519
-2.50662
-2.01827
-1.50605
-0.990646
-0.4796
0.0277261
0.535901
1.05051
1.57561
2.11074
2.64652
3.15959
3.61068
3.92882
3.92987
3.4359
-4.17853
-4.60074
-4.38018
-3.81696
-3.15677
-2.48066
-1.82277
-1.19613
-0.598293
-0.0184267
0.557877
1.1459
1.75966
2.40911
3.0951
3.80207
4.49228
5.07995
5.31308
4.88691
-6.34411
-6.48666
-5.8168
-4.83462
-3.84755
-2.93377
-2.11025
-1.37025
-0.693297
-0.0533652
0.577065
1.22571
1.91985
2.68495
3.54034
4.4908
5.51602
6.53242
7.22513
7.08837
-9.75168
-9.08101
-7.56417
-5.94214
-4.51389
-3.31576
-2.31964
-1.47902
-0.744363
-0.0692302
0.589496
1.27362
2.02618
2.89336
3.92416
5.16404
6.63872
8.30627
9.86024
10.5557
-15.5364
-12.6254
-9.51763
-6.9847
-5.01684
-3.51979
-2.37769
-1.47699
-0.727168
-0.0582667
0.587959
1.26604
2.03423
2.96251
4.14137
5.6845
7.70707
10.2989
13.4647
16.4325
-26.6562
-17.272
-10.9829
-7.32162
-4.90823
-3.25889
-2.11012
-1.26424
-0.591306
-0.00618459
0.554904
1.14956
1.8416
2.71625
3.90367
5.60276
8.07961
11.8177
18.1961
27.6823
-45.2701
-21.7485
-10.5222
-6.00945
-3.66576
-2.26887
-1.38835
-0.780184
-0.311283
0.0920914
0.479252
0.893046
1.38274
2.02188
2.94325
4.39235
6.80708
11.417
22.7573
46.3937
)
;

boundaryField
{
    movingWall
    {
        type            zeroGradient;
    }
    fixedWalls
    {
        type            zeroGradient;
    }
    frontAndBack
    {
        type            empty;
    }
}


// ************************************************************************* //
