/*--------------------------------*- C++ -*----------------------------------*\
  =========                 |
  \\      /  F ield         | OpenFOAM: The Open Source CFD Toolbox
   \\    /   O peration     | Website:  https://openfoam.org
    \\  /    A nd           | Version:  6
     \\/     M anipulation  |
\*---------------------------------------------------------------------------*/
FoamFile
{
    version     2.0;
    format      ascii;
    class       volScalarField;
    location    "0.04";
    object      p;
}
// * * * * * * * * * * * * * * * * * * * * * * * * * * * * * * * * * * * * * //

dimensions      [0 2 -2 0 0 0 0];

internalField   nonuniform List<scalar> 
400
(
8.17639e-08
-0.00258488
-0.00529855
-0.00679241
-0.00644244
-0.00404397
0.000325107
0.00640198
0.0138082
0.0220888
0.0307346
0.0391995
0.0469208
0.0533521
0.0580139
0.060567
0.0609121
0.059301
0.0564599
0.05383
0.00255213
-0.000109557
-0.0021859
-0.0030355
-0.0023946
-0.00010742
0.00379045
0.0091063
0.0155409
0.0227186
0.0302081
0.0375433
0.0442475
0.0498673
0.054017
0.056438
0.0570748
0.0561214
0.0539305
0.0512323
0.00543774
0.0018005
-0.000472519
-0.00121766
-0.000522847
0.00168159
0.00534692
0.0102959
0.0162632
0.0229152
0.0298643
0.0366869
0.042947
0.0482272
0.0521674
0.0545158
0.055197
0.0543178
0.0518892
0.048189
0.00750972
0.00258556
-0.000285549
-0.00121863
-0.000586803
0.00159372
0.005237
0.01015
0.0160706
0.0226783
0.0296008
0.0364263
0.0427232
0.0480668
0.0520744
0.0544528
0.0550727
0.0539542
0.0508448
0.04579
0.00815568
0.00188347
-0.00170229
-0.00290032
-0.00232404
-6.70944e-05
0.00374114
0.00887919
0.0150731
0.0219994
0.0292842
0.0365086
0.0432221
0.0489663
0.0533054
0.0558757
0.0564738
0.0550349
0.0510887
0.0445582
0.00694874
-0.0007545
-0.00511693
-0.00658043
-0.00598562
-0.00350185
0.000692543
0.00633835
0.013139
0.0207575
0.0288063
0.0368452
0.0443879
0.0509185
0.0559203
0.0589281
0.0596387
0.0578899
0.0529973
0.0448132
0.00350036
-0.00580163
-0.0109972
-0.0126764
-0.0119318
-0.00901935
-0.004176
0.0022923
0.0100592
0.0187682
0.0280125
0.0373231
0.0461653
0.0539468
0.0600401
0.0638406
0.0649047
0.0629365
0.0569888
0.0468422
-0.00265385
-0.0138158
-0.0198978
-0.0216878
-0.0205982
-0.016998
-0.0111981
-0.0035603
0.00555603
0.0157756
0.0266753
0.037759
0.0484404
0.058037
0.0657807
0.0708793
0.0726875
0.0707048
0.0636049
0.0510407
-0.0121585
-0.0255287
-0.0325294
-0.0342474
-0.0325324
-0.027912
-0.0207925
-0.011601
-0.000727855
0.0114422
0.0244833
0.0378871
0.0510264
0.0631256
0.0732507
0.080363
0.0835278
0.0819208
0.0736316
0.0580571
-0.025945
-0.0419366
-0.0498182
-0.0511486
-0.0483971
-0.0423179
-0.0334408
-0.0222652
-0.00920464
0.00536669
0.0210483
0.0373526
0.0536426
0.0690691
0.0825196
0.092648
0.0981139
0.0975851
0.0882361
0.0689639
-0.0453702
-0.0644148
-0.0729684
-0.0733574
-0.0689436
-0.0608026
-0.0496191
-0.0359677
-0.0202669
-0.00284807
0.0159589
0.0357436
0.0559221
0.0756259
0.0935861
0.108104
0.117297
0.119062
0.109147
0.0855005
-0.0724334
-0.0948791
-0.103529
-0.101994
-0.0949342
-0.0838683
-0.0696619
-0.052955
-0.0341389
-0.0134532
0.00890776
0.0326952
0.0574804
0.0824854
0.10637
0.127092
0.142102
0.148188
0.138911
0.110456
-0.110166
-0.136032
-0.143447
-0.138246
-0.126972
-0.111716
-0.0935243
-0.073063
-0.0506365
-0.0263217
-9.00982e-05
0.0280838
0.058074
0.0893729
0.120757
0.149966
0.173744
0.187401
0.181269
0.148321
-0.163431
-0.191749
-0.19506
-0.183133
-0.165163
-0.143877
-0.120421
-0.0953789
-0.0688555
-0.0406581
-0.0104228
0.0222868
0.0578314
0.096228
0.136692
0.177078
0.213607
0.239871
0.241732
0.206514
-0.240616
-0.267657
-0.260841
-0.236933
-0.208485
-0.178639
-0.148353
-0.117868
-0.0868826
-0.054766
-0.0206783
0.0163743
0.0574352
0.103348
0.154233
0.208688
0.263049
0.309459
0.328352
0.297644
-0.356803
-0.371696
-0.34267
-0.29821
-0.253926
-0.212411
-0.173716
-0.1372
-0.101771
-0.0661155
-0.0287513
0.0120053
0.058046
0.111334
0.173457
0.244745
0.322997
0.400252
0.452156
0.442827
-0.539813
-0.514155
-0.440571
-0.362972
-0.296052
-0.239669
-0.191588
-0.149262
-0.11019
-0.0720454
-0.0325508
0.0107498
0.0606892
0.120581
0.194092
0.2846
0.39347
0.515582
0.627054
0.677023
-0.853419
-0.707332
-0.547037
-0.420659
-0.324986
-0.252368
-0.196042
-0.149979
-0.109486
-0.0709749
-0.0313533
0.0125263
0.0643636
0.128906
0.212463
0.323026
0.468405
0.652618
0.872126
1.07444
-1.4708
-0.95673
-0.618987
-0.432456
-0.313672
-0.233218
-0.17679
-0.133779
-0.0972259
-0.0626838
-0.0267885
0.0137218
0.0627984
0.126025
0.212069
0.334438
0.511592
0.773608
1.2019
1.81742
-2.54835
-1.19064
-0.570037
-0.34293
-0.232387
-0.168133
-0.128144
-0.0992842
-0.0742632
-0.0492977
-0.0219543
0.0100482
0.049663
0.101573
0.174254
0.283904
0.46127
0.784508
1.52014
2.99205
)
;

boundaryField
{
    movingWall
    {
        type            zeroGradient;
    }
    fixedWalls
    {
        type            zeroGradient;
    }
    frontAndBack
    {
        type            empty;
    }
}


// ************************************************************************* //
