/*--------------------------------*- C++ -*----------------------------------*\
  =========                 |
  \\      /  F ield         | OpenFOAM: The Open Source CFD Toolbox
   \\    /   O peration     | Website:  https://openfoam.org
    \\  /    A nd           | Version:  6
     \\/     M anipulation  |
\*---------------------------------------------------------------------------*/
FoamFile
{
    version     2.0;
    format      ascii;
    class       surfaceScalarField;
    location    "0.1";
    object      phi;
}
// * * * * * * * * * * * * * * * * * * * * * * * * * * * * * * * * * * * * * //

dimensions      [0 3 -1 0 0 0 0];

internalField   nonuniform List<scalar> 
760
(
1.4832e-08
-1.48503e-08
-2.06433e-08
3.54754e-08
-1.12516e-07
9.18731e-08
-2.44623e-07
1.32107e-07
-3.96835e-07
1.52212e-07
-5.49728e-07
1.52893e-07
-6.86489e-07
1.3676e-07
-7.93795e-07
1.07307e-07
-8.62101e-07
6.83062e-08
-8.85663e-07
2.35616e-08
-8.62514e-07
-2.31491e-08
-7.9447e-07
-6.80438e-08
-6.87181e-07
-1.07289e-07
-5.50192e-07
-1.36989e-07
-3.96923e-07
-1.5327e-07
-2.4435e-07
-1.52572e-07
-1.12063e-07
-1.32288e-07
-2.02609e-08
-9.18018e-08
1.49838e-08
-3.52447e-08
1.49839e-08
-3.27825e-08
1.79323e-08
-1.77276e-07
1.79969e-07
-4.30667e-07
3.45264e-07
-7.62861e-07
4.64301e-07
-1.13367e-06
5.23017e-07
-1.50169e-06
5.20919e-07
-1.82947e-06
4.64538e-07
-2.08632e-06
3.64154e-07
-2.24974e-06
2.31729e-07
-2.30603e-06
7.98541e-08
-2.2505e-06
-7.8676e-08
-2.08757e-06
-2.30975e-07
-1.83077e-06
-3.64093e-07
-1.50258e-06
-4.65178e-07
-1.13386e-06
-5.21989e-07
-7.62375e-07
-5.24058e-07
-4.2981e-07
-4.64853e-07
-1.76507e-07
-3.45105e-07
-3.24368e-08
-1.79314e-07
-1.74529e-08
-9.02309e-08
1.08163e-07
-3.52919e-07
4.42658e-07
-7.60634e-07
7.52979e-07
-1.26729e-06
9.70961e-07
-1.8177e-06
1.07342e-06
-2.35593e-06
1.05915e-06
-2.83126e-06
9.39873e-07
-3.20193e-06
7.34818e-07
-3.43713e-06
4.66931e-07
-3.51805e-06
1.6077e-07
-3.43823e-06
-1.58492e-07
-3.20377e-06
-4.65439e-07
-2.83324e-06
-7.3462e-07
-2.35741e-06
-9.41004e-07
-1.81827e-06
-1.06113e-06
-1.2669e-06
-1.07543e-06
-7.59635e-07
-9.72119e-07
-3.51918e-07
-7.52821e-07
-8.97411e-08
-4.41491e-07
-1.07194e-07
-1.42744e-07
2.50907e-07
-5.21188e-07
8.21102e-07
-1.07883e-06
1.31062e-06
-1.74935e-06
1.64148e-06
-2.46216e-06
1.78623e-06
-3.1491e-06
1.74609e-06
-3.74984e-06
1.54061e-06
-4.21527e-06
1.20026e-06
-4.5095e-06
7.6116e-07
-4.61065e-06
2.61923e-07
-4.51124e-06
-2.57906e-07
-4.21826e-06
-7.58415e-07
-3.75325e-06
-1.19963e-06
-3.15204e-06
-1.54222e-06
-2.46392e-06
-1.74925e-06
-1.74972e-06
-1.78963e-06
-1.07812e-06
-1.64371e-06
-5.20159e-07
-1.31079e-06
-1.42155e-07
-8.19495e-07
-2.4935e-07
-1.91123e-07
4.4203e-07
-6.82257e-07
1.31224e-06
-1.38739e-06
2.01575e-06
-2.21721e-06
2.4713e-06
-3.08432e-06
2.65333e-06
-3.90883e-06
2.57061e-06
-4.62261e-06
2.25439e-06
-5.17169e-06
1.74934e-06
-5.51732e-06
1.10679e-06
-5.63618e-06
3.80781e-07
-5.52026e-06
-3.73827e-07
-5.17688e-06
-1.1018e-06
-4.62886e-06
-1.74765e-06
-3.91476e-06
-2.25632e-06
-3.08875e-06
-2.57526e-06
-2.21955e-06
-2.65884e-06
-1.3878e-06
-2.47546e-06
-6.81612e-07
-2.01698e-06
-1.9054e-07
-1.31057e-06
-4.3989e-07
-2.38321e-07
6.80351e-07
-8.42143e-07
1.91606e-06
-1.69523e-06
2.86884e-06
-2.68305e-06
3.45913e-06
-3.70002e-06
3.6703e-06
-4.65467e-06
3.52526e-06
-5.4725e-06
3.07222e-06
-6.09676e-06
2.3736e-06
-6.48791e-06
1.49795e-06
-6.6226e-06
5.15474e-07
-6.49282e-06
-5.03615e-07
-6.1056e-06
-1.48902e-06
-5.48354e-06
-2.36971e-06
-4.6658e-06
-3.07405e-06
-3.7093e-06
-3.53176e-06
-2.68921e-06
-3.67892e-06
-1.69807e-06
-3.4666e-06
-8.42582e-07
-2.87246e-06
-2.37948e-07
-1.9152e-06
-6.77838e-07
-2.87398e-07
9.6775e-07
-1.00788e-06
2.63655e-06
-2.01213e-06
3.87309e-06
-3.15772e-06
4.60471e-06
-4.31971e-06
4.8323e-06
-5.39575e-06
4.60129e-06
-6.30696e-06
3.98343e-06
-6.99639e-06
3.06303e-06
-7.42612e-06
1.92768e-06
-7.57445e-06
6.63804e-07
-7.4339e-06
-6.44164e-07
-7.0106e-06
-1.91231e-06
-6.32516e-06
-3.05515e-06
-5.41485e-06
-3.98436e-06
-4.33665e-06
-4.60996e-06
-3.17018e-06
-4.84539e-06
-2.01924e-06
-4.61755e-06
-1.01044e-06
-3.88126e-06
-2.87557e-07
-2.63809e-06
-9.65395e-07
-3.4124e-07
1.30899e-06
-1.18615e-06
3.48146e-06
-2.34632e-06
5.03326e-06
-3.6477e-06
5.90609e-06
-4.94536e-06
6.12995e-06
-6.12785e-06
5.78378e-06
-7.11536e-06
4.97094e-06
-7.8545e-06
3.80217e-06
-8.31226e-06
2.38544e-06
-8.47076e-06
8.22306e-07
-8.32383e-06
-7.91097e-07
-7.87588e-06
-2.36027e-06
-7.14326e-06
-3.78777e-06
-6.15799e-06
-4.96964e-06
-4.9732e-06
-5.79474e-06
-3.66949e-06
-6.14911e-06
-2.36003e-06
-5.927e-06
-1.19221e-06
-5.04908e-06
-3.42385e-07
-3.48791e-06
-1.30778e-06
-4.027e-07
1.71169e-06
-1.38299e-06
4.46175e-06
-2.70333e-06
6.3536e-06
-4.15303e-06
7.35579e-06
-5.56738e-06
7.5443e-06
-6.82985e-06
7.04625e-06
-7.8652e-06
6.0063e-06
-8.62922e-06
4.56618e-06
-9.09832e-06
2.85454e-06
-9.26133e-06
9.85318e-07
-9.11438e-06
-9.38047e-07
-8.65919e-06
-2.81545e-06
-7.90498e-06
-4.54198e-06
-6.87386e-06
-6.00076e-06
-5.6094e-06
-7.0592e-06
-4.18739e-06
-7.57112e-06
-2.72636e-06
-7.38804e-06
-1.39424e-06
-6.3812e-06
-4.05425e-07
-4.47672e-06
-1.7132e-06
-4.75163e-07
2.18685e-06
-1.60438e-06
5.59096e-06
-3.08546e-06
7.83469e-06
-4.66499e-06
8.93531e-06
-6.16091e-06
9.04022e-06
-7.45878e-06
8.34412e-06
-8.49666e-06
7.04417e-06
-9.24727e-06
5.3168e-06
-9.70236e-06
3.30963e-06
-9.86108e-06
1.14403e-06
-9.72308e-06
-1.07604e-06
-9.28632e-06
-3.25222e-06
-8.54935e-06
-5.27895e-06
-7.51845e-06
-7.03166e-06
-6.21962e-06
-8.35803e-06
-4.71487e-06
-9.07587e-06
-3.12055e-06
-8.98236e-06
-1.62271e-06
-7.87904e-06
-4.80191e-07
-5.61924e-06
-2.1934e-06
-5.63551e-07
2.7504e-06
-1.85715e-06
6.88456e-06
-3.49093e-06
9.46846e-06
-5.16274e-06
1.06071e-05
-6.68003e-06
1.05575e-05
-7.94286e-06
9.60696e-06
-8.91513e-06
8.01644e-06
-9.59671e-06
5.99838e-06
-1.00016e-05
3.71452e-06
-1.01432e-05
1.28565e-06
-1.00262e-05
-1.19309e-06
-9.64355e-06
-3.63484e-06
-8.97952e-06
-5.94297e-06
-8.01765e-06
-7.99353e-06
-6.75601e-06
-9.61967e-06
-5.22981e-06
-1.06021e-05
-3.5403e-06
-1.06719e-05
-1.88446e-06
-9.53488e-06
-5.71707e-07
-6.93199e-06
-2.7651e-06
-6.76025e-07
3.42643e-06
-2.15007e-06
8.3586e-06
-3.91133e-06
1.12297e-05
-5.60664e-06
1.23024e-05
-7.0484e-06
1.19993e-05
-8.17109e-06
1.07296e-05
-8.98148e-06
8.82683e-06
-9.51832e-06
6.53522e-06
-9.82481e-06
4.02101e-06
-9.93214e-06
1.39298e-06
-9.851e-06
-1.27423e-06
-9.56897e-06
-3.91687e-06
-9.05277e-06
-6.45917e-06
-8.25655e-06
-8.78975e-06
-7.13861e-06
-1.07376e-05
-5.68986e-06
-1.20508e-05
-3.97572e-06
-1.2386e-05
-2.18777e-06
-1.13228e-05
-6.88162e-07
-8.4316e-06
-3.45327e-06
-8.267e-07
4.25313e-06
-2.49369e-06
1.00256e-05
-4.32457e-06
1.30606e-05
-5.92499e-06
1.39028e-05
-7.14324e-06
1.32175e-05
-7.97808e-06
1.15645e-05
-8.49962e-06
9.34838e-06
-8.79653e-06
6.83213e-06
-8.9458e-06
4.17028e-06
-8.99773e-06
1.44491e-06
-8.96958e-06
-1.30238e-06
-8.84359e-06
-4.04286e-06
-8.56823e-06
-6.73453e-06
-8.06414e-06
-9.29384e-06
-7.23902e-06
-1.15627e-05
-6.01864e-06
-1.32712e-05
-4.40173e-06
-1.40029e-05
-2.54203e-06
-1.31825e-05
-8.43564e-07
-1.01301e-05
-4.29683e-06
-1.03944e-06
5.29257e-06
-2.8957e-06
1.18818e-05
-4.67669e-06
1.48416e-05
-5.98752e-06
1.52137e-05
-6.76842e-06
1.39984e-05
-7.12222e-06
1.19183e-05
-7.20207e-06
9.42822e-06
-7.15179e-06
6.78186e-06
-7.08041e-06
4.09889e-06
-7.0543e-06
1.41881e-06
-7.09607e-06
-1.26061e-06
-7.18437e-06
-3.95456e-06
-7.25319e-06
-6.66571e-06
-7.19211e-06
-9.35492e-06
-6.85364e-06
-1.19012e-05
-6.07892e-06
-1.40459e-05
-4.75925e-06
-1.53226e-05
-2.95249e-06
-1.49893e-05
-1.06138e-06
-1.20212e-05
-5.35821e-06
-1.34972e-06
6.64229e-06
-3.34018e-06
1.38723e-05
-4.83786e-06
1.63393e-05
-5.55417e-06
1.593e-05
-5.61058e-06
1.40548e-05
-5.25641e-06
1.15641e-05
-4.73575e-06
8.90756e-06
-4.23838e-06
6.28449e-06
-3.89198e-06
3.75249e-06
-3.76877e-06
1.2956e-06
-3.89302e-06
-1.13636e-06
-4.24371e-06
-3.60387e-06
-4.75096e-06
-6.15846e-06
-5.28759e-06
-8.81829e-06
-5.66131e-06
-1.15275e-05
-5.62183e-06
-1.40854e-05
-4.91073e-06
-1.60337e-05
-3.39865e-06
-1.65014e-05
-1.37601e-06
-1.40438e-05
-6.73422e-06
-1.78874e-06
8.43103e-06
-3.71747e-06
1.5801e-05
-4.50153e-06
1.71233e-05
-4.18153e-06
1.561e-05
-3.17419e-06
1.30475e-05
-1.89509e-06
1.0285e-05
-6.55165e-07
7.66764e-06
3.44721e-07
5.2846e-06
9.87885e-07
3.10933e-06
1.21494e-06
1.06854e-06
1.00644e-06
-9.27864e-07
3.77177e-07
-2.97461e-06
-6.17673e-07
-5.16361e-06
-1.86435e-06
-7.57162e-06
-3.16221e-06
-1.02296e-05
-4.19598e-06
-1.30516e-05
-4.53985e-06
-1.56898e-05
-3.763e-06
-1.72782e-05
-1.81584e-06
-1.5991e-05
-8.55006e-06
-2.30284e-06
1.07339e-05
-3.62943e-06
1.71276e-05
-2.97336e-06
1.64673e-05
-1.06811e-06
1.37047e-05
1.30033e-06
1.0679e-05
3.60884e-06
7.97652e-06
5.56301e-06
5.71347e-06
7.01873e-06
3.82888e-06
7.91465e-06
2.21341e-06
8.22822e-06
7.54972e-07
7.95273e-06
-6.52381e-07
7.09027e-06
-2.11214e-06
5.65852e-06
-3.73186e-06
3.71386e-06
-5.62697e-06
1.39647e-06
-7.91223e-06
-9.99726e-07
-1.06554e-05
-2.9448e-06
-1.37447e-05
-3.63661e-06
-1.65864e-05
-2.32083e-06
-1.73068e-05
-1.08709e-05
-2.49856e-06
1.32324e-05
-1.91536e-06
1.65444e-05
1.23294e-06
1.3319e-05
5.17044e-06
9.76724e-06
8.91082e-06
6.93866e-06
1.20485e-05
4.83879e-06
1.4463e-05
3.29902e-06
1.61541e-05
2.13781e-06
1.71573e-05
1.21013e-06
1.75043e-05
4.08015e-07
1.7206e-05
-3.54124e-07
1.62488e-05
-1.15488e-06
1.45975e-05
-2.08059e-06
1.22116e-05
-3.24106e-06
9.08454e-06
-4.78516e-06
5.33038e-06
-6.90126e-06
1.35283e-06
-9.76719e-06
-1.8527e-06
-1.33809e-05
-2.48675e-06
-1.66727e-05
-1.33576e-05
-5.55432e-07
1.37879e-05
4.68486e-06
1.13041e-05
1.11372e-05
6.86659e-06
1.67194e-05
4.18503e-06
2.10444e-05
2.6137e-06
2.42226e-05
1.66061e-06
2.64609e-05
1.06069e-06
2.79403e-05
6.58418e-07
2.87876e-05
3.62858e-07
2.90757e-05
1.19905e-07
2.88284e-05
-1.06831e-07
2.80221e-05
-3.48593e-07
2.65833e-05
-6.41773e-07
2.43829e-05
-1.04062e-06
2.12346e-05
-1.63691e-06
1.69226e-05
-2.5892e-06
1.13255e-05
-4.1701e-06
4.82485e-06
-6.88028e-06
-4.90263e-07
-1.13576e-05
-1.38479e-05
1.37879e-05
2.5092e-05
3.19586e-05
3.61436e-05
3.87573e-05
4.04179e-05
4.14786e-05
4.2137e-05
4.24999e-05
4.26198e-05
4.2513e-05
4.21644e-05
4.15226e-05
4.0482e-05
3.88451e-05
3.62559e-05
3.20858e-05
2.52055e-05
1.38479e-05
)
;

boundaryField
{
    movingWall
    {
        type            calculated;
        value           uniform 0;
    }
    fixedWalls
    {
        type            calculated;
        value           uniform 0;
    }
    frontAndBack
    {
        type            empty;
        value           nonuniform 0();
    }
}


// ************************************************************************* //
