/*--------------------------------*- C++ -*----------------------------------*\
  =========                 |
  \\      /  F ield         | OpenFOAM: The Open Source CFD Toolbox
   \\    /   O peration     | Website:  https://openfoam.org
    \\  /    A nd           | Version:  6
     \\/     M anipulation  |
\*---------------------------------------------------------------------------*/
FoamFile
{
    version     2.0;
    format      ascii;
    class       surfaceScalarField;
    location    "0.045";
    object      phi;
}
// * * * * * * * * * * * * * * * * * * * * * * * * * * * * * * * * * * * * * //

dimensions      [0 3 -1 0 0 0 0];

internalField   nonuniform List<scalar> 
760
(
9.36856e-09
-9.36883e-09
-2.45921e-08
3.39606e-08
-1.0335e-07
7.8758e-08
-2.12108e-07
1.08758e-07
-3.34518e-07
1.2241e-07
-4.55796e-07
1.21278e-07
-5.63673e-07
1.07877e-07
-6.48611e-07
8.49374e-08
-7.03672e-07
5.50612e-08
-7.24374e-07
2.07024e-08
-7.08678e-07
-1.56964e-08
-6.57152e-07
-5.15256e-08
-5.73287e-07
-8.3865e-08
-4.6385e-07
-1.09437e-07
-3.39131e-07
-1.24719e-07
-2.12844e-07
-1.26287e-07
-1.01374e-07
-1.11471e-07
-2.20743e-08
-7.92995e-08
1.05876e-08
-3.26619e-08
1.05877e-08
-3.2e-08
2.26313e-08
-1.57051e-07
1.59012e-07
-3.67682e-07
2.8939e-07
-6.37053e-07
3.7813e-07
-9.32672e-07
4.18028e-07
-1.22293e-06
4.11538e-07
-1.48026e-06
3.65205e-07
-1.68246e-06
2.87137e-07
-1.8131e-06
1.85705e-07
-1.86161e-06
6.92061e-08
-1.82337e-06
-5.39297e-08
-1.70015e-06
-1.74745e-07
-1.50059e-06
-2.83431e-07
-1.24071e-06
-3.69319e-07
-9.44043e-07
-4.21384e-07
-6.4083e-07
-4.29499e-07
-3.65679e-07
-3.86622e-07
-1.53099e-07
-2.9188e-07
-2.97154e-08
-1.56045e-07
-1.91275e-08
-7.87272e-08
1.01358e-07
-2.98921e-07
3.79206e-07
-6.32602e-07
6.2307e-07
-1.03993e-06
7.8546e-07
-1.47668e-06
8.54774e-07
-1.9002e-06
8.3506e-07
-2.27308e-06
7.38085e-07
-2.56494e-06
5.78996e-07
-2.75316e-06
3.7392e-07
-2.82311e-06
1.39165e-07
-2.76848e-06
-1.08568e-07
-2.59165e-06
-3.51568e-07
-2.30449e-06
-5.70596e-07
-1.92886e-06
-7.44944e-07
-1.49674e-06
-8.53504e-07
-1.04903e-06
-8.77212e-07
-6.32553e-07
-8.03097e-07
-2.94728e-07
-6.29705e-07
-7.5772e-08
-3.75001e-07
-9.48994e-08
-1.20635e-07
2.21994e-07
-4.33316e-07
6.91886e-07
-8.8642e-07
1.07617e-06
-1.42391e-06
1.32295e-06
-1.98956e-06
1.42043e-06
-2.53147e-06
1.37696e-06
-3.00495e-06
1.21156e-06
-3.37407e-06
9.48124e-07
-3.61217e-06
6.12014e-07
-3.7019e-06
2.28899e-07
-3.63551e-06
-1.74956e-07
-3.41536e-06
-5.71718e-07
-3.05481e-06
-9.31145e-07
-2.57915e-06
-1.22061e-06
-2.02599e-06
-1.40667e-06
-1.44442e-06
-1.45878e-06
-8.92195e-07
-1.35532e-06
-4.30578e-07
-1.09132e-06
-1.17307e-07
-6.88273e-07
-2.12206e-07
-1.59781e-07
3.81775e-07
-5.64045e-07
1.09615e-06
-1.13716e-06
1.64929e-06
-1.80458e-06
1.99037e-06
-2.49686e-06
2.11271e-06
-3.15298e-06
2.03308e-06
-3.72219e-06
1.78077e-06
-4.16456e-06
1.3905e-06
-4.45073e-06
8.98187e-07
-4.56149e-06
3.39656e-07
-4.48769e-06
-2.48758e-07
-4.23083e-06
-8.28577e-07
-3.80428e-06
-1.35769e-06
-3.23485e-06
-1.79004e-06
-2.56402e-06
-2.07749e-06
-1.84816e-06
-2.17465e-06
-1.15648e-06
-2.047e-06
-5.66495e-07
-1.68131e-06
-1.56968e-07
-1.0978e-06
-3.69174e-07
-1.99534e-07
5.81309e-07
-6.98979e-07
1.59559e-06
-1.39751e-06
2.34782e-06
-2.19991e-06
2.79276e-06
-3.02206e-06
2.93487e-06
-3.79366e-06
2.80467e-06
-4.45863e-06
2.44574e-06
-4.97428e-06
1.90615e-06
-5.30973e-06
1.23364e-06
-5.44456e-06
4.74482e-07
-5.36817e-06
-3.25151e-07
-5.08031e-06
-1.11643e-06
-4.59279e-06
-1.84521e-06
-3.932e-06
-2.45084e-06
-3.14167e-06
-2.86781e-06
-2.28478e-06
-3.03154e-06
-1.44306e-06
-2.88872e-06
-7.13194e-07
-2.41118e-06
-1.99053e-07
-1.61194e-06
-5.68227e-07
-2.43111e-07
8.2442e-07
-8.46207e-07
2.19869e-06
-1.67991e-06
3.18152e-06
-2.62547e-06
3.73832e-06
-3.58272e-06
3.89212e-06
-4.47209e-06
3.69404e-06
-5.23333e-06
3.20698e-06
-5.82255e-06
2.49537e-06
-6.20883e-06
1.61992e-06
-6.37142e-06
6.37072e-07
-6.29831e-06
-3.98261e-07
-5.98655e-06
-1.42819e-06
-5.44449e-06
-2.38727e-06
-4.69567e-06
-3.19965e-06
-3.78375e-06
-3.77974e-06
-2.77691e-06
-4.03837e-06
-1.77004e-06
-3.89559e-06
-8.82219e-07
-3.299e-06
-2.4795e-07
-2.24621e-06
-8.16178e-07
-2.93372e-07
1.11779e-06
-1.01284e-06
2.91816e-06
-1.99425e-06
4.16293e-06
-3.09144e-06
4.83552e-06
-4.18691e-06
4.98759e-06
-5.19269e-06
4.69983e-06
-6.04649e-06
4.06078e-06
-6.70577e-06
3.15464e-06
-7.1418e-06
2.05595e-06
-7.33501e-06
8.3028e-07
-7.27233e-06
-4.60938e-07
-6.94716e-06
-1.75336e-06
-6.36209e-06
-2.97234e-06
-5.53447e-06
-4.02728e-06
-4.50402e-06
-4.81019e-06
-3.34116e-06
-5.20123e-06
-2.15316e-06
-5.0836e-06
-1.08456e-06
-4.36759e-06
-3.07937e-07
-3.02283e-06
-1.12411e-06
-3.52907e-07
1.4707e-06
-1.20465e-06
3.7699e-06
-2.3466e-06
5.30488e-06
-3.60007e-06
6.08899e-06
-4.82956e-06
6.21707e-06
-5.94107e-06
5.81134e-06
-6.87402e-06
4.99374e-06
-7.59129e-06
3.8719e-06
-8.06982e-06
2.53449e-06
-8.29363e-06
1.05409e-06
-8.24956e-06
-5.0501e-07
-7.92659e-06
-2.07633e-06
-7.31891e-06
-3.58001e-06
-6.43312e-06
-4.91307e-06
-5.29916e-06
-5.94414e-06
-3.98387e-06
-6.51652e-06
-2.60351e-06
-6.46397e-06
-1.32999e-06
-5.64111e-06
-3.8325e-07
-3.96957e-06
-1.50737e-06
-4.2446e-07
1.89516e-06
-1.42639e-06
4.77183e-06
-2.73847e-06
6.61697e-06
-4.14336e-06
7.49387e-06
-5.48836e-06
7.56208e-06
-6.67831e-06
7.00129e-06
-7.66064e-06
5.97607e-06
-8.40966e-06
4.62091e-06
-8.91301e-06
3.03784e-06
-9.16181e-06
1.30289e-06
-9.14464e-06
-5.22178e-07
-8.84585e-06
-2.37513e-06
-8.24849e-06
-4.17737e-06
-7.34281e-06
-5.81875e-06
-6.1407e-06
-7.14625e-06
-4.69566e-06
-7.96155e-06
-3.125e-06
-8.03463e-06
-1.6267e-06
-7.13941e-06
-4.78459e-07
-5.11781e-06
-1.98582e-06
-5.11831e-07
2.40699e-06
-1.68276e-06
5.94276e-06
-3.16624e-06
8.10045e-06
-4.69999e-06
9.02762e-06
-6.11837e-06
8.98046e-06
-7.33393e-06
8.21684e-06
-8.31172e-06
6.95387e-06
-9.04586e-06
5.35505e-06
-9.54119e-06
3.53318e-06
-9.80054e-06
1.56224e-06
-9.81702e-06
-5.05696e-07
-9.57105e-06
-2.6211e-06
-9.03245e-06
-4.71596e-06
-8.16917e-06
-6.68204e-06
-6.96443e-06
-8.35099e-06
-5.44386e-06
-9.48212e-06
-3.71071e-06
-9.76778e-06
-1.98099e-06
-8.86913e-06
-5.99194e-07
-6.49961e-06
-2.58502e-06
-6.21554e-07
3.02854e-06
-1.97988e-06
7.30108e-06
-3.61981e-06
9.74038e-06
-5.23041e-06
1.06382e-05
-6.64412e-06
1.03942e-05
-7.79637e-06
9.3691e-06
-8.68361e-06
7.8411e-06
-9.33017e-06
6.00161e-06
-9.76536e-06
3.96836e-06
-1.00088e-05
1.80568e-06
-1.00617e-05
-4.52784e-07
-9.90263e-06
-2.78018e-06
-9.48778e-06
-5.13081e-06
-8.75803e-06
-7.41179e-06
-7.65646e-06
-9.45256e-06
-6.16129e-06
-1.09773e-05
-4.33681e-06
-1.15923e-05
-2.39642e-06
-1.08095e-05
-7.53445e-07
-8.14258e-06
-3.33846e-06
-7.65865e-07
3.79441e-06
-2.32669e-06
8.86191e-06
-4.07835e-06
1.1492e-05
-5.66677e-06
1.22266e-05
-6.94633e-06
1.16737e-05
-7.89956e-06
1.03223e-05
-8.57205e-06
8.5136e-06
-9.02937e-06
6.45893e-06
-9.33152e-06
4.27052e-06
-9.51891e-06
1.99306e-06
-9.60433e-06
-3.67362e-07
-9.5681e-06
-2.81641e-06
-9.35561e-06
-5.3433e-06
-8.87985e-06
-7.88755e-06
-8.03472e-06
-1.02977e-05
-6.72892e-06
-1.22831e-05
-4.95122e-06
-1.337e-05
-2.87114e-06
-1.28896e-05
-9.53682e-07
-1.006e-05
-4.29215e-06
-9.67348e-07
4.76176e-06
-2.73358e-06
1.06281e-05
-4.49698e-06
1.32554e-05
-5.89083e-06
1.36205e-05
-6.83759e-06
1.26205e-05
-7.40176e-06
1.08865e-05
-7.69747e-06
8.80931e-06
-7.83919e-06
6.60065e-06
-7.9192e-06
4.35054e-06
-7.9988e-06
2.07266e-06
-8.10414e-06
-2.62025e-07
-8.22215e-06
-2.6984e-06
-8.29489e-06
-5.27056e-06
-8.21442e-06
-7.96803e-06
-7.82509e-06
-1.0687e-05
-6.94808e-06
-1.31601e-05
-5.45124e-06
-1.48668e-05
-3.38922e-06
-1.49516e-05
-1.21939e-06
-1.22299e-05
-5.51154e-06
-1.2633e-06
6.02506e-06
-3.19787e-06
1.25627e-05
-4.76909e-06
1.48267e-05
-5.68572e-06
1.45371e-05
-6.01738e-06
1.29521e-05
-5.9524e-06
1.08215e-05
-5.6863e-06
8.54321e-06
-5.37932e-06
6.29367e-06
-5.14737e-06
4.11858e-06
-5.06511e-06
1.9904e-06
-5.16968e-06
-1.57455e-07
-5.45951e-06
-2.40857e-06
-5.88614e-06
-4.84393e-06
-6.33936e-06
-7.51481e-06
-6.63119e-06
-1.03952e-05
-6.49532e-06
-1.3296e-05
-5.63748e-06
-1.57246e-05
-3.89399e-06
-1.66951e-05
-1.5759e-06
-1.4548e-05
-7.08744e-06
-1.69618e-06
7.72123e-06
-3.6435e-06
1.451e-05
-4.62921e-06
1.58124e-05
-4.63662e-06
1.45445e-05
-3.99429e-06
1.23098e-05
-3.04401e-06
9.87123e-06
-2.05102e-06
7.55022e-06
-1.19577e-06
5.43842e-06
-5.92729e-07
3.51554e-06
-3.11718e-07
1.70939e-06
-3.92128e-07
-7.70455e-08
-8.46667e-07
-1.95403e-06
-1.65281e-06
-4.03778e-06
-2.72978e-06
-6.43784e-06
-3.90088e-06
-9.2241e-06
-4.85152e-06
-1.23453e-05
-5.12042e-06
-1.54557e-05
-4.21114e-06
-1.76044e-05
-2.03106e-06
-1.6728e-05
-9.1185e-06
-2.24545e-06
9.96668e-06
-3.73146e-06
1.5996e-05
-3.42687e-06
1.55078e-05
-1.94567e-06
1.30633e-05
3.11226e-08
1.0333e-05
2.0424e-06
7.85996e-06
3.81859e-06
5.77403e-06
5.21818e-06
4.03883e-06
6.17136e-06
2.56235e-06
6.64089e-06
1.23987e-06
6.59972e-06
-3.58725e-08
6.02262e-06
-1.37694e-06
4.89158e-06
-2.90674e-06
3.21949e-06
-4.76575e-06
1.10124e-06
-7.10584e-06
-1.20017e-06
-1.00439e-05
-3.14519e-06
-1.35107e-05
-3.86078e-06
-1.68888e-05
-2.4826e-06
-1.81062e-05
-1.16011e-05
-2.58244e-06
1.25491e-05
-2.35143e-06
1.5765e-05
3.44748e-07
1.28116e-05
3.86679e-06
9.54129e-06
7.30158e-06
6.89822e-06
1.02626e-05
4.89897e-06
1.26203e-05
3.41626e-06
1.43597e-05
2.29952e-06
1.5503e-05
1.41899e-06
1.60711e-05
6.71823e-07
1.60632e-05
-2.80009e-08
1.5449e-05
-7.62755e-07
1.41676e-05
-1.6253e-06
1.21386e-05
-2.73683e-06
9.3009e-06
-4.2681e-06
5.70663e-06
-6.44964e-06
1.71882e-06
-9.52292e-06
-1.64377e-06
-1.35262e-05
-2.46237e-06
-1.72876e-05
-1.40635e-05
-9.20973e-07
1.34701e-05
3.86149e-06
1.09826e-05
9.94166e-06
6.73144e-06
1.52865e-05
4.19646e-06
1.95059e-05
2.67879e-06
2.26762e-05
1.72868e-06
2.49726e-05
1.11983e-06
2.65595e-05
7.12642e-07
2.75587e-05
4.19817e-07
2.80437e-05
1.86813e-07
2.80398e-05
-2.41043e-08
2.75223e-05
-2.4528e-07
2.64106e-05
-5.13582e-07
2.45574e-05
-8.83564e-07
2.17392e-05
-1.44997e-06
1.76765e-05
-2.38689e-06
1.21655e-05
-4.01196e-06
5.52548e-06
-6.88618e-06
-1.39981e-07
-1.16222e-05
-1.42034e-05
1.34701e-05
2.44527e-05
3.11841e-05
3.53806e-05
3.80593e-05
3.9788e-05
4.09079e-05
4.16205e-05
4.20403e-05
4.22271e-05
4.2203e-05
4.19577e-05
4.14442e-05
4.05606e-05
3.91106e-05
3.67237e-05
3.27118e-05
2.58256e-05
1.42034e-05
)
;

boundaryField
{
    movingWall
    {
        type            calculated;
        value           uniform 0;
    }
    fixedWalls
    {
        type            calculated;
        value           uniform 0;
    }
    frontAndBack
    {
        type            empty;
        value           nonuniform 0();
    }
}


// ************************************************************************* //
