/*--------------------------------*- C++ -*----------------------------------*\
  =========                 |
  \\      /  F ield         | OpenFOAM: The Open Source CFD Toolbox
   \\    /   O peration     | Website:  https://openfoam.org
    \\  /    A nd           | Version:  6
     \\/     M anipulation  |
\*---------------------------------------------------------------------------*/
FoamFile
{
    version     2.0;
    format      ascii;
    class       volVectorField;
    location    "0.045";
    object      U;
}
// * * * * * * * * * * * * * * * * * * * * * * * * * * * * * * * * * * * * * //

dimensions      [0 1 -1 0 0 0 0];

internalField   nonuniform List<vector> 
400
(
(0.000180876 -0.000178373 0)
(2.28213e-05 0.000138626 0)
(-0.00113202 0.00050559 0)
(-0.00306784 0.00075209 0)
(-0.00544275 0.000865872 0)
(-0.00793625 0.000864637 0)
(-0.0102745 0.000771444 0)
(-0.0122384 0.000608757 0)
(-0.0136632 0.000396316 0)
(-0.0144348 0.000151638 0)
(-0.0144877 -0.000108319 0)
(-0.0138062 -0.000365326 0)
(-0.0124297 -0.000598403 0)
(-0.0104599 -0.000783092 0)
(-0.0080676 -0.000891882 0)
(-0.00549532 -0.000896433 0)
(-0.0030498 -0.000772439 0)
(-0.00108021 -0.000507402 0)
(6.4561e-05 -0.00012532 0)
(0.000194456 0.00018972 0)
(-0.000109753 -4.69115e-05 0)
(-0.00146517 0.00149419 0)
(-0.00489424 0.00307723 0)
(-0.009851 0.00416331 0)
(-0.0156547 0.0046631 0)
(-0.0216525 0.00461616 0)
(-0.0272456 0.00410723 0)
(-0.0319319 0.00323483 0)
(-0.0353237 0.00209662 0)
(-0.0371506 0.000786895 0)
(-0.0372598 -0.000599637 0)
(-0.0356207 -0.00196205 0)
(-0.0323349 -0.00318859 0)
(-0.0276475 -0.00415567 0)
(-0.0219559 -0.00473294 0)
(-0.0158054 -0.00479727 0)
(-0.00985649 -0.00425846 0)
(-0.00481856 -0.00309755 0)
(-0.00139166 -0.00144941 0)
(-8.34273e-05 9.27136e-05 0)
(-0.000473899 0.00105636 0)
(-0.00315503 0.00493152 0)
(-0.00882468 0.00851421 0)
(-0.0164752 0.0109478 0)
(-0.0251339 0.0120282 0)
(-0.0339307 0.0118106 0)
(-0.0420594 0.0104689 0)
(-0.048835 0.00822623 0)
(-0.0537253 0.00531797 0)
(-0.0563572 0.00198047 0)
(-0.0565197 -0.00154486 0)
(-0.0541708 -0.00500176 0)
(-0.0494498 -0.00811112 0)
(-0.0426919 -0.0105716 0)
(-0.0344381 -0.0120748 0)
(-0.0254276 -0.0123418 0)
(-0.0165502 -0.0111838 0)
(-0.00875865 -0.00858747 0)
(-0.00306494 -0.00485255 0)
(-0.00043786 -0.000956927 0)
(-0.000788766 0.00306008 0)
(-0.00472975 0.0102832 0)
(-0.0125922 0.0164207 0)
(-0.0228255 0.0204559 0)
(-0.0341315 0.0221316 0)
(-0.0454433 0.0215544 0)
(-0.055795 0.019019 0)
(-0.0643743 0.0149063 0)
(-0.0705533 0.00962409 0)
(-0.0738922 0.00358651 0)
(-0.0741385 -0.00278148 0)
(-0.0712349 -0.0090294 0)
(-0.065334 -0.0146687 0)
(-0.0568184 -0.0191747 0)
(-0.0463182 -0.0220134 0)
(-0.0347106 -0.0227034 0)
(-0.0230719 -0.0209158 0)
(-0.01259 -0.0166054 0)
(-0.0046387 -0.010187 0)
(-0.000743412 -0.00289408 0)
(-0.00107007 0.00586537 0)
(-0.00623271 0.0174479 0)
(-0.0162946 0.0266735 0)
(-0.0291222 0.032499 0)
(-0.0430517 0.034714 0)
(-0.0568093 0.0335462 0)
(-0.0692859 0.0294614 0)
(-0.0795718 0.0230341 0)
(-0.0869754 0.0148707 0)
(-0.0910132 0.00558289 0)
(-0.0914009 -0.00420423 0)
(-0.088058 -0.0138286 0)
(-0.0811262 -0.0225696 0)
(-0.0709994 -0.0296475 0)
(-0.0583571 -0.034259 0)
(-0.0441843 -0.0356637 0)
(-0.0297371 -0.0333249 0)
(-0.016468 -0.0270874 0)
(-0.00617955 -0.017392 0)
(-0.00101999 -0.00563136 0)
(-0.00134999 0.00944802 0)
(-0.00777212 0.0264564 0)
(-0.020133 0.0393532 0)
(-0.035669 0.0471635 0)
(-0.0523084 0.0498349 0)
(-0.0685545 0.047811 0)
(-0.0831631 0.0417983 0)
(-0.0951495 0.0326108 0)
(-0.103785 0.0210791 0)
(-0.108562 0.00802303 0)
(-0.109173 -0.0057294 0)
(-0.105502 -0.019302 0)
(-0.0976557 -0.0317316 0)
(-0.0860016 -0.0419564 0)
(-0.0712298 -0.0488535 0)
(-0.0544065 -0.0513475 0)
(-0.0369684 -0.0485933 0)
(-0.0206723 -0.0402139 0)
(-0.00783066 -0.0265723 0)
(-0.00130704 -0.00917029 0)
(-0.00165863 0.0138531 0)
(-0.00945912 0.0374343 0)
(-0.0243151 0.0546235 0)
(-0.0427514 0.0646029 0)
(-0.0622381 0.0676075 0)
(-0.0810442 0.0644162 0)
(-0.0978052 0.056066 0)
(-0.111492 0.0436657 0)
(-0.121371 0.0282945 0)
(-0.126938 0.0109819 0)
(-0.127868 -0.00725388 0)
(-0.124007 -0.0253369 0)
(-0.115392 -0.0420657 0)
(-0.102321 -0.0560765 0)
(-0.0854425 -0.0658719 0)
(-0.0658615 -0.0699432 0)
(-0.0451832 -0.0670016 0)
(-0.0255039 -0.0562933 0)
(-0.00974727 -0.0379703 0)
(-0.00164439 -0.0136031 0)
(-0.00202308 0.019187 0)
(-0.0113946 0.0505975 0)
(-0.0290202 0.0727164 0)
(-0.0505822 0.0849987 0)
(-0.0730328 0.0881351 0)
(-0.0944082 0.0833937 0)
(-0.113259 0.0722545 0)
(-0.128561 0.0561855 0)
(-0.139629 0.0365357 0)
(-0.145998 0.0145321 0)
(-0.14735 -0.00864818 0)
(-0.143481 -0.0317669 0)
(-0.134333 -0.0534095 0)
(-0.12007 -0.0719064 0)
(-0.101226 -0.0853318 0)
(-0.0788683 -0.0916274 0)
(-0.0547245 -0.0888812 0)
(-0.0312438 -0.0757463 0)
(-0.0120827 -0.0519676 0)
(-0.00207165 -0.0191095 0)
(-0.00246977 0.0256103 0)
(-0.0136694 0.0662386 0)
(-0.0343836 0.0939002 0)
(-0.059264 0.108505 0)
(-0.0846785 0.111435 0)
(-0.108458 0.104653 0)
(-0.129137 0.0902206 0)
(-0.145781 0.0700379 0)
(-0.157829 0.0457369 0)
(-0.164919 0.018712 0)
(-0.166773 -0.00975804 0)
(-0.163144 -0.0383397 0)
(-0.153838 -0.0654636 0)
(-0.13882 -0.0891777 0)
(-0.118396 -0.10709 0)
(-0.093474 -0.116464 0)
(-0.0657938 -0.114538 0)
(-0.0381258 -0.0990644 0)
(-0.014987 -0.0690728 0)
(-0.00263131 -0.0259544 0)
(-0.00303069 0.0333355 0)
(-0.0163755 0.0847032 0)
(-0.0404966 0.11842 0)
(-0.0687596 0.135152 0)
(-0.0968891 0.137319 0)
(-0.122585 0.127852 0)
(-0.144491 0.109566 0)
(-0.16189 0.0848677 0)
(-0.174457 0.0556691 0)
(-0.182021 0.0234779 0)
(-0.1844 -0.010415 0)
(-0.181319 -0.0446864 0)
(-0.172426 -0.0777143 0)
(-0.157398 -0.107335 0)
(-0.136176 -0.130688 0)
(-0.109316 -0.144245 0)
(-0.0783732 -0.144115 0)
(-0.0463131 -0.126723 0)
(-0.0186141 -0.0898915 0)
(-0.00337572 -0.0344906 0)
(-0.00375561 0.0426373 0)
(-0.019632 0.106367 0)
(-0.0474157 0.146415 0)
(-0.0788576 0.164711 0)
(-0.109021 0.16523 0)
(-0.135637 0.152235 0)
(-0.157656 0.129493 0)
(-0.174767 0.0999748 0)
(-0.187033 0.0658479 0)
(-0.194581 0.0286435 0)
(-0.197398 -0.0104609 0)
(-0.195221 -0.0503022 0)
(-0.187529 -0.0893624 0)
(-0.173637 -0.125405 0)
(-0.152956 -0.155173 0)
(-0.125432 -0.17427 0)
(-0.0921103 -0.177386 0)
(-0.0558653 -0.159044 0)
(-0.0231376 -0.115081 0)
(-0.00437991 -0.0451711 0)
(-0.00473587 0.0538893 0)
(-0.0236288 0.131617 0)
(-0.0551719 0.177795 0)
(-0.0891086 0.196502 0)
(-0.119937 0.194031 0)
(-0.145729 0.176437 0)
(-0.166055 0.148634 0)
(-0.181249 0.114188 0)
(-0.191935 0.0754385 0)
(-0.198661 0.0338122 0)
(-0.201665 -0.0097889 0)
(-0.200756 -0.0545504 0)
(-0.195265 -0.0992736 0)
(-0.184106 -0.141872 0)
(-0.166008 -0.178879 0)
(-0.139998 -0.205071 0)
(-0.106137 -0.213463 0)
(-0.0666746 -0.195974 0)
(-0.0287733 -0.145278 0)
(-0.00576496 -0.0585849 0)
(-0.00614862 0.0676493 0)
(-0.0286937 0.16082 0)
(-0.0637498 0.212048 0)
(-0.0986739 0.229113 0)
(-0.12776 0.221723 0)
(-0.149972 0.198255 0)
(-0.165937 0.164908 0)
(-0.176916 0.125765 0)
(-0.184256 0.0831887 0)
(-0.189012 0.038322 0)
(-0.191747 -0.00839472 0)
(-0.192409 -0.0567046 0)
(-0.190255 -0.105983 0)
(-0.183837 -0.154607 0)
(-0.171126 -0.199235 0)
(-0.149943 -0.234074 0)
(-0.11876 -0.250382 0)
(-0.0783251 -0.236732 0)
(-0.0358026 -0.180971 0)
(-0.00773842 -0.0755297 0)
(-0.00833165 0.0848236 0)
(-0.0353641 0.194235 0)
(-0.0729414 0.247877 0)
(-0.105944 0.259964 0)
(-0.129377 0.245102 0)
(-0.143993 0.214447 0)
(-0.152016 0.175423 0)
(-0.15588 0.132383 0)
(-0.157719 0.0874413 0)
(-0.159096 0.041238 0)
(-0.160903 -0.00642844 0)
(-0.163293 -0.0560422 0)
(-0.165581 -0.107799 0)
(-0.16612 -0.160908 0)
(-0.162233 -0.212666 0)
(-0.1504 -0.257271 0)
(-0.126911 -0.284554 0)
(-0.089758 -0.279239 0)
(-0.0445489 -0.222224 0)
(-0.0106525 -0.0971337 0)
(-0.0118694 0.106919 0)
(-0.0443389 0.23172 0)
(-0.0817955 0.282533 0)
(-0.107609 0.284704 0)
(-0.119452 0.259409 0)
(-0.121129 0.220654 0)
(-0.116948 0.1766 0)
(-0.110553 0.131331 0)
(-0.104705 0.0863144 0)
(-0.101291 0.0414524 0)
(-0.10142 -0.00421752 0)
(-0.105466 -0.0520051 0)
(-0.112981 -0.103076 0)
(-0.122452 -0.157805 0)
(-0.130962 -0.214756 0)
(-0.133921 -0.269072 0)
(-0.125148 -0.310171 0)
(-0.0984642 -0.319213 0)
(-0.0551188 -0.268058 0)
(-0.0150287 -0.124984 0)
(-0.0175105 0.136447 0)
(-0.0558034 0.271883 0)
(-0.086916 0.310559 0)
(-0.0965538 0.296399 0)
(-0.0885901 0.258158 0)
(-0.0711671 0.21169 0)
(-0.0506786 0.164681 0)
(-0.0315062 0.120056 0)
(-0.0164916 0.0781513 0)
(-0.00739325 0.037959 0)
(-0.00525818 -0.00221958 0)
(-0.0106138 -0.0444117 0)
(-0.0234296 -0.0906842 0)
(-0.0428089 -0.142711 0)
(-0.0663807 -0.200897 0)
(-0.0894224 -0.262576 0)
(-0.103889 -0.318712 0)
(-0.0985911 -0.348856 0)
(-0.0663089 -0.315223 0)
(-0.0212841 -0.161305 0)
(-0.0251917 0.177827 0)
(-0.0666747 0.309879 0)
(-0.0779545 0.321214 0)
(-0.0574981 0.284352 0)
(-0.0202864 0.233286 0)
(0.0212933 0.182406 0)
(0.0601017 0.13679 0)
(0.092338 0.0971284 0)
(0.116108 0.0622601 0)
(0.130482 0.0303159 0)
(0.134887 -0.000870565 0)
(0.128815 -0.0336646 0)
(0.111775 -0.0706301 0)
(0.0835555 -0.11446 0)
(0.0449295 -0.167544 0)
(-0.00098664 -0.230532 0)
(-0.0465471 -0.298722 0)
(-0.0769844 -0.354865 0)
(-0.0723767 -0.355712 0)
(-0.0282951 -0.209449 0)
(-0.0291884 0.235416 0)
(-0.061795 0.330693 0)
(-0.0272196 0.294702 0)
(0.0407554 0.234196 0)
(0.113165 0.177258 0)
(0.178167 0.130224 0)
(0.231655 0.0931205 0)
(0.272618 0.0638583 0)
(0.301351 0.0399929 0)
(0.318417 0.0192721 0)
(0.324083 -0.000370991 0)
(0.318064 -0.0210028 0)
(0.299429 -0.0449394 0)
(0.266666 -0.0750337 0)
(0.218118 -0.114881 0)
(0.153176 -0.168439 0)
(0.0746597 -0.237775 0)
(-0.00569374 -0.31655 0)
(-0.0548175 -0.369831 0)
(-0.0277772 -0.269635 0)
(0.0084649 0.279004 0)
(0.0185497 0.292334 0)
(0.133334 0.208795 0)
(0.25567 0.141659 0)
(0.352729 0.0955254 0)
(0.425957 0.064211 0)
(0.479922 0.0428775 0)
(0.518204 0.0279208 0)
(0.543668 0.0168025 0)
(0.558296 0.00777429 0)
(0.563095 -0.000471799 0)
(0.558087 -0.00910803 0)
(0.542246 -0.0194665 0)
(0.51332 -0.033423 0)
(0.467643 -0.0539756 0)
(0.400115 -0.0860067 0)
(0.303877 -0.136838 0)
(0.1742 -0.214883 0)
(0.0444234 -0.312113 0)
(0.0213597 -0.300923 0)
(0.300004 0.145198 0)
(0.395678 0.126949 0)
(0.554134 0.0760689 0)
(0.670296 0.0438388 0)
(0.73901 0.0256213 0)
(0.781432 0.0151888 0)
(0.808936 0.00910306 0)
(0.826729 0.00541184 0)
(0.837738 0.00299684 0)
(0.843642 0.00122021 0)
(0.845235 -0.000313612 0)
(0.842636 -0.00191329 0)
(0.835295 -0.00392512 0)
(0.821791 -0.00689535 0)
(0.799337 -0.0118642 0)
(0.762653 -0.0209283 0)
(0.699911 -0.0382693 0)
(0.586242 -0.0716088 0)
(0.41962 -0.127068 0)
(0.311509 -0.149211 0)
)
;

boundaryField
{
    movingWall
    {
        type            fixedValue;
        value           uniform (1 0 0);
    }
    fixedWalls
    {
        type            noSlip;
    }
    frontAndBack
    {
        type            empty;
    }
}


// ************************************************************************* //
