/*--------------------------------*- C++ -*----------------------------------*\
  =========                 |
  \\      /  F ield         | OpenFOAM: The Open Source CFD Toolbox
   \\    /   O peration     | Website:  https://openfoam.org
    \\  /    A nd           | Version:  6
     \\/     M anipulation  |
\*---------------------------------------------------------------------------*/
FoamFile
{
    version     2.0;
    format      ascii;
    class       volScalarField;
    location    "0.05";
    object      p;
}
// * * * * * * * * * * * * * * * * * * * * * * * * * * * * * * * * * * * * * //

dimensions      [0 2 -2 0 0 0 0];

internalField   nonuniform List<scalar> 
400
(
1.7739e-05
-0.0347895
-0.0781405
-0.111593
-0.124123
-0.110782
-0.0711993
-0.00830014
0.0727396
0.165284
0.261854
0.354665
0.43614
0.49948
0.539344
0.552707
0.539955
0.506173
0.462597
0.427792
0.0345232
-0.00124239
-0.0352683
-0.0583455
-0.0650298
-0.0518442
-0.0183414
0.0333665
0.0993523
0.174451
0.252755
0.328081
0.394439
0.446528
0.48028
0.493496
0.48663
0.463269
0.429048
0.393322
0.0803825
0.0308298
-0.00599661
-0.0272967
-0.0327375
-0.0204121
0.00964506
0.0553841
0.113361
0.17915
0.247709
0.313755
0.372158
0.418341
0.448704
0.461092
0.455465
0.433837
0.396759
0.347238
0.12266
0.0540938
0.00828457
-0.0160149
-0.0226501
-0.011103
0.0178722
0.0618485
0.117356
0.180187
0.245645
0.308824
0.364916
0.409523
0.43897
0.450679
0.443863
0.419148
0.372956
0.304333
0.151618
0.062932
0.00635363
-0.0222335
-0.0302506
-0.0184148
0.0117237
0.0571623
0.114151
0.178426
0.245356
0.310129
0.36797
0.414365
0.445284
0.457496
0.449367
0.420278
0.363118
0.274173
0.160284
0.0510333
-0.0167895
-0.0495393
-0.0579096
-0.0437979
-0.00963064
0.0408574
0.103448
0.173624
0.246621
0.317521
0.381373
0.43333
0.468785
0.483667
0.475375
0.442076
0.373409
0.263537
0.142614
0.0121332
-0.0667591
-0.102482
-0.109079
-0.0897328
-0.0478965
0.0118006
0.0845198
0.165356
0.24929
0.331176
0.405753
0.467683
0.511599
0.532376
0.526252
0.49003
0.40998
0.278309
0.0921278
-0.0606429
-0.149835
-0.186199
-0.187654
-0.158996
-0.104953
-0.0312359
0.0565813
0.153147
0.253161
0.35123
0.441748
0.518803
0.576111
0.607249
0.606981
0.57036
0.479679
0.324895
0.000811367
-0.175704
-0.273658
-0.306893
-0.29829
-0.254854
-0.182967
-0.089634
0.0187704
0.136486
0.258024
0.377855
0.490111
0.588323
0.665179
0.712687
0.723675
0.690754
0.591037
0.411408
-0.141962
-0.343929
-0.4478
-0.472033
-0.446318
-0.380824
-0.284098
-0.164652
-0.0296419
0.114938
0.263667
0.411156
0.551528
0.677914
0.781968
0.85384
0.883818
0.860992
0.755271
0.548831
-0.350877
-0.579887
-0.684417
-0.690437
-0.637454
-0.54019
-0.409968
-0.256957
-0.0889038
0.0883423
0.269902
0.451032
0.626327
0.788907
0.92956
1.03639
1.09642
1.09367
0.987602
0.752599
-0.647122
-0.903678
-0.999042
-0.972198
-0.877213
-0.735211
-0.560881
-0.365962
-0.158303
0.0570777
0.27661
0.496995
0.71409
0.921728
1.11035
1.26609
1.37202
1.40508
1.30921
1.04521
-1.06307
-1.34387
-1.41145
-1.32818
-1.16976
-0.965834
-0.734657
-0.488914
-0.235541
0.0224038
0.283795
0.547921
0.813085
1.07504
1.325
1.54778
1.72231
1.81612
1.75026
1.46113
-1.65197
-1.94222
-1.94612
-1.76838
-1.51565
-1.22753
-0.924907
-0.619672
-0.315971
-0.0131832
0.291558
0.601628
0.919381
1.24434
1.57052
1.88335
2.15861
2.35291
2.3548
2.05681
-2.50791
-2.76061
-2.63058
-2.29738
-1.90715
-1.50759
-1.1185
-0.74716
-0.39179
-0.0456896
0.299891
0.654146
1.02544
1.41958
1.83677
2.26718
2.68743
3.04509
3.1877
2.93103
-3.80002
-3.88706
-3.48934
-2.90666
-2.32192
-1.78093
-1.29323
-0.854357
-0.451794
-0.0697894
0.308243
0.698957
1.11871
1.58267
2.10224
2.67991
3.30279
3.91969
4.34027
4.259
-5.83245
-5.43571
-4.53243
-3.56807
-2.7203
-2.00973
-1.41903
-0.920091
-0.483059
-0.0799942
0.315013
0.727073
1.182
1.7075
2.33287
3.08518
3.97938
4.98926
5.92968
6.35123
-9.28487
-7.55096
-5.69686
-4.18852
-3.01863
-2.12956
-1.45169
-0.916894
-0.470842
-0.0715383
0.315984
0.724464
1.18889
1.75125
2.46589
3.40102
4.62562
6.19288
8.10495
9.89567
-15.9314
-10.3233
-6.56605
-4.38392
-2.94829
-1.96849
-1.28694
-0.785243
-0.385458
-0.0364843
0.299963
0.658469
1.07736
1.60782
2.32802
3.35757
4.85666
7.11561
10.9622
16.6723
-27.0777
-12.99
-6.27686
-3.5885
-2.19643
-1.36867
-0.848508
-0.489857
-0.212794
0.0269845
0.259104
0.509301
0.807153
1.19677
1.75778
2.63774
4.10084
6.88633
13.7135
27.916
)
;

boundaryField
{
    movingWall
    {
        type            zeroGradient;
    }
    fixedWalls
    {
        type            zeroGradient;
    }
    frontAndBack
    {
        type            empty;
    }
}


// ************************************************************************* //
