/*--------------------------------*- C++ -*----------------------------------*\
  =========                 |
  \\      /  F ield         | OpenFOAM: The Open Source CFD Toolbox
   \\    /   O peration     | Website:  https://openfoam.org
    \\  /    A nd           | Version:  6
     \\/     M anipulation  |
\*---------------------------------------------------------------------------*/
FoamFile
{
    version     2.0;
    format      ascii;
    class       volScalarField;
    location    "0.035";
    object      p;
}
// * * * * * * * * * * * * * * * * * * * * * * * * * * * * * * * * * * * * * //

dimensions      [0 2 -2 0 0 0 0];

internalField   nonuniform List<scalar> 
400
(
4.30029e-08
-0.00356756
-0.00748287
-0.00986279
-0.0097761
-0.00688497
-0.00126304
0.00673902
0.0165928
0.0276531
0.0391965
0.0504525
0.0606377
0.0690052
0.0749161
0.0779395
0.0779852
0.0754519
0.0713901
0.0677822
0.00351869
-0.000154707
-0.00317333
-0.00462245
-0.0040862
-0.00131452
0.00366514
0.0105957
0.0190624
0.0285389
0.0384218
0.0480635
0.0568102
0.0640498
0.0692742
0.0721578
0.0726576
0.0710724
0.0679218
0.0642182
0.00767789
0.00263094
-0.000672454
-0.00197398
-0.00135272
0.00131197
0.00596636
0.0123705
0.0201565
0.0288598
0.0379432
0.0468254
0.0549155
0.0616569
0.0665794
0.0693652
0.0699377
0.068465
0.0649827
0.0598759
0.0109113
0.00401825
-0.00015496
-0.00173977
-0.00121932
0.0014018
0.00601198
0.0123443
0.0200328
0.0286308
0.0376247
0.0464533
0.054537
0.0613143
0.0662881
0.0690855
0.0695541
0.0677362
0.063288
0.0562563
0.0123441
0.00348703
-0.00173835
-0.00372696
-0.00330797
-0.000599451
0.00422026
0.0108386
0.0188686
0.027858
0.0372912
0.0466
0.0551837
0.0624401
0.0678051
0.0708135
0.0712124
0.0689231
0.0632805
0.0541357
0.0113543
0.000400614
-0.00597329
-0.00837215
-0.00795536
-0.0049527
0.00038221
0.00767691
0.0165073
0.0263987
0.0368161
0.0471636
0.0567956
0.0650383
0.0712245
0.0747585
0.0752554
0.0725014
0.0655154
0.0540171
0.00736916
-0.00591413
-0.0135128
-0.0162487
-0.0156465
-0.0120635
-0.00584307
0.00256823
0.0126974
0.0240375
0.0360246
0.0480241
0.0593284
0.0691668
0.0767325
0.0812519
0.0821599
0.0790634
0.0706028
0.0563631
-0.000293123
-0.0162489
-0.0251291
-0.0280399
-0.0269635
-0.0224226
-0.0148737
-0.00485228
0.00711315
0.0204828
0.0346658
0.0489898
0.0626799
0.0748514
0.0845212
0.0906799
0.0925086
0.0893483
0.079316
0.0617859
-0.012565
-0.0316332
-0.0418047
-0.0446038
-0.0426295
-0.0366352
-0.0272237
-0.0150348
-0.000652206
0.0153621
0.0324072
0.0497908
0.0666832
0.082082
0.0947968
0.103513
0.107054
0.104351
0.0927452
0.0712348
-0.0307716
-0.0534548
-0.0648084
-0.067005
-0.0635066
-0.0553958
-0.0434652
-0.0284726
-0.0110474
0.00825223
0.0288513
0.050079
0.0710892
0.0907838
0.107751
0.120299
0.126755
0.125424
0.112469
0.0862078
-0.0568122
-0.0836096
-0.0957752
-0.0965236
-0.0905519
-0.0794109
-0.0641332
-0.045601
-0.0244648
-0.00123419
0.0236028
0.0494689
0.0755777
0.1008
0.123527
0.141636
0.152802
0.154391
0.140777
0.109044
-0.0934479
-0.124717
-0.136791
-0.134625
-0.12471
-0.109245
-0.0895488
-0.066614
-0.0410631
-0.0132852
0.0164092
0.0476459
0.0798251
0.111916
0.142209
0.168158
0.18664
0.193689
0.180984
0.143377
-0.14483
-0.180451
-0.190464
-0.182844
-0.16669
-0.145049
-0.119532
-0.0911816
-0.0604991
-0.0276425
0.00738121
0.0445524
0.0836416
0.123931
0.163825
0.200498
0.229975
0.246533
0.237903
0.19493
-0.217605
-0.256075
-0.259921
-0.242485
-0.216546
-0.186114
-0.152982
-0.118077
-0.0816021
-0.0433158
-0.00275489
0.0406043
0.0871403
0.136758
0.188358
0.239208
0.284694
0.317052
0.318567
0.273033
-0.323264
-0.359246
-0.348496
-0.313896
-0.272895
-0.230192
-0.187346
-0.144786
-0.102095
-0.0583837
-0.0125085
0.0368057
0.0908095
0.150418
0.215594
0.284449
0.352468
0.410171
0.433204
0.393522
-0.482481
-0.500784
-0.458811
-0.395266
-0.33189
-0.272767
-0.218208
-0.167353
-0.118622
-0.0701224
-0.0198013
0.0345594
0.0953204
0.164809
0.244789
0.335442
0.433982
0.530859
0.595832
0.583158
-0.733205
-0.694744
-0.591179
-0.481639
-0.386771
-0.307084
-0.239696
-0.181031
-0.127501
-0.0757862
-0.0227193
0.0349735
0.10091
0.179178
0.274201
0.389976
0.528108
0.68264
0.824055
0.886927
-1.16202
-0.9583
-0.736061
-0.559473
-0.42505
-0.323158
-0.244627
-0.181039
-0.125791
-0.07383
-0.0208783
0.0372792
0.10543
0.189577
0.297626
0.439554
0.62514
0.860075
1.14137
1.40142
-2.00166
-1.30027
-0.836759
-0.577455
-0.41104
-0.298291
-0.219536
-0.16009
-0.1103
-0.0639666
-0.0164437
0.0366427
0.100431
0.182064
0.29261
0.449289
0.67554
1.0109
1.56482
2.36772
-3.45069
-1.62314
-0.778223
-0.461432
-0.30473
-0.213287
-0.156348
-0.115772
-0.0815313
-0.0483381
-0.0127897
0.0281865
0.0784127
0.143871
0.235469
0.374063
0.598821
1.0122
1.972
3.91379
)
;

boundaryField
{
    movingWall
    {
        type            zeroGradient;
    }
    fixedWalls
    {
        type            zeroGradient;
    }
    frontAndBack
    {
        type            empty;
    }
}


// ************************************************************************* //
