/*--------------------------------*- C++ -*----------------------------------*\
  =========                 |
  \\      /  F ield         | OpenFOAM: The Open Source CFD Toolbox
   \\    /   O peration     | Website:  https://openfoam.org
    \\  /    A nd           | Version:  6
     \\/     M anipulation  |
\*---------------------------------------------------------------------------*/
FoamFile
{
    version     2.0;
    format      ascii;
    class       volScalarField;
    location    "0.295";
    object      p;
}
// * * * * * * * * * * * * * * * * * * * * * * * * * * * * * * * * * * * * * //

dimensions      [0 2 -2 0 0 0 0];

internalField   nonuniform List<scalar> 
400
(
5.95412e-06
-0.023187
-0.0520667
-0.0743219
-0.0826431
-0.0737567
-0.0474177
-0.00555989
0.0483936
0.110045
0.174426
0.236345
0.290734
0.333033
0.359653
0.368562
0.360018
0.337433
0.308331
0.285148
0.022989
-0.000841568
-0.0235042
-0.038848
-0.0432779
-0.0344955
-0.012203
0.022206
0.0661364
0.116167
0.168373
0.218631
0.262934
0.297724
0.320265
0.329078
0.324468
0.308841
0.285983
0.262193
0.0535359
0.0205146
-0.00400682
-0.0181582
-0.0217583
-0.0135553
0.00642959
0.0368472
0.0754272
0.119244
0.16495
0.209024
0.248029
0.27889
0.299181
0.307447
0.303661
0.289183
0.26441
0.23142
0.0816219
0.035941
0.00545032
-0.0106867
-0.0150839
-0.00741661
0.0118188
0.0410295
0.077936
0.119764
0.163402
0.205578
0.243069
0.27291
0.292618
0.300447
0.295869
0.279317
0.248443
0.202705
0.10073
0.0416729
0.00403248
-0.0149493
-0.0202791
-0.0124552
0.00750432
0.0376352
0.0754838
0.118249
0.162866
0.20613
0.244831
0.275919
0.296658
0.304859
0.299417
0.279933
0.241711
0.182395
0.106184
0.0334799
-0.0116168
-0.0333666
-0.0389634
-0.0296871
-0.00712634
0.0262851
0.067799
0.114459
0.163119
0.210503
0.253278
0.288159
0.312008
0.322055
0.316536
0.294236
0.248295
0.174971
0.0939263
0.00716658
-0.0452612
-0.0690024
-0.0734812
-0.0608243
-0.0332819
0.00614088
0.0543057
0.108015
0.163963
0.218722
0.268744
0.310401
0.340024
0.354112
0.350105
0.325865
0.272279
0.18433
0.0596262
-0.0418545
-0.101097
-0.125305
-0.126473
-0.10778
-0.0722962
-0.0237118
0.0343743
0.0984887
0.165151
0.230768
0.291554
0.343478
0.382226
0.4034
0.403419
0.378955
0.318223
0.214731
-0.00204271
-0.11917
-0.184208
-0.206423
-0.20108
-0.172796
-0.125698
-0.0642949
0.0073174
0.0854193
0.16642
0.246637
0.322101
0.388383
0.440451
0.472807
0.480536
0.458636
0.391834
0.271595
-0.0981038
-0.231975
-0.30094
-0.317328
-0.300881
-0.258269
-0.195001
-0.116538
-0.0274513
0.0684118
0.167521
0.266293
0.360741
0.446145
0.51674
0.565732
0.586443
0.571464
0.500647
0.362304
-0.238221
-0.389873
-0.459322
-0.463864
-0.429686
-0.366413
-0.281329
-0.180936
-0.0701516
0.0473011
0.16827
0.289606
0.407631
0.517594
0.613109
0.685948
0.727173
0.725906
0.654918
0.497274
-0.436304
-0.60609
-0.66958
-0.652678
-0.591125
-0.498705
-0.384859
-0.257064
-0.120269
0.022385
0.16863
0.316287
0.462516
0.603029
0.73117
0.837321
0.909822
0.93294
0.868947
0.69172
-0.713585
-0.899403
-0.944704
-0.89087
-0.787858
-0.654988
-0.503992
-0.342918
-0.176075
-0.00528657
0.168815
0.345783
0.524414
0.701699
0.871474
1.0232
1.14232
1.2067
1.16312
0.96897
-1.10504
-1.29729
-1.30074
-1.18488
-1.02003
-0.83199
-0.634166
-0.434044
-0.234068
-0.033619
0.169329
0.377057
0.59108
0.81092
1.03229
1.24505
1.43243
1.56485
1.5672
1.3672
-1.67262
-1.84052
-1.75571
-1.53746
-1.28215
-1.02084
-0.766133
-0.522489
-0.288422
-0.059291
0.170833
0.408115
0.658097
0.924539
1.20733
1.4995
1.78482
2.02754
2.12493
1.95306
-2.52804
-2.58723
-2.32554
-1.94252
-1.55887
-1.20424
-0.884448
-0.596192
-0.330905
-0.0779635
0.173763
0.435412
0.717878
1.03122
1.38287
1.77417
2.19596
2.61319
2.89777
2.84434
-3.873
-3.61305
-3.0165
-2.38086
-1.82324
-1.35642
-0.968444
-0.6404
-0.352264
-0.0853358
0.177703
0.453624
0.759656
1.11425
1.53688
2.04545
2.64948
3.33063
3.96435
4.24908
-6.15941
-5.01374
-3.78644
-2.79028
-2.01928
-1.43417
-0.98842
-0.63663
-0.342544
-0.0781364
0.179931
0.453513
0.765967
1.14532
1.62783
2.259
3.0847
4.13978
5.42506
6.62751
-10.5695
-6.84899
-4.35764
-2.91497
-1.96812
-1.32305
-0.875108
-0.54555
-0.282409
-0.0515988
0.172432
0.412774
0.695021
1.05334
1.53993
2.23474
3.24505
4.76455
7.34525
11.1677
-17.9825
-8.6112
-4.15441
-2.37805
-1.46163
-0.918362
-0.578362
-0.3445
-0.163424
-0.00553448
0.148964
0.317269
0.519128
0.783952
1.16479
1.76025
2.74769
4.62118
9.19196
18.678
)
;

boundaryField
{
    movingWall
    {
        type            zeroGradient;
    }
    fixedWalls
    {
        type            zeroGradient;
    }
    frontAndBack
    {
        type            empty;
    }
}


// ************************************************************************* //
