/*--------------------------------*- C++ -*----------------------------------*\
  =========                 |
  \\      /  F ield         | OpenFOAM: The Open Source CFD Toolbox
   \\    /   O peration     | Website:  https://openfoam.org
    \\  /    A nd           | Version:  6
     \\/     M anipulation  |
\*---------------------------------------------------------------------------*/
FoamFile
{
    version     2.0;
    format      ascii;
    class       volScalarField;
    location    "0.05";
    object      p;
}
// * * * * * * * * * * * * * * * * * * * * * * * * * * * * * * * * * * * * * //

dimensions      [0 2 -2 0 0 0 0];

internalField   nonuniform List<scalar> 
400
(
4.7423e-09
-0.000245086
-0.000259239
3.70257e-05
0.00062197
0.0014699
0.00255218
0.00383454
0.00527703
0.00683384
0.00845341
0.0100791
0.0116502
0.0131038
0.0143767
0.0154084
0.0161449
0.0165411
0.0165677
0.0163171
0.000243627
-1.09362e-05
5.0166e-06
0.000310797
0.000877559
0.00169092
0.0027294
0.00396226
0.0053518
0.00685394
0.00841864
0.00999062
0.0115106
0.0129172
0.0141489
0.0151484
0.0158685
0.0162752
0.0163317
0.0160693
0.000263529
-5.15391e-05
-4.63239e-05
0.000260747
0.000825062
0.00163413
0.00266894
0.00390025
0.00529147
0.00679926
0.00837388
0.00995987
0.0114973
0.0129234
0.0141752
0.0151931
0.015929
0.0163475
0.0163941
0.0160647
-3.24253e-05
-0.000404879
-0.000418269
-0.00010692
0.000472446
0.00130606
0.00237503
0.0036502
0.00509497
0.00666567
0.00831166
0.0099758
0.0115955
0.0131043
0.0144339
0.0155189
0.0163047
0.0167491
0.0167821
0.0163877
-0.000651787
-0.00107386
-0.00110106
-0.000775484
-0.00016286
0.00072155
0.00185835
0.00321777
0.00476248
0.0064477
0.00822098
0.0100224
0.0117851
0.0134364
0.0149002
0.016101
0.0169739
0.0174666
0.0174955
0.0170412
-0.00161276
-0.00208808
-0.0021254
-0.00177349
-0.00110751
-0.000144543
0.00109511
0.00258054
0.00427321
0.00612672
0.00808629
0.0100883
0.0120603
0.0139216
0.0155845
0.0169592
0.0179653
0.0185358
0.0185699
0.018047
-0.00294789
-0.00348782
-0.00353317
-0.00314161
-0.00240052
-0.00132953
4.96814e-05
0.0017047
0.0035955
0.00567396
0.00788282
0.0101546
0.0124104
0.0145594
0.0164994
0.0181207
0.0193199
0.0200075
0.0200573
0.0194465
-0.00470429
-0.00532525
-0.00537723
-0.00493117
-0.00409126
-0.00288092
-0.00132372
0.000546092
0.00268698
0.00504944
0.00757434
0.0101909
0.012814
0.015342
0.0176544
0.0196152
0.0210881
0.0219481
0.0220289
0.0213009
-0.00694656
-0.00767004
-0.00772719
-0.00720903
-0.00624349
-0.00485964
-0.0030837
-0.000952067
0.00149242
0.00419972
0.00711032
0.0101521
0.0132357
0.0162492
0.019052
0.0214742
0.0233327
0.0244469
0.0245837
0.0236967
-0.00976107
-0.0106149
-0.0106742
-0.0100611
-0.00893771
-0.0073417
-0.00530285
-0.00286024
-5.76671e-05
0.00305563
0.00642233
0.00997276
0.013618
0.0172398
0.0206782
0.0237233
0.0261275
0.0276229
0.027862
0.0267546
-0.0132636
-0.0142839
-0.0143372
-0.0135963
-0.0122737
-0.0104194
-0.00806822
-0.00526265
-0.00204733
0.00153094
0.0054207
0.00956079
0.0138709
0.0182364
0.0224855
0.026367
0.0295499
0.0316319
0.0320653
0.0306484
-0.0176136
-0.0188465
-0.0188732
-0.0179528
-0.0163735
-0.0142024
-0.0114805
-0.00825546
-0.00457312
-0.000476422
0.0039933
0.0087916
0.01386
0.0191053
0.0243642
0.0293573
0.0336588
0.0366687
0.0374893
0.0356465
-0.0230425
-0.0245419
-0.0244919
-0.0233054
-0.0213848
-0.0188171
-0.015651
-0.0119414
-0.00773741
-0.00307787
0.00200981
0.00750708
0.0133946
0.0196291
0.0260962
0.0325331
0.0384401
0.0429555
0.0445826
0.042224
-0.0299126
-0.0317227
-0.0314774
-0.0298745
-0.0274824
-0.0244036
-0.020693
-0.0164174
-0.0116331
-0.00637711
-0.000661817
0.00552729
0.0122276
0.0194821
0.0272916
0.0355144
0.0436958
0.0507109
0.0540829
0.0513912
-0.0388476
-0.0409294
-0.04021
-0.0379272
-0.0348618
-0.0311009
-0.026701
-0.0217471
-0.0163104
-0.0104319
-0.0041125
0.00269484
0.0100923
0.0182384
0.0273287
0.0375286
0.0487561
0.0598744
0.0670132
0.0652699
-0.0510301
-0.0530182
-0.0511723
-0.047757
-0.0437084
-0.0390039
-0.0336934
-0.0278931
-0.0216996
-0.0151657
-0.0082894
-0.00100264
0.00684617
0.0155214
0.0254487
0.0373006
0.051928
0.0690308
0.0836689
0.0872257
-0.0689608
-0.0693656
-0.0649173
-0.0596022
-0.0540556
-0.0479716
-0.0414001
-0.0345036
-0.0274056
-0.020166
-0.0127793
-0.0051691
0.00283161
0.0115341
0.0215303
0.0340389
0.0513587
0.0756864
0.103673
0.122752
-0.0987828
-0.0916598
-0.0812882
-0.0726784
-0.064743
-0.0566786
-0.0484932
-0.040332
-0.0322842
-0.0243715
-0.0165556
-0.00873878
-0.000739773
0.00778937
0.0175968
0.0304561
0.0504106
0.0841917
0.135735
0.190612
-0.15784
-0.11823
-0.0933405
-0.0800524
-0.0699152
-0.0603962
-0.0512856
-0.0425651
-0.0341782
-0.0260734
-0.0181794
-0.0103727
-0.00242449
0.00615115
0.0165194
0.0315664
0.0580334
0.109313
0.203986
0.335726
-0.284952
-0.13683
-0.0821074
-0.0689027
-0.0614917
-0.0538508
-0.0463432
-0.0390109
-0.0317067
-0.024406
-0.0171154
-0.00976978
-0.00215167
0.0063107
0.0171384
0.0343999
0.0684878
0.142857
0.295852
0.55309
)
;

boundaryField
{
    movingWall
    {
        type            zeroGradient;
    }
    fixedWalls
    {
        type            zeroGradient;
    }
    frontAndBack
    {
        type            empty;
    }
}


// ************************************************************************* //
