/*--------------------------------*- C++ -*----------------------------------*\
  =========                 |
  \\      /  F ield         | OpenFOAM: The Open Source CFD Toolbox
   \\    /   O peration     | Website:  https://openfoam.org
    \\  /    A nd           | Version:  6
     \\/     M anipulation  |
\*---------------------------------------------------------------------------*/
FoamFile
{
    version     2.0;
    format      ascii;
    class       surfaceScalarField;
    location    "0.05";
    object      phi;
}
// * * * * * * * * * * * * * * * * * * * * * * * * * * * * * * * * * * * * * //

dimensions      [0 3 -1 0 0 0 0];

internalField   nonuniform List<scalar> 
760
(
-1.73731e-08
1.73731e-08
-7.62158e-08
5.88427e-08
-1.51568e-07
7.53524e-08
-2.27792e-07
7.62239e-08
-2.98347e-07
7.05549e-08
-3.60232e-07
6.18851e-08
-4.11556e-07
5.13241e-08
-4.50834e-07
3.92782e-08
-4.76834e-07
2.59991e-08
-4.88569e-07
1.17358e-08
-4.85344e-07
-3.22585e-09
-4.66795e-07
-1.85484e-08
-4.32964e-07
-3.38309e-08
-3.84369e-07
-4.85954e-08
-3.22121e-07
-6.22482e-08
-2.48195e-07
-7.39256e-08
-1.66254e-07
-8.19407e-08
-8.41859e-08
-8.20686e-08
-1.96587e-08
-6.45272e-08
-1.96587e-08
-5.9756e-08
7.7129e-08
-1.84899e-07
1.83986e-07
-3.35332e-07
2.25785e-07
-4.8698e-07
2.27872e-07
-6.27583e-07
2.11158e-07
-7.5072e-07
1.85022e-07
-8.52327e-07
1.52931e-07
-9.29384e-07
1.16336e-07
-9.79538e-07
7.6153e-08
-1.00103e-06
3.32233e-08
-9.92696e-07
-1.15555e-08
-9.54078e-07
-5.71664e-08
-8.85486e-07
-1.02423e-07
-7.88173e-07
-1.45909e-07
-6.6458e-07
-1.85841e-07
-5.18899e-07
-2.19606e-07
-3.5857e-07
-2.4227e-07
-1.97893e-07
-2.42746e-07
-6.38903e-08
-1.98529e-07
-8.3549e-08
-8.12781e-08
1.58407e-07
-2.41734e-07
3.44442e-07
-4.29969e-07
4.1402e-07
-6.18048e-07
4.15951e-07
-7.91844e-07
3.84954e-07
-9.43731e-07
3.36909e-07
-1.0688e-06
2.77996e-07
-1.16341e-06
2.10947e-07
-1.22478e-06
1.3752e-07
-1.25084e-06
5.9284e-08
-1.24025e-06
-2.21387e-08
-1.19248e-06
-1.04942e-07
-1.10788e-06
-1.87025e-07
-9.87922e-07
-2.65862e-07
-8.35529e-07
-3.38234e-07
-6.55716e-07
-3.9942e-07
-4.57296e-07
-4.40689e-07
-2.56847e-07
-4.43196e-07
-8.59102e-08
-3.69466e-07
-1.69459e-07
-9.20257e-08
2.50433e-07
-2.73906e-07
5.26322e-07
-4.85742e-07
6.25856e-07
-6.96186e-07
6.26395e-07
-8.89987e-07
5.78756e-07
-1.05905e-06
5.05974e-07
-1.19819e-06
4.17135e-07
-1.30358e-06
3.16334e-07
-1.37227e-06
2.06212e-07
-1.40205e-06
8.90645e-08
-1.39141e-06
-3.2783e-08
-1.33958e-06
-1.5677e-07
-1.24671e-06
-2.79898e-07
-1.11407e-06
-3.98493e-07
-9.44533e-07
-5.07776e-07
-7.43302e-07
-6.00651e-07
-5.19888e-07
-6.64103e-07
-2.92636e-07
-6.70448e-07
-9.75939e-08
-5.64508e-07
-2.67053e-07
-1.01105e-07
3.51538e-07
-3.0208e-07
7.27296e-07
-5.35688e-07
8.59464e-07
-7.66967e-07
8.57674e-07
-9.79377e-07
7.91166e-07
-1.16441e-06
6.91011e-07
-1.31677e-06
5.69488e-07
-1.43258e-06
4.32148e-07
-1.50887e-06
2.82503e-07
-1.54331e-06
1.23505e-07
-1.53415e-06
-4.19436e-08
-1.48025e-06
-2.10667e-07
-1.38126e-06
-3.78889e-07
-1.23792e-06
-5.4183e-07
-1.05266e-06
-6.93039e-07
-8.30624e-07
-8.22688e-07
-5.82044e-07
-9.12683e-07
-3.27585e-07
-9.24907e-07
-1.0869e-07
-7.83403e-07
-3.75743e-07
-1.12249e-07
4.63787e-07
-3.35884e-07
9.50932e-07
-5.95341e-07
1.11892e-06
-8.51381e-07
1.11371e-06
-1.08583e-06
1.02562e-06
-1.28972e-06
8.94896e-07
-1.45769e-06
7.37462e-07
-1.586e-06
5.60454e-07
-1.67173e-06
3.68231e-07
-1.71248e-06
1.64258e-07
-1.70622e-06
-4.82067e-08
-1.65125e-06
-2.65639e-07
-1.54641e-06
-4.83729e-07
-1.3915e-06
-6.96737e-07
-1.18808e-06
-8.96458e-07
-9.4093e-07
-1.06984e-06
-6.61086e-07
-1.19253e-06
-3.72344e-07
-1.21365e-06
-1.23204e-07
-1.03254e-06
-4.98946e-07
-1.26939e-07
5.90726e-07
-3.79591e-07
1.20358e-06
-6.7172e-07
1.41105e-06
-9.58715e-07
1.40071e-06
-1.2204e-06
1.2873e-06
-1.44732e-06
1.12182e-06
-1.63427e-06
9.24415e-07
-1.77782e-06
7.04004e-07
-1.87533e-06
4.65739e-07
-1.92444e-06
2.13372e-07
-1.92281e-06
-4.98365e-08
-1.868e-06
-3.2045e-07
-1.75766e-06
-5.94071e-07
-1.59006e-06
-8.64337e-07
-1.36519e-06
-1.12132e-06
-1.08686e-06
-1.34817e-06
-7.66787e-07
-1.5126e-06
-4.3282e-07
-1.54762e-06
-1.43089e-07
-1.32227e-06
-6.42036e-07
-1.46169e-07
7.36895e-07
-4.36064e-07
1.49348e-06
-7.69405e-07
1.74439e-06
-1.09472e-06
1.72602e-06
-1.38944e-06
1.58202e-06
-1.64381e-06
1.37619e-06
-1.85311e-06
1.13371e-06
-2.01463e-06
8.65522e-07
-2.12635e-06
5.7746e-07
-2.18621e-06
2.73232e-07
-2.19161e-06
-4.44382e-08
-2.13918e-06
-3.72882e-07
-2.02488e-06
-7.08371e-07
-1.84462e-06
-1.0446e-06
-1.59569e-06
-1.37025e-06
-1.27973e-06
-1.66413e-06
-9.08496e-07
-1.88384e-06
-5.14849e-07
-1.94126e-06
-1.70275e-07
-1.66685e-06
-8.12311e-07
-1.71171e-07
9.08066e-07
-5.08618e-07
1.83093e-06
-8.9341e-07
2.12918e-06
-1.26528e-06
2.09789e-06
-1.59899e-06
1.91574e-06
-1.88487e-06
1.66207e-06
-2.11933e-06
1.36817e-06
-2.30105e-06
1.04724e-06
-2.42923e-06
7.05638e-07
-2.50251e-06
3.46519e-07
-2.51826e-06
-2.86967e-08
-2.47202e-06
-4.19117e-07
-2.3575e-06
-8.2289e-07
-2.16708e-06
-1.23503e-06
-1.89356e-06
-1.64377e-06
-1.53426e-06
-2.02343e-06
-1.09927e-06
-2.31882e-06
-6.2705e-07
-2.41348e-06
-2.07755e-07
-2.08614e-06
-1.02007e-06
-2.0387e-07
1.11194e-06
-6.0212e-07
2.22918e-06
-1.05071e-06
2.57778e-06
-1.47814e-06
2.52531e-06
-1.85645e-06
2.29405e-06
-2.1769e-06
1.98252e-06
-2.43811e-06
1.62938e-06
-2.64119e-06
1.25032e-06
-2.78746e-06
8.51907e-07
-2.87698e-06
4.36045e-07
-2.90749e-06
1.81079e-09
-2.87352e-06
-4.53088e-07
-2.76593e-06
-9.3048e-07
-2.57211e-06
-1.42885e-06
-2.27775e-06
-1.93813e-06
-1.87207e-06
-2.42911e-06
-1.35973e-06
-2.83116e-06
-7.83999e-07
-2.98922e-06
-2.60933e-07
-2.60921e-06
-1.281e-06
-2.47493e-07
1.35943e-06
-7.24243e-07
2.70593e-06
-1.25171e-06
3.10524e-06
-1.74419e-06
3.0178e-06
-2.17157e-06
2.72143e-06
-2.52765e-06
2.3386e-06
-2.81496e-06
1.91669e-06
-3.03859e-06
1.47395e-06
-3.20329e-06
1.01661e-06
-3.31161e-06
5.4436e-07
-3.36243e-06
5.26357e-08
-3.34968e-06
-4.65835e-07
-3.2611e-06
-1.01906e-06
-3.07755e-06
-1.6124e-06
-2.77406e-06
-2.24161e-06
-2.32566e-06
-2.87752e-06
-1.72379e-06
-3.43303e-06
-1.01185e-06
-3.70116e-06
-3.40445e-07
-3.28062e-06
-1.62144e-06
-3.07695e-07
1.66712e-06
-8.87488e-07
3.28572e-06
-1.51223e-06
3.72998e-06
-2.07894e-06
3.58451e-06
-2.55722e-06
3.19971e-06
-2.9463e-06
2.72768e-06
-3.25526e-06
2.22564e-06
-3.4953e-06
1.714e-06
-3.67635e-06
1.19766e-06
-3.8049e-06
6.72911e-07
-3.88232e-06
1.30056e-07
-3.90299e-06
-4.45169e-07
-3.85203e-06
-1.07002e-06
-3.70286e-06
-1.76157e-06
-3.41588e-06
-2.5286e-06
-2.94285e-06
-3.35055e-06
-2.24737e-06
-4.1285e-06
-1.35891e-06
-4.58962e-06
-4.68596e-07
-4.17093e-06
-2.09004e-06
-3.94811e-07
2.06193e-06
-1.11268e-06
4.00359e-06
-1.85648e-06
4.47377e-06
-2.50403e-06
4.23207e-06
-3.02949e-06
3.72517e-06
-3.44243e-06
3.14062e-06
-3.76223e-06
2.54544e-06
-4.00901e-06
1.96079e-06
-4.19998e-06
1.38862e-06
-4.34739e-06
8.20322e-07
-4.45695e-06
2.39619e-07
-4.52561e-06
-3.76513e-07
-4.53802e-06
-1.05761e-06
-4.46123e-06
-1.83836e-06
-4.23836e-06
-2.75146e-06
-3.78667e-06
-3.80224e-06
-3.01724e-06
-4.89794e-06
-1.91194e-06
-5.69492e-06
-6.92435e-07
-5.39043e-06
-2.78247e-06
-5.28321e-07
2.59026e-06
-1.43452e-06
4.90979e-06
-2.31985e-06
5.3591e-06
-3.04639e-06
4.95861e-06
-3.60352e-06
4.2823e-06
-4.01911e-06
3.55621e-06
-4.32797e-06
2.8543e-06
-4.56236e-06
2.19517e-06
-4.74885e-06
1.57511e-06
-4.90727e-06
9.78744e-07
-5.04985e-06
3.82205e-07
-5.17933e-06
-2.47035e-07
-5.28448e-06
-9.52458e-07
-5.33128e-06
-1.79156e-06
-5.24816e-06
-2.83458e-06
-4.90918e-06
-4.14122e-06
-4.13866e-06
-5.66845e-06
-2.80451e-06
-7.02907e-06
-1.10125e-06
-7.09368e-06
-3.88373e-06
-7.44943e-07
3.3352e-06
-1.90751e-06
6.07236e-06
-2.94462e-06
6.39622e-06
-3.72301e-06
5.73699e-06
-4.2693e-06
4.82859e-06
-4.64178e-06
3.92869e-06
-4.8969e-06
3.10942e-06
-5.08196e-06
2.38023e-06
-5.23413e-06
1.72729e-06
-5.38154e-06
1.12615e-06
-5.54435e-06
5.45017e-07
-5.73444e-06
-5.69485e-08
-5.95138e-06
-7.35519e-07
-6.171e-06
-1.57194e-06
-6.32044e-06
-2.68513e-06
-6.23618e-06
-4.22549e-06
-5.62756e-06
-6.27707e-06
-4.15016e-06
-8.50648e-06
-1.8202e-06
-9.42364e-06
-5.70393e-06
-1.10908e-06
4.44427e-06
-2.59727e-06
7.56055e-06
-3.7353e-06
7.53425e-06
-4.46423e-06
6.46592e-06
-4.89048e-06
5.25484e-06
-5.11926e-06
4.15748e-06
-5.23426e-06
3.22442e-06
-5.29825e-06
2.44421e-06
-5.35691e-06
1.78594e-06
-5.44381e-06
1.21306e-06
-5.58501e-06
6.86216e-07
-5.80176e-06
1.59805e-07
-6.10937e-06
-4.27905e-07
-6.5069e-06
-1.17442e-06
-6.94622e-06
-2.24581e-06
-7.26372e-06
-3.90799e-06
-7.07635e-06
-6.46443e-06
-5.75651e-06
-9.82632e-06
-2.89232e-06
-1.22878e-05
-8.59625e-06
-1.71177e-06
6.15604e-06
-3.48383e-06
9.33261e-06
-4.44924e-06
8.49966e-06
-4.82203e-06
6.83871e-06
-4.86116e-06
5.29398e-06
-4.73272e-06
4.02903e-06
-4.54247e-06
3.03417e-06
-4.358e-06
2.25975e-06
-4.22174e-06
1.64968e-06
-4.16167e-06
1.15298e-06
-4.20005e-06
7.24596e-07
-4.3598e-06
3.19563e-07
-4.6681e-06
-1.19608e-07
-5.15339e-06
-6.89124e-07
-5.82303e-06
-1.57618e-06
-6.59174e-06
-3.13928e-06
-7.118e-06
-5.93818e-06
-6.58586e-06
-1.03585e-05
-3.93063e-06
-1.49431e-05
-1.25269e-05
-2.59757e-06
8.75361e-06
-3.9709e-06
1.07059e-05
-3.82569e-06
8.35445e-06
-3.09015e-06
6.10317e-06
-2.22361e-06
4.42744e-06
-1.39538e-06
3.2008e-06
-6.746e-07
2.31339e-06
-9.0165e-08
1.67532e-06
3.50235e-07
1.20928e-06
6.47025e-07
8.56189e-07
7.99156e-07
5.72464e-07
7.97088e-07
3.21631e-07
6.15582e-07
6.18984e-08
2.04445e-07
-2.77987e-07
-5.18082e-07
-8.53653e-07
-1.64049e-06
-2.01687e-06
-3.11086e-06
-4.4678e-06
-4.32977e-06
-9.13955e-06
-3.65188e-06
-1.5621e-05
-1.61788e-05
-2.80882e-06
1.15624e-05
-6.74201e-07
8.57132e-06
2.61542e-06
5.06483e-06
5.39501e-06
3.32358e-06
7.55795e-06
2.2645e-06
9.22483e-06
1.53392e-06
1.04948e-05
1.04341e-06
1.14479e-05
7.22178e-07
1.21495e-05
5.07687e-07
1.26481e-05
3.57657e-07
1.29747e-05
2.45789e-07
1.31426e-05
1.53771e-07
1.31406e-05
6.39063e-08
1.29151e-05
-5.24535e-08
1.23265e-05
-2.65062e-07
1.10777e-05
-7.68074e-07
8.69179e-06
-2.08192e-06
4.81133e-06
-5.25909e-06
4.85699e-07
-1.12953e-05
-1.56931e-05
1.15624e-05
2.01338e-05
2.51986e-05
2.85222e-05
3.07867e-05
3.23206e-05
3.3364e-05
3.40862e-05
3.45939e-05
3.49515e-05
3.51973e-05
3.53511e-05
3.5415e-05
3.53625e-05
3.50975e-05
3.43294e-05
3.22475e-05
2.69884e-05
1.56931e-05
)
;

boundaryField
{
    movingWall
    {
        type            calculated;
        value           uniform 0;
    }
    fixedWalls
    {
        type            calculated;
        value           uniform 0;
    }
    frontAndBack
    {
        type            empty;
        value           nonuniform 0();
    }
}


// ************************************************************************* //
