/*--------------------------------*- C++ -*----------------------------------*\
  =========                 |
  \\      /  F ield         | OpenFOAM: The Open Source CFD Toolbox
   \\    /   O peration     | Website:  https://openfoam.org
    \\  /    A nd           | Version:  6
     \\/     M anipulation  |
\*---------------------------------------------------------------------------*/
FoamFile
{
    version     2.0;
    format      ascii;
    class       volVectorField;
    location    "0.05";
    object      U;
}
// * * * * * * * * * * * * * * * * * * * * * * * * * * * * * * * * * * * * * //

dimensions      [0 1 -1 0 0 0 0];

internalField   nonuniform List<vector> 
400
(
(-0.000121664 0.000119486 0)
(-0.000849762 0.000478963 0)
(-0.00224201 0.000626658 0)
(-0.00380352 0.000635541 0)
(-0.00529057 0.000588286 0)
(-0.00662384 0.000516876 0)
(-0.00776213 0.000430342 0)
(-0.00867306 0.000331551 0)
(-0.00932962 0.000222248 0)
(-0.00970963 0.000104307 0)
(-0.00979617 -1.99821e-05 0)
(-0.00957849 -0.000147827 0)
(-0.00905318 -0.000275863 0)
(-0.00822551 -0.000400077 0)
(-0.00711131 -0.000515559 0)
(-0.00573975 -0.000615258 0)
(-0.00415905 -0.000684922 0)
(-0.0024685 -0.000686314 0)
(-0.000948008 -0.000530261 0)
(-0.0001414 -0.000140316 0)
(-0.000488684 0.000847193 0)
(-0.00227051 0.00223192 0)
(-0.00513577 0.00278542 0)
(-0.00825154 0.00281715 0)
(-0.0112131 0.00261117 0)
(-0.0138698 0.00229034 0)
(-0.0161312 0.00189713 0)
(-0.0179286 0.00144827 0)
(-0.0192087 0.000954215 0)
(-0.0199304 0.000424891 0)
(-0.0200646 -0.000128748 0)
(-0.0195947 -0.000694057 0)
(-0.0185187 -0.00125617 0)
(-0.0168516 -0.0017974 0)
(-0.0146294 -0.00229565 0)
(-0.0119157 -0.00271873 0)
(-0.00881149 -0.0030047 0)
(-0.00549812 -0.003008 0)
(-0.00243429 -0.00242296 0)
(-0.000524617 -0.00092985 0)
(-0.0006761 0.00228984 0)
(-0.00301305 0.00515323 0)
(-0.00664101 0.00624918 0)
(-0.0105215 0.0062936 0)
(-0.0141871 0.00583004 0)
(-0.0174677 0.00510643 0)
(-0.0202546 0.0042175 0)
(-0.0224645 0.0032042 0)
(-0.0240339 0.00209274 0)
(-0.0249146 0.000906835 0)
(-0.0250725 -0.000328576 0)
(-0.0244884 -0.00158552 0)
(-0.0231599 -0.00283148 0)
(-0.0211045 -0.00402759 0)
(-0.0183648 -0.00512475 0)
(-0.0150171 -0.00605112 0)
(-0.0111817 -0.00667288 0)
(-0.00706507 -0.00669686 0)
(-0.00320113 -0.00553763 0)
(-0.000715986 -0.00246017 0)
(-0.000764557 0.00404927 0)
(-0.00341507 0.00862599 0)
(-0.0075154 0.0103051 0)
(-0.0118699 0.0103337 0)
(-0.0159631 0.00955705 0)
(-0.0196171 0.00836064 0)
(-0.0227176 0.00689583 0)
(-0.0251768 0.00523047 0)
(-0.0269278 0.00340845 0)
(-0.0279195 0.00146857 0)
(-0.0281146 -0.000549389 0)
(-0.0274901 -0.00260141 0)
(-0.0260391 -0.00463624 0)
(-0.0237746 -0.00659189 0)
(-0.0207362 -0.00838888 0)
(-0.0170011 -0.00991034 0)
(-0.012696 -0.0109416 0)
(-0.00804369 -0.0110236 0)
(-0.00364546 -0.00924213 0)
(-0.000811721 -0.00431969 0)
(-0.000837371 0.00598073 0)
(-0.00376127 0.0124514 0)
(-0.008291 0.0147544 0)
(-0.0130857 0.0147456 0)
(-0.0175771 0.013615 0)
(-0.0215777 0.0118985 0)
(-0.0249703 0.00980822 0)
(-0.0276659 0.00743994 0)
(-0.0295973 0.00485525 0)
(-0.0307121 0.00210707 0)
(-0.0309698 -0.000751622 0)
(-0.0303412 -0.00366265 0)
(-0.0288103 -0.00655753 0)
(-0.0263795 -0.0093514 0)
(-0.0230779 -0.0119324 0)
(-0.0189767 -0.0141332 0)
(-0.0142057 -0.0156468 0)
(-0.00900993 -0.015824 0)
(-0.00407419 -0.0133683 0)
(-0.000900591 -0.00637839 0)
(-0.00092866 0.00810338 0)
(-0.00418067 0.0166746 0)
(-0.00921898 0.0196591 0)
(-0.0145367 0.0195948 0)
(-0.0195007 0.0180632 0)
(-0.0239107 0.0157713 0)
(-0.0276476 0.0129986 0)
(-0.0306237 0.00987106 0)
(-0.0327741 0.00646754 0)
(-0.034047 0.00285294 0)
(-0.0343983 -0.000909932 0)
(-0.0337906 -0.00475267 0)
(-0.0321942 -0.00859304 0)
(-0.029593 -0.012325 0)
(-0.025997 -0.0158022 0)
(-0.021463 -0.0187982 0)
(-0.0161205 -0.0208947 0)
(-0.0102436 -0.0212143 0)
(-0.00462858 -0.0180117 0)
(-0.00101877 -0.00868043 0)
(-0.00105109 0.0104802 0)
(-0.00472827 0.0214072 0)
(-0.010413 0.0251422 0)
(-0.0163883 0.0249963 0)
(-0.0219395 0.0230014 0)
(-0.0268522 0.0200618 0)
(-0.0310078 0.0165347 0)
(-0.0343245 0.0125795 0)
(-0.036744 0.00829169 0)
(-0.0382185 0.00374459 0)
(-0.0387017 -0.000994765 0)
(-0.0381458 -0.00585444 0)
(-0.0365015 -0.010745 0)
(-0.0337248 -0.0155435 0)
(-0.029793 -0.0200682 0)
(-0.0247348 -0.0240226 0)
(-0.0186691 -0.0268489 0)
(-0.0119035 -0.0273865 0)
(-0.00538383 -0.0233495 0)
(-0.00118262 -0.0113196 0)
(-0.0012132 0.0131924 0)
(-0.00544132 0.0267953 0)
(-0.0119491 0.0313581 0)
(-0.0187466 0.0310871 0)
(-0.0250172 0.0285417 0)
(-0.0305333 0.0248583 0)
(-0.0351835 0.020486 0)
(-0.0388998 0.0156218 0)
(-0.0416387 0.0103765 0)
(-0.0433622 0.00482642 0)
(-0.0440254 -0.000965861 0)
(-0.0435688 -0.00693569 0)
(-0.041917 -0.0129979 0)
(-0.0389846 -0.019022 0)
(-0.0346963 -0.0247936 0)
(-0.0290275 -0.0299343 0)
(-0.0220649 -0.0337085 0)
(-0.0141456 -0.0345913 0)
(-0.0064151 -0.0296234 0)
(-0.00140813 -0.0144206 0)
(-0.0014262 0.0163413 0)
(-0.00636464 0.0330221 0)
(-0.0139129 0.0384935 0)
(-0.0217243 0.0380239 0)
(-0.0288557 0.0348034 0)
(-0.0350725 0.0302479 0)
(-0.0402829 0.0249166 0)
(-0.0444464 0.0190496 0)
(-0.047547 0.0127701 0)
(-0.0495674 0.00614933 0)
(-0.0504702 -0.00076717 0)
(-0.0501857 -0.00793865 0)
(-0.0486056 -0.0153031 0)
(-0.0455859 -0.0227409 0)
(-0.0409691 -0.030016 0)
(-0.0346362 -0.0366594 0)
(-0.0265971 -0.0417085 0)
(-0.0171951 -0.0431558 0)
(-0.00783713 -0.0371643 0)
(-0.00172105 -0.0181533 0)
(-0.00170857 0.0200586 0)
(-0.0075665 0.0403191 0)
(-0.0164277 0.0467726 0)
(-0.0254747 0.0459803 0)
(-0.0336109 0.0419051 0)
(-0.04061 0.0363055 0)
(-0.046422 0.0298744 0)
(-0.0510556 0.0228998 0)
(-0.0545423 0.0155132 0)
(-0.0569016 0.00776901 0)
(-0.0581154 -0.000322282 0)
(-0.058109 -0.00876766 0)
(-0.0567368 -0.0175577 0)
(-0.0537773 -0.0266164 0)
(-0.0489501 -0.035714 0)
(-0.041977 -0.0442953 0)
(-0.0327067 -0.0511142 0)
(-0.0214219 -0.0535095 0)
(-0.00985186 -0.0464422 0)
(-0.00216981 -0.0227652 0)
(-0.00209263 0.0245248 0)
(-0.00915836 0.0489894 0)
(-0.0196825 0.056468 0)
(-0.0302197 0.0551441 0)
(-0.0394948 0.0499528 0)
(-0.0473231 0.0430782 0)
(-0.0537329 0.035374 0)
(-0.0588155 0.0271803 0)
(-0.0626785 0.0186287 0)
(-0.0654018 0.00974072 0)
(-0.0670052 0.000468085 0)
(-0.0674218 -0.0092759 0)
(-0.0664715 -0.0195773 0)
(-0.0638397 -0.0304574 0)
(-0.0590755 -0.0417515 0)
(-0.0516454 -0.0528558 0)
(-0.0410876 -0.0621952 0)
(-0.027463 -0.066218 0)
(-0.0128415 -0.0581574 0)
(-0.00285432 -0.0286492 0)
(-0.00263768 0.030005 0)
(-0.0113292 0.0594462 0)
(-0.0239759 0.0679141 0)
(-0.0362869 0.0657089 0)
(-0.046799 0.0590193 0)
(-0.0554345 0.0505601 0)
(-0.06236 0.0413729 0)
(-0.067797 0.0318485 0)
(-0.071967 0.0221044 0)
(-0.0750422 0.0121078 0)
(-0.0771079 0.00172347 0)
(-0.0781291 -0.00925413 0)
(-0.0779096 -0.0210629 0)
(-0.0760419 -0.0339036 0)
(-0.0718634 -0.0477846 0)
(-0.0644625 -0.0621626 0)
(-0.0528208 -0.0751492 0)
(-0.0364323 -0.0820144 0)
(-0.0175635 -0.0734095 0)
(-0.00399599 -0.0365024 0)
(-0.00345772 0.0369166 0)
(-0.0144095 0.0722732 0)
(-0.0297852 0.0815181 0)
(-0.0441559 0.0778486 0)
(-0.0559097 0.0691041 0)
(-0.0652014 0.0586496 0)
(-0.0724278 0.0477316 0)
(-0.0780036 0.0367765 0)
(-0.0823116 0.0258636 0)
(-0.0856534 0.0148784 0)
(-0.0882154 0.00356839 0)
(-0.0900344 -0.008431 0)
(-0.0909425 -0.0215738 0)
(-0.0904786 -0.0363496 0)
(-0.0877672 -0.0531185 0)
(-0.0814015 -0.0716405 0)
(-0.0694525 -0.0899054 0)
(-0.0501905 -0.101768 0)
(-0.0255035 -0.0939734 0)
(-0.006089 -0.047688 0)
(-0.00477892 0.0459628 0)
(-0.0189871 0.0883135 0)
(-0.0378609 0.0977457 0)
(-0.0544801 0.0916493 0)
(-0.0672549 0.0800526 0)
(-0.0768024 0.0670752 0)
(-0.0838805 0.0541494 0)
(-0.0891745 0.0416961 0)
(-0.0932776 0.0297151 0)
(-0.0966562 0.0179771 0)
(-0.0996347 0.00608578 0)
(-0.102374 -0.00651191 0)
(-0.104812 -0.0205394 0)
(-0.106542 -0.0368941 0)
(-0.106577 -0.056537 0)
(-0.102997 -0.0799764 0)
(-0.0925675 -0.105645 0)
(-0.0712805 -0.126097 0)
(-0.0392264 -0.122444 0)
(-0.0101327 -0.0648297 0)
(-0.00704999 0.0584001 0)
(-0.0260834 0.108778 0)
(-0.0492639 0.117024 0)
(-0.0678898 0.10694 0)
(-0.0809004 0.091388 0)
(-0.0897741 0.0752455 0)
(-0.0957979 0.0600368 0)
(-0.100005 0.0460875 0)
(-0.103233 0.0332498 0)
(-0.106127 0.0211377 0)
(-0.109166 0.00919451 0)
(-0.112676 -0.00332137 0)
(-0.116801 -0.0174123 0)
(-0.121363 -0.03446 0)
(-0.125538 -0.0562933 0)
(-0.127142 -0.0848176 0)
(-0.121461 -0.120045 0)
(-0.101011 -0.154311 0)
(-0.0616307 -0.161743 0)
(-0.0176476 -0.0924954 0)
(-0.0111066 0.0765884 0)
(-0.0372622 0.135255 0)
(-0.0648742 0.139336 0)
(-0.0837559 0.122791 0)
(-0.0947317 0.10183 0)
(-0.100778 0.0818363 0)
(-0.103869 0.0641779 0)
(-0.105417 0.0489057 0)
(-0.106475 0.0356047 0)
(-0.107811 0.0236727 0)
(-0.110002 0.0123882 0)
(-0.113517 0.000862316 0)
(-0.118744 -0.0121179 0)
(-0.125913 -0.0283847 0)
(-0.134764 -0.0507997 0)
(-0.14353 -0.0833816 0)
(-0.14666 -0.129487 0)
(-0.132964 -0.184021 0)
(-0.0913361 -0.214852 0)
(-0.0292215 -0.138835 0)
(-0.0182544 0.105074 0)
(-0.0539206 0.168673 0)
(-0.0823478 0.162144 0)
(-0.0950008 0.135443 0)
(-0.0979537 0.107643 0)
(-0.0963652 0.0836016 0)
(-0.0927911 0.0639279 0)
(-0.0888178 0.0480495 0)
(-0.0854766 0.0350961 0)
(-0.0834236 0.0241793 0)
(-0.0831285 0.0144305 0)
(-0.085025 0.00490272 0)
(-0.0896174 -0.00567005 0)
(-0.0975333 -0.0193673 0)
(-0.109397 -0.0399739 0)
(-0.124927 -0.074053 0)
(-0.139974 -0.130266 0)
(-0.142241 -0.210643 0)
(-0.112447 -0.281742 0)
(-0.0390461 -0.215917 0)
(-0.0293366 0.152019 0)
(-0.0722199 0.203618 0)
(-0.0827658 0.172755 0)
(-0.0708025 0.133026 0)
(-0.0531573 0.0998678 0)
(-0.0356787 0.0741677 0)
(-0.0200159 0.054822 0)
(-0.00692862 0.0403599 0)
(0.00329694 0.0293793 0)
(0.0106399 0.0207451 0)
(0.0151247 0.0135492 0)
(0.0166649 0.00695087 0)
(0.014928 -9.96081e-05 0)
(0.00914659 -0.00943648 0)
(-0.00215553 -0.0249307 0)
(-0.0211772 -0.0547181 0)
(-0.0488519 -0.113022 0)
(-0.0783972 -0.213564 0)
(-0.0848512 -0.333334 0)
(-0.0249048 -0.312695 0)
(-0.0304219 0.2217 0)
(-0.0460533 0.214477 0)
(0.0166422 0.146246 0)
(0.0820201 0.100858 0)
(0.132219 0.0708192 0)
(0.170045 0.0497198 0)
(0.198919 0.0350301 0)
(0.220779 0.0249333 0)
(0.23704 0.0178856 0)
(0.248831 0.0127741 0)
(0.256949 0.00885223 0)
(0.261831 0.00556526 0)
(0.263497 0.00234901 0)
(0.261311 -0.00172155 0)
(0.253353 -0.00881756 0)
(0.235143 -0.0246307 0)
(0.19847 -0.0631035 0)
(0.134892 -0.148598 0)
(0.061031 -0.285204 0)
(0.0641236 -0.333628 0)
(0.262708 0.135833 0)
(0.326892 0.11972 0)
(0.446555 0.0783569 0)
(0.539835 0.0507968 0)
(0.597657 0.0334096 0)
(0.634144 0.0219262 0)
(0.658707 0.0143775 0)
(0.675736 0.00953918 0)
(0.68766 0.0064606 0)
(0.696061 0.00446457 0)
(0.701929 0.00311495 0)
(0.705814 0.00213481 0)
(0.707894 0.00132238 0)
(0.707852 0.000454876 0)
(0.704349 -0.000913782 0)
(0.693484 -0.00398322 0)
(0.665662 -0.0123028 0)
(0.600525 -0.0346041 0)
(0.462074 -0.091931 0)
(0.349439 -0.143477 0)
)
;

boundaryField
{
    movingWall
    {
        type            fixedValue;
        value           uniform (1 0 0);
    }
    fixedWalls
    {
        type            noSlip;
    }
    frontAndBack
    {
        type            empty;
    }
}


// ************************************************************************* //
