/*--------------------------------*- C++ -*----------------------------------*\
  =========                 |
  \\      /  F ield         | OpenFOAM: The Open Source CFD Toolbox
   \\    /   O peration     | Website:  https://openfoam.org
    \\  /    A nd           | Version:  6
     \\/     M anipulation  |
\*---------------------------------------------------------------------------*/
FoamFile
{
    version     2.0;
    format      ascii;
    class       volScalarField;
    location    "0.085";
    object      p;
}
// * * * * * * * * * * * * * * * * * * * * * * * * * * * * * * * * * * * * * //

dimensions      [0 2 -2 0 0 0 0];

internalField   nonuniform List<scalar> 
400
(
2.31258e-05
-0.0580392
-0.130347
-0.186207
-0.207165
-0.18492
-0.118848
-0.0138597
0.121364
0.275707
0.436673
0.591284
0.726942
0.832371
0.898724
0.920991
0.899811
0.843621
0.771088
0.713023
0.0575773
-0.00207494
-0.0588371
-0.0973922
-0.108594
-0.0866066
-0.0306834
0.0556254
0.165727
0.290969
0.421478
0.546948
0.657422
0.744112
0.800284
0.822302
0.810919
0.77208
0.715123
0.65551
0.13407
0.0514368
-0.0100077
-0.045615
-0.0547463
-0.0341812
0.0160193
0.092403
0.189177
0.298916
0.413185
0.523181
0.620381
0.697209
0.747715
0.768343
0.759025
0.72309
0.661395
0.578793
0.204743
0.0903843
0.01393
-0.0267038
-0.0378242
-0.0185235
0.0299285
0.103436
0.196148
0.300987
0.410087
0.515274
0.60857
0.682709
0.731633
0.751095
0.739793
0.698745
0.621907
0.507492
0.253412
0.105442
0.0109794
-0.0368276
-0.0502277
-0.030375
0.0201176
0.0961703
0.191439
0.298735
0.410288
0.518082
0.614203
0.691213
0.742486
0.762716
0.749203
0.700894
0.60585
0.457621
0.268513
0.0861375
-0.027147
-0.0819057
-0.0958312
-0.0720543
-0.0146787
0.0699599
0.174702
0.291909
0.413577
0.531508
0.637511
0.723619
0.782283
0.806831
0.792983
0.737675
0.623547
0.44055
0.240023
0.0220669
-0.109764
-0.16946
-0.180299
-0.147579
-0.0771589
0.0230833
0.144907
0.279994
0.419894
0.556029
0.67971
0.782186
0.854687
0.888838
0.878472
0.818277
0.685288
0.466141
0.157166
-0.0982179
-0.247319
-0.308003
-0.310036
-0.26145
-0.170291
-0.0463128
0.10096
0.26242
0.429129
0.592092
0.742065
0.869382
0.963804
1.01487
1.01403
0.953086
0.802496
0.545098
0.00655197
-0.288772
-0.452562
-0.507843
-0.49272
-0.418979
-0.297514
-0.140326
0.0416502
0.238576
0.441173
0.640215
0.826043
0.98811
1.11454
1.19236
1.20987
1.1549
0.989346
0.690907
-0.229649
-0.567837
-0.741518
-0.78144
-0.737183
-0.625919
-0.462272
-0.26087
-0.0340329
0.207953
0.45589
0.700786
0.932986
1.14133
1.3123
1.42995
1.47846
1.43995
1.26442
0.921758
-0.576161
-0.95991
-1.1346
-1.14356
-1.05295
-0.887686
-0.667182
-0.40895
-0.126391
0.170396
0.473086
0.773757
1.06356
1.33136
1.5623
1.73712
1.83478
1.82909
1.65286
1.26312
-1.06873
-1.49885
-1.65794
-1.61118
-1.44929
-1.2081
-0.912797
-0.58365
-0.234315
0.126448
0.492476
0.858244
1.21702
1.55888
1.86848
2.12341
2.29624
2.34922
2.18961
1.75206
-1.76201
-2.23278
-2.34489
-2.2027
-1.93341
-1.58731
-1.19577
-0.780722
-0.354365
0.0777897
0.513645
0.951982
1.39013
1.82139
2.23172
2.59667
2.88207
3.03481
2.92441
2.44531
-2.74583
-3.23205
-3.23678
-2.9352
-2.50663
-2.01828
-1.50606
-0.990655
-0.479609
0.0277171
0.535892
1.0505
1.5756
2.11073
2.64651
3.15958
3.61068
3.92881
3.92987
3.43591
-4.17855
-4.60076
-4.38019
-3.81698
-3.15678
-2.48067
-1.82278
-1.19614
-0.598301
-0.0184353
0.557868
1.14589
1.75965
2.4091
3.09509
3.80206
4.49227
5.07995
5.31308
4.88692
-6.34414
-6.48668
-5.81681
-4.83463
-3.84755
-2.93377
-2.11026
-1.37026
-0.693305
-0.0533735
0.577056
1.2257
1.91984
2.68494
3.54033
4.49079
5.51601
6.53241
7.22513
7.08837
-9.7517
-9.08102
-7.56418
-5.94214
-4.5139
-3.31577
-2.31964
-1.47902
-0.74437
-0.0692385
0.589486
1.27361
2.02617
2.89335
3.92415
5.16403
6.63871
8.30626
9.86024
10.5557
-15.5364
-12.6255
-9.51764
-6.9847
-5.01685
-3.51979
-2.3777
-1.477
-0.727174
-0.0582747
0.587949
1.26603
2.03422
2.96249
4.14136
5.68448
7.70706
10.2989
13.4647
16.4325
-26.6562
-17.272
-10.9829
-7.32162
-4.90823
-3.25889
-2.11012
-1.26424
-0.59131
-0.00619187
0.554894
1.14955
1.84159
2.71623
3.90365
5.60275
8.0796
11.8177
18.1961
27.6823
-45.2701
-21.7485
-10.5222
-6.00944
-3.66575
-2.26886
-1.38834
-0.780179
-0.311283
0.0920858
0.479241
0.893029
1.38272
2.02186
2.94323
4.39233
6.80706
11.417
22.7573
46.3937
)
;

boundaryField
{
    movingWall
    {
        type            zeroGradient;
    }
    fixedWalls
    {
        type            zeroGradient;
    }
    frontAndBack
    {
        type            empty;
    }
}


// ************************************************************************* //
