/*--------------------------------*- C++ -*----------------------------------*\
  =========                 |
  \\      /  F ield         | OpenFOAM: The Open Source CFD Toolbox
   \\    /   O peration     | Website:  https://openfoam.org
    \\  /    A nd           | Version:  6
     \\/     M anipulation  |
\*---------------------------------------------------------------------------*/
FoamFile
{
    version     2.0;
    format      ascii;
    class       volScalarField;
    location    "0.25";
    object      p;
}
// * * * * * * * * * * * * * * * * * * * * * * * * * * * * * * * * * * * * * //

dimensions      [0 2 -2 0 0 0 0];

internalField   nonuniform List<scalar> 
400
(
7.0655e-06
-0.0231852
-0.0520649
-0.0743201
-0.0826411
-0.0737545
-0.0474155
-0.00555779
0.0483954
0.110047
0.174428
0.236347
0.290736
0.333035
0.359655
0.368564
0.36002
0.337435
0.308332
0.285149
0.0229909
-0.000839612
-0.0235023
-0.0388462
-0.0432762
-0.0344936
-0.0122009
0.0222083
0.0661386
0.116169
0.168375
0.218633
0.262936
0.297726
0.320268
0.329081
0.32447
0.308842
0.285985
0.262195
0.0535379
0.0205167
-0.00400475
-0.0181563
-0.0217566
-0.0135536
0.00643146
0.0368494
0.0754296
0.119246
0.164952
0.209025
0.248031
0.278892
0.299183
0.307449
0.303664
0.289185
0.264412
0.231422
0.0816237
0.0359431
0.0054525
-0.0106845
-0.015082
-0.00741495
0.0118205
0.0410314
0.0779382
0.119767
0.163404
0.20558
0.243071
0.272912
0.292619
0.300449
0.295871
0.279319
0.248445
0.202707
0.100732
0.0416748
0.00403461
-0.014947
-0.0202769
-0.0124533
0.00750592
0.0376367
0.0754856
0.118251
0.162869
0.206132
0.244833
0.27592
0.29666
0.304861
0.299419
0.279936
0.241713
0.182397
0.106186
0.0334816
-0.0116149
-0.0333644
-0.038961
-0.0296849
-0.00712447
0.0262867
0.0678005
0.11446
0.163122
0.210506
0.253281
0.288161
0.31201
0.322057
0.316538
0.294238
0.248298
0.174974
0.0939283
0.00716832
-0.0452595
-0.0690004
-0.0734789
-0.0608218
-0.0332796
0.00614275
0.0543072
0.108016
0.163965
0.218724
0.268747
0.310404
0.340026
0.354114
0.350107
0.325867
0.272281
0.184332
0.0596284
-0.0418526
-0.101095
-0.125303
-0.126471
-0.107778
-0.0722937
-0.0237094
0.0343762
0.0984902
0.165152
0.23077
0.291557
0.34348
0.382229
0.403402
0.403421
0.378956
0.318225
0.214733
-0.0020404
-0.119168
-0.184206
-0.206421
-0.201078
-0.172794
-0.125695
-0.0642924
0.00731975
0.0854212
0.166421
0.246639
0.322103
0.388385
0.440453
0.47281
0.480538
0.458638
0.391836
0.271596
-0.0981016
-0.231972
-0.300938
-0.317326
-0.300879
-0.258267
-0.194999
-0.116536
-0.0274487
0.0684141
0.167523
0.266295
0.360743
0.446147
0.516742
0.565734
0.586445
0.571466
0.500649
0.362306
-0.238219
-0.389871
-0.459319
-0.463862
-0.429685
-0.366411
-0.281328
-0.180934
-0.0701493
0.0473036
0.168272
0.289608
0.407633
0.517596
0.613111
0.68595
0.727175
0.725909
0.65492
0.497276
-0.436302
-0.606088
-0.669577
-0.652675
-0.591123
-0.498703
-0.384857
-0.257063
-0.120267
0.0223873
0.168633
0.316289
0.462518
0.603031
0.731172
0.837323
0.909824
0.932942
0.868949
0.691722
-0.713584
-0.899402
-0.944702
-0.890867
-0.787855
-0.654986
-0.50399
-0.342916
-0.176073
-0.00528475
0.168818
0.345785
0.524416
0.701701
0.871475
1.0232
1.14232
1.2067
1.16312
0.968972
-1.10504
-1.29729
-1.30074
-1.18488
-1.02003
-0.831988
-0.634164
-0.434042
-0.234067
-0.0336176
0.169331
0.377059
0.591083
0.810923
1.0323
1.24505
1.43243
1.56486
1.5672
1.3672
-1.67261
-1.84051
-1.75571
-1.53746
-1.28215
-1.02083
-0.76613
-0.522486
-0.28842
-0.0592895
0.170835
0.408117
0.6581
0.924541
1.20734
1.4995
1.78482
2.02754
2.12493
1.95306
-2.52804
-2.58723
-2.32553
-1.94252
-1.55887
-1.20424
-0.884446
-0.596189
-0.330903
-0.0779616
0.173765
0.435413
0.71788
1.03122
1.38288
1.77417
2.19596
2.61319
2.89777
2.84434
-3.873
-3.61305
-3.0165
-2.38086
-1.82324
-1.35641
-0.968442
-0.640398
-0.352262
-0.0853336
0.177705
0.453626
0.759658
1.11425
1.53688
2.04545
2.64948
3.33063
3.96435
4.24909
-6.15941
-5.01373
-3.78644
-2.79027
-2.01928
-1.43417
-0.988419
-0.636628
-0.342542
-0.0781341
0.179933
0.453515
0.765968
1.14533
1.62783
2.259
3.0847
4.13978
5.42507
6.62751
-10.5695
-6.84899
-4.35764
-2.91496
-1.96811
-1.32305
-0.875106
-0.545548
-0.282407
-0.0515968
0.172434
0.412777
0.695023
1.05334
1.53993
2.23474
3.24505
4.76455
7.34526
11.1677
-17.9825
-8.6112
-4.15441
-2.37805
-1.46163
-0.91836
-0.57836
-0.344498
-0.163422
-0.0055327
0.148966
0.317271
0.51913
0.783954
1.16479
1.76026
2.7477
4.62118
9.19196
18.678
)
;

boundaryField
{
    movingWall
    {
        type            zeroGradient;
    }
    fixedWalls
    {
        type            zeroGradient;
    }
    frontAndBack
    {
        type            empty;
    }
}


// ************************************************************************* //
