/*--------------------------------*- C++ -*----------------------------------*\
  =========                 |
  \\      /  F ield         | OpenFOAM: The Open Source CFD Toolbox
   \\    /   O peration     | Website:  https://openfoam.org
    \\  /    A nd           | Version:  6
     \\/     M anipulation  |
\*---------------------------------------------------------------------------*/
FoamFile
{
    version     2.0;
    format      ascii;
    class       volVectorField;
    location    "0.02";
    object      U;
}
// * * * * * * * * * * * * * * * * * * * * * * * * * * * * * * * * * * * * * //

dimensions      [0 1 -1 0 0 0 0];

internalField   nonuniform List<vector> 
400
(
(-3.34991e-06 1.92315e-06 0)
(-0.000532714 0.000360833 0)
(-0.00188643 0.000599425 0)
(-0.0036192 0.000679629 0)
(-0.00539689 0.000660722 0)
(-0.00703944 0.000587365 0)
(-0.00844567 0.000483992 0)
(-0.00955503 0.000362897 0)
(-0.0103294 0.000230309 0)
(-0.0107438 9.00784e-05 0)
(-0.010783 -5.45246e-05 0)
(-0.0104408 -0.000200055 0)
(-0.00972112 -0.000342446 0)
(-0.00864033 -0.000476259 0)
(-0.00723247 -0.000592936 0)
(-0.00556015 -0.000677325 0)
(-0.00373333 -0.000702144 0)
(-0.00194616 -0.000620884 0)
(-0.000550335 -0.000374799 0)
(-3.52791e-06 -4.46739e-06 0)
(-0.000355657 0.000520123 0)
(-0.00203669 0.00202618 0)
(-0.00521366 0.00297826 0)
(-0.00905116 0.00331189 0)
(-0.0129464 0.00322176 0)
(-0.0165513 0.0028743 0)
(-0.0196459 0.00237339 0)
(-0.0220892 0.00177792 0)
(-0.0237907 0.00112154 0)
(-0.0246926 0.000426561 0)
(-0.024762 -0.000288383 0)
(-0.0239879 -0.00100444 0)
(-0.0223838 -0.00169977 0)
(-0.019992 -0.00234563 0)
(-0.016896 -0.002899 0)
(-0.0132404 -0.00328963 0)
(-0.00926031 -0.0034025 0)
(-0.00532811 -0.0030641 0)
(-0.0020752 -0.00208176 0)
(-0.000359648 -0.000532563 0)
(-0.000615745 0.00188058 0)
(-0.00313947 0.00524037 0)
(-0.00758845 0.007244 0)
(-0.0128037 0.00793912 0)
(-0.0180301 0.0077033 0)
(-0.0228443 0.00687404 0)
(-0.0269686 0.00567713 0)
(-0.0302199 0.00424874 0)
(-0.0324801 0.00267137 0)
(-0.0336744 0.00100153 0)
(-0.0337602 -0.000713866 0)
(-0.0327243 -0.00242813 0)
(-0.0305847 -0.00408755 0)
(-0.0273975 -0.00562209 0)
(-0.0232715 -0.00692944 0)
(-0.0183939 -0.00784941 0)
(-0.013061 -0.00813274 0)
(-0.00772726 -0.00742723 0)
(-0.00318464 -0.00535943 0)
(-0.000620112 -0.00191121 0)
(-0.000769486 0.00375405 0)
(-0.00387463 0.00943875 0)
(-0.00926552 0.0126604 0)
(-0.0154965 0.013727 0)
(-0.02168 0.013265 0)
(-0.0273417 0.0118166 0)
(-0.0321736 0.00974918 0)
(-0.0359737 0.00728905 0)
(-0.0386127 0.00457634 0)
(-0.0400094 0.0017079 0)
(-0.0401169 -0.00123634 0)
(-0.0389191 -0.00417749 0)
(-0.0364323 -0.00702477 0)
(-0.0327142 -0.00965945 0)
(-0.0278814 -0.0119091 0)
(-0.0221398 -0.0135078 0)
(-0.0158202 -0.0140486 0)
(-0.00943693 -0.0129644 0)
(-0.00392674 -0.0096349 0)
(-0.000772874 -0.00380297 0)
(-0.000881245 0.00595032 0)
(-0.00446452 0.0143421 0)
(-0.0106787 0.0189247 0)
(-0.0178131 0.0203605 0)
(-0.0248424 0.0195951 0)
(-0.0312403 0.0174136 0)
(-0.0366759 0.0143449 0)
(-0.040939 0.0107148 0)
(-0.0438994 0.00672536 0)
(-0.0454761 0.00251467 0)
(-0.045621 -0.00180506 0)
(-0.0443131 -0.00612388 0)
(-0.041561 -0.0103142 0)
(-0.0374136 -0.0142063 0)
(-0.0319825 -0.0175508 0)
(-0.0254803 -0.0199618 0)
(-0.0182661 -0.0208497 0)
(-0.0109203 -0.0193884 0)
(-0.00453776 -0.0146395 0)
(-0.000885741 -0.0060208 0)
(-0.00099752 0.0084411 0)
(-0.00508665 0.0199341 0)
(-0.0121833 0.0260467 0)
(-0.0202921 0.0278583 0)
(-0.0282287 0.0267063 0)
(-0.0354052 0.0236677 0)
(-0.0414694 0.0194602 0)
(-0.0462096 0.0145223 0)
(-0.0495032 0.00912143 0)
(-0.0512758 0.00343557 0)
(-0.0514807 -0.0023955 0)
(-0.05009 -0.0082363 0)
(-0.0470973 -0.0139265 0)
(-0.0425315 -0.0192455 0)
(-0.0364865 -0.0238591 0)
(-0.0291719 -0.0272417 0)
(-0.0209744 -0.0285833 0)
(-0.0125563 -0.0267408 0)
(-0.00520499 -0.0203815 0)
(-0.00100691 -0.00854551 0)
(-0.00114635 0.0112809 0)
(-0.00586196 0.0263344 0)
(-0.0140345 0.034175 0)
(-0.023318 0.0363654 0)
(-0.0323311 0.0347194 0)
(-0.0404133 0.0306694 0)
(-0.0471942 0.025159 0)
(-0.0524711 0.0187565 0)
(-0.0561399 0.0117988 0)
(-0.0581424 0.00449887 0)
(-0.0584369 -0.00298506 0)
(-0.0569865 -0.0105028 0)
(-0.053761 -0.0178705 0)
(-0.0487543 -0.0248197 0)
(-0.0420243 -0.0309233 0)
(-0.0337619 -0.0354886 0)
(-0.0243767 -0.0374332 0)
(-0.014631 -0.0352165 0)
(-0.00606146 -0.0270178 0)
(-0.00116613 -0.0114456 0)
(-0.00134848 0.0145774 0)
(-0.00688632 0.0337641 0)
(-0.016438 0.0435622 0)
(-0.0271922 0.0461112 0)
(-0.0375162 0.0438156 0)
(-0.0466686 0.0385482 0)
(-0.0542717 0.0315286 0)
(-0.0601507 0.0234765 0)
(-0.0642392 0.0148008 0)
(-0.0665091 0.00574045 0)
(-0.0669314 -0.00354367 0)
(-0.0654582 -0.0129052 0)
(-0.0620239 -0.0221537 0)
(-0.0565659 -0.0309824 0)
(-0.0490774 -0.0388646 0)
(-0.0397002 -0.0449067 0)
(-0.0288497 -0.0476809 0)
(-0.017402 -0.045135 0)
(-0.00722499 -0.0348261 0)
(-0.00138771 -0.0148495 0)
(-0.00162763 0.0184881 0)
(-0.0082658 0.0425432 0)
(-0.0196121 0.0545571 0)
(-0.0322165 0.0573926 0)
(-0.0441235 0.0542099 0)
(-0.054511 0.0474421 0)
(-0.0630214 0.0386501 0)
(-0.0695408 0.028731 0)
(-0.0740713 0.0181647 0)
(-0.0766379 0.00719984 0)
(-0.077236 -0.00402565 0)
(-0.0758067 -0.0153987 0)
(-0.0722346 -0.0267514 0)
(-0.0663706 -0.0377598 0)
(-0.0580974 -0.0477979 0)
(-0.0474552 -0.0557326 0)
(-0.0348197 -0.0596927 0)
(-0.02118 -0.0569459 0)
(-0.00884441 -0.044217 0)
(-0.00170347 -0.0189502 0)
(-0.00202185 0.0232364 0)
(-0.010155 0.0531113 0)
(-0.0238505 0.0676113 0)
(-0.0387656 0.0705591 0)
(-0.052536 0.066122 0)
(-0.0642821 0.0574608 0)
(-0.0737196 0.0465634 0)
(-0.080852 0.03453 0)
(-0.0857968 0.0219035 0)
(-0.0886654 0.00891413 0)
(-0.0894963 -0.00436156 0)
(-0.0882229 -0.0178888 0)
(-0.0846641 -0.0315688 0)
(-0.0785456 -0.0451015 0)
(-0.0695737 -0.0577793 0)
(-0.0575969 -0.0681944 0)
(-0.0428589 -0.0739052 0)
(-0.0264187 -0.0712507 0)
(-0.0111563 -0.0557813 0)
(-0.00216944 -0.0240357 0)
(-0.00260035 0.0291536 0)
(-0.0128054 0.0660787 0)
(-0.0295864 0.0832954 0)
(-0.0473403 0.0859932 0)
(-0.0632093 0.0797319 0)
(-0.0763261 0.0686345 0)
(-0.0865786 0.0552176 0)
(-0.0941751 0.0408052 0)
(-0.0994151 0.0259791 0)
(-0.102542 0.0109065 0)
(-0.103663 -0.00445276 0)
(-0.102714 -0.0202059 0)
(-0.0994364 -0.0363946 0)
(-0.093386 -0.052814 0)
(-0.0840061 -0.0687275 0)
(-0.0708155 -0.0824409 0)
(-0.0537524 -0.0907939 0)
(-0.0338108 -0.088837 0)
(-0.0145629 -0.0703806 0)
(-0.00289297 -0.0305612 0)
(-0.00349204 0.0367588 0)
(-0.0166311 0.0823032 0)
(-0.0374481 0.102309 0)
(-0.0585713 0.104058 0)
(-0.0766083 0.0950979 0)
(-0.0908691 0.0808261 0)
(-0.101581 0.0643956 0)
(-0.109285 0.0473506 0)
(-0.114546 0.0302609 0)
(-0.117794 0.0131629 0)
(-0.119241 -0.00417483 0)
(-0.118841 -0.0220848 0)
(-0.116257 -0.0408475 0)
(-0.110843 -0.0604698 0)
(-0.101681 -0.0802992 0)
(-0.0877727 -0.0984058 0)
(-0.068458 -0.110777 0)
(-0.0443526 -0.110687 0)
(-0.0197347 -0.089279 0)
(-0.00407898 -0.0392834 0)
(-0.00493262 0.0468994 0)
(-0.0222847 0.102979 0)
(-0.0482508 0.125426 0)
(-0.0730631 0.124953 0)
(-0.0929096 0.111986 0)
(-0.107614 0.0935766 0)
(-0.118005 0.0735893 0)
(-0.125119 0.0537302 0)
(-0.12988 0.0344595 0)
(-0.132953 0.0155864 0)
(-0.134684 -0.00340224 0)
(-0.135077 -0.0231604 0)
(-0.133745 -0.0443302 0)
(-0.129839 -0.0672965 0)
(-0.122013 -0.0916989 0)
(-0.10854 -0.115553 0)
(-0.0877378 -0.133964 0)
(-0.059233 -0.137857 0)
(-0.0276943 -0.114267 0)
(-0.00609897 -0.0514883 0)
(-0.0073309 0.0609699 0)
(-0.0306889 0.129659 0)
(-0.0627498 0.153258 0)
(-0.0908062 0.148362 0)
(-0.111146 0.129532 0)
(-0.124716 0.105835 0)
(-0.133311 0.0818055 0)
(-0.138625 0.0591416 0)
(-0.141999 0.0380278 0)
(-0.144346 0.0179192 0)
(-0.146158 -0.00207287 0)
(-0.147523 -0.0230125 0)
(-0.148069 -0.046027 0)
(-0.146826 -0.0720847 0)
(-0.142059 -0.10144 0)
(-0.131185 -0.132453 0)
(-0.111013 -0.1596 0)
(-0.0791899 -0.171006 0)
(-0.0397232 -0.147589 0)
(-0.00955955 -0.0692908 0)
(-0.0113202 0.0811748 0)
(-0.0428409 0.163973 0)
(-0.0807433 0.18555 0)
(-0.109608 0.172706 0)
(-0.127224 0.145641 0)
(-0.136624 0.115551 0)
(-0.140933 0.0873117 0)
(-0.142569 0.0622618 0)
(-0.143225 0.0400541 0)
(-0.143973 0.0196449 0)
(-0.145404 -0.000297889 0)
(-0.147708 -0.0212886 0)
(-0.150637 -0.0450122 0)
(-0.153308 -0.0732095 0)
(-0.153859 -0.107154 0)
(-0.149018 -0.146238 0)
(-0.133809 -0.185092 0)
(-0.102681 -0.209207 0)
(-0.0566675 -0.191221 0)
(-0.0152536 -0.0958497 0)
(-0.017626 0.110775 0)
(-0.0588708 0.20652 0)
(-0.0986651 0.219497 0)
(-0.121675 0.193716 0)
(-0.130167 0.156074 0)
(-0.130366 0.119192 0)
(-0.126786 0.0874414 0)
(-0.122284 0.0611929 0)
(-0.118573 0.0392469 0)
(-0.116617 0.0199488 0)
(-0.116944 0.00153516 0)
(-0.119812 -0.0178884 0)
(-0.125225 -0.0405029 0)
(-0.132725 -0.0688721 0)
(-0.140909 -0.105639 0)
(-0.146566 -0.152115 0)
(-0.143456 -0.20464 0)
(-0.122091 -0.247732 0)
(-0.0767912 -0.24494 0)
(-0.0236052 -0.135354 0)
(-0.0261514 0.154542 0)
(-0.0750909 0.253907 0)
(-0.104129 0.246109 0)
(-0.107434 0.202022 0)
(-0.0965334 0.15337 0)
(-0.0809509 0.111531 0)
(-0.0655697 0.0787767 0)
(-0.0527008 0.0537626 0)
(-0.0433259 0.0342079 0)
(-0.0378055 0.0178916 0)
(-0.0363152 0.00279598 0)
(-0.0390731 -0.0131021 0)
(-0.0464114 -0.0321839 0)
(-0.0586706 -0.0575671 0)
(-0.0757574 -0.0932404 0)
(-0.0960226 -0.143155 0)
(-0.11405 -0.207591 0)
(-0.117874 -0.27443 0)
(-0.0910561 -0.302136 0)
(-0.0326104 -0.192649 0)
(-0.031642 0.216937 0)
(-0.0754383 0.291229 0)
(-0.0648119 0.244755 0)
(-0.0265377 0.18148 0)
(0.0149335 0.127479 0)
(0.0508984 0.0870867 0)
(0.0793618 0.0586014 0)
(0.100435 0.038696 0)
(0.114919 0.0242745 0)
(0.123614 0.0129495 0)
(0.126979 0.002865 0)
(0.124988 -0.00768277 0)
(0.117025 -0.0207137 0)
(0.101794 -0.0391478 0)
(0.0774001 -0.0674537 0)
(0.0420875 -0.11184 0)
(-0.00366298 -0.178335 0)
(-0.0517914 -0.265228 0)
(-0.0744988 -0.339417 0)
(-0.0314491 -0.265845 0)
(0.0021591 0.27014 0)
(0.00121494 0.274487 0)
(0.0945341 0.187586 0)
(0.19099 0.120443 0)
(0.262137 0.0760594 0)
(0.311878 0.0476576 0)
(0.346296 0.0299334 0)
(0.369611 0.0188228 0)
(0.384816 0.0115015 0)
(0.393863 0.00616978 0)
(0.397774 0.00164614 0)
(0.396743 -0.0030236 0)
(0.3901 -0.00894564 0)
(0.376023 -0.0178739 0)
(0.351059 -0.0329997 0)
(0.309577 -0.0601414 0)
(0.242983 -0.108899 0)
(0.142795 -0.191062 0)
(0.036139 -0.300209 0)
(0.0240224 -0.303977 0)
(0.295691 0.144605 0)
(0.385262 0.125598 0)
(0.533242 0.074567 0)
(0.638878 0.0419238 0)
(0.697383 0.0234461 0)
(0.73046 0.0131015 0)
(0.75033 0.00741417 0)
(0.762523 0.00428628 0)
(0.769958 0.00247633 0)
(0.774221 0.00129816 0)
(0.776046 0.00037043 0)
(0.775592 -0.000563973 0)
(0.772485 -0.00177795 0)
(0.765597 -0.00372997 0)
(0.75244 -0.00737638 0)
(0.727853 -0.0148271 0)
(0.679888 -0.0306446 0)
(0.581709 -0.0637034 0)
(0.424455 -0.122239 0)
(0.316659 -0.149982 0)
)
;

boundaryField
{
    movingWall
    {
        type            fixedValue;
        value           uniform (1 0 0);
    }
    fixedWalls
    {
        type            noSlip;
    }
    frontAndBack
    {
        type            empty;
    }
}


// ************************************************************************* //
