/*--------------------------------*- C++ -*----------------------------------*\
  =========                 |
  \\      /  F ield         | OpenFOAM: The Open Source CFD Toolbox
   \\    /   O peration     | Website:  https://openfoam.org
    \\  /    A nd           | Version:  6
     \\/     M anipulation  |
\*---------------------------------------------------------------------------*/
FoamFile
{
    version     2.0;
    format      ascii;
    class       surfaceScalarField;
    location    "0.09";
    object      phi;
}
// * * * * * * * * * * * * * * * * * * * * * * * * * * * * * * * * * * * * * //

dimensions      [0 3 -1 0 0 0 0];

internalField   nonuniform List<scalar> 
760
(
1.19655e-08
-1.19655e-08
-2.27481e-08
3.47137e-08
-1.0736e-07
8.46119e-08
-2.26361e-07
1.19001e-07
-3.62014e-07
1.35653e-07
-4.97928e-07
1.35914e-07
-6.20152e-07
1.22224e-07
-7.17473e-07
9.7321e-08
-7.81397e-07
6.39243e-08
-8.06161e-07
2.47639e-08
-7.88922e-07
-1.72393e-08
-7.30126e-07
-5.87961e-08
-6.33965e-07
-9.61612e-08
-5.08763e-07
-1.25201e-07
-3.67096e-07
-1.41667e-07
-2.25372e-07
-1.41724e-07
-1.02569e-07
-1.22803e-07
-1.78759e-08
-8.46931e-08
1.40797e-08
-3.19556e-08
1.40796e-08
-3.27941e-08
2.08285e-08
-1.67624e-07
1.69543e-07
-3.98512e-07
3.15501e-07
-6.97093e-07
4.17582e-07
-1.02795e-06
4.66509e-07
-1.35584e-06
4.63802e-07
-1.64922e-06
4.15603e-07
-1.88192e-06
3.30024e-07
-2.03389e-06
2.15899e-07
-2.0917e-06
8.25648e-08
-2.04907e-06
-5.98681e-08
-1.9077e-06
-2.00167e-07
-1.67799e-06
-3.25868e-07
-1.37956e-06
-4.23629e-07
-1.04099e-06
-4.80235e-07
-6.98308e-07
-4.84409e-07
-3.91584e-07
-4.29527e-07
-1.59167e-07
-3.17109e-07
-2.84822e-08
-1.62641e-07
-1.44027e-08
-8.55245e-08
1.06353e-07
-3.27806e-07
4.11824e-07
-6.97928e-07
6.85623e-07
-1.15314e-06
8.72794e-07
-1.64501e-06
9.58378e-07
-2.12585e-06
9.44641e-07
-2.55274e-06
8.42495e-07
-2.88979e-06
6.67075e-07
-3.10937e-06
4.35473e-07
-3.19293e-06
1.66125e-07
-3.13189e-06
-1.20901e-07
-2.92863e-06
-4.03435e-07
-2.59738e-06
-6.57116e-07
-2.16485e-06
-8.56155e-07
-1.66979e-06
-9.75296e-07
-1.16092e-06
-9.9328e-07
-6.92619e-07
-8.97828e-07
-3.18035e-07
-6.91694e-07
-7.97884e-08
-4.00887e-07
-9.41911e-08
-1.33749e-07
2.40102e-07
-4.81388e-07
7.59463e-07
-9.87093e-07
1.19133e-06
-1.59014e-06
1.47584e-06
-2.22893e-06
1.59717e-06
-2.84547e-06
1.56118e-06
-3.38856e-06
1.38558e-06
-3.81571e-06
1.09423e-06
-4.09426e-06
7.14016e-07
-4.20212e-06
2.73987e-07
-4.12875e-06
-1.94269e-07
-3.87626e-06
-6.55929e-07
-3.46061e-06
-1.07276e-06
-2.91258e-06
-1.40419e-06
-2.27766e-06
-1.61022e-06
-1.61431e-06
-1.65663e-06
-9.8975e-07
-1.52238e-06
-4.73187e-07
-1.20826e-06
-1.27174e-07
-7.46901e-07
-2.21365e-07
-1.78557e-07
4.18659e-07
-6.29212e-07
1.21012e-06
-1.26896e-06
1.83108e-06
-2.01695e-06
2.22383e-06
-2.79741e-06
2.37764e-06
-3.54263e-06
2.30639e-06
-4.1947e-06
2.03765e-06
-4.70645e-06
1.60599e-06
-5.04181e-06
1.04937e-06
-5.17609e-06
4.08268e-07
-5.09673e-06
-2.73633e-07
-4.80449e-06
-9.48173e-07
-4.31511e-06
-1.56214e-06
-3.66099e-06
-2.0583e-06
-2.89214e-06
-2.37907e-06
-2.07549e-06
-2.47328e-06
-1.29163e-06
-2.30625e-06
-6.28481e-07
-1.8714e-06
-1.72587e-07
-1.2028e-06
-3.93952e-07
-2.2252e-07
6.41179e-07
-7.76464e-07
1.76406e-06
-1.55128e-06
2.60589e-06
-2.44442e-06
3.11697e-06
-3.36512e-06
3.29834e-06
-4.23616e-06
3.17744e-06
-4.99412e-06
2.79562e-06
-5.58869e-06
2.20056e-06
-5.98172e-06
1.4424e-06
-6.14663e-06
5.73187e-07
-6.06867e-06
-3.51595e-07
-5.74607e-06
-1.27077e-06
-5.19232e-06
-2.11589e-06
-4.43898e-06
-2.81164e-06
-3.53837e-06
-3.27968e-06
-2.56485e-06
-3.4468e-06
-1.61326e-06
-3.25783e-06
-7.93359e-07
-2.69131e-06
-2.20018e-07
-1.77614e-06
-6.1397e-07
-2.6802e-07
9.09199e-07
-9.28495e-07
2.42454e-06
-1.84137e-06
3.51877e-06
-2.88071e-06
4.1563e-06
-3.94011e-06
4.35774e-06
-4.93353e-06
4.17085e-06
-5.79352e-06
3.65561e-06
-6.46851e-06
2.87554e-06
-6.91993e-06
1.89382e-06
-7.12031e-06
7.73562e-07
-7.05261e-06
-4.19293e-07
-6.71135e-06
-1.61203e-06
-6.10543e-06
-2.72181e-06
-5.26253e-06
-3.65454e-06
-4.23423e-06
-4.30798e-06
-3.10032e-06
-4.58071e-06
-1.97009e-06
-4.38807e-06
-9.78227e-07
-3.68317e-06
-2.73625e-07
-2.48074e-06
-8.87595e-07
-3.1704e-07
1.22624e-06
-1.08969e-06
3.19719e-06
-2.14423e-06
4.5733e-06
-3.32889e-06
5.34096e-06
-4.5214e-06
5.55025e-06
-5.62837e-06
5.27782e-06
-6.58091e-06
4.60815e-06
-7.32895e-06
3.62359e-06
-7.83603e-06
2.4009e-06
-8.07539e-06
1.01292e-06
-8.02817e-06
-4.66512e-07
-7.68407e-06
-1.95614e-06
-7.04472e-06
-3.36116e-06
-6.12989e-06
-4.56937e-06
-4.98573e-06
-5.45214e-06
-3.69339e-06
-5.87305e-06
-2.37504e-06
-5.70642e-06
-1.19295e-06
-4.86527e-06
-3.37459e-07
-3.33622e-06
-1.22505e-06
-3.71349e-07
1.59759e-06
-1.26349e-06
4.08934e-06
-2.46191e-06
5.77171e-06
-3.78567e-06
6.66473e-06
-5.097e-06
6.86158e-06
-6.2981e-06
6.47892e-06
-7.32272e-06
5.63277e-06
-8.12668e-06
4.42754e-06
-8.67935e-06
2.95357e-06
-8.95741e-06
1.29098e-06
-8.94139e-06
-4.82532e-07
-8.6155e-06
-2.28203e-06
-7.97126e-06
-4.0054e-06
-7.01535e-06
-5.52528e-06
-5.78151e-06
-6.68598e-06
-4.34512e-06
-7.30944e-06
-2.83642e-06
-7.21512e-06
-1.44624e-06
-6.25545e-06
-4.15579e-07
-4.36688e-06
-1.64063e-06
-4.33108e-07
2.0307e-06
-1.45329e-06
5.10952e-06
-2.79401e-06
7.11243e-06
-4.24083e-06
8.11155e-06
-5.6422e-06
8.26294e-06
-6.90105e-06
7.73778e-06
-7.96025e-06
6.69198e-06
-8.78773e-06
5.25503e-06
-9.36408e-06
3.52992e-06
-9.67344e-06
1.60034e-06
-9.69807e-06
-4.57895e-07
-9.4169e-06
-2.56321e-06
-8.80869e-06
-4.61361e-06
-7.861e-06
-6.47296e-06
-6.58582e-06
-7.96116e-06
-5.04123e-06
-8.85403e-06
-3.35562e-06
-8.90073e-06
-1.74551e-06
-7.86556e-06
-5.12492e-07
-5.5999e-06
-2.15312e-06
-5.06004e-07
2.5367e-06
-1.66415e-06
6.26766e-06
-3.13852e-06
8.58681e-06
-4.67637e-06
9.6494e-06
-6.11691e-06
9.70348e-06
-7.37264e-06
8.99351e-06
-8.405e-06
7.72434e-06
-9.20253e-06
6.05255e-06
-9.76394e-06
4.09133e-06
-1.00862e-05
1.92258e-06
-1.01569e-05
-3.87198e-07
-9.95117e-06
-2.76891e-06
-9.43354e-06
-5.13124e-06
-8.56652e-06
-7.33999e-06
-7.32886e-06
-9.19881e-06
-5.74499e-06
-1.04379e-05
-3.92369e-06
-1.0722e-05
-2.09661e-06
-9.69264e-06
-6.3396e-07
-7.06255e-06
-2.78708e-06
-5.9719e-07
3.13389e-06
-1.90514e-06
7.57561e-06
-3.49204e-06
1.01737e-05
-5.06366e-06
1.1221e-05
-6.46044e-06
1.11003e-05
-7.61883e-06
1.01519e-05
-8.53212e-06
8.63763e-06
-9.21995e-06
6.74038e-06
-9.70698e-06
4.57837e-06
-1.00089e-05
2.22451e-06
-1.01235e-05
-2.72664e-07
-1.00252e-05
-2.86714e-06
-9.66514e-06
-5.49133e-06
-8.97667e-06
-8.02846e-06
-7.89376e-06
-1.02817e-05
-6.38612e-06
-1.19456e-05
-4.51502e-06
-1.25931e-05
-2.50291e-06
-1.17047e-05
-7.88317e-07
-8.77714e-06
-3.5754e-06
-7.20484e-07
3.85437e-06
-2.19159e-06
9.04672e-06
-3.84693e-06
1.18291e-05
-5.35518e-06
1.27293e-05
-6.57992e-06
1.2325e-05
-7.50418e-06
1.10762e-05
-8.17024e-06
9.30369e-06
-8.63998e-06
7.21011e-06
-8.97101e-06
4.9094e-06
-9.20279e-06
2.45629e-06
-9.34779e-06
-1.27659e-07
-9.38521e-06
-2.82971e-06
-9.2568e-06
-5.61974e-06
-8.8677e-06
-8.41755e-06
-8.09909e-06
-1.10503e-05
-6.84346e-06
-1.32012e-05
-5.07538e-06
-1.43612e-05
-2.96199e-06
-1.38181e-05
-9.8846e-07
-1.07507e-05
-4.56386e-06
-9.01222e-07
4.7556e-06
-2.54433e-06
1.06898e-05
-4.17886e-06
1.34636e-05
-5.46283e-06
1.40132e-05
-6.32548e-06
1.31876e-05
-6.8293e-06
1.158e-05
-7.0846e-06
9.55898e-06
-7.20385e-06
7.32936e-06
-7.2802e-06
4.98576e-06
-7.37801e-06
2.5541e-06
-7.52732e-06
2.16536e-08
-7.71792e-06
-2.63911e-06
-7.89151e-06
-5.44615e-06
-7.93416e-06
-8.37491e-06
-7.67641e-06
-1.13081e-05
-6.91737e-06
-1.39602e-05
-5.49857e-06
-1.578e-05
-3.45584e-06
-1.58609e-05
-1.25398e-06
-1.29525e-05
-5.81785e-06
-1.18099e-06
5.93659e-06
-2.97601e-06
1.24848e-05
-4.40904e-06
1.48966e-05
-5.20751e-06
1.48117e-05
-5.44064e-06
1.34208e-05
-5.29101e-06
1.14304e-05
-4.95071e-06
9.21869e-06
-4.58129e-06
6.95994e-06
-4.30406e-06
4.70853e-06
-4.20153e-06
2.45157e-06
-4.31921e-06
1.39325e-07
-4.66258e-06
-2.29574e-06
-5.18698e-06
-4.92174e-06
-5.78022e-06
-7.78167e-06
-6.24324e-06
-1.08451e-05
-6.28639e-06
-1.39171e-05
-5.57993e-06
-1.64865e-05
-3.9223e-06
-1.75185e-05
-1.60889e-06
-1.52659e-05
-7.42674e-06
-1.60931e-06
7.5459e-06
-3.43184e-06
1.43074e-05
-4.30451e-06
1.57693e-05
-4.21226e-06
1.47195e-05
-3.47277e-06
1.26813e-05
-2.41997e-06
1.03776e-05
-1.31925e-06
8.11797e-06
-3.58261e-07
5.99894e-06
3.37311e-07
4.01296e-06
6.85154e-07
2.10373e-06
6.34131e-07
1.90348e-07
1.61693e-07
-1.82331e-06
-7.16641e-07
-4.04341e-06
-1.92279e-06
-6.57552e-06
-3.27529e-06
-9.49255e-06
-4.4419e-06
-1.27505e-05
-4.9252e-06
-1.60032e-05
-4.17627e-06
-1.82674e-05
-2.05585e-06
-1.73863e-05
-9.48259e-06
-2.17844e-06
9.72434e-06
-3.59898e-06
1.57279e-05
-3.24212e-06
1.54124e-05
-1.6993e-06
1.31766e-05
3.66268e-07
1.06157e-05
2.49697e-06
8.24686e-06
4.41437e-06
6.20057e-06
5.96142e-06
4.45189e-06
7.05127e-06
2.9231e-06
7.63125e-06
1.52375e-06
7.66192e-06
1.59681e-07
7.10875e-06
-1.27014e-06
5.94684e-06
-2.8815e-06
4.18399e-06
-4.81267e-06
1.91274e-06
-7.22131e-06
-5.98301e-07
-1.02394e-05
-2.78572e-06
-1.38158e-05
-3.72491e-06
-1.73282e-05
-2.47999e-06
-1.86313e-05
-1.19626e-05
-2.58109e-06
1.23054e-05
-2.38445e-06
1.55313e-05
2.91478e-07
1.27365e-05
3.84309e-06
9.62503e-06
7.36779e-06
7.091e-06
1.04688e-05
5.14589e-06
1.29955e-05
3.67389e-06
1.49096e-05
2.53775e-06
1.62139e-05
1.61876e-06
1.69145e-05
8.23165e-07
1.70015e-05
7.26953e-08
1.64397e-05
-7.0833e-07
1.51659e-05
-1.60771e-06
1.30976e-05
-2.74435e-06
1.01684e-05
-4.29217e-06
6.42406e-06
-6.49503e-06
2.22846e-06
-9.62016e-06
-1.3729e-06
-1.37269e-05
-2.39484e-06
-1.76093e-05
-1.43574e-05
-1.04144e-06
1.33469e-05
3.62191e-06
1.08679e-05
9.65265e-06
6.70575e-06
1.50311e-05
4.24657e-06
1.93561e-05
2.76604e-06
2.26771e-05
1.82484e-06
2.51412e-05
1.20978e-06
2.68902e-05
7.88724e-07
2.80307e-05
4.78321e-07
2.86272e-05
2.26631e-07
2.87018e-05
-1.91729e-09
2.82311e-05
-2.37618e-07
2.71387e-05
-5.15303e-07
2.5282e-05
-8.87648e-07
2.24385e-05
-1.44867e-06
1.832e-05
-2.37654e-06
1.27052e-05
-4.00537e-06
5.90031e-06
-6.92195e-06
2.46234e-08
-1.17336e-05
-1.43328e-05
1.33469e-05
2.42148e-05
3.09205e-05
3.51671e-05
3.79332e-05
3.9758e-05
4.09678e-05
4.17565e-05
4.22348e-05
4.24615e-05
4.24595e-05
4.22219e-05
4.17066e-05
4.0819e-05
3.93703e-05
3.69938e-05
3.29884e-05
2.60664e-05
1.43328e-05
)
;

boundaryField
{
    movingWall
    {
        type            calculated;
        value           uniform 0;
    }
    fixedWalls
    {
        type            calculated;
        value           uniform 0;
    }
    frontAndBack
    {
        type            empty;
        value           nonuniform 0();
    }
}


// ************************************************************************* //
