/*--------------------------------*- C++ -*----------------------------------*\
  =========                 |
  \\      /  F ield         | OpenFOAM: The Open Source CFD Toolbox
   \\    /   O peration     | Website:  https://openfoam.org
    \\  /    A nd           | Version:  6
     \\/     M anipulation  |
\*---------------------------------------------------------------------------*/
FoamFile
{
    version     2.0;
    format      ascii;
    class       volVectorField;
    location    "0.065";
    object      U;
}
// * * * * * * * * * * * * * * * * * * * * * * * * * * * * * * * * * * * * * //

dimensions      [0 1 -1 0 0 0 0];

internalField   nonuniform List<vector> 
400
(
(0.00025724 -0.000253622 0)
(0.000160027 0.000105897 0)
(-0.0011441 0.000565428 0)
(-0.00345406 0.000894688 0)
(-0.00637529 0.00106136 0)
(-0.00949954 0.00107736 0)
(-0.0124585 0.000967441 0)
(-0.0149481 0.000760415 0)
(-0.0167388 0.000484996 0)
(-0.0176768 0.000168646 0)
(-0.0176842 -0.000162059 0)
(-0.0167581 -0.000480584 0)
(-0.0149724 -0.000759557 0)
(-0.012479 -0.000970168 0)
(-0.00950916 -0.00108227 0)
(-0.00637164 -0.00106609 0)
(-0.0034407 -0.000896905 0)
(-0.00112901 -0.000564093 0)
(0.000169351 -0.000102417 0)
(0.000259761 0.000255542 0)
(-6.70051e-05 -0.000189813 0)
(-0.00156991 0.00161563 0)
(-0.00562699 0.00361324 0)
(-0.0116671 0.00506587 0)
(-0.0188891 0.00579768 0)
(-0.0264586 0.00581459 0)
(-0.0335742 0.00520266 0)
(-0.0395453 0.0040865 0)
(-0.0438357 0.00260542 0)
(-0.046081 0.000902784 0)
(-0.0460948 -0.000877058 0)
(-0.0438721 -0.00258856 0)
(-0.0395912 -0.00408413 0)
(-0.0336134 -0.00521488 0)
(-0.0264776 -0.00583568 0)
(-0.0188831 -0.00581801 0)
(-0.0116419 -0.00507596 0)
(-0.00559711 -0.00360871 0)
(-0.0015501 -0.00160145 0)
(-6.11232e-05 0.000199355 0)
(-0.000512645 0.00103764 0)
(-0.00365359 0.00566785 0)
(-0.0105053 0.0102136 0)
(-0.019936 0.0134733 0)
(-0.0307797 0.0150611 0)
(-0.041919 0.0149517 0)
(-0.0522755 0.013317 0)
(-0.0609113 0.0104378 0)
(-0.0670937 0.0066468 0)
(-0.0703228 0.0022987 0)
(-0.0703425 -0.00224309 0)
(-0.0671464 -0.00661053 0)
(-0.0609796 -0.0104331 0)
(-0.0523374 -0.0133445 0)
(-0.0419552 -0.0149992 0)
(-0.0307816 -0.0151078 0)
(-0.0199092 -0.0134982 0)
(-0.0104679 -0.0102062 0)
(-0.00362647 -0.00563717 0)
(-0.000504008 -0.00101396 0)
(-0.000907248 0.00338265 0)
(-0.00562462 0.0121117 0)
(-0.0152232 0.0199196 0)
(-0.0278986 0.0253256 0)
(-0.042075 0.0278017 0)
(-0.0563787 0.0273302 0)
(-0.0695197 0.0242066 0)
(-0.0803907 0.0189117 0)
(-0.0881351 0.012021 0)
(-0.0921714 0.00415349 0)
(-0.0922022 -0.0040536 0)
(-0.088219 -0.0119542 0)
(-0.0805043 -0.0188995 0)
(-0.0696319 -0.0242511 0)
(-0.0564608 -0.0274119 0)
(-0.0421103 -0.027886 0)
(-0.0278889 -0.0253759 0)
(-0.0151887 -0.019915 0)
(-0.00559363 -0.0120631 0)
(-0.000896166 -0.00334028 0)
(-0.00125559 0.00673213 0)
(-0.0074776 0.0208184 0)
(-0.0197781 0.032554 0)
(-0.0356343 0.0403406 0)
(-0.053015 0.0436261 0)
(-0.0702818 0.0424862 0)
(-0.0859605 0.0374046 0)
(-0.0988208 0.0291116 0)
(-0.107932 0.018465 0)
(-0.112672 0.00637952 0)
(-0.112724 -0.00620674 0)
(-0.108075 -0.0183441 0)
(-0.0990216 -0.0290777 0)
(-0.0861736 -0.0374637 0)
(-0.0704619 -0.0426117 0)
(-0.0531299 -0.0437662 0)
(-0.0356763 -0.0404369 0)
(-0.0197667 -0.0325682 0)
(-0.00745018 -0.0207582 0)
(-0.00124311 -0.00666902 0)
(-0.00158774 0.0110275 0)
(-0.00930039 0.0317572 0)
(-0.0243132 0.0481172 0)
(-0.0433469 0.0585027 0)
(-0.0638738 0.0624692 0)
(-0.0839786 0.0603015 0)
(-0.102021 0.0527626 0)
(-0.116688 0.0408958 0)
(-0.127018 0.0258808 0)
(-0.132384 0.00894883 0)
(-0.132469 -0.00865195 0)
(-0.127257 -0.0256627 0)
(-0.117034 -0.040812 0)
(-0.102407 -0.0528276 0)
(-0.0843319 -0.0604825 0)
(-0.0641374 -0.0626933 0)
(-0.0434945 -0.0586815 0)
(-0.0243583 -0.0481831 0)
(-0.00929001 -0.0317049 0)
(-0.00157622 -0.0109466 0)
(-0.00193385 0.0162734 0)
(-0.0111944 0.0449668 0)
(-0.0289996 0.0666527 0)
(-0.0512457 0.0798156 0)
(-0.0748654 0.084268 0)
(-0.0976637 0.0806506 0)
(-0.117865 0.0701208 0)
(-0.134122 0.0541121 0)
(-0.145495 0.034164 0)
(-0.151395 0.0118331 0)
(-0.15153 -0.0113323 0)
(-0.145876 -0.0337799 0)
(-0.134684 -0.0539307 0)
(-0.118512 -0.0701727 0)
(-0.0982861 -0.0808992 0)
(-0.0753689 -0.0846161 0)
(-0.0515731 -0.0801336 0)
(-0.0291492 -0.0668274 0)
(-0.0112218 -0.0449617 0)
(-0.00192738 -0.0161862 0)
(-0.00232234 0.0225341 0)
(-0.0132582 0.0605611 0)
(-0.0339962 0.0882413 0)
(-0.0594896 0.104266 0)
(-0.0860817 0.108898 0)
(-0.111316 0.103319 0)
(-0.133341 0.0892257 0)
(-0.150847 0.0685273 0)
(-0.162995 0.0431564 0)
(-0.169288 0.014986 0)
(-0.169488 -0.0141699 0)
(-0.163563 -0.0425086 0)
(-0.151698 -0.0681771 0)
(-0.134343 -0.0892303 0)
(-0.112316 -0.103644 0)
(-0.0869332 -0.10942 0)
(-0.0600891 -0.104803 0)
(-0.0343131 -0.0886116 0)
(-0.0133523 -0.0606702 0)
(-0.00232703 -0.0224651 0)
(-0.00278295 0.0299297 0)
(-0.0155899 0.0787244 0)
(-0.0394377 0.112979 0)
(-0.0681544 0.131778 0)
(-0.0974411 0.136101 0)
(-0.124633 0.127922 0)
(-0.147906 0.10965 0)
(-0.166109 0.0837625 0)
(-0.178602 0.052603 0)
(-0.18506 0.0183263 0)
(-0.185336 -0.017055 0)
(-0.179393 -0.0515658 0)
(-0.167309 -0.0831466 0)
(-0.149348 -0.109554 0)
(-0.126115 -0.128324 0)
(-0.0987531 -0.136854 0)
(-0.0691295 -0.132635 0)
(-0.0399975 -0.113666 0)
(-0.0157874 -0.079049 0)
(-0.00280725 -0.029921 0)
(-0.00335447 0.03864 0)
(-0.0183021 0.0996993 0)
(-0.0454393 0.140927 0)
(-0.077208 0.162119 0)
(-0.108628 0.165374 0)
(-0.136944 0.153788 0)
(-0.160529 0.130689 0)
(-0.178563 0.099211 0)
(-0.190745 0.0620993 0)
(-0.197015 0.0217173 0)
(-0.197369 -0.0198335 0)
(-0.191767 -0.0605272 0)
(-0.180135 -0.0982094 0)
(-0.162457 -0.130414 0)
(-0.138979 -0.154248 0)
(-0.110495 -0.166409 0)
(-0.0786588 -0.163413 0)
(-0.0463234 -0.142085 0)
(-0.0186471 -0.10038 0)
(-0.00340945 -0.0387559 0)
(-0.00409894 0.048924 0)
(-0.0215511 0.123776 0)
(-0.0521049 0.172037 0)
(-0.0864699 0.194776 0)
(-0.119001 0.195818 0)
(-0.147076 0.179812 0)
(-0.169538 0.151242 0)
(-0.186127 0.113953 0)
(-0.197052 0.071039 0)
(-0.202627 0.0249447 0)
(-0.203045 -0.0222986 0)
(-0.198267 -0.0687861 0)
(-0.188024 -0.112433 0)
(-0.171919 -0.150684 0)
(-0.149664 -0.180281 0)
(-0.121461 -0.197162 0)
(-0.0884671 -0.196623 0)
(-0.0533884 -0.173844 0)
(-0.0220917 -0.124992 0)
(-0.0041984 -0.0492552 0)
(-0.00512671 0.0611675 0)
(-0.0255788 0.15128 0)
(-0.0595208 0.206031 0)
(-0.095519 0.228764 0)
(-0.127425 0.225931 0)
(-0.15316 0.20429 0)
(-0.172421 0.169689 0)
(-0.185799 0.126682 0)
(-0.194195 0.0785727 0)
(-0.198397 0.0276997 0)
(-0.198839 -0.0241883 0)
(-0.195493 -0.0755262 0)
(-0.187866 -0.124519 0)
(-0.175089 -0.168727 0)
(-0.156166 -0.204676 0)
(-0.130409 -0.227565 0)
(-0.0980624 -0.231242 0)
(-0.0612495 -0.208664 0)
(-0.0263614 -0.153242 0)
(-0.00528719 -0.0618336 0)
(-0.00664078 0.0759786 0)
(-0.0307668 0.182538 0)
(-0.0676928 0.242183 0)
(-0.103481 0.262328 0)
(-0.131966 0.253353 0)
(-0.152295 0.224731 0)
(-0.16554 0.183797 0)
(-0.173443 0.135663 0)
(-0.17774 0.0835979 0)
(-0.179742 0.029573 0)
(-0.180138 -0.0251951 0)
(-0.178923 -0.0797273 0)
(-0.175384 -0.132779 0)
(-0.168153 -0.182306 0)
(-0.155393 -0.224892 0)
(-0.135223 -0.25517 0)
(-0.106437 -0.265434 0)
(-0.0698455 -0.245774 0)
(-0.0318243 -0.185466 0)
(-0.00688095 -0.0771281 0)
(-0.0090064 0.0943524 0)
(-0.0376713 0.217754 0)
(-0.0763145 0.278915 0)
(-0.108546 0.292501 0)
(-0.129321 0.274541 0)
(-0.140051 0.237721 0)
(-0.143765 0.190707 0)
(-0.143571 0.13879 0)
(-0.142048 0.0848184 0)
(-0.140964 0.0300778 0)
(-0.141218 -0.0249954 0)
(-0.142833 -0.0802349 0)
(-0.144947 -0.135204 0)
(-0.145778 -0.188595 0)
(-0.142669 -0.23747 0)
(-0.132349 -0.276324 0)
(-0.111571 -0.296085 0)
(-0.0787425 -0.283474 0)
(-0.039 -0.221822 0)
(-0.00934446 -0.0961552 0)
(-0.0128139 0.11789 0)
(-0.0468842 0.256601 0)
(-0.084076 0.313047 0)
(-0.106942 0.3145 0)
(-0.113813 0.284511 0)
(-0.109707 0.238952 0)
(-0.100033 0.187143 0)
(-0.0891876 0.133835 0)
(-0.0803229 0.080932 0)
(-0.0754119 0.0287235 0)
(-0.0754141 -0.0233101 0)
(-0.0803864 -0.0759424 0)
(-0.08947 -0.129725 0)
(-0.100748 -0.184411 0)
(-0.111044 -0.238101 0)
(-0.115821 -0.285925 0)
(-0.109396 -0.318202 0)
(-0.0864134 -0.318359 0)
(-0.0483956 -0.261855 0)
(-0.0132576 -0.120514 0)
(-0.0187191 0.149116 0)
(-0.0581661 0.297218 0)
(-0.0867997 0.338474 0)
(-0.0908333 0.321009 0)
(-0.0757361 0.276834 0)
(-0.0512656 0.223678 0)
(-0.0249699 0.170011 0)
(-0.00184803 0.118986 0)
(0.0150526 0.0710034 0)
(0.0240501 0.0251627 0)
(0.0243797 -0.0200013 0)
(0.0159625 -0.0661267 0)
(-0.000588546 -0.114736 0)
(-0.0237185 -0.166833 0)
(-0.0504466 -0.222126 0)
(-0.0757214 -0.277492 0)
(-0.0917548 -0.324249 0)
(-0.0883547 -0.343993 0)
(-0.059586 -0.303428 0)
(-0.0192315 -0.152674 0)
(-0.0262687 0.192206 0)
(-0.0674208 0.333818 0)
(-0.0730107 0.343736 0)
(-0.0444341 0.301332 0)
(0.00103647 0.244108 0)
(0.0495356 0.187763 0)
(0.0931367 0.137493 0)
(0.1278 0.0937129 0)
(0.151695 0.0550062 0)
(0.164098 0.0194032 0)
(0.164752 -0.0151921 0)
(0.153581 -0.0509094 0)
(0.130686 -0.089908 0)
(0.096623 -0.134285 0)
(0.0530612 -0.185639 0)
(0.00394443 -0.243742 0)
(-0.0427244 -0.30343 0)
(-0.0727382 -0.348563 0)
(-0.0681302 -0.340318 0)
(-0.0266744 -0.196652 0)
(-0.0286682 0.250106 0)
(-0.0579612 0.349858 0)
(-0.0146285 0.309015 0)
(0.0622847 0.242294 0)
(0.14181 0.180543 0)
(0.211581 0.130345 0)
(0.267464 0.0911027 0)
(0.308673 0.0601132 0)
(0.335759 0.0345713 0)
(0.349486 0.0120813 0)
(0.350308 -0.00941919 0)
(0.338183 -0.0318865 0)
(0.312562 -0.0574247 0)
(0.272542 -0.088526 0)
(0.217372 -0.128169 0)
(0.147605 -0.179321 0)
(0.0671967 -0.242855 0)
(-0.011495 -0.312147 0)
(-0.0569155 -0.355358 0)
(-0.0284566 -0.254841 0)
(0.0136401 0.288402 0)
(0.0297047 0.302273 0)
(0.152938 0.213909 0)
(0.281401 0.142477 0)
(0.381622 0.0942258 0)
(0.455947 0.0622706 0)
(0.509551 0.0408375 0)
(0.546405 0.0257995 0)
(0.569548 0.0144282 0)
(0.580977 0.00494075 0)
(0.581655 -0.00394719 0)
(0.571589 -0.0133705 0)
(0.549815 -0.0246211 0)
(0.514296 -0.0395078 0)
(0.461873 -0.0608335 0)
(0.388349 -0.0929107 0)
(0.288217 -0.141852 0)
(0.158678 -0.214821 0)
(0.0332943 -0.305062 0)
(0.0153876 -0.291422 0)
(0.304632 0.147055 0)
(0.405636 0.127652 0)
(0.568646 0.0748545 0)
(0.685269 0.041989 0)
(0.752864 0.0239896 0)
(0.794097 0.0140451 0)
(0.820526 0.00837933 0)
(0.837347 0.00494385 0)
(0.847386 0.00263704 0)
(0.852177 0.000860075 0)
(0.85239 -0.000753501 0)
(0.848045 -0.0025024 0)
(0.838512 -0.00474745 0)
(0.822296 -0.00807725 0)
(0.796585 -0.0135864 0)
(0.756164 -0.0233479 0)
(0.689392 -0.0412428 0)
(0.573078 -0.0742817 0)
(0.408903 -0.127713 0)
(0.306178 -0.147622 0)
)
;

boundaryField
{
    movingWall
    {
        type            fixedValue;
        value           uniform (1 0 0);
    }
    fixedWalls
    {
        type            noSlip;
    }
    frontAndBack
    {
        type            empty;
    }
}


// ************************************************************************* //
