/*--------------------------------*- C++ -*----------------------------------*\
  =========                 |
  \\      /  F ield         | OpenFOAM: The Open Source CFD Toolbox
   \\    /   O peration     | Website:  https://openfoam.org
    \\  /    A nd           | Version:  6
     \\/     M anipulation  |
\*---------------------------------------------------------------------------*/
FoamFile
{
    version     2.0;
    format      ascii;
    class       volScalarField;
    location    "0.08";
    object      p;
}
// * * * * * * * * * * * * * * * * * * * * * * * * * * * * * * * * * * * * * //

dimensions      [0 2 -2 0 0 0 0];

internalField   nonuniform List<scalar> 
400
(
2.35477e-05
-0.0580385
-0.130346
-0.186207
-0.207164
-0.184918
-0.118847
-0.0138583
0.121365
0.275707
0.436673
0.591284
0.726943
0.832372
0.898725
0.920993
0.899812
0.843621
0.771088
0.713023
0.057578
-0.00207401
-0.0588363
-0.0973916
-0.108594
-0.0866061
-0.0306825
0.0556267
0.165729
0.290971
0.421478
0.546948
0.657422
0.744112
0.800285
0.822304
0.81092
0.772081
0.715123
0.655509
0.13407
0.0514378
-0.0100065
-0.045614
-0.0547458
-0.034181
0.0160195
0.0924037
0.189178
0.298917
0.413186
0.523182
0.620381
0.697209
0.747715
0.768344
0.759027
0.723092
0.661396
0.578794
0.204743
0.0903851
0.0139312
-0.0267025
-0.0378232
-0.0185231
0.0299284
0.103436
0.196148
0.300988
0.410089
0.515276
0.608571
0.682709
0.731632
0.751096
0.739794
0.698746
0.621909
0.507493
0.253412
0.105443
0.0109803
-0.0368262
-0.0502262
-0.0303739
0.0201179
0.0961701
0.191439
0.298735
0.41029
0.518084
0.614205
0.691214
0.742486
0.762715
0.749203
0.700895
0.605851
0.457622
0.268514
0.0861377
-0.0271466
-0.0819048
-0.0958296
-0.0720527
-0.0146775
0.0699601
0.174702
0.291909
0.413578
0.53151
0.637513
0.72362
0.782284
0.80683
0.792983
0.737675
0.623548
0.440551
0.240024
0.0220672
-0.109764
-0.16946
-0.180298
-0.147578
-0.077157
0.0230845
0.144907
0.279993
0.419894
0.55603
0.679712
0.782188
0.854689
0.888839
0.878472
0.818277
0.685288
0.466142
0.157167
-0.098217
-0.247319
-0.308003
-0.310036
-0.261449
-0.170289
-0.0463109
0.100961
0.26242
0.429128
0.592092
0.742065
0.869383
0.963806
1.01487
1.01403
0.953086
0.802496
0.545099
0.00655338
-0.288771
-0.452561
-0.507843
-0.49272
-0.418979
-0.297513
-0.140324
0.0416523
0.238578
0.441173
0.640214
0.826043
0.988111
1.11455
1.19236
1.20987
1.1549
0.989346
0.690908
-0.229648
-0.567836
-0.741517
-0.781439
-0.737183
-0.62592
-0.462272
-0.260869
-0.0340309
0.207955
0.455892
0.700786
0.932986
1.14133
1.3123
1.42995
1.47847
1.43995
1.26442
0.921758
-0.57616
-0.959909
-1.1346
-1.14356
-1.05295
-0.887686
-0.667182
-0.40895
-0.12639
0.170398
0.473088
0.773758
1.06356
1.33136
1.5623
1.73712
1.83478
1.8291
1.65287
1.26312
-1.06873
-1.49885
-1.65794
-1.61118
-1.44929
-1.2081
-0.912797
-0.583651
-0.234315
0.126449
0.492478
0.858246
1.21702
1.55888
1.86848
2.12341
2.29624
2.34922
2.18961
1.75206
-1.76201
-2.23278
-2.34489
-2.2027
-1.93341
-1.58731
-1.19577
-0.780722
-0.354365
0.0777897
0.513646
0.951983
1.39013
1.82139
2.23172
2.59667
2.88207
3.03481
2.92441
2.44531
-2.74583
-3.23205
-3.23678
-2.9352
-2.50663
-2.01828
-1.50606
-0.990654
-0.479609
0.0277167
0.535892
1.0505
1.5756
2.11073
2.64651
3.15958
3.61068
3.92881
3.92987
3.43591
-4.17855
-4.60076
-4.38019
-3.81698
-3.15677
-2.48067
-1.82278
-1.19614
-0.5983
-0.0184352
0.557868
1.14589
1.75965
2.4091
3.09509
3.80206
4.49227
5.07995
5.31308
4.88692
-6.34413
-6.48668
-5.81681
-4.83463
-3.84756
-2.93377
-2.11026
-1.37026
-0.693303
-0.0533725
0.577056
1.2257
1.91984
2.68494
3.54033
4.49079
5.51601
6.53241
7.22513
7.08837
-9.7517
-9.08102
-7.56417
-5.94214
-4.5139
-3.31577
-2.31964
-1.47902
-0.744368
-0.0692369
0.589487
1.27361
2.02617
2.89335
3.92415
5.16403
6.63871
8.30626
9.86024
10.5557
-15.5364
-12.6255
-9.51764
-6.9847
-5.01685
-3.51979
-2.3777
-1.477
-0.727173
-0.0582732
0.58795
1.26603
2.03422
2.96249
4.14136
5.68449
7.70706
10.2989
13.4647
16.4325
-26.6562
-17.272
-10.9829
-7.32162
-4.90823
-3.25889
-2.11012
-1.26424
-0.59131
-0.00619095
0.554895
1.14955
1.84159
2.71623
3.90365
5.60275
8.0796
11.8177
18.1961
27.6823
-45.2701
-21.7485
-10.5222
-6.00944
-3.66575
-2.26886
-1.38834
-0.780179
-0.311283
0.0920861
0.479241
0.893031
1.38272
2.02186
2.94323
4.39233
6.80706
11.417
22.7573
46.3937
)
;

boundaryField
{
    movingWall
    {
        type            zeroGradient;
    }
    fixedWalls
    {
        type            zeroGradient;
    }
    frontAndBack
    {
        type            empty;
    }
}


// ************************************************************************* //
