/*--------------------------------*- C++ -*----------------------------------*\
  =========                 |
  \\      /  F ield         | OpenFOAM: The Open Source CFD Toolbox
   \\    /   O peration     | Website:  https://openfoam.org
    \\  /    A nd           | Version:  6
     \\/     M anipulation  |
\*---------------------------------------------------------------------------*/
FoamFile
{
    version     2.0;
    format      ascii;
    class       surfaceScalarField;
    location    "0.095";
    object      phi;
}
// * * * * * * * * * * * * * * * * * * * * * * * * * * * * * * * * * * * * * //

dimensions      [0 3 -1 0 0 0 0];

internalField   nonuniform List<scalar> 
760
(
1.22388e-08
-1.22398e-08
-2.26744e-08
3.49133e-08
-1.0813e-07
8.54559e-08
-2.28489e-07
1.20359e-07
-3.6581e-07
1.37321e-07
-5.03486e-07
1.37676e-07
-6.27356e-07
1.2387e-07
-7.26021e-07
9.86657e-08
-7.90835e-07
6.48132e-08
-8.15922e-07
2.50875e-08
-7.9839e-07
-1.75327e-08
-7.387e-07
-5.96893e-08
-6.41138e-07
-9.7562e-08
-5.14193e-07
-1.26945e-07
-3.70663e-07
-1.4353e-07
-2.27214e-07
-1.43449e-07
-1.03077e-07
-1.24137e-07
-1.7642e-08
-8.54353e-08
1.43955e-08
-3.20374e-08
1.43954e-08
-3.29969e-08
2.07572e-08
-1.69202e-07
1.71118e-07
-4.02743e-07
3.18997e-07
-7.04998e-07
4.22614e-07
-1.04014e-06
4.72459e-07
-1.37244e-06
4.69975e-07
-1.66988e-06
4.21312e-07
-1.90586e-06
3.34645e-07
-2.05996e-06
2.18919e-07
-2.1185e-06
8.36267e-08
-2.07511e-06
-6.09224e-08
-1.93154e-06
-2.03264e-07
-1.69841e-06
-3.3069e-07
-1.39572e-06
-4.2963e-07
-1.05256e-06
-4.8669e-07
-7.05513e-07
-4.905e-07
-3.95184e-07
-4.34465e-07
-1.60332e-07
-3.20287e-07
-2.85374e-08
-1.63833e-07
-1.41421e-08
-8.64354e-08
1.07193e-07
-3.31518e-07
4.16201e-07
-7.0614e-07
6.93618e-07
-1.16712e-06
8.83597e-07
-1.66546e-06
9.70795e-07
-2.15281e-06
9.57331e-07
-2.58562e-06
8.54121e-07
-2.9274e-06
6.76418e-07
-3.15001e-06
4.41532e-07
-3.23459e-06
1.68211e-07
-3.17243e-06
-1.23081e-07
-2.96598e-06
-4.09721e-07
-2.62979e-06
-6.66879e-07
-2.19109e-06
-8.68329e-07
-1.68929e-06
-9.88488e-07
-1.17386e-06
-1.00593e-06
-6.99903e-07
-9.08426e-07
-3.21126e-07
-6.99065e-07
-8.04644e-08
-4.04494e-07
-9.46065e-08
-1.3533e-07
2.42523e-07
-4.87129e-07
7.68e-07
-9.9902e-07
1.20551e-06
-1.60965e-06
1.49423e-06
-2.2567e-06
1.61785e-06
-2.88142e-06
1.58204e-06
-3.43184e-06
1.40455e-06
-3.8648e-06
1.10938e-06
-4.14705e-06
7.23786e-07
-4.25616e-06
2.77312e-07
-4.1814e-06
-1.97832e-07
-3.92501e-06
-6.66118e-07
-3.5033e-06
-1.08859e-06
-2.94764e-06
-1.42399e-06
-2.30428e-06
-1.63184e-06
-1.63256e-06
-1.67765e-06
-1.00054e-06
-1.54045e-06
-4.78143e-07
-1.22146e-06
-1.28446e-07
-7.54192e-07
-2.23052e-07
-1.80673e-07
4.23196e-07
-6.3658e-07
1.22391e-06
-1.28384e-06
1.85277e-06
-2.04079e-06
2.25117e-06
-2.83083e-06
2.40789e-06
-3.5854e-06
2.33661e-06
-4.24578e-06
2.06493e-06
-4.76408e-06
1.62768e-06
-5.10362e-06
1.06332e-06
-5.23931e-06
4.13003e-07
-5.15843e-06
-2.78713e-07
-4.86185e-06
-9.627e-07
-4.36568e-06
-1.58475e-06
-3.70295e-06
-2.08673e-06
-2.92446e-06
-2.41033e-06
-2.09807e-06
-2.50404e-06
-1.30531e-06
-2.33321e-06
-6.3499e-07
-1.89178e-06
-1.74347e-07
-1.21483e-06
-3.97399e-07
-2.24979e-07
6.48175e-07
-7.84849e-07
1.78378e-06
-1.56796e-06
2.63588e-06
-2.47083e-06
3.15405e-06
-3.40181e-06
3.33887e-06
-4.28281e-06
3.21761e-06
-5.04958e-06
2.8317e-06
-5.65106e-06
2.22916e-06
-6.04851e-06
1.46077e-06
-6.21498e-06
5.79466e-07
-6.13551e-06
-3.58181e-07
-5.80845e-06
-1.28976e-06
-5.24764e-06
-2.14556e-06
-4.48524e-06
-2.84912e-06
-3.57437e-06
-3.3212e-06
-2.59033e-06
-3.48809e-06
-1.62895e-06
-3.29458e-06
-8.00959e-07
-2.71977e-06
-2.22124e-07
-1.79367e-06
-6.19523e-07
-2.70578e-07
9.18753e-07
-9.37116e-07
2.45031e-06
-1.85838e-06
3.55715e-06
-2.90748e-06
4.20314e-06
-3.97711e-06
4.40851e-06
-4.9804e-06
4.22089e-06
-5.84911e-06
3.70041e-06
-6.53096e-06
2.91101e-06
-6.98682e-06
1.91664e-06
-7.18883e-06
7.81477e-07
-7.1198e-06
-4.2721e-07
-6.77431e-06
-1.63525e-06
-6.16158e-06
-2.75828e-06
-5.30984e-06
-3.70087e-06
-4.27138e-06
-4.35966e-06
-3.12689e-06
-4.63258e-06
-1.98664e-06
-4.43483e-06
-9.86351e-07
-3.72006e-06
-2.7591e-07
-2.50411e-06
-8.95433e-07
-3.19417e-07
1.23817e-06
-1.09765e-06
3.22855e-06
-2.15986e-06
4.61936e-06
-3.35343e-06
5.39671e-06
-4.55529e-06
5.61036e-06
-5.67128e-06
5.33689e-06
-6.6318e-06
4.66093e-06
-7.38618e-06
3.66538e-06
-7.89743e-06
2.42789e-06
-8.13846e-06
1.02251e-06
-8.09024e-06
-4.75423e-07
-7.74253e-06
-1.98296e-06
-7.0972e-06
-3.40361e-06
-6.17446e-06
-4.62361e-06
-5.02106e-06
-5.51306e-06
-3.71893e-06
-5.93471e-06
-2.39114e-06
-5.76262e-06
-1.20095e-06
-4.91025e-06
-3.39742e-07
-3.36532e-06
-1.23518e-06
-3.73244e-07
1.61141e-06
-1.26982e-06
4.12513e-06
-2.47437e-06
5.82391e-06
-3.8053e-06
6.72764e-06
-5.1242e-06
6.92926e-06
-6.33266e-06
6.54534e-06
-7.36386e-06
5.69214e-06
-8.17311e-06
4.47463e-06
-8.72938e-06
2.98415e-06
-9.00905e-06
1.30218e-06
-8.99252e-06
-4.9195e-07
-8.66401e-06
-2.31147e-06
-8.01521e-06
-4.05241e-06
-7.05308e-06
-5.58574e-06
-5.81181e-06
-6.75433e-06
-4.36733e-06
-7.37918e-06
-2.85064e-06
-7.27932e-06
-1.45342e-06
-6.30747e-06
-4.17667e-07
-4.40107e-06
-1.65284e-06
-4.34233e-07
2.04565e-06
-1.45709e-06
5.14799e-06
-2.80162e-06
7.16844e-06
-4.25303e-06
8.17904e-06
-5.65935e-06
8.33558e-06
-6.92315e-06
7.80914e-06
-7.98688e-06
6.75587e-06
-8.81812e-06
5.30587e-06
-9.39716e-06
3.56319e-06
-9.70795e-06
1.61297e-06
-9.73267e-06
-4.67236e-07
-9.45019e-06
-2.59394e-06
-8.83936e-06
-4.66325e-06
-7.88787e-06
-6.53723e-06
-6.60788e-06
-8.03432e-06
-5.05782e-06
-8.92925e-06
-3.36652e-06
-8.97061e-06
-1.75117e-06
-7.92282e-06
-5.14191e-07
-5.63805e-06
-2.16703e-06
-5.06126e-07
2.55177e-06
-1.66471e-06
6.30657e-06
-3.13996e-06
8.64369e-06
-4.67914e-06
9.71822e-06
-6.12137e-06
9.77782e-06
-7.37901e-06
9.06678e-06
-8.41331e-06
7.79016e-06
-9.21262e-06
6.10518e-06
-9.77553e-06
4.1261e-06
-1.00989e-05
1.93633e-06
-1.01703e-05
-3.95852e-07
-9.96479e-06
-2.79943e-06
-9.44686e-06
-5.18117e-06
-8.57897e-06
-7.40512e-06
-7.33984e-06
-9.27345e-06
-5.75386e-06
-1.05152e-05
-3.92996e-06
-1.07945e-05
-2.1001e-06
-9.75268e-06
-6.35088e-07
-7.10306e-06
-2.80212e-06
-5.96184e-07
3.14796e-06
-1.9021e-06
7.61249e-06
-3.48663e-06
1.02282e-05
-5.05597e-06
1.12876e-05
-6.45081e-06
1.11727e-05
-7.60769e-06
1.02237e-05
-8.51996e-06
8.70243e-06
-9.20729e-06
6.7925e-06
-9.69437e-06
4.61319e-06
-9.99694e-06
2.23889e-06
-1.01127e-05
-2.801e-07
-1.00162e-05
-2.89589e-06
-9.65832e-06
-5.53908e-06
-8.97221e-06
-8.09122e-06
-7.89154e-06
-1.03541e-05
-6.38567e-06
-1.20211e-05
-4.51558e-06
-1.26646e-05
-2.50368e-06
-1.17646e-05
-7.88713e-07
-8.81803e-06
-3.59083e-06
-7.18385e-07
3.86634e-06
-2.18506e-06
9.07916e-06
-3.83488e-06
1.1878e-05
-5.33731e-06
1.279e-05
-6.55646e-06
1.23918e-05
-7.47574e-06
1.1143e-05
-8.13773e-06
9.36442e-06
-8.60454e-06
7.25931e-06
-8.93401e-06
4.94266e-06
-9.16574e-06
2.47063e-06
-9.31231e-06
-1.33531e-07
-9.35286e-06
-2.85534e-06
-9.22895e-06
-5.66299e-06
-8.84536e-06
-8.47481e-06
-8.0827e-06
-1.11168e-05
-6.83282e-06
-1.3271e-05
-5.06959e-06
-1.44278e-05
-2.95966e-06
-1.38745e-05
-9.88002e-07
-1.07897e-05
-4.57884e-06
-8.98262e-07
4.76461e-06
-2.53502e-06
1.07159e-05
-4.16143e-06
1.35045e-05
-5.43656e-06
1.40651e-05
-6.29041e-06
1.32457e-05
-6.78611e-06
1.16386e-05
-7.03446e-06
9.61277e-06
-7.14843e-06
7.37328e-06
-7.22156e-06
5.01579e-06
-7.3185e-06
2.56757e-06
-7.46945e-06
1.74225e-08
-7.66418e-06
-2.66061e-06
-7.84416e-06
-5.48302e-06
-7.89496e-06
-8.42401e-06
-7.64643e-06
-1.13653e-05
-6.89674e-06
-1.40207e-05
-5.48641e-06
-1.58382e-05
-3.45033e-06
-1.59106e-05
-1.25261e-06
-1.29874e-05
-5.83145e-06
-1.17761e-06
5.94222e-06
-2.96524e-06
1.25036e-05
-4.38855e-06
1.49278e-05
-5.17612e-06
1.48527e-05
-5.39808e-06
1.34676e-05
-5.23785e-06
1.14784e-05
-4.88825e-06
9.26318e-06
-4.5115e-06
6.99653e-06
-4.22951e-06
4.7338e-06
-4.12521e-06
2.46326e-06
-4.24431e-06
1.36525e-07
-4.59232e-06
-2.31261e-06
-5.12429e-06
-4.95104e-06
-5.7275e-06
-7.8208e-06
-6.20209e-06
-1.08907e-05
-6.25731e-06
-1.39655e-05
-5.56218e-06
-1.65333e-05
-3.91386e-06
-1.75589e-05
-1.60663e-06
-1.52946e-05
-7.43808e-06
-1.60612e-06
7.54834e-06
-3.42135e-06
1.43188e-05
-4.284e-06
1.57904e-05
-4.18008e-06
1.47488e-05
-3.42822e-06
1.27158e-05
-2.36333e-06
1.04135e-05
-1.25174e-06
8.15158e-06
-2.8195e-07
6.02675e-06
4.19593e-07
4.03225e-06
7.70053e-07
2.1128e-06
7.18013e-07
1.88564e-07
2.40937e-07
-1.83553e-06
-6.45363e-07
-4.06474e-06
-1.86223e-06
-6.60394e-06
-3.22736e-06
-9.52559e-06
-4.40741e-06
-1.27854e-05
-4.90364e-06
-1.60371e-05
-4.16568e-06
-1.82969e-05
-2.05288e-06
-1.74074e-05
-9.49096e-06
-2.17607e-06
9.7244e-06
-3.59058e-06
1.57333e-05
-3.22476e-06
1.54246e-05
-1.67088e-06
1.31949e-05
4.06929e-07
1.0638e-05
2.54999e-06
8.27046e-06
4.47878e-06
6.22279e-06
6.03524e-06
4.47029e-06
7.13166e-06
2.93583e-06
7.71478e-06
1.52968e-06
7.74487e-06
1.58471e-07
7.18745e-06
-1.27811e-06
6.01795e-06
-2.89524e-06
4.24477e-06
-4.83075e-06
1.96127e-06
-7.2421e-06
-5.62934e-07
-1.02612e-05
-2.76322e-06
-1.38368e-05
-3.71358e-06
-1.73465e-05
-2.47667e-06
-1.86443e-05
-1.19676e-05
-2.58001e-06
1.23044e-05
-2.37946e-06
1.55327e-05
3.03258e-07
1.27419e-05
3.86408e-06
9.63405e-06
7.39955e-06
7.10248e-06
1.05118e-05
5.15824e-06
1.3049e-05
3.68554e-06
1.4972e-05
2.54733e-06
1.62826e-05
1.62526e-06
1.69862e-05
8.26034e-07
1.70729e-05
7.18151e-08
1.65074e-05
-7.12669e-07
1.52271e-05
-1.61489e-06
1.31499e-05
-2.75356e-06
1.02103e-05
-4.3025e-06
6.45471e-06
-6.50563e-06
2.24816e-06
-9.63022e-06
-1.36283e-06
-1.37355e-05
-2.39181e-06
-1.76154e-05
-1.43594e-05
-1.04167e-06
1.33461e-05
3.62324e-06
1.08678e-05
9.65805e-06
6.70707e-06
1.50429e-05
4.24922e-06
1.93758e-05
2.76957e-06
2.27054e-05
1.82867e-06
2.51776e-05
1.21334e-06
2.69333e-05
7.91567e-07
2.80784e-05
4.80149e-07
2.86772e-05
2.273e-07
2.87514e-05
-2.40206e-09
2.82778e-05
-2.39119e-07
2.71805e-05
-5.17586e-07
2.53174e-05
-8.90425e-07
2.24665e-05
-1.45164e-06
1.83404e-05
-2.37946e-06
1.27182e-05
-4.00804e-06
5.90682e-06
-6.92415e-06
2.6494e-08
-1.1735e-05
-1.43329e-05
1.33461e-05
2.42139e-05
3.0921e-05
3.51702e-05
3.79398e-05
3.97684e-05
4.09818e-05
4.17734e-05
4.22535e-05
4.24808e-05
4.24784e-05
4.22393e-05
4.17217e-05
4.08313e-05
3.93796e-05
3.70002e-05
3.29921e-05
2.6068e-05
1.43329e-05
)
;

boundaryField
{
    movingWall
    {
        type            calculated;
        value           uniform 0;
    }
    fixedWalls
    {
        type            calculated;
        value           uniform 0;
    }
    frontAndBack
    {
        type            empty;
        value           nonuniform 0();
    }
}


// ************************************************************************* //
