/*--------------------------------*- C++ -*----------------------------------*\
  =========                 |
  \\      /  F ield         | OpenFOAM: The Open Source CFD Toolbox
   \\    /   O peration     | Website:  https://openfoam.org
    \\  /    A nd           | Version:  6
     \\/     M anipulation  |
\*---------------------------------------------------------------------------*/
FoamFile
{
    version     2.0;
    format      ascii;
    class       volVectorField;
    location    "0.095";
    object      U;
}
// * * * * * * * * * * * * * * * * * * * * * * * * * * * * * * * * * * * * * //

dimensions      [0 1 -1 0 0 0 0];

internalField   nonuniform List<vector> 
400
(
(0.000219134 -0.000216575 0)
(9.15274e-05 0.000123644 0)
(-0.00113915 0.000535722 0)
(-0.0032625 0.000821481 0)
(-0.00590971 0.0009622 0)
(-0.00872454 0.000974355 0)
(-0.0113952 0.000880922 0)
(-0.0136643 0.000704672 0)
(-0.0153306 0.000466222 0)
(-0.0162483 0.000185092 0)
(-0.0163285 -0.000118135 0)
(-0.0155452 -0.000419853 0)
(-0.0139444 -0.000692331 0)
(-0.0116534 -0.000903889 0)
(-0.00888634 -0.00102066 0)
(-0.00594223 -0.00101047 0)
(-0.00318859 -0.00084941 0)
(-0.00102695 -0.000531338 0)
(0.000169371 -9.59084e-05 0)
(0.000241906 0.000236078 0)
(-9.46927e-05 -0.00011728 0)
(-0.00154221 0.00156676 0)
(-0.00531269 0.00335648 0)
(-0.0108411 0.00462196 0)
(-0.0173873 0.00524391 0)
(-0.0242217 0.00525088 0)
(-0.0306582 0.00472384 0)
(-0.0361039 0.00376223 0)
(-0.0400854 0.00246978 0)
(-0.0422589 0.000953601 0)
(-0.0424209 -0.000670707 0)
(-0.0405216 -0.00227369 0)
(-0.036682 -0.00370985 0)
(-0.031208 -0.00482131 0)
(-0.0245948 -0.00544917 0)
(-0.0175113 -0.0054549 0)
(-0.0107474 -0.00475321 0)
(-0.00512147 -0.00335645 0)
(-0.00139325 -0.00146509 0)
(-4.64542e-05 0.000200951 0)
(-0.000511401 0.0010684 0)
(-0.00347493 0.00535527 0)
(-0.00980996 0.00942462 0)
(-0.0184303 0.0122695 0)
(-0.0282685 0.0136231 0)
(-0.0383494 0.0135108 0)
(-0.0477468 0.0120941 0)
(-0.0556502 0.00959794 0)
(-0.0614079 0.00627426 0)
(-0.0645464 0.00239421 0)
(-0.0647854 -0.00174673 0)
(-0.0620577 -0.00582106 0)
(-0.0565298 -0.00946793 0)
(-0.0486191 -0.0123049 0)
(-0.0389981 -0.013958 0)
(-0.0285721 -0.0141142 0)
(-0.0184058 -0.0125976 0)
(-0.00960434 -0.00946597 0)
(-0.00328424 -0.00515662 0)
(-0.000443661 -0.000878102 0)
(-0.000881808 0.00329658 0)
(-0.00530539 0.0113508 0)
(-0.0141633 0.0183375 0)
(-0.0257507 0.0230606 0)
(-0.0386361 0.0251758 0)
(-0.0516259 0.0247422 0)
(-0.0636124 0.0220327 0)
(-0.0736346 0.0174306 0)
(-0.080923 0.011374 0)
(-0.084917 0.00433976 0)
(-0.0852806 -0.00315128 0)
(-0.0819232 -0.010524 0)
(-0.0750252 -0.0171485 0)
(-0.0650611 -0.0223611 0)
(-0.0528118 -0.0255148 0)
(-0.0393496 -0.0260681 0)
(-0.0259629 -0.0237087 0)
(-0.0140349 -0.0185011 0)
(-0.00510161 -0.0110692 0)
(-0.000796545 -0.00297151 0)
(-0.00121265 0.00646276 0)
(-0.00703548 0.019436 0)
(-0.018381 0.029938 0)
(-0.0328897 0.0367519 0)
(-0.0487309 0.0395719 0)
(-0.0644903 0.038567 0)
(-0.0789043 0.0341728 0)
(-0.0909004 0.0269667 0)
(-0.0996301 0.0175993 0)
(-0.104474 0.00677496 0)
(-0.10505 -0.00473981 0)
(-0.101233 -0.0160999 0)
(-0.0931849 -0.0263774 0)
(-0.0813897 -0.0345875 0)
(-0.0666858 -0.0397572 0)
(-0.050272 -0.0410491 0)
(-0.0336485 -0.0379354 0)
(-0.018508 -0.030399 0)
(-0.00688216 -0.019152 0)
(-0.00111804 -0.00599496 0)
(-0.00152992 0.0105178 0)
(-0.00873953 0.0295875 0)
(-0.0225825 0.0442347 0)
(-0.0400192 0.0533488 0)
(-0.0587927 0.0567899 0)
(-0.0772621 0.0549375 0)
(-0.0940256 0.0484602 0)
(-0.10793 0.0381738 0)
(-0.11808 0.0249651 0)
(-0.12382 0.00977535 0)
(-0.12473 -0.00638071 0)
(-0.120633 -0.022384 0)
(-0.111642 -0.0369948 0)
(-0.0982002 -0.0488736 0)
(-0.0811528 -0.056661 0)
(-0.0617873 -0.0591328 0)
(-0.0418096 -0.055429 0)
(-0.023261 -0.0453225 0)
(-0.00875414 -0.0294981 0)
(-0.00144576 -0.00994131 0)
(-0.00185724 0.0154649 0)
(-0.0104946 0.0418357 0)
(-0.0268938 0.0612682 0)
(-0.047291 0.0728727 0)
(-0.0689762 0.0768166 0)
(-0.090085 0.0738121 0)
(-0.109103 0.0648485 0)
(-0.124833 0.0510311 0)
(-0.136373 0.0335032 0)
(-0.14306 0.0134399 0)
(-0.144443 -0.00791165 0)
(-0.140287 -0.0291753 0)
(-0.130613 -0.0488036 0)
(-0.115772 -0.065079 0)
(-0.0965463 -0.0761906 0)
(-0.0742555 -0.0804134 0)
(-0.050786 -0.0763975 0)
(-0.0285565 -0.0635292 0)
(-0.0108613 -0.0423176 0)
(-0.00181867 -0.0148889 0)
(-0.00221458 0.0213505 0)
(-0.0123672 0.056261 0)
(-0.0314153 0.0810964 0)
(-0.054791 0.0953217 0)
(-0.0793024 0.0995826 0)
(-0.10288 0.0950745 0)
(-0.12394 0.0832132 0)
(-0.141303 0.0654515 0)
(-0.154113 0.0432033 0)
(-0.161745 0.0178597 0)
(-0.163741 -0.00913753 0)
(-0.159801 -0.0361989 0)
(-0.149817 -0.0614998 0)
(-0.133975 -0.082941 0)
(-0.112904 -0.0982001 0)
(-0.0878589 -0.104919 0)
(-0.0608383 -0.101052 0)
(-0.0346373 -0.0853536 0)
(-0.0133465 -0.0579404 0)
(-0.00227579 -0.0209989 0)
(-0.00262129 0.0282568 0)
(-0.0144178 0.0729834 0)
(-0.0362179 0.103771 0)
(-0.0625234 0.120625 0)
(-0.0896291 0.124895 0)
(-0.115302 0.118452 0)
(-0.13797 0.103267 0)
(-0.156557 0.0812026 0)
(-0.17034 0.0539495 0)
(-0.178799 0.023078 0)
(-0.181512 -0.00984169 0)
(-0.178118 -0.0430838 0)
(-0.168349 -0.0746152 0)
(-0.152143 -0.101987 0)
(-0.12985 -0.122328 0)
(-0.102507 -0.132506 0)
(-0.0720871 -0.129526 0)
(-0.0417016 -0.111165 0)
(-0.0163511 -0.0768042 0)
(-0.00285943 -0.0285131 0)
(-0.00310371 0.0363031 0)
(-0.0167193 0.0921512 0)
(-0.0413605 0.129296 0)
(-0.0704119 0.148566 0)
(-0.0996285 0.152336 0)
(-0.126699 0.143403 0)
(-0.150189 0.124448 0)
(-0.16926 0.0978052 0)
(-0.183442 0.0654371 0)
(-0.192415 0.0290312 0)
(-0.195858 -0.00981132 0)
(-0.193378 -0.0493481 0)
(-0.184527 -0.087457 0)
(-0.168909 -0.121429 0)
(-0.146438 -0.147854 0)
(-0.117714 -0.162706 0)
(-0.0844416 -0.16174 0)
(-0.0498839 -0.141281 0)
(-0.0200252 -0.0994271 0)
(-0.003623 -0.0377583 0)
(-0.00370937 0.0456633 0)
(-0.0193918 0.113939 0)
(-0.0469217 0.157575 0)
(-0.0783018 0.178683 0)
(-0.108752 0.181134 0)
(-0.136043 0.16898 0)
(-0.159077 0.145785 0)
(-0.177436 0.114417 0)
(-0.191058 0.077076 0)
(-0.199947 0.0354763 0)
(-0.203975 -0.00888274 0)
(-0.202773 -0.0544066 0)
(-0.195713 -0.0990656 0)
(-0.182003 -0.140058 0)
(-0.160947 -0.173535 0)
(-0.132421 -0.19452 0)
(-0.0974906 -0.197204 0)
(-0.0592239 -0.175831 0)
(-0.0245443 -0.126366 0)
(-0.0046447 -0.0491627 0)
(-0.0045327 0.0566162 0)
(-0.022657 0.138561 0)
(-0.0530333 0.188334 0)
(-0.0859362 0.210125 0)
(-0.116147 0.209994 0)
(-0.14181 0.193662 0)
(-0.162457 0.165765 0)
(-0.178333 0.12972 0)
(-0.189965 0.0878958 0)
(-0.197815 0.0419102 0)
(-0.202051 -0.00700608 0)
(-0.202412 -0.0576102 0)
(-0.198141 -0.108207 0)
(-0.188024 -0.156167 0)
(-0.170616 -0.197434 0)
(-0.144746 -0.226161 0)
(-0.110319 -0.234727 0)
(-0.0695993 -0.214542 0)
(-0.0301325 -0.158149 0)
(-0.00605129 -0.063295 0)
(-0.00576098 0.0696479 0)
(-0.0269143 0.166285 0)
(-0.0598819 0.220986 0)
(-0.0928356 0.241428 0)
(-0.120441 0.236866 0)
(-0.141726 0.215178 0)
(-0.157267 0.182193 0)
(-0.168251 0.141828 0)
(-0.175963 0.0964801 0)
(-0.181433 0.0475049 0)
(-0.185219 -0.00431984 0)
(-0.187263 -0.0583233 0)
(-0.186783 -0.113428 0)
(-0.182216 -0.167533 0)
(-0.171322 -0.216779 0)
(-0.151608 -0.254767 0)
(-0.12119 -0.272035 0)
(-0.0805688 -0.256388 0)
(-0.037078 -0.195145 0)
(-0.00805801 -0.0809431 0)
(-0.00775063 0.0856396 0)
(-0.032821 0.197407 0)
(-0.0675799 0.254339 0)
(-0.0979309 0.270146 0)
(-0.119246 0.258648 0)
(-0.132272 0.230314 0)
(-0.139153 0.19213 0)
(-0.142266 0.14829 0)
(-0.143743 0.100985 0)
(-0.1452 0.0511011 0)
(-0.147611 -0.00121104 0)
(-0.151209 -0.0560442 0)
(-0.155342 -0.113205 0)
(-0.158305 -0.171533 0)
(-0.157223 -0.22794 0)
(-0.148199 -0.27614 0)
(-0.126982 -0.305252 0)
(-0.0910116 -0.299012 0)
(-0.0456928 -0.237274 0)
(-0.0110231 -0.103233 0)
(-0.0111174 0.106149 0)
(-0.0412573 0.232012 0)
(-0.0756264 0.285997 0)
(-0.0986131 0.292279 0)
(-0.108095 0.270844 0)
(-0.107753 0.234846 0)
(-0.101789 0.191998 0)
(-0.093838 0.146289 0)
(-0.0867512 0.0993345 0)
(-0.0825679 0.0513323 0)
(-0.0825746 0.0016842 0)
(-0.0873116 -0.0505546 0)
(-0.0964471 -0.106234 0)
(-0.108493 -0.165486 0)
(-0.120406 -0.226677 0)
(-0.127248 -0.284683 0)
(-0.12221 -0.328375 0)
(-0.0982874 -0.33784 0)
(-0.0560131 -0.283352 0)
(-0.0154597 -0.131739 0)
(-0.0166719 0.133847 0)
(-0.0526862 0.269202 0)
(-0.0811988 0.311127 0)
(-0.0885168 0.301441 0)
(-0.0783996 0.267338 0)
(-0.0587559 0.223767 0)
(-0.0359105 0.178068 0)
(-0.0143516 0.133193 0)
(0.00286176 0.0897144 0)
(0.0137083 0.0469635 0)
(0.0168826 0.00360406 0)
(0.011634 -0.0420612 0)
(-0.00217692 -0.0918521 0)
(-0.0237518 -0.147316 0)
(-0.0507052 -0.208847 0)
(-0.0780994 -0.273795 0)
(-0.0973509 -0.332901 0)
(-0.0963454 -0.364825 0)
(-0.0666401 -0.329839 0)
(-0.0217253 -0.168634 0)
(-0.0245017 0.173463 0)
(-0.0644556 0.304909 0)
(-0.0745406 0.3198 0)
(-0.0528668 0.287517 0)
(-0.013965 0.240376 0)
(0.0299659 0.192042 0)
(0.0716893 0.147472 0)
(0.107112 0.107537 0)
(0.133973 0.0713775 0)
(0.150991 0.0374619 0)
(0.157304 0.00394719 0)
(0.152185 -0.0312556 0)
(0.13499 -0.0705205 0)
(0.1054 -0.116482 0)
(0.0641144 -0.171643 0)
(0.014272 -0.236915 0)
(-0.0362226 -0.307797 0)
(-0.0719215 -0.366635 0)
(-0.0714706 -0.368356 0)
(-0.0285074 -0.217108 0)
(-0.0292582 0.230079 0)
(-0.0619496 0.32515 0)
(-0.0280947 0.29283 0)
(0.0399752 0.236337 0)
(0.113804 0.182388 0)
(0.181422 0.137009 0)
(0.238335 0.100387 0)
(0.283043 0.0707162 0)
(0.315377 0.0458398 0)
(0.335535 0.0237641 0)
(0.34354 0.00265 0)
(0.338972 -0.0193772 0)
(0.320845 -0.0444957 0)
(0.287628 -0.0755123 0)
(0.237609 -0.116132 0)
(0.170077 -0.170653 0)
(0.087755 -0.241673 0)
(0.00246933 -0.323082 0)
(-0.0516761 -0.378779 0)
(-0.0271129 -0.2767 0)
(0.00642191 0.275282 0)
(0.0147259 0.288827 0)
(0.127778 0.207912 0)
(0.249972 0.14324 0)
(0.348696 0.0985532 0)
(0.424796 0.0677723 0)
(0.482231 0.0463709 0)
(0.524054 0.030989 0)
(0.552728 0.01925 0)
(0.569985 0.00952207 0)
(0.576709 0.000594058 0)
(0.572908 -0.00862014 0)
(0.557626 -0.019376 0)
(0.528725 -0.0334941 0)
(0.482626 -0.0539799 0)
(0.414196 -0.0858945 0)
(0.316368 -0.137054 0)
(0.183884 -0.216481 0)
(0.0501166 -0.315782 0)
(0.0238704 -0.304906 0)
(0.298042 0.144382 0)
(0.391578 0.126586 0)
(0.548616 0.0766168 0)
(0.665316 0.0448673 0)
(0.735668 0.0267518 0)
(0.780056 0.0162117 0)
(0.809521 0.00993831 0)
(0.829062 0.00604085 0)
(0.841477 0.00342382 0)
(0.84839 0.00146049 0)
(0.850597 -0.000233688 0)
(0.848259 -0.0019528 0)
(0.840912 -0.00402259 0)
(0.827265 -0.00696033 0)
(0.804676 -0.0117714 0)
(0.768004 -0.0205418 0)
(0.705554 -0.0375527 0)
(0.591998 -0.070819 0)
(0.423814 -0.126879 0)
(0.313468 -0.149793 0)
)
;

boundaryField
{
    movingWall
    {
        type            fixedValue;
        value           uniform (1 0 0);
    }
    fixedWalls
    {
        type            noSlip;
    }
    frontAndBack
    {
        type            empty;
    }
}


// ************************************************************************* //
