/*--------------------------------*- C++ -*----------------------------------*\
  =========                 |
  \\      /  F ield         | OpenFOAM: The Open Source CFD Toolbox
   \\    /   O peration     | Website:  https://openfoam.org
    \\  /    A nd           | Version:  6
     \\/     M anipulation  |
\*---------------------------------------------------------------------------*/
FoamFile
{
    version     2.0;
    format      ascii;
    class       surfaceScalarField;
    location    "0.195";
    object      phi;
}
// * * * * * * * * * * * * * * * * * * * * * * * * * * * * * * * * * * * * * //

dimensions      [0 3 -1 0 0 0 0];

internalField   nonuniform List<scalar> 
760
(
4.09143e-10
-4.09025e-10
-3.68283e-08
3.72374e-08
-1.04249e-07
6.74209e-08
-1.87681e-07
8.34321e-08
-2.76111e-07
8.843e-08
-3.61826e-07
8.5715e-08
-4.39321e-07
7.74951e-08
-5.04198e-07
6.48767e-08
-5.52375e-07
4.81769e-08
-5.79786e-07
2.74105e-08
-5.8258e-07
2.79419e-09
-5.57784e-07
-2.47954e-08
-5.04337e-07
-5.34471e-08
-4.2433e-07
-8.00068e-08
-3.24145e-07
-1.00186e-07
-2.14995e-07
-1.0915e-07
-1.1234e-07
-1.02655e-07
-3.39006e-08
-7.84393e-08
4.19417e-09
-3.80948e-08
4.19408e-09
-3.78935e-08
3.74844e-08
-1.49872e-07
1.49216e-07
-3.17416e-07
2.34964e-07
-5.16246e-07
2.82262e-07
-7.24685e-07
2.96869e-07
-9.25664e-07
2.86693e-07
-1.10599e-06
2.57817e-07
-1.25488e-06
2.13767e-07
-1.36278e-06
1.56078e-07
-1.42089e-06
8.55231e-08
-1.42158e-06
3.48197e-09
-1.35962e-06
-8.67526e-08
-1.23414e-06
-1.78926e-07
-1.05086e-06
-2.6329e-07
-8.24024e-07
-3.2702e-07
-5.77126e-07
-3.56048e-07
-3.41278e-07
-3.38502e-07
-1.50506e-07
-2.69212e-07
-3.33165e-08
-1.55284e-07
-2.91224e-08
-7.37469e-08
1.11231e-07
-2.53141e-07
3.28611e-07
-5.02864e-07
4.84687e-07
-7.90129e-07
5.69527e-07
-1.0869e-06
5.93638e-07
-1.37078e-06
5.70572e-07
-1.62405e-06
5.11093e-07
-1.83206e-06
4.21774e-07
-1.98184e-06
3.05863e-07
-2.06164e-06
1.65318e-07
-2.06136e-06
3.20829e-09
-1.97418e-06
-1.7394e-07
-1.7989e-06
-3.54202e-07
-1.54296e-06
-5.1923e-07
-1.22501e-06
-6.44973e-07
-8.75992e-07
-7.05064e-07
-5.37198e-07
-6.77296e-07
-2.54178e-07
-5.52232e-07
-6.68548e-08
-3.42607e-07
-9.59772e-08
-1.01496e-07
2.12727e-07
-3.37752e-07
5.64868e-07
-6.56797e-07
8.03732e-07
-1.0168e-06
9.29532e-07
-1.38455e-06
9.6139e-07
-1.73434e-06
9.20361e-07
-2.04601e-06
8.22755e-07
-2.30276e-06
6.78529e-07
-2.48955e-06
4.92649e-07
-2.59231e-06
2.68079e-07
-2.59845e-06
9.34895e-09
-2.49855e-06
-2.73842e-07
-2.28929e-06
-5.63455e-07
-1.97735e-06
-8.31177e-07
-1.58321e-06
-1.03911e-06
-1.14355e-06
-1.14472e-06
-7.09714e-07
-1.11114e-06
-3.40696e-07
-9.21251e-07
-9.11572e-08
-5.92146e-07
-1.87134e-07
-1.23751e-07
3.36478e-07
-4.08602e-07
8.49719e-07
-7.88195e-07
1.18332e-06
-1.21196e-06
1.35329e-06
-1.6421e-06
1.39153e-06
-2.0507e-06
1.32896e-06
-2.41646e-06
1.18851e-06
-2.72163e-06
9.83706e-07
-2.9498e-06
7.20814e-07
-3.08467e-06
4.02953e-07
-3.11032e-06
3.49972e-08
-3.01291e-06
-3.71252e-07
-2.78423e-06
-7.92134e-07
-2.42692e-06
-1.18849e-06
-1.9606e-06
-1.50542e-06
-1.42684e-06
-1.67848e-06
-8.89394e-07
-1.64859e-06
-4.26112e-07
-1.38453e-06
-1.12069e-07
-9.06189e-07
-2.99204e-07
-1.43389e-07
4.79867e-07
-4.7263e-07
1.17896e-06
-9.08628e-07
1.61932e-06
-1.39261e-06
1.83727e-06
-1.88276e-06
1.88168e-06
-2.34984e-06
1.79604e-06
-2.77245e-06
1.61112e-06
-3.13287e-06
1.34413e-06
-3.41391e-06
1.00185e-06
-3.59697e-06
5.86016e-07
-3.6617e-06
9.97259e-08
-3.58745e-06
-4.45499e-07
-3.35734e-06
-1.02225e-06
-2.96527e-06
-1.58056e-06
-2.42563e-06
-2.04507e-06
-1.78308e-06
-2.32102e-06
-1.11698e-06
-2.31468e-06
-5.32826e-07
-1.96869e-06
-1.36766e-07
-1.30225e-06
-4.3597e-07
-1.62784e-07
6.42651e-07
-5.36169e-07
1.55234e-06
-1.02861e-06
2.11176e-06
-1.57338e-06
2.38205e-06
-2.12524e-06
2.43354e-06
-2.65454e-06
2.32534e-06
-3.14098e-06
2.09756e-06
-3.56804e-06
1.77119e-06
-3.91866e-06
1.35247e-06
-4.17222e-06
8.39577e-07
-4.30307e-06
2.3058e-07
-4.28119e-06
-4.67382e-07
-4.07623e-06
-1.22721e-06
-3.66652e-06
-1.99027e-06
-3.05369e-06
-2.6579e-06
-2.2805e-06
-3.09421e-06
-1.44399e-06
-3.1512e-06
-6.89637e-07
-2.72304e-06
-1.73845e-07
-1.81804e-06
-6.09815e-07
-1.83776e-07
8.26428e-07
-6.04266e-07
1.97283e-06
-1.15628e-06
2.66378e-06
-1.76486e-06
2.99063e-06
-2.38187e-06
3.05055e-06
-2.97845e-06
2.92192e-06
-3.53688e-06
2.656e-06
-4.04353e-06
2.27784e-06
-4.48306e-06
1.79199e-06
-4.83396e-06
1.19048e-06
-5.0653e-06
4.61913e-07
-5.13553e-06
-3.97153e-07
-4.99557e-06
-1.36717e-06
-4.59914e-06
-2.3867e-06
-3.92323e-06
-3.33382e-06
-2.99783e-06
-4.0196e-06
-1.93516e-06
-4.21387e-06
-9.34988e-07
-3.72321e-06
-2.34984e-07
-2.51804e-06
-8.44799e-07
-2.0783e-07
1.03426e-06
-6.80848e-07
2.44585e-06
-1.29741e-06
3.28034e-06
-1.97334e-06
3.66656e-06
-2.65813e-06
3.73534e-06
-3.32511e-06
3.5889e-06
-3.96109e-06
3.29198e-06
-4.55754e-06
2.87428e-06
-5.10333e-06
2.33778e-06
-5.57841e-06
1.66557e-06
-5.94808e-06
8.31581e-07
-6.15873e-06
-1.86501e-07
-6.13818e-06
-1.38771e-06
-5.80568e-06
-2.7192e-06
-5.09777e-06
-4.04173e-06
-4.01282e-06
-5.10455e-06
-2.6655e-06
-5.56119e-06
-1.31945e-06
-5.06927e-06
-3.37025e-07
-3.50046e-06
-1.18182e-06
-2.36471e-07
1.27073e-06
-7.69555e-07
2.97893e-06
-1.45629e-06
3.96708e-06
-2.20151e-06
4.41177e-06
-2.95283e-06
4.48666e-06
-3.6874e-06
4.32348e-06
-4.3987e-06
4.00328e-06
-5.08589e-06
3.56147e-06
-5.74515e-06
2.99705e-06
-6.36154e-06
2.28195e-06
-6.90017e-06
1.37022e-06
-7.29786e-06
2.11186e-07
-7.45859e-06
-1.22698e-06
-7.26039e-06
-2.9174e-06
-6.58343e-06
-4.71869e-06
-5.36828e-06
-6.31971e-06
-3.70233e-06
-7.22713e-06
-1.90331e-06
-6.86829e-06
-5.04337e-07
-4.89944e-06
-1.68616e-06
-2.72025e-07
1.54275e-06
-8.7519e-07
3.5821e-06
-1.63735e-06
4.72924e-06
-2.44967e-06
5.2241e-06
-3.25861e-06
5.2956e-06
-4.04689e-06
5.11176e-06
-4.81662e-06
4.77301e-06
-5.57692e-06
4.32177e-06
-6.33436e-06
3.75449e-06
-7.08337e-06
3.03096e-06
-7.79475e-06
2.0816e-06
-8.40266e-06
8.19104e-07
-8.79396e-06
-8.35683e-07
-8.80823e-06
-2.90314e-06
-8.26154e-06
-5.26537e-06
-7.00961e-06
-7.57164e-06
-5.06303e-06
-9.17372e-06
-2.74309e-06
-9.18823e-06
-7.71326e-07
-6.8712e-06
-2.45749e-06
-3.1887e-07
1.86162e-06
-1.00592e-06
4.26915e-06
-1.84717e-06
5.5705e-06
-2.71701e-06
6.09394e-06
-3.56211e-06
6.14069e-06
-4.37281e-06
5.92246e-06
-5.16123e-06
5.56143e-06
-5.94756e-06
5.1081e-06
-6.75055e-06
4.55748e-06
-7.57789e-06
3.8583e-06
-8.41344e-06
2.91714e-06
-9.20094e-06
1.6066e-06
-9.82724e-06
-2.09374e-07
-1.01125e-05
-2.61787e-06
-9.82013e-06
-5.55775e-06
-8.70694e-06
-8.68483e-06
-6.64613e-06
-1.12345e-05
-3.85656e-06
-1.19778e-05
-1.18244e-06
-9.54532e-06
-3.63993e-06
-3.85707e-07
2.24733e-06
-1.17656e-06
5.06e-06
-2.09684e-06
6.49078e-06
-3.00187e-06
6.99897e-06
-3.84247e-06
6.98129e-06
-4.61965e-06
6.69963e-06
-5.35629e-06
6.29808e-06
-6.0831e-06
5.8349e-06
-6.83071e-06
5.30509e-06
-7.62209e-06
4.64968e-06
-8.46148e-06
3.75652e-06
-9.31809e-06
2.46322e-06
-1.01058e-05
5.7833e-07
-1.06624e-05
-2.0613e-06
-1.07367e-05
-5.48343e-06
-1.00033e-05
-9.41824e-06
-8.15301e-06
-1.30848e-05
-5.15576e-06
-1.49751e-05
-1.77774e-06
-1.29233e-05
-5.41767e-06
-4.89912e-07
2.73724e-06
-1.41349e-06
5.98358e-06
-2.40302e-06
7.4803e-06
-3.29811e-06
7.89406e-06
-4.06413e-06
7.74731e-06
-4.71877e-06
7.35427e-06
-5.29705e-06
6.87636e-06
-5.83872e-06
6.37657e-06
-6.38398e-06
5.85035e-06
-6.97038e-06
5.23609e-06
-7.62691e-06
4.41305e-06
-8.36256e-06
3.19886e-06
-9.1473e-06
1.36307e-06
-9.88339e-06
-1.3252e-06
-1.03669e-05
-4.99988e-06
-1.02495e-05
-9.53566e-06
-9.04926e-06
-1.42851e-05
-6.35917e-06
-1.76651e-05
-2.5434e-06
-1.67391e-05
-7.96107e-06
-6.65959e-07
3.4032e-06
-1.76071e-06
7.07833e-06
-2.78283e-06
8.50242e-06
-3.57821e-06
8.68943e-06
-4.15153e-06
8.32063e-06
-4.54975e-06
7.7525e-06
-4.82437e-06
7.15098e-06
-5.02399e-06
6.57618e-06
-5.19558e-06
6.02194e-06
-5.3876e-06
5.42811e-06
-5.6519e-06
4.67734e-06
-6.04148e-06
3.58845e-06
-6.59923e-06
1.92081e-06
-7.32953e-06
-5.94906e-07
-8.14268e-06
-4.18672e-06
-8.76455e-06
-8.91379e-06
-8.63383e-06
-1.44158e-05
-6.9437e-06
-1.93553e-05
-3.32583e-06
-2.0357e-05
-1.12869e-05
-9.79764e-07
4.38297e-06
-2.27979e-06
8.37836e-06
-3.22147e-06
9.4441e-06
-3.73296e-06
9.20093e-06
-3.91061e-06
8.49827e-06
-3.85306e-06
7.69495e-06
-3.63703e-06
6.93495e-06
-3.32203e-06
6.26119e-06
-2.95928e-06
5.6592e-06
-2.6017e-06
5.07052e-06
-2.31426e-06
4.3899e-06
-2.18265e-06
3.45685e-06
-2.31453e-06
2.05269e-06
-2.82271e-06
-8.67302e-08
-3.77282e-06
-3.23661e-06
-5.06781e-06
-7.6188e-06
-6.2377e-06
-1.32459e-05
-6.22106e-06
-1.93719e-05
-3.76237e-06
-2.28157e-05
-1.50493e-05
-1.54373e-06
5.9267e-06
-2.99177e-06
9.8264e-06
-3.52392e-06
9.97625e-06
-3.36614e-06
9.04315e-06
-2.79797e-06
7.9301e-06
-1.99562e-06
6.8926e-06
-1.06463e-06
6.00396e-06
-7.15678e-08
5.26813e-06
9.35642e-07
4.65199e-06
1.91059e-06
4.09558e-06
2.79095e-06
3.50954e-06
3.48115e-06
2.76665e-06
3.8388e-06
1.69504e-06
3.67381e-06
7.82647e-08
2.77673e-06
-2.33953e-06
1.01295e-06
-5.85502e-06
-1.42794e-06
-1.0805e-05
-3.53657e-06
-1.72633e-05
-3.30737e-06
-2.30449e-05
-1.83566e-05
-2.47639e-06
8.40308e-06
-3.46933e-06
1.08193e-05
-2.68957e-06
9.19648e-06
-1.12491e-06
7.4785e-06
6.95147e-07
6.11004e-06
2.55931e-06
5.02843e-06
4.379e-06
4.18427e-06
6.11452e-06
3.53261e-06
7.74647e-06
3.02004e-06
9.25486e-06
2.58719e-06
1.0599e-05
2.16538e-06
1.16971e-05
1.66854e-06
1.24059e-05
9.86246e-07
1.25051e-05
-2.09612e-08
1.16961e-05
-1.53053e-06
9.63876e-06
-3.79765e-06
6.12277e-06
-7.289e-06
1.68906e-06
-1.28296e-05
-1.3497e-06
-2.00061e-05
-1.97063e-05
-2.90664e-06
1.13097e-05
-5.78284e-07
8.49098e-06
3.30877e-06
5.30943e-06
6.98142e-06
3.80585e-06
1.02099e-05
2.88156e-06
1.303e-05
2.2083e-06
1.54912e-05
1.72306e-06
1.76454e-05
1.37846e-06
1.95388e-05
1.1266e-06
2.11989e-05
9.27152e-07
2.26206e-05
7.43644e-07
2.3752e-05
5.37167e-07
2.44757e-05
2.6255e-07
2.45884e-05
-1.33703e-07
2.3777e-05
-7.19099e-07
2.15892e-05
-1.60983e-06
1.74268e-05
-3.12667e-06
1.0858e-05
-6.26069e-06
3.17732e-06
-1.23255e-05
-1.6529e-05
1.13097e-05
1.98007e-05
2.51101e-05
2.8916e-05
3.17975e-05
3.40058e-05
3.57289e-05
3.71074e-05
3.8234e-05
3.91611e-05
3.99048e-05
4.04419e-05
4.07045e-05
4.05708e-05
3.98517e-05
3.82419e-05
3.51152e-05
2.88545e-05
1.6529e-05
)
;

boundaryField
{
    movingWall
    {
        type            calculated;
        value           uniform 0;
    }
    fixedWalls
    {
        type            calculated;
        value           uniform 0;
    }
    frontAndBack
    {
        type            empty;
        value           nonuniform 0();
    }
}


// ************************************************************************* //
