/*--------------------------------*- C++ -*----------------------------------*\
  =========                 |
  \\      /  F ield         | OpenFOAM: The Open Source CFD Toolbox
   \\    /   O peration     | Website:  https://openfoam.org
    \\  /    A nd           | Version:  6
     \\/     M anipulation  |
\*---------------------------------------------------------------------------*/
FoamFile
{
    version     2.0;
    format      ascii;
    class       surfaceScalarField;
    location    "0.12";
    object      phi;
}
// * * * * * * * * * * * * * * * * * * * * * * * * * * * * * * * * * * * * * //

dimensions      [0 3 -1 0 0 0 0];

internalField   nonuniform List<scalar> 
760
(
-3.30272e-09
3.30241e-09
-4.54652e-08
4.21625e-08
-1.14528e-07
6.90628e-08
-1.94791e-07
8.02628e-08
-2.75684e-07
8.08936e-08
-3.50822e-07
7.51371e-08
-4.16244e-07
6.54227e-08
-4.69125e-07
5.28811e-08
-5.07037e-07
3.79114e-08
-5.27689e-07
2.06527e-08
-5.2898e-07
1.29091e-09
-5.09235e-07
-1.97459e-08
-4.67614e-07
-4.16206e-08
-4.04715e-07
-6.28988e-08
-3.23393e-07
-8.13224e-08
-2.29783e-07
-9.36093e-08
-1.34329e-07
-9.54544e-08
-5.24395e-08
-8.18895e-08
-3.56954e-09
-4.887e-08
-3.56963e-09
-4.27606e-08
4.60631e-08
-1.57654e-07
1.57056e-07
-3.1986e-07
2.31269e-07
-5.0304e-07
2.63443e-07
-6.86703e-07
2.64558e-07
-8.56859e-07
2.45293e-07
-1.00409e-06
2.12658e-07
-1.12158e-06
1.70368e-07
-1.20379e-06
1.20119e-07
-1.24595e-06
6.28096e-08
-1.24405e-06
-6.04187e-10
-1.19529e-06
-6.85041e-08
-1.09882e-06
-1.38093e-07
-9.56882e-07
-2.04837e-07
-7.76342e-07
-2.61863e-07
-5.70422e-07
-2.9953e-07
-3.60156e-07
-3.0572e-07
-1.74373e-07
-2.67672e-07
-4.57584e-08
-1.77485e-07
-4.9328e-08
-7.45306e-08
1.20594e-07
-2.47107e-07
3.29633e-07
-4.77217e-07
4.61379e-07
-7.30973e-07
5.17198e-07
-9.82729e-07
5.16314e-07
-1.21464e-06
4.77202e-07
-1.41438e-06
4.12402e-07
-1.57291e-06
3.28891e-07
-1.68293e-06
2.30146e-07
-1.7383e-06
1.1818e-07
-1.73395e-06
-4.95515e-09
-1.66639e-06
-1.36065e-07
-1.53466e-06
-2.69823e-07
-1.34179e-06
-3.9771e-07
-1.09672e-06
-5.06936e-07
-8.16472e-07
-5.79774e-07
-5.2789e-07
-5.94302e-07
-2.67484e-07
-5.28079e-07
-7.76189e-08
-3.6735e-07
-1.26947e-07
-9.58385e-08
2.16432e-07
-3.11859e-07
5.45653e-07
-5.93587e-07
7.43107e-07
-8.99784e-07
8.23395e-07
-1.201e-06
8.17534e-07
-1.47725e-06
7.53451e-07
-1.71482e-06
6.49972e-07
-1.9036e-06
5.17664e-07
-2.03534e-06
3.61891e-07
-2.10294e-06
1.85775e-07
-2.10029e-06
-7.59925e-09
-2.02286e-06
-2.135e-07
-1.86873e-06
-4.23944e-07
-1.64049e-06
-6.25956e-07
-1.34764e-06
-7.99789e-07
-1.00952e-06
-9.17888e-07
-6.57697e-07
-9.46126e-07
-3.36235e-07
-8.49541e-07
-9.83107e-08
-6.05274e-07
-2.25258e-07
-1.11642e-07
3.28074e-07
-3.62778e-07
7.9679e-07
-6.87582e-07
1.06791e-06
-1.03784e-06
1.17366e-06
-1.38069e-06
1.16038e-06
-1.69465e-06
1.0674e-06
-1.96533e-06
9.2066e-07
-2.18218e-06
7.34509e-07
-2.33636e-06
5.16072e-07
-2.41984e-06
2.69249e-07
-2.42514e-06
-2.29798e-09
-2.34587e-06
-2.92764e-07
-2.17802e-06
-5.91795e-07
-1.92225e-06
-8.81724e-07
-1.58734e-06
-1.13471e-06
-1.19428e-06
-1.31094e-06
-7.79966e-07
-1.36044e-06
-3.98107e-07
-1.2314e-06
-1.15059e-07
-8.88322e-07
-3.40317e-07
-1.26182e-07
4.54256e-07
-4.10638e-07
1.08125e-06
-7.77134e-07
1.43441e-06
-1.17057e-06
1.56709e-06
-1.5547e-06
1.54451e-06
-1.90683e-06
1.41954e-06
-2.21234e-06
1.22617e-06
-2.46058e-06
9.82752e-07
-2.64236e-06
6.97848e-07
-2.74863e-06
3.75519e-07
-2.77007e-06
1.91434e-08
-2.69746e-06
-3.65372e-07
-2.52315e-06
-7.66107e-07
-2.24403e-06
-1.16085e-06
-1.86633e-06
-1.5124e-06
-1.41192e-06
-1.76536e-06
-9.24146e-07
-1.84821e-06
-4.6998e-07
-1.68557e-06
-1.33742e-07
-1.22456e-06
-4.74059e-07
-1.42399e-07
5.96655e-07
-4.63534e-07
1.40238e-06
-8.75816e-07
1.84669e-06
-1.31668e-06
2.00796e-06
-1.7464e-06
1.97423e-06
-2.14132e-06
1.81445e-06
-2.48699e-06
1.57184e-06
-2.77313e-06
1.2689e-06
-2.99051e-06
9.15229e-07
-3.12916e-06
5.14166e-07
-3.17751e-06
6.74953e-08
-3.12247e-06
-4.20411e-07
-2.95086e-06
-9.37715e-07
-2.65311e-06
-1.4586e-06
-2.22993e-06
-1.93558e-06
-1.7019e-06
-2.29339e-06
-1.11956e-06
-2.43055e-06
-5.68313e-07
-2.23682e-06
-1.59313e-07
-1.63356e-06
-6.33372e-07
-1.62302e-07
7.58957e-07
-5.27187e-07
1.76727e-06
-9.93096e-07
2.3126e-06
-1.48877e-06
2.50363e-06
-1.97078e-06
2.45624e-06
-2.41491e-06
2.25858e-06
-2.80756e-06
1.96449e-06
-3.13958e-06
1.60091e-06
-3.40236e-06
1.17801e-06
-3.58546e-06
6.9727e-07
-3.67507e-06
1.57109e-07
-3.65335e-06
-4.42135e-07
-3.4994e-06
-1.09167e-06
-3.19334e-06
-1.76466e-06
-2.7252e-06
-2.40373e-06
-2.10935e-06
-2.90924e-06
-1.40216e-06
-3.13774e-06
-7.13885e-07
-2.92509e-06
-1.97775e-07
-2.14967e-06
-8.31147e-07
-1.87513e-07
9.4647e-07
-6.06128e-07
2.18588e-06
-1.13607e-06
2.84254e-06
-1.69549e-06
3.06306e-06
-2.23712e-06
2.99787e-06
-2.73687e-06
2.75833e-06
-3.18307e-06
2.4107e-06
-3.56888e-06
1.98671e-06
-3.88756e-06
1.49669e-06
-4.12935e-06
9.39063e-07
-4.27893e-06
3.06686e-07
-4.31345e-06
-4.07616e-07
-4.20218e-06
-1.20294e-06
-3.90996e-06
-2.05688e-06
-3.40783e-06
-2.90585e-06
-2.69399e-06
-3.62307e-06
-1.82416e-06
-4.00757e-06
-9.39338e-07
-3.80991e-06
-2.59232e-07
-2.82978e-06
-1.09038e-06
-2.19916e-07
1.16639e-06
-7.05155e-07
2.67112e-06
-1.31146e-06
3.44884e-06
-1.94392e-06
3.69551e-06
-2.55146e-06
3.60542e-06
-3.11139e-06
3.31826e-06
-3.61549e-06
2.91479e-06
-4.06094e-06
2.43217e-06
-4.44481e-06
1.88056e-06
-4.76012e-06
1.25437e-06
-4.99201e-06
5.38575e-07
-5.11378e-06
-2.85843e-07
-5.08375e-06
-1.23297e-06
-4.84604e-06
-2.29459e-06
-4.3411e-06
-3.41078e-06
-3.53362e-06
-4.43056e-06
-2.46211e-06
-5.07908e-06
-1.29825e-06
-4.97377e-06
-3.62418e-07
-3.76561e-06
-1.4528e-06
-2.62433e-07
1.42882e-06
-8.30913e-07
3.2396e-06
-1.52749e-06
4.14542e-06
-2.24119e-06
4.40922e-06
-2.9179e-06
4.28212e-06
-3.53816e-06
3.93852e-06
-4.09932e-06
3.47595e-06
-4.60479e-06
2.93763e-06
-5.05798e-06
2.33376e-06
-5.4578e-06
1.65419e-06
-5.7935e-06
8.7428e-07
-6.038e-06
-4.13518e-08
-6.14012e-06
-1.13084e-06
-6.01964e-06
-2.41507e-06
-5.57342e-06
-3.857e-06
-4.70765e-06
-5.29633e-06
-3.41176e-06
-6.37497e-06
-1.87048e-06
-6.51505e-06
-5.40467e-07
-5.09562e-06
-1.99326e-06
-3.20155e-07
1.74897e-06
-9.93726e-07
3.91317e-06
-1.79534e-06
4.94703e-06
-2.59496e-06
5.20884e-06
-3.33749e-06
5.02465e-06
-4.00967e-06
4.61071e-06
-4.61693e-06
4.08321e-06
-5.17125e-06
3.49195e-06
-5.68514e-06
2.84765e-06
-6.16716e-06
2.1362e-06
-6.61578e-06
1.3229e-06
-7.00979e-06
3.52661e-07
-7.29466e-06
-8.45971e-07
-7.368e-06
-2.34174e-06
-7.07502e-06
-4.14998e-06
-6.23703e-06
-6.13432e-06
-4.74663e-06
-7.86537e-06
-2.74969e-06
-8.512e-06
-8.45723e-07
-6.99959e-06
-2.83899e-06
-4.02258e-07
2.15123e-06
-1.20991e-06
4.72083e-06
-2.12964e-06
5.86675e-06
-3.01087e-06
6.09007e-06
-3.80253e-06
5.81631e-06
-4.50202e-06
5.31021e-06
-5.12569e-06
4.70687e-06
-5.69609e-06
4.06235e-06
-6.23695e-06
3.38852e-06
-6.7696e-06
2.66885e-06
-7.30695e-06
1.86025e-06
-7.84204e-06
8.87752e-07
-8.32877e-06
-3.59249e-07
-8.65597e-06
-2.01454e-06
-8.62557e-06
-4.18037e-06
-7.96338e-06
-6.79651e-06
-6.41506e-06
-9.41369e-06
-3.98933e-06
-1.09377e-05
-1.34668e-06
-9.64224e-06
-4.18566e-06
-5.2553e-07
2.67676e-06
-1.50443e-06
5.69973e-06
-2.54574e-06
6.90807e-06
-3.48278e-06
7.02711e-06
-4.2796e-06
6.61313e-06
-4.95142e-06
5.98202e-06
-5.52883e-06
5.28428e-06
-6.04631e-06
4.57982e-06
-6.5392e-06
3.88142e-06
-7.04222e-06
3.17187e-06
-7.58525e-06
2.40328e-06
-8.18298e-06
1.48548e-06
-8.81373e-06
2.71498e-07
-9.38525e-06
-1.44301e-06
-9.69334e-06
-3.87228e-06
-9.39863e-06
-7.09122e-06
-8.08138e-06
-1.07309e-05
-5.48457e-06
-1.35345e-05
-2.09818e-06
-1.30286e-05
-6.28385e-06
-7.20988e-07
3.39775e-06
-1.91246e-06
6.8912e-06
-3.04677e-06
8.04237e-06
-3.96361e-06
7.94395e-06
-4.66619e-06
7.31571e-06
-5.1997e-06
6.51554e-06
-5.61402e-06
5.6986e-06
-5.95657e-06
4.92237e-06
-6.27262e-06
4.19746e-06
-6.60663e-06
3.50588e-06
-7.00212e-06
2.79878e-06
-7.49675e-06
1.9801e-06
-8.10712e-06
8.81868e-07
-8.79643e-06
-7.53698e-07
-9.42089e-06
-3.24783e-06
-9.66335e-06
-6.84876e-06
-8.99533e-06
-1.1399e-05
-6.80353e-06
-1.57263e-05
-3.04777e-06
-1.67844e-05
-9.33161e-06
-1.04518e-06
4.44293e-06
-2.47198e-06
8.31801e-06
-3.57839e-06
9.14878e-06
-4.28588e-06
8.65144e-06
-4.6867e-06
7.71653e-06
-4.87683e-06
6.70567e-06
-4.93315e-06
5.75492e-06
-4.91698e-06
4.9062e-06
-4.87941e-06
4.15989e-06
-4.86653e-06
3.49301e-06
-4.92485e-06
2.85709e-06
-5.10563e-06
2.16088e-06
-5.46435e-06
1.24059e-06
-6.04544e-06
-1.72605e-07
-6.8359e-06
-2.45737e-06
-7.66715e-06
-6.01752e-06
-8.05521e-06
-1.10109e-05
-7.08195e-06
-1.66996e-05
-3.86818e-06
-1.99982e-05
-1.31998e-05
-1.59338e-06
6.0363e-06
-3.16091e-06
9.88554e-06
-3.87194e-06
9.85981e-06
-3.94539e-06
8.72489e-06
-3.65293e-06
7.42407e-06
-3.16606e-06
6.2188e-06
-2.59045e-06
5.1793e-06
-1.99461e-06
4.31036e-06
-1.42479e-06
3.59007e-06
-9.15638e-07
2.98386e-06
-5.01149e-07
2.4426e-06
-2.27924e-07
1.88766e-06
-1.71134e-07
1.1838e-06
-4.46902e-07
1.03162e-07
-1.19902e-06
-1.70525e-06
-2.51123e-06
-4.70532e-06
-4.16236e-06
-9.35976e-06
-5.19168e-06
-1.56703e-05
-3.85585e-06
-2.1334e-05
-1.70556e-05
-2.47152e-06
8.50782e-06
-3.51604e-06
1.09301e-05
-2.86139e-06
9.20516e-06
-1.49306e-06
7.35656e-06
6.84889e-08
5.86252e-06
1.61873e-06
4.66856e-06
3.07173e-06
3.72631e-06
4.38942e-06
2.99267e-06
5.55856e-06
2.42093e-06
6.57634e-06
1.96608e-06
7.43689e-06
1.58206e-06
8.1148e-06
1.20975e-06
8.54064e-06
7.5796e-07
8.56699e-06
7.68082e-08
7.93788e-06
-1.07614e-06
6.31043e-06
-3.07786e-06
3.45824e-06
-6.50757e-06
-8.25511e-08
-1.21295e-05
-2.09275e-06
-1.93238e-05
-1.91484e-05
-2.84638e-06
1.13542e-05
-4.73559e-07
8.55725e-06
3.38869e-06
5.34292e-06
6.95784e-06
3.7874e-06
1.0009e-05
2.8114e-06
1.25855e-05
2.09205e-06
1.47436e-05
1.56814e-06
1.65427e-05
1.19363e-06
1.80405e-05
9.23143e-07
1.9285e-05
7.21523e-07
2.03067e-05
5.60378e-07
2.11065e-05
4.09954e-07
2.16341e-05
2.30336e-07
2.17501e-05
-3.9139e-08
2.11689e-05
-4.95032e-07
1.93977e-05
-1.30663e-06
1.57457e-05
-2.85561e-06
9.73028e-06
-6.11401e-06
2.66131e-06
-1.22548e-05
-1.64871e-05
1.13542e-05
1.99114e-05
2.52544e-05
2.90418e-05
3.18532e-05
3.39452e-05
3.55134e-05
3.6707e-05
3.76301e-05
3.83517e-05
3.8912e-05
3.9322e-05
3.95523e-05
3.95132e-05
3.90182e-05
3.77115e-05
3.48559e-05
2.87419e-05
1.64871e-05
)
;

boundaryField
{
    movingWall
    {
        type            calculated;
        value           uniform 0;
    }
    fixedWalls
    {
        type            calculated;
        value           uniform 0;
    }
    frontAndBack
    {
        type            empty;
        value           nonuniform 0();
    }
}


// ************************************************************************* //
