/*--------------------------------*- C++ -*----------------------------------*\
  =========                 |
  \\      /  F ield         | OpenFOAM: The Open Source CFD Toolbox
   \\    /   O peration     | Website:  https://openfoam.org
    \\  /    A nd           | Version:  6
     \\/     M anipulation  |
\*---------------------------------------------------------------------------*/
FoamFile
{
    version     2.0;
    format      ascii;
    class       volVectorField;
    location    "0.12";
    object      U;
}
// * * * * * * * * * * * * * * * * * * * * * * * * * * * * * * * * * * * * * //

dimensions      [0 1 -1 0 0 0 0];

internalField   nonuniform List<vector> 
400
(
(3.12469e-05 -3.263e-05 0)
(-0.000369436 0.000276163 0)
(-0.00152357 0.000504596 0)
(-0.00307054 0.000600054 0)
(-0.00471756 0.000608089 0)
(-0.00629955 0.00056681 0)
(-0.00771959 0.000496825 0)
(-0.00891356 0.000406616 0)
(-0.00983075 0.000298244 0)
(-0.0104245 0.000171676 0)
(-0.0106505 2.74162e-05 0)
(-0.0104697 -0.000131908 0)
(-0.00985538 -0.000300237 0)
(-0.00880248 -0.000466521 0)
(-0.00734229 -0.000612695 0)
(-0.00556107 -0.00071159 0)
(-0.00362028 -0.000726056 0)
(-0.00177854 -0.00061066 0)
(-0.000421798 -0.000329052 0)
(3.89798e-05 3.45655e-05 0)
(-0.000280541 0.000364651 0)
(-0.00173359 0.00170387 0)
(-0.00460467 0.00263771 0)
(-0.00818591 0.00304419 0)
(-0.0119363 0.00306931 0)
(-0.0155263 0.00285292 0)
(-0.0187361 0.00248242 0)
(-0.0214104 0.0020013 0)
(-0.0234295 0.00142724 0)
(-0.0246916 0.000768175 0)
(-0.0251081 3.32983e-05 0)
(-0.0246085 -0.000759704 0)
(-0.0231523 -0.00157845 0)
(-0.020748 -0.00236908 0)
(-0.01748 -0.00304848 0)
(-0.0135422 -0.00349811 0)
(-0.00926752 -0.00356565 0)
(-0.00514853 -0.00308448 0)
(-0.00188906 -0.0019473 0)
(-0.000289053 -0.000392089 0)
(-0.00054374 0.00155995 0)
(-0.00285111 0.00462712 0)
(-0.00702378 0.00662774 0)
(-0.0120376 0.00749373 0)
(-0.0172005 0.00750884 0)
(-0.0221058 0.00695505 0)
(-0.0264708 0.00602246 0)
(-0.0300902 0.00481497 0)
(-0.0328053 0.00338265 0)
(-0.0344835 0.00175361 0)
(-0.0350117 -4.28765e-05 0)
(-0.0343014 -0.00195983 0)
(-0.0323031 -0.00391808 0)
(-0.0290299 -0.00579085 0)
(-0.0245929 -0.00738768 0)
(-0.0192432 -0.00844398 0)
(-0.0134055 -0.00863106 0)
(-0.00769804 -0.0076103 0)
(-0.00302897 -0.00518085 0)
(-0.000545709 -0.00165048 0)
(-0.000712715 0.00329463 0)
(-0.00363896 0.00858051 0)
(-0.00880333 0.0118311 0)
(-0.0148946 0.013186 0)
(-0.021093 0.013131 0)
(-0.0269451 0.0121207 0)
(-0.032138 0.0104647 0)
(-0.0364431 0.00833697 0)
(-0.0396823 0.00582597 0)
(-0.0417044 0.00298372 0)
(-0.0423765 -0.000137372 0)
(-0.0415888 -0.00345706 0)
(-0.0392706 -0.00684217 0)
(-0.0354192 -0.0100796 0)
(-0.0301438 -0.0128493 0)
(-0.0237215 -0.0147079 0)
(-0.0166423 -0.0151088 0)
(-0.00963875 -0.0134947 0)
(-0.00382936 -0.00951406 0)
(-0.000697861 -0.00343798 0)
(-0.000830848 0.00538219 0)
(-0.00424087 0.013276 0)
(-0.0102246 0.0179223 0)
(-0.0172199 0.0197757 0)
(-0.0242881 0.0195942 0)
(-0.0309385 0.0180405 0)
(-0.0368424 0.0155577 0)
(-0.0417618 0.012394 0)
(-0.0455095 0.00867535 0)
(-0.0479197 0.00447394 0)
(-0.0488371 -0.000139902 0)
(-0.0481192 -0.00505778 0)
(-0.0456545 -0.0100943 0)
(-0.0413966 -0.0149438 0)
(-0.0354239 -0.0191362 0)
(-0.0280168 -0.0220115 0)
(-0.0197281 -0.0227493 0)
(-0.011434 -0.0205059 0)
(-0.00451401 -0.0147137 0)
(-0.000806126 -0.00557333 0)
(-0.000937042 0.00775879 0)
(-0.00479994 0.0186262 0)
(-0.0115698 0.0248265 0)
(-0.0194455 0.0272024 0)
(-0.02737 0.0268528 0)
(-0.0348181 0.0246883 0)
(-0.0414526 0.0213032 0)
(-0.0470351 0.0170235 0)
(-0.0513755 0.0120076 0)
(-0.0542958 0.00633843 0)
(-0.0556128 9.12803e-05 0)
(-0.0551373 -0.00661125 0)
(-0.0526914 -0.0135416 0)
(-0.0481503 -0.0202996 0)
(-0.0415217 -0.026241 0)
(-0.0330594 -0.0304321 0)
(-0.0233772 -0.0316893 0)
(-0.0135427 -0.0287791 0)
(-0.00529427 -0.0208425 0)
(-0.000919449 -0.00803982 0)
(-0.00105702 0.0104337 0)
(-0.00542091 0.0246581 0)
(-0.0130541 0.0325862 0)
(-0.021896 0.035518 0)
(-0.0307625 0.0349658 0)
(-0.0390956 0.0321339 0)
(-0.046558 0.0277887 0)
(-0.0529199 0.0223369 0)
(-0.0579972 0.0159627 0)
(-0.061604 0.00874452 0)
(-0.0635272 0.000740973 0)
(-0.0635175 -0.00793616 0)
(-0.0613015 -0.0170399 0)
(-0.0566294 -0.0260839 0)
(-0.0493782 -0.034225 0)
(-0.0397165 -0.0401787 0)
(-0.0282953 -0.0422619 0)
(-0.0164251 -0.0386829 0)
(-0.006366 -0.0281745 0)
(-0.00107414 -0.0109258 0)
(-0.00120779 0.0134629 0)
(-0.00617707 0.0314809 0)
(-0.01483 0.0413268 0)
(-0.0247955 0.0448463 0)
(-0.0347443 0.0440514 0)
(-0.0440912 0.0404959 0)
(-0.0525106 0.0351429 0)
(-0.0597965 0.0284849 0)
(-0.0657854 0.0207222 0)
(-0.0702962 0.0119085 0)
(-0.0730917 0.00205516 0)
(-0.0738552 -0.00877718 0)
(-0.0721893 -0.0203657 0)
(-0.0676595 -0.0321688 0)
(-0.0599187 -0.043133 0)
(-0.0489399 -0.0515315 0)
(-0.035327 -0.0549802 0)
(-0.0206624 -0.0508453 0)
(-0.00797611 -0.0372247 0)
(-0.00131179 -0.0144185 0)
(-0.00140343 0.0169367 0)
(-0.00712794 0.0392671 0)
(-0.0170164 0.0512349 0)
(-0.028306 0.0553561 0)
(-0.0394988 0.0542568 0)
(-0.0499924 0.04991 0)
(-0.0594932 0.0435071 0)
(-0.0678423 0.0356327 0)
(-0.0749215 0.0264935 0)
(-0.0805791 0.0160951 0)
(-0.0845747 0.0043613 0)
(-0.0865324 -0.00875761 0)
(-0.0859113 -0.0231382 0)
(-0.0820245 -0.0382575 0)
(-0.0741679 -0.0528829 0)
(-0.0619242 -0.0647609 0)
(-0.0456501 -0.0705296 0)
(-0.0271415 -0.0662322 0)
(-0.0105329 -0.0488581 0)
(-0.00170771 -0.0188528 0)
(-0.00166176 0.0209782 0)
(-0.00834072 0.0482445 0)
(-0.019734 0.0625402 0)
(-0.0325729 0.0672355 0)
(-0.0451628 0.065726 0)
(-0.056905 0.0604947 0)
(-0.0675682 0.0529998 0)
(-0.0770739 0.0439278 0)
(-0.0853855 0.0334845 0)
(-0.0924218 0.0216035 0)
(-0.0979818 0.00807509 0)
(-0.101667 -0.00733967 0)
(-0.102799 -0.0247342 0)
(-0.100384 -0.0437492 0)
(-0.0931943 -0.0630943 0)
(-0.0801247 -0.079972 0)
(-0.0608955 -0.0897079 0)
(-0.0372465 -0.0862453 0)
(-0.0147616 -0.0644946 0)
(-0.00241852 -0.0248346 0)
(-0.00201299 0.0257559 0)
(-0.00991529 0.0587045 0)
(-0.0231417 0.0755075 0)
(-0.0377608 0.0806669 0)
(-0.0518566 0.0785656 0)
(-0.0648713 0.0723101 0)
(-0.0766801 0.0636713 0)
(-0.0873266 0.05345 0)
(-0.0969025 0.0418496 0)
(-0.105453 0.028715 0)
(-0.112887 0.0136593 0)
(-0.118858 -0.00383716 0)
(-0.122613 -0.0242474 0)
(-0.122839 -0.047618 0)
(-0.117639 -0.072878 0)
(-0.104839 -0.0968388 0)
(-0.082906 -0.113221 0)
(-0.0528764 -0.112744 0)
(-0.0218716 -0.0863879 0)
(-0.00375869 -0.0334767 0)
(-0.00251357 0.0315145 0)
(-0.0120177 0.0710271 0)
(-0.0274729 0.0904298 0)
(-0.0440755 0.0957943 0)
(-0.0596791 0.0927941 0)
(-0.0738353 0.0852964 0)
(-0.0865838 0.0754296 0)
(-0.0981373 0.0641222 0)
(-0.108765 0.0515815 0)
(-0.118701 0.0375631 0)
(-0.128051 0.0214764 0)
(-0.136642 0.00243602 0)
(-0.143778 -0.0206026 0)
(-0.147934 -0.0484348 0)
(-0.146501 -0.0806925 0)
(-0.135917 -0.114254 0)
(-0.112636 -0.141202 0)
(-0.0758711 -0.147726 0)
(-0.0335911 -0.117806 0)
(-0.00630705 -0.0467628 0)
(-0.00327195 0.0386367 0)
(-0.0149309 0.0857188 0)
(-0.033071 0.107604 0)
(-0.0517479 0.112654 0)
(-0.0686281 0.10825 0)
(-0.0834935 0.0991648 0)
(-0.0966259 0.0879123 0)
(-0.108451 0.0755546 0)
(-0.119452 0.0623159 0)
(-0.130102 0.047883 0)
(-0.140783 0.03147 0)
(-0.151629 0.0117783 0)
(-0.16221 -0.0129814 0)
(-0.171054 -0.0447433 0)
(-0.175089 -0.0845072 0)
(-0.169365 -0.130058 0)
(-0.147765 -0.172382 0)
(-0.106285 -0.192256 0)
(-0.0517038 -0.162623 0)
(-0.0109966 -0.0679404 0)
(-0.00449908 0.0477587 0)
(-0.0191355 0.103453 0)
(-0.0404012 0.127246 0)
(-0.0609137 0.131015 0)
(-0.078331 0.124401 0)
(-0.0928881 0.113192 0)
(-0.105214 0.100265 0)
(-0.115988 0.0867964 0)
(-0.125918 0.0730357 0)
(-0.135722 0.0586382 0)
(-0.146082 0.0426735 0)
(-0.157523 0.023459 0)
(-0.170109 -0.00160993 0)
(-0.182866 -0.0359025 0)
(-0.192925 -0.0824602 0)
(-0.194637 -0.141108 0)
(-0.17953 -0.203117 0)
(-0.139365 -0.244441 0)
(-0.0763917 -0.223548 0)
(-0.0189473 -0.101589 0)
(-0.00660752 0.0599868 0)
(-0.025432 0.125066 0)
(-0.0499629 0.149231 0)
(-0.0711963 0.150014 0)
(-0.0873097 0.139959 0)
(-0.0994098 0.125844 0)
(-0.108635 0.110787 0)
(-0.115967 0.0960022 0)
(-0.122328 0.0817436 0)
(-0.128619 0.0676597 0)
(-0.135738 0.0527553 0)
(-0.14456 0.0350964 0)
(-0.15576 0.0114083 0)
(-0.169341 -0.0230854 0)
(-0.183679 -0.0738136 0)
(-0.193992 -0.143757 0)
(-0.19099 -0.226775 0)
(-0.162508 -0.29712 0)
(-0.102772 -0.298696 0)
(-0.0303406 -0.152923 0)
(-0.0103872 0.0773512 0)
(-0.0350665 0.151378 0)
(-0.0618058 0.172444 0)
(-0.0804377 0.167388 0)
(-0.0910943 0.152153 0)
(-0.096528 0.134157 0)
(-0.0986267 0.11646 0)
(-0.0987334 0.100134 0)
(-0.0979475 0.0853326 0)
(-0.0972233 0.07166 0)
(-0.0974779 0.0581206 0)
(-0.0997073 0.0427533 0)
(-0.105057 0.0220458 0)
(-0.114701 -0.00959879 0)
(-0.129175 -0.0595839 0)
(-0.146601 -0.134608 0)
(-0.159837 -0.233977 0)
(-0.155253 -0.336364 0)
(-0.117252 -0.377288 0)
(-0.0415279 -0.225817 0)
(-0.0172093 0.103994 0)
(-0.0494475 0.182283 0)
(-0.0733402 0.192884 0)
(-0.0807852 0.177599 0)
(-0.0774912 0.155242 0)
(-0.0689332 0.132751 0)
(-0.0578425 0.112462 0)
(-0.0458205 0.0949293 0)
(-0.0339526 0.0799711 0)
(-0.0230063 0.0670241 0)
(-0.0136324 0.0551032 0)
(-0.00661016 0.0424582 0)
(-0.00315051 0.0259597 0)
(-0.00520758 0.000327857 0)
(-0.0154852 -0.0423282 0)
(-0.036278 -0.111561 0)
(-0.066111 -0.214177 0)
(-0.0948923 -0.341465 0)
(-0.0988757 -0.434947 0)
(-0.0415957 -0.31563 0)
(-0.0283731 0.148626 0)
(-0.0665092 0.212466 0)
(-0.0690223 0.196997 0)
(-0.0460062 0.167003 0)
(-0.0148796 0.13805 0)
(0.0170463 0.113012 0)
(0.0474395 0.0923531 0)
(0.0753107 0.0756912 0)
(0.100235 0.0623029 0)
(0.122104 0.0513716 0)
(0.140876 0.0419429 0)
(0.15628 0.0326525 0)
(0.167424 0.021259 0)
(0.172248 0.0039661 0)
(0.166892 -0.0253908 0)
(0.145597 -0.0761139 0)
(0.102343 -0.160814 0)
(0.0369362 -0.289493 0)
(-0.0256387 -0.430199 0)
(-0.0111926 -0.388916 0)
(-0.0304819 0.21701 0)
(-0.0445967 0.217485 0)
(0.0251928 0.159019 0)
(0.103937 0.119518 0)
(0.171521 0.0919005 0)
(0.227881 0.0709158 0)
(0.275045 0.054972 0)
(0.314414 0.0430251 0)
(0.347167 0.0340562 0)
(0.374373 0.0271863 0)
(0.396841 0.0216337 0)
(0.414906 0.0165291 0)
(0.428122 0.0106546 0)
(0.434722 0.0020916 0)
(0.430754 -0.0122714 0)
(0.409091 -0.0376412 0)
(0.358232 -0.084319 0)
(0.263376 -0.174737 0)
(0.134174 -0.317813 0)
(0.0853564 -0.363705 0)
(0.261202 0.1327 0)
(0.322659 0.118076 0)
(0.443989 0.0795431 0)
(0.544336 0.0542623 0)
(0.612763 0.0381936 0)
(0.660848 0.0271586 0)
(0.696538 0.0194203 0)
(0.723657 0.0140332 0)
(0.744485 0.0102887 0)
(0.760648 0.00765181 0)
(0.773232 0.00571659 0)
(0.782744 0.00412689 0)
(0.788998 0.00248865 0)
(0.790835 0.000272627 0)
(0.785512 -0.00330751 0)
(0.767865 -0.00952159 0)
(0.727736 -0.0210041 0)
(0.64762 -0.0446552 0)
(0.489253 -0.101127 0)
(0.357928 -0.149015 0)
)
;

boundaryField
{
    movingWall
    {
        type            fixedValue;
        value           uniform (1 0 0);
    }
    fixedWalls
    {
        type            noSlip;
    }
    frontAndBack
    {
        type            empty;
    }
}


// ************************************************************************* //
