/*--------------------------------*- C++ -*----------------------------------*\
  =========                 |
  \\      /  F ield         | OpenFOAM: The Open Source CFD Toolbox
   \\    /   O peration     | Website:  https://openfoam.org
    \\  /    A nd           | Version:  6
     \\/     M anipulation  |
\*---------------------------------------------------------------------------*/
FoamFile
{
    version     2.0;
    format      ascii;
    class       volScalarField;
    location    "0.06";
    object      p;
}
// * * * * * * * * * * * * * * * * * * * * * * * * * * * * * * * * * * * * * //

dimensions      [0 2 -2 0 0 0 0];

internalField   nonuniform List<scalar> 
400
(
-4.88966e-09
-0.000259571
-0.000325631
-0.000106831
0.000384293
0.00112558
0.00209099
0.00324945
0.00456463
0.00599423
0.00748978
0.0089969
0.0104563
0.0118054
0.0129803
0.0139194
0.0145684
0.014885
0.0148523
0.0145804
0.000258375
-1.03372e-05
-3.99633e-05
0.000194638
0.000670082
0.00137571
0.0022938
0.00339765
0.00465362
0.00602152
0.00745462
0.00890023
0.0103008
0.0115956
0.0127235
0.013627
0.0142602
0.0145925
0.0145957
0.0143121
0.000331007
-4.68801e-06
-4.62158e-05
0.000189308
0.000659589
0.00135566
0.00226287
0.00335661
0.00460494
0.00596889
0.00740245
0.00885312
0.0102629
0.0115701
0.0127119
0.0136291
0.0142746
0.0146166
0.0146062
0.0142469
0.000114575
-0.000286623
-0.000351912
-0.000117191
0.000360998
0.00107226
0.00200251
0.00312783
0.00441694
0.00583117
0.00732418
0.00884219
0.0103248
0.0117064
0.012919
0.0138967
0.0145856
0.0149465
0.0149137
0.0144778
-0.000405837
-0.000863202
-0.000948704
-0.000707658
-0.000206842
0.000541967
0.00152477
0.00271781
0.00408996
0.00560227
0.00720732
0.00884899
0.0104628
0.0119771
0.013315
0.0144
0.015167
0.0155663
0.0155181
0.0150109
-0.00124807
-0.00176402
-0.00186708
-0.00161016
-0.00107012
-0.000260219
0.000805471
0.00210315
0.00360161
0.00526137
0.00703356
0.00885908
0.0106681
0.0123806
0.0139074
0.0151564
0.0160455
0.0165096
0.0164523
0.0158634
-0.0024414
-0.00302726
-0.00314731
-0.00286409
-0.00226712
-0.00137168
-0.000192027
0.00124796
0.00291708
0.00477556
0.0067733
0.00884816
0.0109244
0.0129116
0.0147048
0.0161897
0.0172593
0.0178247
0.0177643
0.0170698
-0.00402871
-0.00470175
-0.00483949
-0.00451869
-0.00384616
-0.00284018
-0.00151529
0.000104721
0.0019891
0.00409854
0.00638271
0.00877751
0.0112018
0.013554
0.0157094
0.0175243
0.0188551
0.0195745
0.0195201
0.0186826
-0.00606968
-0.00685281
-0.00700959
-0.00663821
-0.00586986
-0.00472734
-0.00322566
-0.00138823
0.000755415
0.00316779
0.00580036
0.00858963
0.0114516
0.0142747
0.0169124
0.019183
0.0208899
0.0218443
0.0218133
0.0207767
-0.0086448
-0.00956771
-0.00974409
-0.00930526
-0.00841744
-0.00711031
-0.00539955
-0.00330793
-0.000862833
0.00190194
0.00494284
0.00820155
0.0115968
0.0150123
0.0182814
0.0211769
0.0234285
0.0247489
0.0247789
0.0234584
-0.0118624
-0.0129636
-0.0131561
-0.0126247
-0.0115871
-0.010083
-0.00812886
-0.00574682
-0.00296137
0.000199407
0.00370102
0.0074972
0.0115194
0.0156587
0.019738
0.0234846
0.026532
0.0284385
0.028616
0.0268844
-0.0158727
-0.0172008
-0.0173947
-0.0167291
-0.0154988
-0.0137567
-0.01152
-0.0088106
-0.00565019
-0.00205982
0.00193922
0.0063214
0.0110458
0.0160326
0.0211203
0.0260089
0.0302248
0.0330965
0.0336238
0.0313111
-0.0208954
-0.0225067
-0.0226586
-0.0217853
-0.0202966
-0.0182593
-0.0156901
-0.0126116
-0.00904491
-0.00500488
-0.000497238
0.00448138
0.00993578
0.0158484
0.0221243
0.0284971
0.0344211
0.0389205
0.0402734
0.0372415
-0.0272786
-0.0292174
-0.0292159
-0.0280011
-0.0261487
-0.0237301
-0.020756
-0.0172529
-0.0132462
-0.00874953
-0.00375569
0.00177049
0.0078942
0.0146981
0.0222334
0.0304062
0.0387689
0.0460537
0.0493398
0.0458243
-0.0356295
-0.0378487
-0.0374193
-0.0356197
-0.0332341
-0.0302987
-0.0268059
-0.0227911
-0.0182935
-0.0133358
-0.00790889
-0.00195496
0.004649
0.0121057
0.0206951
0.0307256
0.0422787
0.0541419
0.0617472
0.059438
-0.0471119
-0.0492156
-0.0476941
-0.0448755
-0.0416875
-0.0380157
-0.0338149
-0.0291393
-0.0240555
-0.0186097
-0.0128073
-0.00659159
0.000185657
0.00781385
0.0168152
0.0281118
0.0429786
0.0613283
0.0775087
0.0817191
-0.064185
-0.0645977
-0.0604414
-0.0558413
-0.0513893
-0.0466009
-0.0413783
-0.0358067
-0.0299858
-0.023986
-0.0178311
-0.011483
-0.00480862
0.00249919
0.0111257
0.0226264
0.0399896
0.0660476
0.0970331
0.118824
-0.0928722
-0.0854712
-0.0752129
-0.0674427
-0.0609173
-0.0544904
-0.0479469
-0.0413384
-0.0347395
-0.0282005
-0.0217316
-0.0152872
-0.00872552
-0.00168746
0.00672788
0.0187544
0.0392863
0.0757911
0.131712
0.19091
-0.150512
-0.110157
-0.0850889
-0.0727584
-0.0643688
-0.0568558
-0.0497102
-0.0428029
-0.0360642
-0.0294795
-0.0230332
-0.0166501
-0.0101145
-0.00286405
0.00653966
0.0216026
0.0499788
0.105502
0.205514
0.34193
-0.276607
-0.127354
-0.072096
-0.0597581
-0.0542109
-0.0487843
-0.0434748
-0.0381848
-0.0327337
-0.0271197
-0.0213957
-0.0155328
-0.00929879
-0.00199047
0.00825501
0.0261362
0.0627591
0.141799
0.300346
0.562123
)
;

boundaryField
{
    movingWall
    {
        type            zeroGradient;
    }
    fixedWalls
    {
        type            zeroGradient;
    }
    frontAndBack
    {
        type            empty;
    }
}


// ************************************************************************* //
