/*--------------------------------*- C++ -*----------------------------------*\
  =========                 |
  \\      /  F ield         | OpenFOAM: The Open Source CFD Toolbox
   \\    /   O peration     | Website:  https://openfoam.org
    \\  /    A nd           | Version:  6
     \\/     M anipulation  |
\*---------------------------------------------------------------------------*/
FoamFile
{
    version     2.0;
    format      ascii;
    class       volVectorField;
    location    "0.06";
    object      U;
}
// * * * * * * * * * * * * * * * * * * * * * * * * * * * * * * * * * * * * * //

dimensions      [0 1 -1 0 0 0 0];

internalField   nonuniform List<vector> 
400
(
(-7.92077e-05 7.73975e-05 0)
(-0.000730258 0.000432773 0)
(-0.00208394 0.000604008 0)
(-0.0036583 0.000630386 0)
(-0.00518623 0.000591446 0)
(-0.00656938 0.000523905 0)
(-0.00775848 0.000439713 0)
(-0.00871763 0.000342488 0)
(-0.00941703 0.000233814 0)
(-0.00983136 0.000115245 0)
(-0.00994026 -1.11452e-05 0)
(-0.00972947 -0.000142595 0)
(-0.00919256 -0.000275549 0)
(-0.00833283 -0.000405496 0)
(-0.00716617 -0.00052641 0)
(-0.0057261 -0.000628773 0)
(-0.00407405 -0.000693426 0)
(-0.00233781 -0.000675774 0)
(-0.000832356 -0.000489851 0)
(-9.69616e-05 -9.69438e-05 0)
(-0.000440377 0.000727067 0)
(-0.00216867 0.00213354 0)
(-0.00508508 0.00278882 0)
(-0.00834901 0.00289198 0)
(-0.0115039 0.00271625 0)
(-0.0143609 0.00240209 0)
(-0.0168095 0.00200437 0)
(-0.0187698 0.00154429 0)
(-0.0201798 0.00103299 0)
(-0.0209909 0.000480089 0)
(-0.0211668 -0.000103492 0)
(-0.0206846 -0.000704471 0)
(-0.0195378 -0.00130639 0)
(-0.01774 -0.0018885 0)
(-0.0153306 -0.0024229 0)
(-0.0123856 -0.00286601 0)
(-0.00903463 -0.00313569 0)
(-0.00551312 -0.00306276 0)
(-0.0023513 -0.00235297 0)
(-0.000477015 -0.000810794 0)
(-0.000648692 0.00212685 0)
(-0.00300813 0.00510321 0)
(-0.00681355 0.00642513 0)
(-0.0109866 0.0066178 0)
(-0.0149883 0.00620844 0)
(-0.0186011 0.0054814 0)
(-0.0216902 0.00455852 0)
(-0.0241562 0.00349204 0)
(-0.0259234 0.00231138 0)
(-0.0269331 0.00104113 0)
(-0.0271423 -0.000292672 0)
(-0.0265241 -0.00165958 0)
(-0.0250711 -0.00302255 0)
(-0.0227998 -0.00433484 0)
(-0.0197583 -0.00553331 0)
(-0.0160402 -0.00652029 0)
(-0.0118022 -0.00711842 0)
(-0.00731798 -0.00698552 0)
(-0.00321805 -0.00555364 0)
(-0.00068865 -0.00230552 0)
(-0.000751107 0.00389169 0)
(-0.00347973 0.00872421 0)
(-0.00785152 0.0107761 0)
(-0.0126027 0.0110337 0)
(-0.0171317 0.0103283 0)
(-0.0212084 0.00910531 0)
(-0.0246897 0.00756006 0)
(-0.0274695 0.0057795 0)
(-0.0294669 0.00381389 0)
(-0.030619 0.00170451 0)
(-0.0308775 -0.000506177 0)
(-0.0302105 -0.00276945 0)
(-0.0286044 -0.00502601 0)
(-0.0260699 -0.00720024 0)
(-0.022652 -0.00918884 0)
(-0.0184466 -0.0108319 0)
(-0.0136213 -0.0118436 0)
(-0.00847667 -0.0116832 0)
(-0.00373328 -0.00945173 0)
(-0.00079649 -0.00417663 0)
(-0.00082777 0.00585484 0)
(-0.00385833 0.0127584 0)
(-0.00871858 0.0155964 0)
(-0.0139797 0.0158994 0)
(-0.0189756 0.0148523 0)
(-0.0234627 0.0130786 0)
(-0.0272937 0.0108524 0)
(-0.0303604 0.00829693 0)
(-0.0325807 0.00548298 0)
(-0.0338888 0.0024674 0)
(-0.0342313 -0.00069287 0)
(-0.0335676 -0.00393302 0)
(-0.031872 -0.00717316 0)
(-0.0291409 -0.0103088 0)
(-0.0254061 -0.0131933 0)
(-0.0207566 -0.0155964 0)
(-0.0153674 -0.017107 0)
(-0.00957307 -0.0169538 0)
(-0.00420363 -0.0138451 0)
(-0.000888399 -0.00627267 0)
(-0.000917797 0.00801774 0)
(-0.00429143 0.0172247 0)
(-0.00970342 0.020924 0)
(-0.0155444 0.0212602 0)
(-0.0210722 0.0198238 0)
(-0.0260266 0.0174409 0)
(-0.030257 0.014473 0)
(-0.0336561 0.0110814 0)
(-0.0361432 0.00735704 0)
(-0.0376516 0.00336947 0)
(-0.0381223 -0.000814133 0)
(-0.0375023 -0.00511774 0)
(-0.0357471 -0.00944512 0)
(-0.032829 -0.0136647 0)
(-0.0287545 -0.0175831 0)
(-0.0235955 -0.0208869 0)
(-0.0175297 -0.0230127 0)
(-0.0109376 -0.0229093 0)
(-0.0047938 -0.0188179 0)
(-0.00100615 -0.00862515 0)
(-0.00103726 0.0104372 0)
(-0.00484809 0.0222277 0)
(-0.0109491 0.026878 0)
(-0.0175073 0.0272306 0)
(-0.0236867 0.0253447 0)
(-0.0292081 0.0222794 0)
(-0.0339206 0.0184959 0)
(-0.0377223 0.0141976 0)
(-0.0405387 0.00949394 0)
(-0.0423055 0.00446271 0)
(-0.0429587 -0.000825556 0)
(-0.0424302 -0.00629199 0)
(-0.040649 -0.0118322 0)
(-0.03755 -0.0172928 0)
(-0.033097 -0.0224312 0)
(-0.027326 -0.0268344 0)
(-0.020407 -0.0297466 0)
(-0.012774 -0.0297652 0)
(-0.00559812 -0.0245615 0)
(-0.00116969 -0.0113283 0)
(-0.00119586 0.0131939 0)
(-0.00557157 0.0279161 0)
(-0.0125453 0.033619 0)
(-0.0199959 0.0339564 0)
(-0.0269706 0.0315369 0)
(-0.0331719 0.0276934 0)
(-0.0384551 0.0230031 0)
(-0.0427325 0.0177158 0)
(-0.045944 0.011958 0)
(-0.0480348 0.0058088 0)
(-0.048939 -0.000668357 0)
(-0.048572 -0.00740522 0)
(-0.0468272 -0.0143038 0)
(-0.0435847 -0.0212005 0)
(-0.038739 -0.0278061 0)
(-0.0322583 -0.0335892 0)
(-0.0242766 -0.0375468 0)
(-0.0152809 -0.0378181 0)
(-0.00670856 -0.0313519 0)
(-0.00139723 -0.0145155 0)
(-0.00140491 0.0163903 0)
(-0.0065084 0.0344794 0)
(-0.014583 0.0413445 0)
(-0.0231311 0.0416069 0)
(-0.0310563 0.0385331 0)
(-0.0380483 0.0337837 0)
(-0.0439819 0.0280731 0)
(-0.0487976 0.0217037 0)
(-0.0524643 0.0148155 0)
(-0.0549478 0.00747995 0)
(-0.0561888 -0.000262042 0)
(-0.0560868 -0.00837317 0)
(-0.054492 -0.0167858 0)
(-0.0512077 -0.02535 0)
(-0.0460202 -0.0337434 0)
(-0.0387748 -0.0413014 0)
(-0.0295117 -0.0467015 0)
(-0.0187447 -0.0474659 0)
(-0.00826549 -0.0395783 0)
(-0.00171795 -0.0183729 0)
(-0.00168269 0.020159 0)
(-0.00772723 0.0421573 0)
(-0.0171871 0.0502917 0)
(-0.0270692 0.0503697 0)
(-0.036103 0.0464658 0)
(-0.0439807 0.0406391 0)
(-0.0506192 0.0337684 0)
(-0.0560108 0.0262148 0)
(-0.0601746 0.0181275 0)
(-0.0631162 0.00955731 0)
(-0.0647964 0.000501969 0)
(-0.0651074 -0.00906117 0)
(-0.0638516 -0.0191323 0)
(-0.0607323 -0.0296182 0)
(-0.0553754 -0.0401998 0)
(-0.0474164 -0.0500821 0)
(-0.0366885 -0.0575398 0)
(-0.0236456 -0.0592429 0)
(-0.0105242 -0.0498098 0)
(-0.00218962 -0.0231801 0)
(-0.00206157 0.0246817 0)
(-0.00933999 0.0512618 0)
(-0.020548 0.0607464 0)
(-0.0320335 0.0604467 0)
(-0.0423231 0.0554543 0)
(-0.0511445 0.0483196 0)
(-0.0584951 0.0401172 0)
(-0.0644531 0.0312726 0)
(-0.069119 0.0219372 0)
(-0.0725654 0.0121244 0)
(-0.0747978 0.00176313 0)
(-0.075719 -0.00926746 0)
(-0.0750915 -0.0210895 0)
(-0.0725025 -0.0337376 0)
(-0.0673579 -0.0469759 0)
(-0.0589565 -0.0599274 0)
(-0.0467206 -0.0703947 0)
(-0.0308249 -0.073867 0)
(-0.0139829 -0.0629203 0)
(-0.00293807 -0.0294002 0)
(-0.00260147 0.030225 0)
(-0.0115367 0.0622154 0)
(-0.0249647 0.0730563 0)
(-0.0383503 0.0720443 0)
(-0.0500033 0.0655826 0)
(-0.0597536 0.0568289 0)
(-0.0677387 0.0470861 0)
(-0.0741717 0.0368451 0)
(-0.0792758 0.0262478 0)
(-0.0832276 0.015251 0)
(-0.0861128 0.0036852 0)
(-0.0878804 -0.00871256 0)
(-0.0882836 -0.0222565 0)
(-0.086804 -0.0372171 0)
(-0.0825815 -0.0535895 0)
(-0.0744195 -0.0705661 0)
(-0.0609965 -0.0854948 0)
(-0.0417354 -0.0922796 0)
(-0.0196312 -0.0803192 0)
(-0.00424798 -0.037895 0)
(-0.00341772 0.0372089 0)
(-0.0146478 0.0756108 0)
(-0.030909 0.087639 0)
(-0.0464853 0.0853445 0)
(-0.059506 0.0768553 0)
(-0.0700282 0.0660679 0)
(-0.078421 0.0545343 0)
(-0.0850959 0.0428016 0)
(-0.0904484 0.0309829 0)
(-0.0948034 0.0189559 0)
(-0.098373 0.0064261 0)
(-0.101209 -0.00705371 0)
(-0.103122 -0.0220656 0)
(-0.103555 -0.0392577 0)
(-0.1014 -0.0590986 0)
(-0.0948238 -0.0811872 0)
(-0.0812981 -0.102681 0)
(-0.0586221 -0.115562 0)
(-0.0293131 -0.104273 0)
(-0.00673628 -0.0503757 0)
(-0.00473706 0.04634 0)
(-0.0192511 0.0922928 0)
(-0.0390982 0.104957 0)
(-0.0570293 0.100425 0)
(-0.0711614 0.0891047 0)
(-0.0820088 0.0757437 0)
(-0.090301 0.0621309 0)
(-0.0967239 0.0488351 0)
(-0.101898 0.0359088 0)
(-0.106336 0.0231266 0)
(-0.110425 0.0100509 0)
(-0.114385 -0.00397216 0)
(-0.118197 -0.0198483 0)
(-0.121414 -0.03875 0)
(-0.122839 -0.0619494 0)
(-0.120015 -0.0900533 0)
(-0.108734 -0.120779 0)
(-0.0838961 -0.144324 0)
(-0.0458092 -0.137908 0)
(-0.0115522 -0.0700311 0)
(-0.00700119 0.0588704 0)
(-0.0263191 0.113442 0)
(-0.0504702 0.125387 0)
(-0.070396 0.117051 0)
(-0.0847093 0.101776 0)
(-0.0947867 0.0851712 0)
(-0.101886 0.0691734 0)
(-0.107048 0.054295 0)
(-0.111151 0.0404715 0)
(-0.114914 0.0273437 0)
(-0.11891 0.0143271 0)
(-0.123578 0.000576716 0)
(-0.129174 -0.0151328 0)
(-0.135587 -0.0345831 0)
(-0.141891 -0.0601893 0)
(-0.145376 -0.0944005 0)
(-0.140083 -0.136926 0)
(-0.116866 -0.17749 0)
(-0.0711734 -0.184401 0)
(-0.0201762 -0.102105 0)
(-0.0110169 0.077105 0)
(-0.0372734 0.140506 0)
(-0.0655719 0.14871 0)
(-0.0853736 0.134049 0)
(-0.0971719 0.113323 0)
(-0.10388 0.0927383 0)
(-0.107459 0.0741395 0)
(-0.109341 0.0578163 0)
(-0.110638 0.0434759 0)
(-0.112206 0.0305702 0)
(-0.114728 0.0183706 0)
(-0.118798 0.00589872 0)
(-0.124957 -0.00829576 0)
(-0.133596 -0.0265466 0)
(-0.14454 -0.0525975 0)
(-0.155742 -0.0915808 0)
(-0.160588 -0.147232 0)
(-0.146282 -0.21195 0)
(-0.100936 -0.246008 0)
(-0.0324431 -0.1551 0)
(-0.0180389 0.105408 0)
(-0.0532649 0.174023 0)
(-0.0814727 0.17188 0)
(-0.0938276 0.147082 0)
(-0.096218 0.119396 0)
(-0.0938991 0.0945856 0)
(-0.0894641 0.0737974 0)
(-0.0845362 0.0567477 0)
(-0.0802123 0.0427168 0)
(-0.0772207 0.0308837 0)
(-0.0761005 0.0203848 0)
(-0.0773618 0.010203 0)
(-0.0816153 -0.00114309 0)
(-0.0896632 -0.0162499 0)
(-0.102399 -0.0399306 0)
(-0.119778 -0.0802587 0)
(-0.137459 -0.146898 0)
(-0.142525 -0.239852 0)
(-0.115089 -0.317715 0)
(-0.0408416 -0.238566 0)
(-0.0289334 0.1518 0)
(-0.0705152 0.208146 0)
(-0.0792021 0.181486 0)
(-0.0646189 0.143371 0)
(-0.0439647 0.110114 0)
(-0.0235166 0.0835061 0)
(-0.00502126 0.0629732 0)
(0.0107335 0.0473446 0)
(0.0234293 0.0353627 0)
(0.0330311 0.0259414 0)
(0.03957 0.0181672 0)
(0.042974 0.0111451 0)
(0.0428994 0.00367944 0)
(0.0384704 -0.00641971 0)
(0.0278662 -0.0237733 0)
(0.00819108 -0.0577259 0)
(-0.0224053 -0.123564 0)
(-0.0580813 -0.234164 0)
(-0.0742807 -0.361291 0)
(-0.0224544 -0.333803 0)
(-0.0300612 0.220928 0)
(-0.0446223 0.21739 0)
(0.0210038 0.152028 0)
(0.0910602 0.107557 0)
(0.146433 0.0772916 0)
(0.18906 0.0554189 0)
(0.222172 0.0397738 0)
(0.24772 0.0287823 0)
(0.267167 0.0210171 0)
(0.281718 0.0153839 0)
(0.292261 0.0111063 0)
(0.299316 0.0075764 0)
(0.302946 0.00414228 0)
(0.302459 -0.000283388 0)
(0.295654 -0.00814597 0)
(0.277393 -0.0254529 0)
(0.238283 -0.0662868 0)
(0.168032 -0.155219 0)
(0.0808946 -0.295899 0)
(0.0701928 -0.343734 0)
(0.262397 0.135002 0)
(0.326141 0.119996 0)
(0.447223 0.079706 0)
(0.543616 0.0527223 0)
(0.605127 0.0354698 0)
(0.644993 0.02382 0)
(0.672342 0.0159436 0)
(0.691582 0.0107433 0)
(0.705238 0.00735305 0)
(0.715015 0.00512748 0)
(0.722017 0.00362543 0)
(0.726867 0.00254556 0)
(0.729759 0.00164787 0)
(0.730299 0.000649379 0)
(0.726911 -0.00098876 0)
(0.715361 -0.00456571 0)
(0.685526 -0.0136212 0)
(0.617329 -0.0365402 0)
(0.473059 -0.0941132 0)
(0.353166 -0.145309 0)
)
;

boundaryField
{
    movingWall
    {
        type            fixedValue;
        value           uniform (1 0 0);
    }
    fixedWalls
    {
        type            noSlip;
    }
    frontAndBack
    {
        type            empty;
    }
}


// ************************************************************************* //
