/*--------------------------------*- C++ -*----------------------------------*\
  =========                 |
  \\      /  F ield         | OpenFOAM: The Open Source CFD Toolbox
   \\    /   O peration     | Website:  https://openfoam.org
    \\  /    A nd           | Version:  6
     \\/     M anipulation  |
\*---------------------------------------------------------------------------*/
FoamFile
{
    version     2.0;
    format      ascii;
    class       volScalarField;
    location    "0.05";
    object      p;
}
// * * * * * * * * * * * * * * * * * * * * * * * * * * * * * * * * * * * * * //

dimensions      [0 2 -2 0 0 0 0];

internalField   nonuniform List<scalar> 
400
(
2.53813e-09
-0.000329359
-0.000415185
-0.000137669
0.000489148
0.0014359
0.00266686
0.00413965
0.00580543
0.00760854
0.00948634
0.0113698
0.0131851
0.014855
0.0163021
0.0174521
0.0182398
0.0186159
0.0185625
0.0182196
0.000327374
-1.36944e-05
-5.19984e-05
0.000247273
0.000855301
0.00175717
0.00292797
0.00433104
0.00592113
0.00764523
0.00944296
0.0112475
0.012987
0.0145872
0.0159739
0.0170785
0.017847
0.0182446
0.0182381
0.0178809
0.000423859
-3.98441e-06
-5.73786e-05
0.000244487
0.000847962
0.00173986
0.00289889
0.00429083
0.00587229
0.00759158
0.00938907
0.0111981
0.0129463
0.0145584
0.0159587
0.017077
0.0178585
0.0182671
0.0182433
0.01779
0.000157734
-0.000355731
-0.000439604
-0.000136992
0.000479633
0.00139468
0.00258699
0.00402258
0.00565834
0.00744249
0.00931458
0.0112061
0.0130419
0.014742
0.0162248
0.0174126
0.0182433
0.0186721
0.0186185
0.0180679
-0.000491277
-0.00107858
-0.00118813
-0.000874826
-0.000224826
0.000743757
0.00200899
0.00353621
0.0052816
0.00719227
0.00920581
0.0112505
0.0132459
0.0151048
0.0167356
0.0180486
0.0189691
0.0194407
0.0193654
0.0187247
-0.00154662
-0.00221104
-0.00234242
-0.00200492
-0.00129825
-0.000243433
0.0011363
0.0028049
0.00471725
0.00681869
0.00904412
0.0113174
0.0135515
0.0156487
0.0175035
0.0190083
0.0200699
0.0206149
0.0205252
0.0197826
-0.00304629
-0.00380294
-0.00395479
-0.00357777
-0.0027887
-0.00161257
-7.45549e-05
0.00178746
0.00392669
0.00628658
0.00879921
0.0113838
0.0139452
0.0163733
0.0185439
0.0203248
0.0215949
0.0222548
0.0221571
0.0212842
-0.00504625
-0.00591836
-0.00609073
-0.00565678
-0.00475691
-0.00342194
-0.00167973
0.000429584
0.00285759
0.00554633
0.00842585
0.0114114
0.0144002
0.0172682
0.019868
0.0220338
0.0236045
0.0244388
0.0243425
0.0232947
-0.00762483
-0.00864363
-0.00883691
-0.00832495
-0.00728173
-0.00574678
-0.00375168
-0.00133918
0.00144107
0.00453089
0.00786027
0.0113431
0.0148712
0.0183073
0.0214776
0.0241732
0.0261744
0.0272735
0.0271963
0.0259073
-0.0108884
-0.0120949
-0.0123077
-0.0116896
-0.0104633
-0.00868144
-0.00638064
-0.00360675
-0.000410092
0.00315283
0.00701541
0.0110951
0.0152842
0.019437
0.0233539
0.0267735
0.0293946
0.0309027
0.0308836
0.0292547
-0.0149814
-0.0164294
-0.016654
-0.0158878
-0.0144263
-0.0123409
-0.009675
-0.00647847
-0.00280173
0.00130275
0.0057766
0.0105487
0.0155227
0.0205568
0.0254345
0.0298386
0.0333605
0.0355184
0.035647
0.0335316
-0.0201058
-0.0218645
-0.0220762
-0.021094
-0.0193233
-0.0168613
-0.01376
-0.0100744
-0.00585527
-0.00114895
0.00400018
0.00954319
0.0154121
0.0214921
0.0275756
0.0333044
0.0381448
0.041365
0.0418513
0.0390517
-0.0265612
-0.0287115
-0.028844
-0.0275291
-0.0253383
-0.0223993
-0.0187726
-0.0145211
-0.00969772
-0.00434202
0.00152065
0.00787552
0.0147055
0.0219604
0.0294934
0.0369622
0.0437318
0.0487314
0.050068
0.0464039
-0.034829
-0.037434
-0.0373228
-0.0354696
-0.0326858
-0.0291228
-0.0248465
-0.0199313
-0.014437
-0.00839891
-0.00182168
0.00532303
0.0130918
0.0215465
0.030689
0.040329
0.0498773
0.057904
0.0612324
0.0568714
-0.0457626
-0.0487475
-0.0479957
-0.0452387
-0.0415903
-0.0371814
-0.0320721
-0.0263551
-0.0201051
-0.0133595
-0.00610741
0.00172214
0.0102695
0.019747
0.0304114
0.0424679
0.0557778
0.0688278
0.0766312
0.0731482
-0.0610132
-0.0637828
-0.0614492
-0.0571471
-0.0522077
-0.046607
-0.040382
-0.0336546
-0.0265237
-0.0190362
-0.0111734
-0.00283523
0.00618518
0.0162443
0.0279135
0.0420678
0.0597133
0.0802196
0.0970995
0.0997623
-0.08403
-0.0842909
-0.0782473
-0.0712804
-0.0643323
-0.0569776
-0.049214
-0.0411927
-0.033025
-0.0247524
-0.0163412
-0.00767057
0.00150296
0.0116307
0.0235659
0.0389732
0.0606641
0.0906858
0.123767
0.144399
-0.123051
-0.112186
-0.0976983
-0.0861309
-0.076058
-0.066284
-0.0566607
-0.0472497
-0.0380771
-0.0291147
-0.0202739
-0.0113886
-0.00216197
0.00797321
0.0201902
0.0370062
0.0633692
0.106058
0.167131
0.228825
-0.201272
-0.145388
-0.110739
-0.0929341
-0.0801933
-0.0688781
-0.0584416
-0.0486521
-0.0393169
-0.0303065
-0.0214864
-0.0126456
-0.00339983
0.00703596
0.0203913
0.0404958
0.0752744
0.138671
0.249764
0.401613
-0.363087
-0.170172
-0.0964397
-0.0777469
-0.0682688
-0.0595416
-0.0513824
-0.0435343
-0.0356989
-0.0277956
-0.0197904
-0.0115429
-0.00267871
0.00768089
0.0216077
0.0440223
0.0865866
0.17431
0.352198
0.656963
)
;

boundaryField
{
    movingWall
    {
        type            zeroGradient;
    }
    fixedWalls
    {
        type            zeroGradient;
    }
    frontAndBack
    {
        type            empty;
    }
}


// ************************************************************************* //
