/*--------------------------------*- C++ -*----------------------------------*\
  =========                 |
  \\      /  F ield         | OpenFOAM: The Open Source CFD Toolbox
   \\    /   O peration     | Website:  https://openfoam.org
    \\  /    A nd           | Version:  6
     \\/     M anipulation  |
\*---------------------------------------------------------------------------*/
FoamFile
{
    version     2.0;
    format      ascii;
    class       volScalarField;
    location    "0.025";
    object      p;
}
// * * * * * * * * * * * * * * * * * * * * * * * * * * * * * * * * * * * * * //

dimensions      [0 2 -2 0 0 0 0];

internalField   nonuniform List<scalar> 
400
(
2.90936e-09
-0.00021087
5.10939e-06
0.000705167
0.00183919
0.0033634
0.00522899
0.00737781
0.00974371
0.0122537
0.0148296
0.017389
0.0198478
0.0221222
0.0241309
0.0257983
0.0270581
0.0278512
0.0281172
0.0279155
0.00020747
-1.5554e-05
0.000220476
0.000921005
0.00203482
0.00352853
0.00535829
0.00746812
0.00979333
0.0122622
0.0147973
0.0173175
0.0197393
0.0219796
0.0239581
0.0256006
0.026845
0.0276417
0.0279288
0.027714
-3.80456e-06
-0.000279392
-4.7802e-05
0.000664864
0.00179552
0.00331186
0.00517064
0.00731566
0.00968173
0.0121964
0.0147813
0.0173538
0.019829
0.0221216
0.0241487
0.0258337
0.0271122
0.0279332
0.0282207
0.0279515
-0.000711858
-0.00103348
-0.000802793
-5.80072e-05
0.00112728
0.00271812
0.00466913
0.00692172
0.00940825
0.0120536
0.0147766
0.0174911
0.0201082
0.0225376
0.024691
0.0264848
0.0278483
0.0287234
0.0290203
0.0287041
-0.00191711
-0.00227944
-0.00203765
-0.00123623
4.16012e-05
0.00175691
0.00386048
0.00628954
0.00897228
0.0118293
0.0147749
0.0177178
0.0205629
0.0232126
0.0255694
0.0275398
0.0290422
0.0300079
0.0303324
0.029975
-0.00365379
-0.00406188
-0.0037973
-0.00291127
-0.0014989
0.000395185
0.00271606
0.00539496
0.00835424
0.0115088
0.0147671
0.0180311
0.0211978
0.0241598
0.0268073
0.0290321
0.0307371
0.0318378
0.0322102
0.0318065
-0.00597989
-0.00644437
-0.00614467
-0.00514182
-0.00354727
-0.00141388
0.00119542
0.0042038
0.00752621
0.0110707
0.0147388
0.0184251
0.0220172
0.0253958
0.0284352
0.0310077
0.0329937
0.0342854
0.0347302
0.0342694
-0.00897515
-0.00951039
-0.009161
-0.00800292
-0.00617069
-0.00372908
-0.000752075
0.00267309
0.00645241
0.0104863
0.0146693
0.0188885
0.0230219
0.0269364
0.0304877
0.033522
0.0358885
0.037445
0.0379952
0.0374627
-0.012746
-0.0133705
-0.0129525
-0.0115912
-0.00945412
-0.00662367
-0.00318885
0.000749833
0.00508803
0.0097185
0.0145296
0.0194022
0.0242059
0.0287942
0.0330011
0.0366405
0.0395185
0.0414409
0.0421447
0.0415214
-0.0174329
-0.0181703
-0.017657
-0.0160288
-0.0135026
-0.0101861
-0.00618915
-0.0016288
0.00337905
0.00872026
0.0142794
0.0199349
0.0255515
0.0309721
0.0360083
0.0404356
0.0440021
0.0464358
0.0473673
0.0466292
-0.0232232
-0.0241038
-0.0234531
-0.0214692
-0.018443
-0.01452
-0.00983766
-0.00453388
0.00126316
0.00743451
0.0138656
0.0204387
0.0270215
0.0334532
0.0395279
0.0449785
0.0494785
0.0526405
0.0539224
0.0530409
-0.030373
-0.0314333
-0.0305742
-0.0281035
-0.0244263
-0.0197423
-0.0142261
-0.00804089
-0.00132715
0.00579521
0.0132198
0.0208429
0.0285482
0.0361861
0.0435453
0.0503218
0.0560997
0.0603255
0.0621728
0.0611229
-0.0392486
-0.0405266
-0.0393296
-0.0361688
-0.031627
-0.0259787
-0.0194461
-0.012222
-0.00445782
0.00373178
0.012259
0.0210491
0.0300214
0.039062
0.0479827
0.0564654
0.0640058
0.0698269
0.0726379
0.0714363
-0.050412
-0.051919
-0.0501344
-0.0459572
-0.0402402
-0.0333531
-0.0255753
-0.0171317
-0.00818027
0.00117923
0.0108914
0.0209294
0.0312747
0.0418865
0.0526497
0.0632918
0.0732671
0.0815412
0.0860968
0.0849443
-0.0648037
-0.0664246
-0.0635441
-0.0578148
-0.0504661
-0.0419655
-0.032653
-0.0227829
-0.0125093
-0.00190277
0.00903065
0.0203332
0.0320784
0.0443457
0.057171
0.0704481
0.0837491
0.0958724
0.103758
0.103491
-0.084149
-0.0853208
-0.0802891
-0.0721346
-0.0624857
-0.0518564
-0.0406401
-0.0291072
-0.0173857
-0.00549473
0.00662917
0.0191161
0.0321556
0.045991
0.0608997
0.0771341
0.094742
0.11277
0.12701
0.13033
-0.111994
-0.110696
-0.101381
-0.0893907
-0.0764142
-0.0629138
-0.0493141
-0.0358541
-0.0225832
-0.00942697
0.00377338
0.0172481
0.0313075
0.0463688
0.0630026
0.0820056
0.104401
0.1305
0.156292
0.170887
-0.157156
-0.145602
-0.127512
-0.109337
-0.091463
-0.0741508
-0.0577138
-0.0421829
-0.0274011
-0.0131279
0.000922535
0.0150837
0.0297689
0.0455412
0.0632519
0.0843217
0.111204
0.147514
0.195237
0.24218
-0.244013
-0.189668
-0.151449
-0.124995
-0.102108
-0.0813956
-0.0627842
-0.0458815
-0.0302115
-0.0153534
-0.000918836
0.0134945
0.028367
0.0443844
0.0627212
0.0856797
0.118124
0.170512
0.262673
0.394003
-0.414482
-0.225557
-0.149113
-0.120611
-0.0990281
-0.0789999
-0.0610451
-0.0447679
-0.0295898
-0.0151118
-0.00100113
0.0130997
0.0276417
0.0433235
0.0615273
0.085569
0.124236
0.198886
0.355246
0.63753
)
;

boundaryField
{
    movingWall
    {
        type            zeroGradient;
    }
    fixedWalls
    {
        type            zeroGradient;
    }
    frontAndBack
    {
        type            empty;
    }
}


// ************************************************************************* //
