/*--------------------------------*- C++ -*----------------------------------*\
  =========                 |
  \\      /  F ield         | OpenFOAM: The Open Source CFD Toolbox
   \\    /   O peration     | Website:  https://openfoam.org
    \\  /    A nd           | Version:  6
     \\/     M anipulation  |
\*---------------------------------------------------------------------------*/
FoamFile
{
    version     2.0;
    format      ascii;
    class       surfaceScalarField;
    location    "0.27";
    object      phi;
}
// * * * * * * * * * * * * * * * * * * * * * * * * * * * * * * * * * * * * * //

dimensions      [0 3 -1 0 0 0 0];

internalField   nonuniform List<scalar> 
760
(
2.0848e-09
-2.08497e-09
-3.51849e-08
3.72697e-08
-1.05667e-07
7.04822e-08
-1.95172e-07
8.95048e-08
-2.92234e-07
9.70616e-08
-3.88394e-07
9.61603e-08
-4.7711e-07
8.87166e-08
-5.52631e-07
7.55209e-08
-6.09222e-07
5.65904e-08
-6.41005e-07
3.17833e-08
-6.42502e-07
1.49692e-09
-6.09818e-07
-3.26843e-08
-5.42277e-07
-6.75409e-08
-4.44095e-07
-9.81815e-08
-3.25447e-07
-1.18648e-07
-2.02172e-07
-1.23275e-07
-9.3578e-08
-1.08593e-07
-1.84663e-08
-7.51117e-08
1.05114e-08
-2.89777e-08
1.05115e-08
-3.81499e-08
3.6065e-08
-1.55754e-07
1.54874e-07
-3.3571e-07
2.50439e-07
-5.53604e-07
3.07399e-07
-7.867e-07
3.30157e-07
-1.01603e-06
3.25495e-07
-1.22574e-06
2.98421e-07
-1.40166e-06
2.51447e-07
-1.53038e-06
1.85303e-07
-1.5991e-06
1.0051e-07
-1.59688e-06
-7.21643e-10
-1.51684e-06
-1.12729e-07
-1.35916e-06
-2.25221e-07
-1.13405e-06
-3.23294e-07
-8.63437e-07
-3.89259e-07
-5.80107e-07
-4.06605e-07
-3.23101e-07
-3.65599e-07
-1.29389e-07
-2.68824e-07
-2.26776e-08
-1.35689e-07
-1.21661e-08
-7.8345e-08
1.1441e-07
-2.725e-07
3.49029e-07
-5.47014e-07
5.24953e-07
-8.68229e-07
6.28614e-07
-1.20637e-06
6.683e-07
-1.53626e-06
6.55383e-07
-1.83633e-06
5.98485e-07
-2.0871e-06
5.02225e-07
-2.27019e-06
3.68387e-07
-2.36826e-06
1.98587e-07
-2.36655e-06
-2.43996e-09
-2.25558e-06
-2.23691e-07
-2.03508e-06
-4.45728e-07
-1.71782e-06
-6.40552e-07
-1.33234e-06
-7.74733e-07
-9.22349e-07
-8.166e-07
-5.41102e-07
-7.46846e-07
-2.40488e-07
-5.69438e-07
-5.69118e-08
-3.19265e-07
-6.90779e-08
-1.11502e-07
2.25912e-07
-3.73565e-07
6.11092e-07
-7.31657e-07
8.83045e-07
-1.14195e-06
1.03891e-06
-1.56884e-06
1.09518e-06
-1.9832e-06
1.06974e-06
-2.36029e-06
9.75579e-07
-2.67762e-06
8.19554e-07
-2.91349e-06
6.04257e-07
-3.04683e-06
3.31924e-07
-3.05858e-06
9.31356e-09
-2.93486e-06
-3.47416e-07
-2.67161e-06
-7.08971e-07
-2.28021e-06
-1.03196e-06
-1.79215e-06
-1.26279e-06
-1.26034e-06
-1.34841e-06
-7.53665e-07
-1.25352e-06
-3.43382e-07
-9.79721e-07
-8.43729e-08
-5.78275e-07
-1.53451e-07
-1.39332e-07
3.65244e-07
-4.61328e-07
9.33088e-07
-8.94474e-07
1.31619e-06
-1.3851e-06
1.52954e-06
-1.89256e-06
1.60265e-06
-2.38535e-06
1.56253e-06
-2.8374e-06
1.42763e-06
-3.22484e-06
1.20699e-06
-3.52372e-06
9.03136e-07
-3.70916e-06
5.1737e-07
-3.75633e-06
5.64783e-08
-3.64363e-06
-4.60109e-07
-3.35857e-06
-9.9403e-07
-2.90576e-06
-1.48477e-06
-2.31552e-06
-1.85303e-06
-1.6493e-06
-2.01463e-06
-9.96109e-07
-1.90672e-06
-4.55728e-07
-1.5201e-06
-1.10824e-07
-9.23178e-07
-2.64275e-07
-1.63859e-07
5.29102e-07
-5.40199e-07
1.30943e-06
-1.04266e-06
1.81866e-06
-1.60871e-06
2.09558e-06
-2.1937e-06
2.18763e-06
-2.76516e-06
2.134e-06
-3.29736e-06
1.95983e-06
-3.76661e-06
1.67623e-06
-4.14765e-06
1.28417e-06
-4.41156e-06
7.81286e-07
-4.52578e-06
1.70695e-07
-4.45698e-06
-5.28907e-07
-4.17803e-06
-1.27298e-06
-3.67938e-06
-1.98342e-06
-2.98367e-06
-2.54874e-06
-2.1585e-06
-2.8398e-06
-1.31828e-06
-2.74693e-06
-6.04874e-07
-2.23351e-06
-1.44898e-07
-1.38315e-06
-4.09173e-07
-1.86638e-07
7.1574e-07
-6.14055e-07
1.73685e-06
-1.1824e-06
2.387e-06
-1.82125e-06
2.73443e-06
-2.48316e-06
2.84955e-06
-3.13628e-06
2.78712e-06
-3.75708e-06
2.58062e-06
-4.32382e-06
2.24298e-06
-4.81127e-06
1.77162e-06
-5.18674e-06
1.15675e-06
-5.40836e-06
3.92312e-07
-5.427e-06
-5.10259e-07
-5.19389e-06
-1.5061e-06
-4.67567e-06
-2.50164e-06
-3.87688e-06
-3.34753e-06
-2.86427e-06
-3.85241e-06
-1.78018e-06
-3.83102e-06
-8.25414e-07
-3.18828e-06
-1.97238e-07
-2.01133e-06
-6.06411e-07
-2.08726e-07
9.24466e-07
-6.856e-07
2.21372e-06
-1.31756e-06
3.01897e-06
-2.02689e-06
3.44376e-06
-2.76453e-06
3.58718e-06
-3.50096e-06
3.52356e-06
-4.21695e-06
3.29661e-06
-4.89498e-06
2.92102e-06
-5.51187e-06
2.38851e-06
-6.03244e-06
1.67732e-06
-6.4054e-06
7.65268e-07
-6.56315e-06
-3.52503e-07
-6.42903e-06
-1.64022e-06
-5.93532e-06
-2.99535e-06
-5.05399e-06
-4.22886e-06
-3.83622e-06
-5.07018e-06
-2.44621e-06
-5.22103e-06
-1.15881e-06
-4.47568e-06
-2.81213e-07
-2.88893e-06
-8.87624e-07
-2.30827e-07
1.15529e-06
-7.56492e-07
2.73939e-06
-1.44964e-06
3.71211e-06
-2.2251e-06
4.21922e-06
-3.03313e-06
4.39521e-06
-3.84822e-06
4.33865e-06
-4.65757e-06
4.10595e-06
-5.45042e-06
3.71386e-06
-6.20841e-06
3.14651e-06
-6.89677e-06
2.36568e-06
-7.45705e-06
1.32555e-06
-7.80404e-06
-5.50718e-09
-7.83082e-06
-1.61344e-06
-7.42725e-06
-3.39891e-06
-6.51654e-06
-5.13958e-06
-5.1103e-06
-6.47642e-06
-3.37195e-06
-6.95938e-06
-1.65168e-06
-6.19595e-06
-4.14284e-07
-4.12633e-06
-1.30191e-06
-2.53769e-07
1.40906e-06
-8.28319e-07
3.31394e-06
-1.57892e-06
4.46271e-06
-2.41172e-06
5.05202e-06
-3.2767e-06
5.2602e-06
-4.15372e-06
5.21567e-06
-5.03821e-06
4.99044e-06
-5.92852e-06
4.60418e-06
-6.81436e-06
4.03235e-06
-7.66577e-06
3.21708e-06
-8.42299e-06
2.08277e-06
-8.98977e-06
5.61272e-07
-9.23428e-06
-1.36892e-06
-9.00386e-06
-3.62934e-06
-8.16063e-06
-5.9828e-06
-6.64618e-06
-7.99088e-06
-4.5778e-06
-9.02775e-06
-2.3492e-06
-8.42455e-06
-6.20007e-07
-5.85552e-06
-1.92191e-06
-2.79407e-07
1.68847e-06
-9.04535e-07
3.93906e-06
-1.70696e-06
5.26513e-06
-2.58155e-06
5.92661e-06
-3.47805e-06
6.1567e-06
-4.38252e-06
6.12013e-06
-5.29967e-06
5.90759e-06
-6.23851e-06
5.54302e-06
-7.19985e-06
4.99369e-06
-8.16427e-06
4.1815e-06
-9.08023e-06
2.99873e-06
-9.85405e-06
1.33509e-06
-1.0345e-05
-8.77955e-07
-1.0371e-05
-3.60333e-06
-9.73319e-06
-6.62064e-06
-8.27565e-06
-9.44841e-06
-6.0052e-06
-1.12982e-05
-3.27641e-06
-1.11533e-05
-9.29372e-07
-8.20255e-06
-2.85129e-06
-3.12204e-07
2.00067e-06
-9.93598e-07
4.62046e-06
-1.84042e-06
6.11195e-06
-2.73257e-06
6.81876e-06
-3.61989e-06
7.04403e-06
-4.49544e-06
6.99569e-06
-5.37346e-06
6.78561e-06
-6.27399e-06
6.44355e-06
-7.21116e-06
5.93086e-06
-8.18213e-06
5.15247e-06
-9.15556e-06
3.97216e-06
-1.00596e-05
2.23909e-06
-1.07705e-05
-1.66966e-07
-1.11054e-05
-3.26851e-06
-1.08242e-05
-6.90185e-06
-9.66564e-06
-1.06069e-05
-7.46245e-06
-1.35014e-05
-4.39866e-06
-1.42171e-05
-1.37628e-06
-1.12249e-05
-4.22756e-06
-3.62001e-07
2.36267e-06
-1.11367e-06
5.37213e-06
-1.99592e-06
6.9942e-06
-2.87043e-06
7.69327e-06
-3.69013e-06
7.86373e-06
-4.45729e-06
7.76284e-06
-5.1959e-06
7.52422e-06
-5.93665e-06
7.1843e-06
-6.70792e-06
6.70212e-06
-7.52824e-06
5.97279e-06
-8.39755e-06
4.84148e-06
-9.28561e-06
3.12715e-06
-1.01158e-05
6.63239e-07
-1.07432e-05
-2.64112e-06
-1.09295e-05
-6.71552e-06
-1.03354e-05
-1.12011e-05
-8.59022e-06
-1.52466e-05
-5.56437e-06
-1.7243e-05
-1.97646e-06
-1.48128e-05
-6.20402e-06
-4.49026e-07
2.8117e-06
-1.29918e-06
6.22228e-06
-2.20407e-06
7.89909e-06
-3.0096e-06
8.49879e-06
-3.68199e-06
8.53612e-06
-4.23912e-06
8.31998e-06
-4.71682e-06
8.00192e-06
-5.15625e-06
7.62373e-06
-5.59976e-06
7.14564e-06
-6.08886e-06
6.46188e-06
-6.66046e-06
5.41307e-06
-7.33848e-06
3.80517e-06
-8.11651e-06
1.44127e-06
-8.92651e-06
-1.83112e-06
-9.58956e-06
-6.05247e-06
-9.75669e-06
-1.10339e-05
-8.89153e-06
-1.61118e-05
-6.46127e-06
-1.96732e-05
-2.68185e-06
-1.85923e-05
-8.88588e-06
-6.12992e-07
3.42469e-06
-1.6083e-06
7.21758e-06
-2.50682e-06
8.79761e-06
-3.16007e-06
9.15204e-06
-3.57344e-06
8.9495e-06
-3.79441e-06
8.54094e-06
-3.87635e-06
8.08386e-06
-3.87223e-06
7.6196e-06
-3.83706e-06
7.11048e-06
-3.83241e-06
6.45722e-06
-3.9289e-06
5.50956e-06
-4.20335e-06
4.07962e-06
-4.72543e-06
1.96336e-06
-5.52675e-06
-1.0298e-06
-6.54183e-06
-5.0374e-06
-7.50843e-06
-1.00673e-05
-7.84039e-06
-1.57798e-05
-6.63053e-06
-2.08831e-05
-3.32431e-06
-2.18985e-05
-1.22102e-05
-9.27556e-07
4.35225e-06
-2.12266e-06
8.41269e-06
-2.92431e-06
9.59926e-06
-3.26565e-06
9.49338e-06
-3.24483e-06
8.92868e-06
-2.96235e-06
8.25846e-06
-2.49837e-06
7.61988e-06
-1.91953e-06
7.04076e-06
-1.29028e-06
6.48123e-06
-6.84312e-07
5.85125e-06
-1.93699e-07
5.01895e-06
6.72781e-08
3.81864e-06
-3.23268e-08
2.06296e-06
-6.19212e-07
-4.42913e-07
-1.7669e-06
-3.88971e-06
-3.38789e-06
-8.44633e-06
-5.01671e-06
-1.4151e-05
-5.54954e-06
-2.03503e-05
-3.58405e-06
-2.3864e-05
-1.57942e-05
-1.51278e-06
5.86502e-06
-2.88263e-06
9.78254e-06
-3.2955e-06
1.00121e-05
-2.98085e-06
9.17873e-06
-2.22094e-06
8.16877e-06
-1.19455e-06
7.23207e-06
-1.09995e-08
6.43633e-06
1.25518e-06
5.77458e-06
2.54061e-06
5.1958e-06
3.77412e-06
4.61774e-06
4.86129e-06
3.93178e-06
5.67406e-06
3.00588e-06
6.04775e-06
1.68927e-06
5.7886e-06
-1.83765e-07
4.69986e-06
-2.80097e-06
2.65855e-06
-6.40502e-06
-1.53342e-07
-1.13391e-05
-2.73282e-06
-1.77708e-05
-3.00755e-06
-2.35892e-05
-1.88018e-05
-2.48429e-06
8.34932e-06
-3.45564e-06
1.07539e-05
-2.61399e-06
9.17048e-06
-9.46575e-07
7.51132e-06
1.01534e-06
6.20685e-06
3.05851e-06
5.18891e-06
5.09128e-06
4.40355e-06
7.06686e-06
3.799e-06
8.95119e-06
3.31148e-06
1.07e-05
2.86898e-06
1.22399e-05
2.39179e-06
1.3455e-05
1.79087e-06
1.41765e-05
9.67758e-07
1.41797e-05
-1.86994e-07
1.31867e-05
-1.80799e-06
1.08921e-05
-4.11045e-06
7.10441e-06
-7.55134e-06
2.34973e-06
-1.30161e-05
-1.06004e-06
-2.01795e-05
-1.98618e-05
-2.94065e-06
1.129e-05
-6.42933e-07
8.45617e-06
3.24296e-06
5.28458e-06
6.95139e-06
3.8029e-06
1.02544e-05
2.90387e-06
1.31873e-05
2.25593e-06
1.57973e-05
1.79363e-06
1.81297e-05
1.46661e-06
2.02181e-05
1.22305e-06
2.2069e-05
1.01811e-06
2.36491e-05
8.11665e-07
2.48755e-05
5.64413e-07
2.56066e-05
2.36658e-07
2.56322e-05
-2.12586e-07
2.46576e-05
-8.33388e-07
2.22729e-05
-1.72574e-06
1.79252e-05
-3.20363e-06
1.11907e-05
-6.28162e-06
3.33413e-06
-1.23229e-05
-1.65277e-05
1.129e-05
1.97461e-05
2.50307e-05
2.88336e-05
3.17375e-05
3.39934e-05
3.5787e-05
3.72537e-05
3.84767e-05
3.94948e-05
4.03065e-05
4.08709e-05
4.11076e-05
4.0895e-05
4.00616e-05
3.83358e-05
3.51322e-05
2.88506e-05
1.65277e-05
)
;

boundaryField
{
    movingWall
    {
        type            calculated;
        value           uniform 0;
    }
    fixedWalls
    {
        type            calculated;
        value           uniform 0;
    }
    frontAndBack
    {
        type            empty;
        value           nonuniform 0();
    }
}


// ************************************************************************* //
