/*--------------------------------*- C++ -*----------------------------------*\
  =========                 |
  \\      /  F ield         | OpenFOAM: The Open Source CFD Toolbox
   \\    /   O peration     | Website:  https://openfoam.org
    \\  /    A nd           | Version:  6
     \\/     M anipulation  |
\*---------------------------------------------------------------------------*/
FoamFile
{
    version     2.0;
    format      ascii;
    class       volScalarField;
    location    "0.09";
    object      p;
}
// * * * * * * * * * * * * * * * * * * * * * * * * * * * * * * * * * * * * * //

dimensions      [0 2 -2 0 0 0 0];

internalField   nonuniform List<scalar> 
400
(
2.73884e-08
-0.000794244
-0.00154442
-0.00185662
-0.00158245
-0.000686667
0.000798969
0.00280275
0.00522775
0.00795565
0.0108459
0.0137352
0.0164412
0.0187725
0.0205486
0.0216291
0.0219536
0.0215826
0.0207381
0.0198938
0.000788188
-3.08792e-05
-0.000592584
-0.000724939
-0.000380912
0.00046962
0.00181272
0.00359783
0.00574827
0.00816416
0.0107228
0.0132805
0.0156779
0.0177514
0.0193509
0.0203655
0.0207554
0.0205716
0.0199253
0.0190617
0.00158592
0.00047993
-0.000131699
-0.000230378
0.000125051
0.000943234
0.00221079
0.00388499
0.00590092
0.00817126
0.0105851
0.0130094
0.015294
0.0172824
0.0188293
0.0198236
0.0202204
0.0200487
0.0193216
0.0181497
0.00201843
0.000553618
-0.000213766
-0.000356293
-1.89025e-05
0.000784218
0.00203364
0.00368774
0.00568774
0.007954
0.0103819
0.0128413
0.0151798
0.017233
0.0188406
0.0198715
0.0202604
0.0200114
0.0190687
0.017489
0.00189518
7.58416e-05
-0.000869513
-0.00107444
-0.000754121
5.80161e-05
0.00133645
0.00303942
0.00511253
0.00748169
0.0100458
0.0126729
0.0152014
0.0174484
0.0192255
0.0203675
0.0207767
0.020431
0.0192225
0.0171981
0.00108354
-0.00109417
-0.00222605
-0.00249342
-0.0021749
-0.00132093
3.76452e-05
0.00185907
0.00409331
0.00667163
0.00949543
0.0124287
0.0152958
0.0178859
0.0199693
0.0213296
0.0218216
0.0213872
0.0198679
0.0173248
-0.000533223
-0.00309889
-0.0044277
-0.00474903
-0.00440875
-0.00347502
-0.00198375
2.43429e-05
0.00250524
0.00539767
0.00860766
0.0119962
0.0153711
0.0184868
0.0210574
0.0227933
0.0234762
0.0229902
0.0211044
0.0179016
-0.00308634
-0.00609733
-0.00763798
-0.00799879
-0.00760795
-0.0065556
-0.00488305
-0.00262816
0.000174789
0.00347723
0.00719605
0.0111952
0.0152698
0.0191363
0.0224375
0.0247816
0.025838
0.0253889
0.0230756
0.0189905
-0.00674776
-0.0102886
-0.012059
-0.0124375
-0.0119623
-0.0107538
-0.0088597
-0.00631228
-0.00313041
0.000658626
0.00499405
0.00975646
0.014741
0.0196319
0.0239909
0.0272888
0.0290232
0.0287971
0.0260161
0.0207366
-0.0117543
-0.0159341
-0.0179468
-0.0183051
-0.0177011
-0.016298
-0.0141514
-0.0112849
-0.00769475
-0.00337551
0.00165121
0.0073058
0.0134108
0.0196421
0.0254848
0.0302389
0.0331503
0.0335148
0.0303089
0.0234429
-0.0184385
-0.0233847
-0.0256264
-0.0258885
-0.0250837
-0.0234352
-0.021008
-0.0178135
-0.0138178
-0.00897087
-0.00323437
0.00338488
0.0107832
0.018681
0.0265245
0.0334318
0.0383057
0.039943
0.0365642
0.0276952
-0.0272801
-0.0331215
-0.0355082
-0.0355143
-0.0343724
-0.0323871
-0.0296321
-0.026102
-0.0217276
-0.0164043
-0.0100137
-0.00245064
0.00632025
0.0161549
0.0265561
0.0365093
0.0445077
0.0485965
0.0457308
0.0345737
-0.0390025
-0.04582
-0.0481012
-0.0475182
-0.045771
-0.0432635
-0.0400694
-0.0361599
-0.0314267
-0.0257059
-0.018785
-0.0104105
-0.000332961
0.0115651
0.0250139
0.039028
0.0517257
0.0601435
0.0592642
0.0460243
-0.0547753
-0.062457
-0.0640077
-0.0621664
-0.0593018
-0.0559106
-0.052037
-0.0476112
-0.0424792
-0.0364163
-0.0291098
-0.0201339
-0.00896022
0.00492553
0.0217145
0.0407624
0.0600652
0.0755419
0.0794152
0.0655285
-0.0766601
-0.0844762
-0.0838432
-0.0794621
-0.0745735
-0.0696713
-0.0646907
-0.059476
-0.0538021
-0.0473716
-0.0397656
-0.0303755
-0.0183601
-0.00270924
0.017461
0.0422807
0.0701895
0.0963091
0.109635
0.099154
-0.108536
-0.113991
-0.107985
-0.0987794
-0.0904233
-0.0830822
-0.0764019
-0.0700333
-0.0636071
-0.0567048
-0.0487742
-0.0390128
-0.026263
-0.00899008
0.0145235
0.0456009
0.0839442
0.124885
0.154867
0.156608
-0.158103
-0.15391
-0.136147
-0.118493
-0.104649
-0.0937437
-0.0847929
-0.077018
-0.0697404
-0.0623129
-0.0539844
-0.0437272
-0.0300652
-0.0109505
0.0162103
0.0542074
0.104799
0.165165
0.222173
0.252783
-0.244054
-0.207556
-0.16569
-0.134831
-0.113415
-0.0981958
-0.0869922
-0.0781505
-0.0704112
-0.0627639
-0.0541961
-0.0434325
-0.0286801
-0.0073788
0.0240049
0.0699998
0.135223
0.221279
0.323445
0.417936
-0.420736
-0.27486
-0.181711
-0.134469
-0.107019
-0.0897543
-0.0786542
-0.070824
-0.064278
-0.0576816
-0.0498718
-0.0394632
-0.0245072
-0.00210238
0.0321348
0.0847859
0.164998
0.284868
0.469146
0.717592
-0.759564
-0.334745
-0.153974
-0.0982377
-0.0751072
-0.0632865
-0.0576413
-0.0546389
-0.0520162
-0.0485217
-0.0432044
-0.0349142
-0.0219436
-0.00160875
0.030456
0.0818503
0.167071
0.316789
0.613838
1.15436
)
;

boundaryField
{
    movingWall
    {
        type            zeroGradient;
    }
    fixedWalls
    {
        type            zeroGradient;
    }
    frontAndBack
    {
        type            empty;
    }
}


// ************************************************************************* //
