/*--------------------------------*- C++ -*----------------------------------*\
  =========                 |
  \\      /  F ield         | OpenFOAM: The Open Source CFD Toolbox
   \\    /   O peration     | Website:  https://openfoam.org
    \\  /    A nd           | Version:  6
     \\/     M anipulation  |
\*---------------------------------------------------------------------------*/
FoamFile
{
    version     2.0;
    format      ascii;
    class       volVectorField;
    location    "0.09";
    object      U;
}
// * * * * * * * * * * * * * * * * * * * * * * * * * * * * * * * * * * * * * //

dimensions      [0 1 -1 0 0 0 0];

internalField   nonuniform List<vector> 
400
(
(9.82111e-05 -9.78899e-05 0)
(-0.000188297 0.000211019 0)
(-0.00133134 0.000500327 0)
(-0.00304061 0.000662466 0)
(-0.00499846 0.0007152 0)
(-0.00696629 0.000688465 0)
(-0.00876879 0.000606246 0)
(-0.0102784 0.000484752 0)
(-0.0114009 0.000333619 0)
(-0.012064 0.00015885 0)
(-0.0122129 -3.39359e-05 0)
(-0.0118128 -0.000236639 0)
(-0.0108584 -0.000436363 0)
(-0.0093869 -0.000613864 0)
(-0.0074942 -0.000743199 0)
(-0.00534816 -0.000793412 0)
(-0.00319248 -0.000733084 0)
(-0.00133805 -0.00053735 0)
(-0.000143497 -0.000208332 0)
(0.000120859 0.000115904 0)
(-0.000200793 0.000174304 0)
(-0.00159535 0.00159122 0)
(-0.00469333 0.00281281 0)
(-0.00886777 0.0035209 0)
(-0.0135102 0.00374931 0)
(-0.0181397 0.00359686 0)
(-0.0223687 0.00315885 0)
(-0.025898 0.00250943 0)
(-0.0285019 0.00170058 0)
(-0.0300111 0.000770994 0)
(-0.0303051 -0.000241821 0)
(-0.0293175 -0.00128969 0)
(-0.0270535 -0.00230413 0)
(-0.0236146 -0.00319054 0)
(-0.0192278 -0.00382878 0)
(-0.0142655 -0.00408394 0)
(-0.00924108 -0.00383054 0)
(-0.00477065 -0.00299035 0)
(-0.00154502 -0.00160776 0)
(-0.000167208 -0.000117468 0)
(-0.000510197 0.00131811 0)
(-0.00297148 0.00472399 0)
(-0.00779156 0.00742845 0)
(-0.0139616 0.00899084 0)
(-0.020658 0.00946418 0)
(-0.0272601 0.00903758 0)
(-0.0332558 0.00791322 0)
(-0.0382406 0.00626087 0)
(-0.0419064 0.0042097 0)
(-0.0440219 0.00186288 0)
(-0.0444239 -0.000678155 0)
(-0.0430245 -0.00328838 0)
(-0.0398323 -0.00579799 0)
(-0.0349857 -0.00798049 0)
(-0.0287886 -0.00955649 0)
(-0.0217377 -0.0102216 0)
(-0.014511 -0.00970536 0)
(-0.00791612 -0.00785961 0)
(-0.00290241 -0.00479689 0)
(-0.000460728 -0.00120893 0)
(-0.00074715 0.00316749 0)
(-0.00411613 0.00928698 0)
(-0.0104606 0.0138202 0)
(-0.0183704 0.0163624 0)
(-0.0268076 0.0170505 0)
(-0.0350418 0.0161989 0)
(-0.0424785 0.0141415 0)
(-0.0486488 0.0111637 0)
(-0.0531947 0.00748826 0)
(-0.055844 0.0032974 0)
(-0.0563991 -0.00122921 0)
(-0.0547447 -0.0058726 0)
(-0.0508734 -0.0103387 0)
(-0.0449274 -0.014238 0)
(-0.0372468 -0.017092 0)
(-0.0284092 -0.018381 0)
(-0.019225 -0.0176436 0)
(-0.0106865 -0.0146213 0)
(-0.00403063 -0.00945077 0)
(-0.000674804 -0.00297949 0)
(-0.000937889 0.00557143 0)
(-0.00511072 0.0150639 0)
(-0.0128661 0.0217353 0)
(-0.0224008 0.0253398 0)
(-0.0324545 0.0261847 0)
(-0.0421924 0.0247621 0)
(-0.0509563 0.0215677 0)
(-0.0582358 0.0170186 0)
(-0.0636419 0.0114387 0)
(-0.066872 0.00509088 0)
(-0.0676927 -0.0017668 0)
(-0.0659466 -0.00881917 0)
(-0.0615833 -0.0156386 0)
(-0.0547126 -0.0216507 0)
(-0.0456739 -0.0261395 0)
(-0.0351009 -0.0283146 0)
(-0.0239374 -0.0274558 0)
(-0.0133979 -0.0231232 0)
(-0.00507232 -0.0154126 0)
(-0.00084716 -0.00528566 0)
(-0.00111622 0.00847217 0)
(-0.00607683 0.0219971 0)
(-0.015247 0.0311411 0)
(-0.0264243 0.035903 0)
(-0.0381138 0.0368502 0)
(-0.0493747 0.0347173 0)
(-0.0594952 0.030201 0)
(-0.067939 0.023868 0)
(-0.0742994 0.0161458 0)
(-0.0782493 0.00737066 0)
(-0.0795137 -0.00213299 0)
(-0.077873 -0.0119643 0)
(-0.073199 -0.0215626 0)
(-0.0655247 -0.0301499 0)
(-0.0551441 -0.0367248 0)
(-0.042719 -0.040146 0)
(-0.0293358 -0.0393288 0)
(-0.0164904 -0.033544 0)
(-0.00623332 -0.0227729 0)
(-0.00102718 -0.00811496 0)
(-0.00131126 0.011884 0)
(-0.00713139 0.0301398 0)
(-0.0178416 0.0421191 0)
(-0.0307991 0.048143 0)
(-0.0442521 0.0491371 0)
(-0.0571525 0.0461561 0)
(-0.0687463 0.0401453 0)
(-0.078488 0.0318412 0)
(-0.085969 0.021773 0)
(-0.0908459 0.0103337 0)
(-0.0927973 -0.00211188 0)
(-0.0915196 -0.0151031 0)
(-0.0867652 -0.0279615 0)
(-0.0784311 -0.0396931 0)
(-0.0667001 -0.0489557 0)
(-0.0522114 -0.0541463 0)
(-0.0361873 -0.0536583 0)
(-0.0204739 -0.0463057 0)
(-0.00774704 -0.0318481 0)
(-0.00126569 -0.011577 0)
(-0.00154859 0.0158829 0)
(-0.00838123 0.0396523 0)
(-0.020867 0.0548573 0)
(-0.0358378 0.0622399 0)
(-0.0512493 0.0632058 0)
(-0.065949 0.0592258 0)
(-0.0791603 0.0515515 0)
(-0.0903542 0.0411117 0)
(-0.0991454 0.0285318 0)
(-0.105192 0.0142338 0)
(-0.108128 -0.00141876 0)
(-0.107551 -0.0179531 0)
(-0.103046 -0.0346106 0)
(-0.0943005 -0.0501877 0)
(-0.0812867 -0.0629465 0)
(-0.064525 -0.0706815 0)
(-0.0453234 -0.0710367 0)
(-0.025934 -0.0621013 0)
(-0.00988863 -0.0432182 0)
(-0.00162217 -0.0159142 0)
(-0.00185346 0.0206019 0)
(-0.00992827 0.050795 0)
(-0.0245189 0.0696359 0)
(-0.0417952 0.0784358 0)
(-0.0593727 0.0792462 0)
(-0.0760064 0.0740784 0)
(-0.0909313 0.064562 0)
(-0.103676 0.0518446 0)
(-0.113919 0.0366374 0)
(-0.121353 0.0193533 0)
(-0.125592 0.000294242 0)
(-0.126125 -0.0201294 0)
(-0.122337 -0.041152 0)
(-0.113615 -0.0614028 0)
(-0.0995876 -0.0787153 0)
(-0.0804935 -0.0901231 0)
(-0.0575918 -0.0922069 0)
(-0.0335369 -0.0819061 0)
(-0.012999 -0.0577737 0)
(-0.00217589 -0.0215311 0)
(-0.00225641 0.0262317 0)
(-0.0118822 0.0639192 0)
(-0.0289795 0.0867966 0)
(-0.0488602 0.0969805 0)
(-0.0687439 0.0974053 0)
(-0.087324 0.0907869 0)
(-0.103903 0.0792221 0)
(-0.11813 0.0641069 0)
(-0.129808 0.0462256 0)
(-0.138722 0.0259347 0)
(-0.14451 0.00339608 0)
(-0.146582 -0.0211478 0)
(-0.144107 -0.0470451 0)
(-0.136097 -0.072861 0)
(-0.121678 -0.0960258 0)
(-0.100563 -0.112671 0)
(-0.0736965 -0.117923 0)
(-0.0439858 -0.106926 0)
(-0.0175042 -0.0767506 0)
(-0.00304078 -0.0290415 0)
(-0.00280251 0.0330333 0)
(-0.0143801 0.0794613 0)
(-0.0344278 0.106698 0)
(-0.057134 0.118051 0)
(-0.079274 0.11768 0)
(-0.0995458 0.109222 0)
(-0.117409 0.0953474 0)
(-0.132721 0.0777321 0)
(-0.145495 0.0572185 0)
(-0.155689 0.0340545 0)
(-0.163047 0.0081715 0)
(-0.166974 -0.0204889 0)
(-0.16646 -0.0515622 0)
(-0.160119 -0.0837388 0)
(-0.146425 -0.114181 0)
(-0.12427 -0.138069 0)
(-0.093836 -0.148664 0)
(-0.0578658 -0.13842 0)
(-0.0239119 -0.10172 0)
(-0.00438467 -0.0393312 0)
(-0.00356807 0.041368 0)
(-0.0176165 0.0979382 0)
(-0.0410438 0.129642 0)
(-0.0665753 0.141618 0)
(-0.0905352 0.139753 0)
(-0.111763 0.128874 0)
(-0.130015 0.112338 0)
(-0.145476 0.0921307 0)
(-0.158472 0.0691317 0)
(-0.169242 0.0434297 0)
(-0.177747 0.0146374 0)
(-0.183513 -0.0177483 0)
(-0.185482 -0.0538663 0)
(-0.181943 -0.0928178 0)
(-0.17067 -0.131798 0)
(-0.149442 -0.165195 0)
(-0.11707 -0.184129 0)
(-0.0753077 -0.177295 0)
(-0.0327616 -0.134457 0)
(-0.00645482 -0.053633 0)
(-0.00469397 0.0517614 0)
(-0.0218948 0.119935 0)
(-0.0489965 0.155738 0)
(-0.0768729 0.167235 0)
(-0.101519 0.162743 0)
(-0.122182 0.1486 0)
(-0.139131 0.128942 0)
(-0.153029 0.106062 0)
(-0.164631 0.0808487 0)
(-0.174557 0.0531871 0)
(-0.183118 0.0223039 0)
(-0.190129 -0.0128693 0)
(-0.194705 -0.0531937 0)
(-0.19505 -0.0985416 0)
(-0.188385 -0.146638 0)
(-0.171244 -0.191586 0)
(-0.140421 -0.222491 0)
(-0.0953949 -0.223336 0)
(-0.0444764 -0.176561 0)
(-0.00960514 -0.0736014 0)
(-0.00645214 0.0650326 0)
(-0.027712 0.146057 0)
(-0.0583777 0.184636 0)
(-0.0871622 0.193657 0)
(-0.11017 0.184833 0)
(-0.127561 0.166301 0)
(-0.140435 0.142988 0)
(-0.150105 0.117427 0)
(-0.157848 0.0904456 0)
(-0.164729 0.061687 0)
(-0.17149 0.0299684 0)
(-0.178407 -0.00639298 0)
(-0.185049 -0.0491296 0)
(-0.189944 -0.0992369 0)
(-0.190207 -0.155627 0)
(-0.181375 -0.213059 0)
(-0.157826 -0.2595 0)
(-0.115243 -0.274002 0)
(-0.0589895 -0.228615 0)
(-0.0142881 -0.101313 0)
(-0.00935972 0.082537 0)
(-0.0358509 0.176769 0)
(-0.0689282 0.214999 0)
(-0.0953392 0.218246 0)
(-0.11246 0.202761 0)
(-0.122232 0.178576 0)
(-0.126995 0.151212 0)
(-0.128854 0.123218 0)
(-0.129603 0.0952205 0)
(-0.130698 0.0665698 0)
(-0.13328 0.0357086 0)
(-0.138142 0.000412609 0)
(-0.145551 -0.0418999 0)
(-0.154854 -0.0935406 0)
(-0.163828 -0.155253 0)
(-0.167845 -0.223778 0)
(-0.159218 -0.287835 0)
(-0.128696 -0.322948 0)
(-0.0748521 -0.288656 0)
(-0.0208648 -0.139027 0)
(-0.0142731 0.106653 0)
(-0.0472098 0.211881 0)
(-0.0789728 0.243454 0)
(-0.0962893 0.236012 0)
(-0.100418 0.211221 0)
(-0.096322 0.180506 0)
(-0.0878904 0.149344 0)
(-0.0779499 0.119831 0)
(-0.0685827 0.092126 0)
(-0.0613647 0.0652189 0)
(-0.0575913 0.0372719 0)
(-0.0584217 0.00574533 0)
(-0.0648581 -0.0325085 0)
(-0.0774489 -0.0809515 0)
(-0.0955373 -0.14247 0)
(-0.115803 -0.217125 0)
(-0.130116 -0.297264 0)
(-0.124702 -0.358823 0)
(-0.0873462 -0.350121 0)
(-0.0288152 -0.188759 0)
(-0.0220031 0.142002 0)
(-0.0611779 0.248916 0)
(-0.0816228 0.26201 0)
(-0.0772566 0.237792 0)
(-0.057984 0.202108 0)
(-0.0326117 0.165705 0)
(-0.00614225 0.132666 0)
(0.0185369 0.103878 0)
(0.0396984 0.078695 0)
(0.0562098 0.0556973 0)
(0.0670933 0.0329363 0)
(0.0712121 0.00792487 0)
(0.0670977 -0.0224876 0)
(0.0529955 -0.0622334 0)
(0.027381 -0.115875 0)
(-0.00945552 -0.187392 0)
(-0.0520755 -0.275891 0)
(-0.0856873 -0.364659 0)
(-0.0853456 -0.399019 0)
(-0.0344788 -0.251497 0)
(-0.0299968 0.195978 0)
(-0.0679868 0.277397 0)
(-0.0527621 0.252574 0)
(-0.00669688 0.207961 0)
(0.0469186 0.164713 0)
(0.0982109 0.127726 0)
(0.143617 0.0977705 0)
(0.181851 0.0739017 0)
(0.212646 0.0545638 0)
(0.236064 0.0380683 0)
(0.251986 0.0226456 0)
(0.259767 0.00630871 0)
(0.257961 -0.0133917 0)
(0.244096 -0.0397493 0)
(0.214655 -0.0774626 0)
(0.1659 -0.133115 0)
(0.0966081 -0.213866 0)
(0.0144892 -0.318588 0)
(-0.0463838 -0.407297 0)
(-0.0251318 -0.318207 0)
(-0.00733623 0.252647 0)
(-0.0111674 0.261794 0)
(0.0821138 0.190369 0)
(0.186039 0.135799 0)
(0.272127 0.0973639 0)
(0.340484 0.0696851 0)
(0.394219 0.0498616 0)
(0.435741 0.0356337 0)
(0.467112 0.0251245 0)
(0.489927 0.0168581 0)
(0.505085 0.00961977 0)
(0.512628 0.00226537 0)
(0.511564 -0.00649154 0)
(0.499544 -0.0183999 0)
(0.472353 -0.0363225 0)
(0.423344 -0.0657018 0)
(0.342784 -0.117178 0)
(0.219605 -0.206056 0)
(0.0806157 -0.325951 0)
(0.0421692 -0.330805 0)
(0.284948 0.140154 0)
(0.365098 0.124157 0)
(0.508888 0.0786712 0)
(0.620837 0.0490428 0)
(0.691454 0.0311192 0)
(0.737501 0.0198585 0)
(0.769134 0.0127325 0)
(0.791145 0.00821062 0)
(0.806357 0.0052593 0)
(0.816567 0.00319476 0)
(0.822742 0.00155248 0)
(0.825141 -2.44761e-05 0)
(0.82334 -0.00187499 0)
(0.816094 -0.0044242 0)
(0.800885 -0.00839437 0)
(0.77282 -0.0153951 0)
(0.721475 -0.0296062 0)
(0.620249 -0.0608451 0)
(0.451428 -0.120952 0)
(0.328965 -0.152944 0)
)
;

boundaryField
{
    movingWall
    {
        type            fixedValue;
        value           uniform (1 0 0);
    }
    fixedWalls
    {
        type            noSlip;
    }
    frontAndBack
    {
        type            empty;
    }
}


// ************************************************************************* //
