/*--------------------------------*- C++ -*----------------------------------*\
  =========                 |
  \\      /  F ield         | OpenFOAM: The Open Source CFD Toolbox
   \\    /   O peration     | Website:  https://openfoam.org
    \\  /    A nd           | Version:  6
     \\/     M anipulation  |
\*---------------------------------------------------------------------------*/
FoamFile
{
    version     2.0;
    format      ascii;
    class       volVectorField;
    location    "0.06";
    object      U;
}
// * * * * * * * * * * * * * * * * * * * * * * * * * * * * * * * * * * * * * //

dimensions      [0 1 -1 0 0 0 0];

internalField   nonuniform List<vector> 
400
(
(0.000257235 -0.00025362 0)
(0.000160019 0.000105897 0)
(-0.00114409 0.000565422 0)
(-0.00345402 0.000894676 0)
(-0.00637521 0.00106134 0)
(-0.00949942 0.00107735 0)
(-0.0124583 0.000967428 0)
(-0.0149479 0.000760407 0)
(-0.0167386 0.000484992 0)
(-0.0176766 0.000168645 0)
(-0.0176839 -0.000162056 0)
(-0.0167579 -0.000480578 0)
(-0.0149722 -0.000759547 0)
(-0.0124788 -0.000970155 0)
(-0.00950905 -0.00108226 0)
(-0.00637157 -0.00106607 0)
(-0.00344067 -0.000896893 0)
(-0.001129 -0.000564087 0)
(0.000169346 -0.000102417 0)
(0.000259757 0.000255538 0)
(-6.7005e-05 -0.000189812 0)
(-0.0015699 0.00161561 0)
(-0.00562693 0.0036132 0)
(-0.011667 0.00506581 0)
(-0.0188889 0.0057976 0)
(-0.0264582 0.00581451 0)
(-0.0335737 0.00520259 0)
(-0.0395448 0.00408645 0)
(-0.0438352 0.00260539 0)
(-0.0460804 0.000902778 0)
(-0.0460942 -0.000877043 0)
(-0.0438716 -0.00258853 0)
(-0.0395907 -0.00408407 0)
(-0.033613 -0.00521481 0)
(-0.0264773 -0.0058356 0)
(-0.0188828 -0.00581794 0)
(-0.0116418 -0.0050759 0)
(-0.00559705 -0.00360867 0)
(-0.00155008 -0.00160144 0)
(-6.11242e-05 0.000199351 0)
(-0.000512637 0.00103763 0)
(-0.00365355 0.00566779 0)
(-0.0105052 0.0102135 0)
(-0.0199358 0.0134731 0)
(-0.0307794 0.0150609 0)
(-0.0419185 0.0149515 0)
(-0.0522749 0.0133168 0)
(-0.0609105 0.0104376 0)
(-0.0670929 0.00664671 0)
(-0.0703219 0.00229867 0)
(-0.0703416 -0.00224306 0)
(-0.0671456 -0.00661044 0)
(-0.0609789 -0.010433 0)
(-0.0523367 -0.0133444 0)
(-0.0419547 -0.014999 0)
(-0.0307812 -0.0151076 0)
(-0.0199089 -0.013498 0)
(-0.0104678 -0.0102061 0)
(-0.00362643 -0.00563711 0)
(-0.000504003 -0.00101395 0)
(-0.000907235 0.00338261 0)
(-0.00562456 0.0121116 0)
(-0.015223 0.0199194 0)
(-0.0278983 0.0253253 0)
(-0.0420746 0.0278014 0)
(-0.056378 0.0273298 0)
(-0.0695189 0.0242063 0)
(-0.0803898 0.0189114 0)
(-0.0881341 0.0120209 0)
(-0.0921703 0.00415344 0)
(-0.0922012 -0.00405354 0)
(-0.088218 -0.011954 0)
(-0.0805034 -0.0188993 0)
(-0.0696311 -0.0242508 0)
(-0.0564602 -0.0274116 0)
(-0.0421099 -0.0278857 0)
(-0.0278886 -0.0253756 0)
(-0.0151885 -0.0199147 0)
(-0.00559357 -0.012063 0)
(-0.000896156 -0.00334024 0)
(-0.00125558 0.00673205 0)
(-0.00747752 0.0208181 0)
(-0.0197779 0.0325537 0)
(-0.035634 0.0403401 0)
(-0.0530145 0.0436256 0)
(-0.0702811 0.0424857 0)
(-0.0859596 0.0374042 0)
(-0.0988199 0.0291113 0)
(-0.107931 0.0184648 0)
(-0.112671 0.00637944 0)
(-0.112723 -0.00620666 0)
(-0.108074 -0.0183439 0)
(-0.0990206 -0.0290773 0)
(-0.0861728 -0.0374633 0)
(-0.0704612 -0.0426112 0)
(-0.0531294 -0.0437657 0)
(-0.035676 -0.0404364 0)
(-0.0197665 -0.0325678 0)
(-0.00745011 -0.020758 0)
(-0.00124309 -0.00666895 0)
(-0.00158773 0.0110274 0)
(-0.00930031 0.0317569 0)
(-0.024313 0.0481166 0)
(-0.0433466 0.0585021 0)
(-0.0638733 0.0624685 0)
(-0.083978 0.0603008 0)
(-0.102021 0.052762 0)
(-0.116687 0.0408954 0)
(-0.127017 0.0258805 0)
(-0.132383 0.00894873 0)
(-0.132468 -0.00865184 0)
(-0.127256 -0.0256624 0)
(-0.117033 -0.0408115 0)
(-0.102406 -0.052827 0)
(-0.0843312 -0.0604818 0)
(-0.0641369 -0.0626926 0)
(-0.0434942 -0.0586809 0)
(-0.0243581 -0.0481826 0)
(-0.00928994 -0.0317046 0)
(-0.00157621 -0.0109465 0)
(-0.00193384 0.0162733 0)
(-0.0111943 0.0449664 0)
(-0.0289995 0.066652 0)
(-0.0512454 0.0798148 0)
(-0.0748649 0.0842671 0)
(-0.0976631 0.0806497 0)
(-0.117865 0.0701201 0)
(-0.134121 0.0541115 0)
(-0.145494 0.0341636 0)
(-0.151394 0.011833 0)
(-0.151529 -0.0113321 0)
(-0.145875 -0.0337795 0)
(-0.134683 -0.0539301 0)
(-0.118511 -0.070172 0)
(-0.0982855 -0.0808984 0)
(-0.0753684 -0.0846153 0)
(-0.0515728 -0.0801328 0)
(-0.029149 -0.0668267 0)
(-0.0112218 -0.0449613 0)
(-0.00192736 -0.0161861 0)
(-0.00232233 0.0225339 0)
(-0.0132582 0.0605606 0)
(-0.033996 0.0882405 0)
(-0.0594893 0.104266 0)
(-0.0860814 0.108897 0)
(-0.111316 0.103318 0)
(-0.13334 0.0892248 0)
(-0.150846 0.0685267 0)
(-0.162994 0.0431559 0)
(-0.169287 0.0149858 0)
(-0.169487 -0.0141697 0)
(-0.163562 -0.0425082 0)
(-0.151697 -0.0681765 0)
(-0.134342 -0.0892295 0)
(-0.112315 -0.103643 0)
(-0.0869329 -0.109419 0)
(-0.0600888 -0.104802 0)
(-0.034313 -0.0886108 0)
(-0.0133522 -0.0606697 0)
(-0.00232702 -0.0224649 0)
(-0.00278294 0.0299295 0)
(-0.0155898 0.0787239 0)
(-0.0394376 0.112978 0)
(-0.0681542 0.131777 0)
(-0.0974409 0.1361 0)
(-0.124633 0.127921 0)
(-0.147906 0.109649 0)
(-0.166109 0.0837618 0)
(-0.178602 0.0526025 0)
(-0.18506 0.0183262 0)
(-0.185335 -0.0170548 0)
(-0.179393 -0.0515654 0)
(-0.167308 -0.0831459 0)
(-0.149348 -0.109553 0)
(-0.126114 -0.128323 0)
(-0.0987529 -0.136853 0)
(-0.0691293 -0.132634 0)
(-0.0399974 -0.113665 0)
(-0.0157874 -0.0790484 0)
(-0.00280724 -0.0299208 0)
(-0.00335447 0.0386397 0)
(-0.0183021 0.0996987 0)
(-0.0454393 0.140926 0)
(-0.077208 0.162118 0)
(-0.108628 0.165373 0)
(-0.136943 0.153787 0)
(-0.160529 0.130688 0)
(-0.178563 0.0992102 0)
(-0.190745 0.0620988 0)
(-0.197015 0.0217171 0)
(-0.197369 -0.0198333 0)
(-0.191767 -0.0605267 0)
(-0.180135 -0.0982086 0)
(-0.162457 -0.130413 0)
(-0.138979 -0.154246 0)
(-0.110495 -0.166408 0)
(-0.0786588 -0.163412 0)
(-0.0463234 -0.142084 0)
(-0.0186471 -0.100379 0)
(-0.00340945 -0.0387557 0)
(-0.00409894 0.0489238 0)
(-0.0215511 0.123775 0)
(-0.0521049 0.172036 0)
(-0.0864699 0.194775 0)
(-0.119001 0.195816 0)
(-0.147077 0.179811 0)
(-0.169539 0.151241 0)
(-0.186127 0.113953 0)
(-0.197052 0.0710385 0)
(-0.202627 0.0249446 0)
(-0.203045 -0.0222984 0)
(-0.198267 -0.0687856 0)
(-0.188024 -0.112432 0)
(-0.171919 -0.150683 0)
(-0.149664 -0.18028 0)
(-0.121461 -0.197161 0)
(-0.0884671 -0.196622 0)
(-0.0533884 -0.173843 0)
(-0.0220917 -0.124991 0)
(-0.0041984 -0.049255 0)
(-0.00512671 0.0611673 0)
(-0.0255788 0.151279 0)
(-0.0595209 0.20603 0)
(-0.0955192 0.228763 0)
(-0.127425 0.22593 0)
(-0.15316 0.204289 0)
(-0.172421 0.169688 0)
(-0.1858 0.126681 0)
(-0.194196 0.0785722 0)
(-0.198398 0.0276995 0)
(-0.19884 -0.0241881 0)
(-0.195494 -0.0755257 0)
(-0.187866 -0.124518 0)
(-0.17509 -0.168726 0)
(-0.156166 -0.204675 0)
(-0.130409 -0.227564 0)
(-0.0980625 -0.231241 0)
(-0.0612496 -0.208663 0)
(-0.0263614 -0.153242 0)
(-0.0052872 -0.0618334 0)
(-0.0066408 0.0759784 0)
(-0.0307669 0.182538 0)
(-0.0676929 0.242183 0)
(-0.103481 0.262327 0)
(-0.131966 0.253352 0)
(-0.152295 0.22473 0)
(-0.165541 0.183796 0)
(-0.173444 0.135662 0)
(-0.177741 0.0835974 0)
(-0.179743 0.0295728 0)
(-0.180139 -0.0251949 0)
(-0.178924 -0.0797269 0)
(-0.175385 -0.132778 0)
(-0.168154 -0.182305 0)
(-0.155393 -0.224891 0)
(-0.135223 -0.255169 0)
(-0.106438 -0.265434 0)
(-0.0698456 -0.245774 0)
(-0.0318244 -0.185465 0)
(-0.00688096 -0.0771279 0)
(-0.00900642 0.0943523 0)
(-0.0376713 0.217753 0)
(-0.0763147 0.278915 0)
(-0.108546 0.2925 0)
(-0.129322 0.27454 0)
(-0.140052 0.23772 0)
(-0.143765 0.190706 0)
(-0.143572 0.13879 0)
(-0.142049 0.084818 0)
(-0.140965 0.0300777 0)
(-0.141219 -0.0249953 0)
(-0.142834 -0.0802345 0)
(-0.144947 -0.135204 0)
(-0.145778 -0.188594 0)
(-0.142669 -0.237469 0)
(-0.13235 -0.276323 0)
(-0.111572 -0.296084 0)
(-0.0787427 -0.283474 0)
(-0.0390001 -0.221822 0)
(-0.00934447 -0.0961551 0)
(-0.0128139 0.11789 0)
(-0.0468843 0.256601 0)
(-0.0840762 0.313046 0)
(-0.106943 0.314499 0)
(-0.113814 0.28451 0)
(-0.109708 0.238951 0)
(-0.100034 0.187142 0)
(-0.0891886 0.133834 0)
(-0.0803239 0.0809316 0)
(-0.075413 0.0287234 0)
(-0.0754152 -0.02331 0)
(-0.0803874 -0.0759421 0)
(-0.089471 -0.129724 0)
(-0.100749 -0.18441 0)
(-0.111044 -0.2381 0)
(-0.115821 -0.285924 0)
(-0.109396 -0.318202 0)
(-0.0864136 -0.318359 0)
(-0.0483956 -0.261854 0)
(-0.0132576 -0.120514 0)
(-0.0187191 0.149116 0)
(-0.0581662 0.297217 0)
(-0.0867999 0.338473 0)
(-0.0908336 0.321008 0)
(-0.0757366 0.276834 0)
(-0.0512663 0.223677 0)
(-0.0249708 0.170011 0)
(-0.00184902 0.118985 0)
(0.0150515 0.0710032 0)
(0.0240489 0.0251626 0)
(0.0243786 -0.0200012 0)
(0.0159614 -0.0661265 0)
(-0.000589531 -0.114736 0)
(-0.0237193 -0.166833 0)
(-0.0504473 -0.222125 0)
(-0.0757219 -0.277491 0)
(-0.0917551 -0.324248 0)
(-0.0883549 -0.343993 0)
(-0.0595861 -0.303428 0)
(-0.0192315 -0.152674 0)
(-0.0262687 0.192206 0)
(-0.0674209 0.333818 0)
(-0.0730109 0.343736 0)
(-0.0444344 0.301332 0)
(0.00103601 0.244107 0)
(0.049535 0.187762 0)
(0.0931359 0.137493 0)
(0.127799 0.0937127 0)
(0.151694 0.055006 0)
(0.164097 0.0194031 0)
(0.164751 -0.0151921 0)
(0.15358 -0.0509093 0)
(0.130685 -0.0899077 0)
(0.0966222 -0.134285 0)
(0.0530606 -0.185639 0)
(0.00394396 -0.243742 0)
(-0.0427247 -0.303429 0)
(-0.0727383 -0.348562 0)
(-0.0681302 -0.340317 0)
(-0.0266744 -0.196652 0)
(-0.0286682 0.250106 0)
(-0.0579612 0.349858 0)
(-0.0146286 0.309015 0)
(0.0622845 0.242294 0)
(0.141809 0.180543 0)
(0.211581 0.130345 0)
(0.267463 0.0911025 0)
(0.308672 0.0601131 0)
(0.335758 0.0345712 0)
(0.349485 0.0120813 0)
(0.350307 -0.00941916 0)
(0.338182 -0.0318864 0)
(0.312561 -0.0574246 0)
(0.272541 -0.0885258 0)
(0.217371 -0.128169 0)
(0.147605 -0.179321 0)
(0.0671964 -0.242855 0)
(-0.0114952 -0.312147 0)
(-0.0569155 -0.355358 0)
(-0.0284567 -0.254841 0)
(0.0136401 0.288402 0)
(0.0297046 0.302273 0)
(0.152938 0.213909 0)
(0.281401 0.142477 0)
(0.381622 0.0942257 0)
(0.455947 0.0622705 0)
(0.50955 0.0408374 0)
(0.546404 0.0257995 0)
(0.569547 0.0144281 0)
(0.580976 0.00494073 0)
(0.581655 -0.00394717 0)
(0.571589 -0.0133704 0)
(0.549815 -0.0246211 0)
(0.514296 -0.0395077 0)
(0.461873 -0.0608335 0)
(0.388348 -0.0929106 0)
(0.288217 -0.141852 0)
(0.158678 -0.214821 0)
(0.0332943 -0.305062 0)
(0.0153876 -0.291422 0)
(0.304632 0.147055 0)
(0.405636 0.127652 0)
(0.568646 0.0748545 0)
(0.685269 0.041989 0)
(0.752864 0.0239896 0)
(0.794097 0.0140451 0)
(0.820526 0.00837931 0)
(0.837347 0.00494384 0)
(0.847386 0.00263703 0)
(0.852177 0.000860072 0)
(0.85239 -0.0007535 0)
(0.848045 -0.0025024 0)
(0.838512 -0.00474744 0)
(0.822295 -0.00807724 0)
(0.796585 -0.0135864 0)
(0.756163 -0.0233479 0)
(0.689392 -0.0412428 0)
(0.573078 -0.0742817 0)
(0.408903 -0.127713 0)
(0.306178 -0.147622 0)
)
;

boundaryField
{
    movingWall
    {
        type            fixedValue;
        value           uniform (1 0 0);
    }
    fixedWalls
    {
        type            noSlip;
    }
    frontAndBack
    {
        type            empty;
    }
}


// ************************************************************************* //
