/*--------------------------------*- C++ -*----------------------------------*\
  =========                 |
  \\      /  F ield         | OpenFOAM: The Open Source CFD Toolbox
   \\    /   O peration     | Website:  https://openfoam.org
    \\  /    A nd           | Version:  6
     \\/     M anipulation  |
\*---------------------------------------------------------------------------*/
FoamFile
{
    version     2.0;
    format      ascii;
    class       volVectorField;
    location    "0.02";
    object      U;
}
// * * * * * * * * * * * * * * * * * * * * * * * * * * * * * * * * * * * * * //

dimensions      [0 1 -1 0 0 0 0];

internalField   nonuniform List<vector> 
400
(
(0.000246971 -0.000242733 0)
(0.000146456 0.000107693 0)
(-0.00112459 0.000552251 0)
(-0.00336678 0.000869241 0)
(-0.00619559 0.00102864 0)
(-0.00921661 0.00104279 0)
(-0.0120755 0.000935935 0)
(-0.0144806 0.000735906 0)
(-0.0162118 0.000470171 0)
(-0.0171211 0.000164854 0)
(-0.0171327 -0.000154764 0)
(-0.0162427 -0.000463299 0)
(-0.0145203 -0.000734317 0)
(-0.0121106 -0.000939745 0)
(-0.00923605 -0.00105002 0)
(-0.00619518 -0.00103586 0)
(-0.00335102 -0.000872958 0)
(-0.00110482 -0.000550763 0)
(0.000158936 -0.000102741 0)
(0.000250303 0.000245994 0)
(-6.91382e-05 -0.000174786 0)
(-0.00153489 0.00158001 0)
(-0.00547472 0.00351127 0)
(-0.0113285 0.00490948 0)
(-0.0183165 0.00560928 0)
(-0.0256326 0.00561989 0)
(-0.0325055 0.00502622 0)
(-0.0382721 0.00394878 0)
(-0.0424179 0.00252099 0)
(-0.0445925 0.000879422 0)
(-0.0446152 -0.000838427 0)
(-0.0424785 -0.00249333 0)
(-0.0383507 -0.00394305 0)
(-0.0325767 -0.00504293 0)
(-0.0256751 -0.00565095 0)
(-0.0183211 -0.00564066 0)
(-0.0113022 -0.00492691 0)
(-0.00543766 -0.00350752 0)
(-0.00150882 -0.00156112 0)
(-6.11591e-05 0.000188885 0)
(-0.000501047 0.00102097 0)
(-0.0035552 0.0055161 0)
(-0.0102056 0.0099106 0)
(-0.0193471 0.0130486 0)
(-0.0298454 0.0145668 0)
(-0.04062 0.0144483 0)
(-0.050632 0.0128635 0)
(-0.0589797 0.0100841 0)
(-0.0649594 0.00642926 0)
(-0.06809 0.0022371 0)
(-0.068123 -0.00214587 0)
(-0.0650484 -0.00636747 0)
(-0.0590978 -0.0100709 0)
(-0.0507445 -0.0129005 0)
(-0.0406961 -0.0145183 0)
(-0.0298693 -0.0146394 0)
(-0.0193245 -0.0130921 0)
(-0.0101616 -0.00990767 0)
(-0.00352025 -0.00547732 0)
(-0.000489404 -0.000988312 0)
(-0.000884362 0.00330146 0)
(-0.00547277 0.0117753 0)
(-0.0147996 0.0193273 0)
(-0.0271045 0.0245347 0)
(-0.0408531 0.0269022 0)
(-0.0547147 0.0264253 0)
(-0.0674444 0.023397 0)
(-0.0779754 0.0182829 0)
(-0.0854835 0.0116354 0)
(-0.0894075 0.00404516 0)
(-0.0894582 -0.00387964 0)
(-0.0856221 -0.0115206 0)
(-0.0781657 -0.0182526 0)
(-0.0676378 -0.0234558 0)
(-0.0548653 -0.0265459 0)
(-0.0409326 -0.0270335 0)
(-0.0271122 -0.0246213 0)
(-0.0147633 -0.0193354 0)
(-0.00543367 -0.0117165 0)
(-0.000869456 -0.00324446 0)
(-0.00122548 0.00656171 0)
(-0.00728976 0.0202456 0)
(-0.0192701 0.0316085 0)
(-0.0347023 0.0391172 0)
(-0.0516049 0.0422595 0)
(-0.0683871 0.0411267 0)
(-0.0836221 0.0361975 0)
(-0.0961217 0.0281801 0)
(-0.104988 0.0178981 0)
(-0.109617 0.00622566 0)
(-0.109699 -0.00594156 0)
(-0.105215 -0.0176939 0)
(-0.0964442 -0.0281106 0)
(-0.0839687 -0.0362742 0)
(-0.0686867 -0.041312 0)
(-0.0518059 -0.0424769 0)
(-0.0347895 -0.0392788 0)
(-0.01927 -0.0316529 0)
(-0.00725689 -0.0201775 0)
(-0.00120873 -0.00647808 0)
(-0.00155446 0.0107537 0)
(-0.00909565 0.0309174 0)
(-0.0237657 0.0467815 0)
(-0.0423533 0.0568115 0)
(-0.0623868 0.0606066 0)
(-0.0820008 0.0584679 0)
(-0.099603 0.0511483 0)
(-0.11392 0.0396607 0)
(-0.124019 0.025139 0)
(-0.129292 0.00876083 0)
(-0.129425 -0.00828131 0)
(-0.124391 -0.0247806 0)
(-0.114458 -0.0395097 0)
(-0.100206 -0.0512299 0)
(-0.0825573 -0.0587354 0)
(-0.0628082 -0.0609526 0)
(-0.042597 -0.0571025 0)
(-0.0238491 -0.0469116 0)
(-0.00908804 -0.0308691 0)
(-0.00153916 -0.0106481 0)
(-0.00190089 0.0158924 0)
(-0.0109905 0.0438512 0)
(-0.0284559 0.0649192 0)
(-0.0502661 0.0776549 0)
(-0.0734126 0.0819169 0)
(-0.0957511 0.0783594 0)
(-0.115551 0.0681233 0)
(-0.1315 0.052601 0)
(-0.142684 0.0332745 0)
(-0.148526 0.0116338 0)
(-0.148731 -0.0108409 0)
(-0.143265 -0.0326604 0)
(-0.132356 -0.0522984 0)
(-0.116537 -0.0681818 0)
(-0.0967027 -0.0787275 0)
(-0.0741858 -0.0824506 0)
(-0.0507728 -0.0781589 0)
(-0.0286917 -0.0652186 0)
(-0.0110378 -0.0438808 0)
(-0.0018928 -0.0157816 0)
(-0.00229224 0.0220508 0)
(-0.0130695 0.0591816 0)
(-0.0334932 0.0861304 0)
(-0.0585906 0.101668 0)
(-0.0847643 0.106102 0)
(-0.109606 0.100624 0)
(-0.131303 0.0869027 0)
(-0.148576 0.0667966 0)
(-0.1606 0.0421675 0)
(-0.166885 0.0148102 0)
(-0.167186 -0.0135405 0)
(-0.161455 -0.0411544 0)
(-0.149855 -0.066238 0)
(-0.132809 -0.0868885 0)
(-0.111109 -0.101106 0)
(-0.0860456 -0.106897 0)
(-0.059494 -0.102502 0)
(-0.0339724 -0.0867263 0)
(-0.0132132 -0.0593863 0)
(-0.00230013 -0.0219701 0)
(-0.00275705 0.0293552 0)
(-0.0154255 0.0771088 0)
(-0.0390021 0.110535 0)
(-0.0673877 0.128804 0)
(-0.0963413 0.132938 0)
(-0.123241 0.12491 0)
(-0.146293 0.107092 0)
(-0.164365 0.0818951 0)
(-0.176821 0.0515825 0)
(-0.183335 0.0182198 0)
(-0.183746 -0.0162685 0)
(-0.178001 -0.0499866 0)
(-0.166153 -0.0809391 0)
(-0.148443 -0.106926 0)
(-0.125448 -0.125507 0)
(-0.098295 -0.134078 0)
(-0.0688389 -0.130117 0)
(-0.0398347 -0.111604 0)
(-0.0157193 -0.077636 0)
(-0.00279319 -0.0293654 0)
(-0.0033326 0.0379888 0)
(-0.018165 0.0978857 0)
(-0.0450847 0.138213 0)
(-0.0766065 0.158856 0)
(-0.107805 0.161952 0)
(-0.135957 0.150578 0)
(-0.159455 0.128014 0)
(-0.177482 0.0973125 0)
(-0.18973 0.0611301 0)
(-0.196127 0.021733 0)
(-0.196653 -0.0188707 0)
(-0.191248 -0.0587388 0)
(-0.179814 -0.0957837 0)
(-0.162316 -0.127583 0)
(-0.138974 -0.151262 0)
(-0.11057 -0.163511 0)
(-0.0787534 -0.160819 0)
(-0.0463912 -0.139981 0)
(-0.0186737 -0.0989403 0)
(-0.00341326 -0.0381831 0)
(-0.00407903 0.0482098 0)
(-0.0214369 0.121806 0)
(-0.0518312 0.169127 0)
(-0.0860472 0.191333 0)
(-0.118488 0.192268 0)
(-0.146553 0.176549 0)
(-0.169081 0.148588 0)
(-0.1858 0.112144 0)
(-0.196898 0.0702113 0)
(-0.20267 0.0251365 0)
(-0.203288 -0.0211444 0)
(-0.198697 -0.0668114 0)
(-0.188607 -0.109848 0)
(-0.172604 -0.147742 0)
(-0.150379 -0.177248 0)
(-0.122125 -0.194288 0)
(-0.0889967 -0.194114 0)
(-0.0537243 -0.171855 0)
(-0.0222327 -0.123651 0)
(-0.00422482 -0.0487205 0)
(-0.00510458 0.060399 0)
(-0.0254761 0.149192 0)
(-0.0593167 0.203005 0)
(-0.0952748 0.225262 0)
(-0.12724 0.222406 0)
(-0.153132 0.201134 0)
(-0.172623 0.167208 0)
(-0.186267 0.125085 0)
(-0.194935 0.0779723 0)
(-0.199388 0.0281115 0)
(-0.200041 -0.0228397 0)
(-0.196854 -0.0733992 0)
(-0.189323 -0.12184 0)
(-0.176567 -0.165766 0)
(-0.157575 -0.201713 0)
(-0.131649 -0.224855 0)
(-0.0990312 -0.228978 0)
(-0.0618682 -0.206955 0)
(-0.0266296 -0.152139 0)
(-0.00534049 -0.0614022 0)
(-0.00660995 0.0751556 0)
(-0.0306591 0.180366 0)
(-0.0675434 0.239127 0)
(-0.103413 0.258902 0)
(-0.132123 0.250018 0)
(-0.152784 0.221852 0)
(-0.166416 0.181637 0)
(-0.174704 0.134389 0)
(-0.179343 0.0832902 0)
(-0.181617 0.0302246 0)
(-0.182202 -0.0236725 0)
(-0.181091 -0.0774997 0)
(-0.177573 -0.130079 0)
(-0.170278 -0.179413 0)
(-0.157364 -0.222099 0)
(-0.136939 -0.25274 0)
(-0.107786 -0.263548 0)
(-0.0707273 -0.244494 0)
(-0.0322224 -0.184739 0)
(-0.00696454 -0.0768715 0)
(-0.00895846 0.0934629 0)
(-0.0375422 0.215523 0)
(-0.0762162 0.275924 0)
(-0.108673 0.289302 0)
(-0.129849 0.271571 0)
(-0.141081 0.235282 0)
(-0.145312 0.188996 0)
(-0.145583 0.137919 0)
(-0.144424 0.0848294 0)
(-0.143583 0.0309481 0)
(-0.143957 -0.0233562 0)
(-0.145582 -0.0779859 0)
(-0.147614 -0.13257 0)
(-0.148288 -0.185852 0)
(-0.144955 -0.234918 0)
(-0.134334 -0.274239 0)
(-0.113157 -0.294654 0)
(-0.079818 -0.282724 0)
(-0.039514 -0.221587 0)
(-0.00946001 -0.0961459 0)
(-0.0127408 0.116912 0)
(-0.04673 0.254348 0)
(-0.0840615 0.310238 0)
(-0.107325 0.311698 0)
(-0.114776 0.282078 0)
(-0.111311 0.237091 0)
(-0.102233 0.185963 0)
(-0.0918652 0.133389 0)
(-0.0833211 0.0812303 0)
(-0.0785639 0.0297371 0)
(-0.078565 -0.0216587 0)
(-0.0834098 -0.0737879 0)
(-0.0922767 -0.127264 0)
(-0.103287 -0.181899 0)
(-0.113291 -0.235834 0)
(-0.117757 -0.284195 0)
(-0.110975 -0.317222 0)
(-0.0875418 -0.318156 0)
(-0.0489821 -0.262174 0)
(-0.0134021 -0.120815 0)
(-0.0186212 0.148025 0)
(-0.0580219 0.295014 0)
(-0.0869709 0.336009 0)
(-0.0915994 0.318788 0)
(-0.0772279 0.275086 0)
(-0.0534665 0.222478 0)
(-0.0277576 0.169376 0)
(-0.00504286 0.118915 0)
(0.0116511 0.0714915 0)
(0.020638 0.0261884 0)
(0.0211296 -0.0184879 0)
(0.013008 -0.0642192 0)
(-0.00316526 -0.112583 0)
(-0.0258931 -0.164647 0)
(-0.0522487 -0.220174 0)
(-0.0772118 -0.276073 0)
(-0.092982 -0.323619 0)
(-0.0892998 -0.344235 0)
(-0.0601475 -0.304268 0)
(-0.0193881 -0.153324 0)
(-0.0261791 0.191002 0)
(-0.0674048 0.331809 0)
(-0.0735579 0.341825 0)
(-0.0457446 0.299858 0)
(-0.00104465 0.243119 0)
(0.0468029 0.187207 0)
(0.0899406 0.137317 0)
(0.124352 0.0938892 0)
(0.148203 0.0555305 0)
(0.160757 0.0202742 0)
(0.161731 -0.0139894 0)
(0.151013 -0.0494193 0)
(0.12865 -0.088218 0)
(0.0951305 -0.132539 0)
(0.0520478 -0.184047 0)
(0.00327576 -0.242578 0)
(-0.0432136 -0.302984 0)
(-0.0731703 -0.34902 0)
(-0.0684771 -0.341502 0)
(-0.0267889 -0.197636 0)
(-0.0287036 0.248906 0)
(-0.0583053 0.348305 0)
(-0.0157568 0.307851 0)
(0.0603774 0.24162 0)
(0.139277 0.180236 0)
(0.208616 0.130274 0)
(0.264263 0.0911948 0)
(0.305416 0.0603498 0)
(0.332611 0.0349628 0)
(0.346601 0.012646 0)
(0.347826 -0.00866883 0)
(0.336225 -0.0309542 0)
(0.311213 -0.0563396 0)
(0.271829 -0.087354 0)
(0.217243 -0.127031 0)
(0.147909 -0.178413 0)
(0.0676896 -0.242452 0)
(-0.0110966 -0.31252 0)
(-0.0567552 -0.356515 0)
(-0.0283901 -0.255984 0)
(0.0132487 0.28763 0)
(0.0288087 0.301478 0)
(0.151317 0.21351 0)
(0.279279 0.142413 0)
(0.379235 0.0943125 0)
(0.453449 0.062393 0)
(0.507051 0.0409605 0)
(0.543989 0.0259306 0)
(0.567292 0.0145889 0)
(0.578966 0.00515341 0)
(0.579979 -0.00366458 0)
(0.570341 -0.013006 0)
(0.54908 -0.02417 0)
(0.514132 -0.0389758 0)
(0.462289 -0.0602475 0)
(0.389269 -0.0923459 0)
(0.289448 -0.141471 0)
(0.159885 -0.214863 0)
(0.0341725 -0.305639 0)
(0.0158658 -0.292146 0)
(0.304291 0.14689 0)
(0.404878 0.127587 0)
(0.567518 0.0749467 0)
(0.684116 0.0421285 0)
(0.751795 0.0241067 0)
(0.793104 0.0141207 0)
(0.819594 0.00842157 0)
(0.836467 0.00496755 0)
(0.846562 0.00265516 0)
(0.851428 0.00088224 0)
(0.851748 -0.000720122 0)
(0.84755 -0.0024517 0)
(0.838212 -0.00467271 0)
(0.822241 -0.00796954 0)
(0.796821 -0.0134345 0)
(0.756723 -0.0231455 0)
(0.690276 -0.0410085 0)
(0.574146 -0.0740835 0)
(0.409769 -0.127671 0)
(0.306609 -0.147736 0)
)
;

boundaryField
{
    movingWall
    {
        type            fixedValue;
        value           uniform (1 0 0);
    }
    fixedWalls
    {
        type            noSlip;
    }
    frontAndBack
    {
        type            empty;
    }
}


// ************************************************************************* //
