/*--------------------------------*- C++ -*----------------------------------*\
  =========                 |
  \\      /  F ield         | OpenFOAM: The Open Source CFD Toolbox
   \\    /   O peration     | Website:  https://openfoam.org
    \\  /    A nd           | Version:  6
     \\/     M anipulation  |
\*---------------------------------------------------------------------------*/
FoamFile
{
    version     2.0;
    format      ascii;
    class       volScalarField;
    location    "0.04";
    object      p;
}
// * * * * * * * * * * * * * * * * * * * * * * * * * * * * * * * * * * * * * //

dimensions      [0 2 -2 0 0 0 0];

internalField   nonuniform List<scalar> 
400
(
-7.54405e-10
-0.000305932
-0.000311857
8.31932e-05
0.000850665
0.00195574
0.0033591
0.00501409
0.00686709
0.00885763
0.0109189
0.0129788
0.0149613
0.0167888
0.0183842
0.0196745
0.0205949
0.0210911
0.0211268
0.0208159
0.000303506
-1.4565e-05
1.73226e-05
0.000424536
0.00116955
0.00223174
0.00358075
0.00517431
0.00696156
0.00888418
0.0108772
0.0128702
0.0147889
0.0165574
0.0181012
0.019351
0.0202508
0.0207602
0.0208335
0.0205081
0.00031865
-7.5837e-05
-5.69347e-05
0.000353595
0.00109825
0.00215845
0.0035066
0.00510193
0.00689459
0.00882688
0.010834
0.012845
0.014785
0.0165766
0.0181435
0.0194143
0.0203321
0.0208555
0.0209166
0.0205083
-6.92974e-05
-0.000536309
-0.000539524
-0.000120313
0.000648282
0.00174554
0.00314337
0.00480041
0.00666615
0.00868192
0.0107813
0.0128912
0.0149333
0.0168257
0.0184863
0.019837
0.0208139
0.0213677
0.021412
0.0209235
-0.000869574
-0.00139956
-0.0014181
-0.000975961
-0.000158004
0.00101239
0.00250553
0.00427823
0.00627813
0.00844434
0.0107076
0.0129909
0.0152105
0.0172773
0.0191
0.0205894
0.0216699
0.0222811
0.02232
0.0217584
-0.00210622
-0.00270411
-0.0027324
-0.00224992
-0.00135409
-7.17334e-05
0.00156492
0.00350986
0.00570784
0.00809483
0.0105978
0.0131344
0.015614
0.0179376
0.0200007
0.0216981
0.0229369
0.0236405
0.0236854
0.0230408
-0.00382223
-0.00450282
-0.004537
-0.0039944
-0.00298895
-0.00155231
0.000279625
0.00245698
0.00492086
0.00760353
0.0104276
0.0133052
0.016137
0.0188122
0.0212092
0.0232002
0.0246676
0.0255095
0.0255729
0.0248227
-0.00607991
-0.00686462
-0.00690119
-0.00627554
-0.00512454
-0.003487
-0.00140389
0.00106997
0.00387147
0.00692914
0.0101616
0.0134756
0.0167635
0.0199009
0.0227449
0.0251383
0.0269272
0.0279711
0.0280707
0.0271811
-0.00896489
-0.00988198
-0.00991656
-0.00917963
-0.00784082
-0.00594954
-0.00355382
-0.000714623
0.00250037
0.00601652
0.0097499
0.0136038
0.017464
0.0211927
0.0246233
0.0275603
0.0297984
0.0311369
0.0313012
0.0302242
-0.0125922
-0.0136786
-0.0137036
-0.0128178
-0.0112387
-0.00903161
-0.00625413
-0.00297499
0.000733375
0.00479447
0.00912463
0.0136278
0.0181879
0.0226577
0.0268466
0.0305131
0.0333812
0.0351559
0.035436
0.0341027
-0.017117
-0.0184213
-0.0184206
-0.0173316
-0.0154432
-0.012844
-0.00960465
-0.00580373
-0.00151861
0.00317437
0.00819624
0.0134587
0.0188527
0.0242315
0.0293872
0.034029
0.0377882
0.0402253
0.0407207
0.0390319
-0.0227544
-0.0243391
-0.0242773
-0.0229006
-0.0206068
-0.0175171
-0.0137196
-0.00930525
-0.00435701
0.00105141
0.00685175
0.0129736
0.0193302
0.025794
0.0321593
0.0380961
0.0431268
0.0465984
0.0475135
0.0453389
-0.0298196
-0.0317585
-0.0315559
-0.0297527
-0.026913
-0.0231999
-0.0187226
-0.0135888
-0.00788788
-0.00168868
0.00495816
0.0120131
0.0194326
0.0271401
0.0349727
0.0426015
0.0494521
0.0545832
0.0563557
0.0535806
-0.0388117
-0.0411638
-0.0406401
-0.038175
-0.0345771
-0.0300528
-0.0247351
-0.0187527
-0.0122042
-0.00515181
0.00237787
0.0103894
0.0189074
0.0279494
0.0374662
0.0472297
0.0566677
0.0645253
0.0681212
0.0648787
-0.0506008
-0.0533008
-0.0520447
-0.0485135
-0.0438339
-0.0382271
-0.0318473
-0.0248509
-0.0173484
-0.00939506
-0.000989672
0.00792551
0.0174628
0.0277785
0.0390326
0.0512878
0.0642722
0.0766116
0.0841194
0.0815835
-0.0668536
-0.0693537
-0.0664297
-0.0611492
-0.0548966
-0.0478053
-0.0400456
-0.0318105
-0.0232243
-0.0143325
-0.00510386
0.00457234
0.0148965
0.0261789
0.0388628
0.0535465
0.0708265
0.0899604
0.105372
0.10777
-0.0910723
-0.0912149
-0.0845751
-0.0763958
-0.0677686
-0.0585593
-0.0489584
-0.0391915
-0.0293748
-0.0195215
-0.00955692
0.000679233
0.0114537
0.023195
0.0366167
0.0529905
0.07441
0.102379
0.132294
0.150326
-0.13171
-0.121147
-0.106242
-0.0931879
-0.0809424
-0.0688401
-0.0570068
-0.0455754
-0.0345503
-0.0238458
-0.0133094
-0.00271962
0.00824933
0.0201273
0.0338905
0.0515362
0.0770936
0.116613
0.172801
0.229724
-0.212111
-0.157208
-0.122468
-0.102887
-0.0874142
-0.0732221
-0.0601239
-0.0479639
-0.0365141
-0.025571
-0.0149239
-0.0043078
0.00666701
0.0186885
0.0331778
0.0532941
0.0859597
0.144604
0.249598
0.395879
-0.37573
-0.184375
-0.111019
-0.0905771
-0.0780823
-0.0660755
-0.0548432
-0.0442517
-0.0339931
-0.0239234
-0.0139334
-0.00383234
0.00674003
0.0185236
0.0332327
0.0551355
0.0950846
0.177688
0.34919
0.648409
)
;

boundaryField
{
    movingWall
    {
        type            zeroGradient;
    }
    fixedWalls
    {
        type            zeroGradient;
    }
    frontAndBack
    {
        type            empty;
    }
}


// ************************************************************************* //
