/*--------------------------------*- C++ -*----------------------------------*\
  =========                 |
  \\      /  F ield         | OpenFOAM: The Open Source CFD Toolbox
   \\    /   O peration     | Website:  https://openfoam.org
    \\  /    A nd           | Version:  6
     \\/     M anipulation  |
\*---------------------------------------------------------------------------*/
FoamFile
{
    version     2.0;
    format      ascii;
    class       volVectorField;
    location    "0.04";
    object      U;
}
// * * * * * * * * * * * * * * * * * * * * * * * * * * * * * * * * * * * * * //

dimensions      [0 1 -1 0 0 0 0];

internalField   nonuniform List<vector> 
400
(
(-0.000126909 0.000124626 0)
(-0.000870897 0.000488778 0)
(-0.00228592 0.00063745 0)
(-0.00387013 0.000645142 0)
(-0.00537585 0.00059538 0)
(-0.00672153 0.000520732 0)
(-0.00786497 0.000430718 0)
(-0.00877373 0.000328618 0)
(-0.00942157 0.00021651 0)
(-0.00978772 9.65298e-05 0)
(-0.00985711 -2.88594e-05 0)
(-0.00962113 -0.000156787 0)
(-0.00907852 -0.000283924 0)
(-0.00823652 -0.000406419 0)
(-0.00711242 -0.000519651 0)
(-0.00573608 -0.000616991 0)
(-0.00415534 -0.000684743 0)
(-0.00246767 -0.000685351 0)
(-0.00094981 -0.000530112 0)
(-0.000142701 -0.000141494 0)
(-0.000497646 0.000867034 0)
(-0.00230495 0.00226796 0)
(-0.00520503 0.00282481 0)
(-0.00835527 0.00285234 0)
(-0.0113451 0.00263735 0)
(-0.0140203 0.0023048 0)
(-0.0162891 0.00189899 0)
(-0.0180826 0.00143816 0)
(-0.0193487 0.00093403 0)
(-0.0200487 0.000397442 0)
(-0.0201562 -0.000160025 0)
(-0.0196579 -0.000725467 0)
(-0.0185552 -0.00128417 0)
(-0.016866 -0.00181903 0)
(-0.0146286 -0.00230903 0)
(-0.0119076 -0.00272351 0)
(-0.00880363 -0.00300261 0)
(-0.00549513 -0.00300321 0)
(-0.00243602 -0.00242127 0)
(-0.0005263 -0.000933414 0)
(-0.000685984 0.00232975 0)
(-0.00305186 0.00522439 0)
(-0.00672001 0.00632678 0)
(-0.0106404 0.00636303 0)
(-0.0143385 0.00588176 0)
(-0.0176402 0.00513502 0)
(-0.0204351 0.00422123 0)
(-0.02264 0.00318439 0)
(-0.0241927 0.00205315 0)
(-0.0250476 0.000853055 0)
(-0.025174 -0.000389745 0)
(-0.0245566 -0.00164678 0)
(-0.0231968 -0.00288582 0)
(-0.0211156 -0.00406914 0)
(-0.0183584 -0.00514975 0)
(-0.0150028 -0.00605887 0)
(-0.0111687 -0.00666682 0)
(-0.00705938 -0.00668537 0)
(-0.00320242 -0.00553239 0)
(-0.000717901 -0.00246631 0)
(-0.000775636 0.00411165 0)
(-0.00345968 0.00873755 0)
(-0.00760758 0.010427 0)
(-0.0120093 0.0104425 0)
(-0.0161406 0.0096378 0)
(-0.0198187 0.00840473 0)
(-0.0229275 0.00690063 0)
(-0.0253792 0.00519817 0)
(-0.0271088 0.00334505 0)
(-0.0280684 0.00138291 0)
(-0.0282246 -0.000646594 0)
(-0.0275591 -0.00269862 0)
(-0.0260696 -0.00472229 0)
(-0.0237737 -0.00665733 0)
(-0.0207145 -0.00842749 0)
(-0.0169714 -0.00992081 0)
(-0.0126704 -0.0109294 0)
(-0.0080304 -0.0110023 0)
(-0.00364421 -0.00923095 0)
(-0.000813464 -0.00432837 0)
(-0.000850686 0.00606933 0)
(-0.00381595 0.0126115 0)
(-0.00840508 0.0149296 0)
(-0.0132585 0.0149017 0)
(-0.0177963 0.0137297 0)
(-0.0218251 0.0119596 0)
(-0.0252255 0.00981219 0)
(-0.027909 0.00739022 0)
(-0.0298108 0.00476066 0)
(-0.0308827 0.00198045 0)
(-0.031089 -0.000894754 0)
(-0.0304065 -0.0038055 0)
(-0.0288254 -0.00668367 0)
(-0.0263537 -0.00944663 0)
(-0.023026 -0.011987 0)
(-0.0189165 -0.0141447 0)
(-0.0141548 -0.0156232 0)
(-0.00898055 -0.0157857 0)
(-0.00406669 -0.0133455 0)
(-0.000901456 -0.00638807 0)
(-0.000945472 0.00822476 0)
(-0.00425082 0.0168962 0)
(-0.00936621 0.019902 0)
(-0.0147592 0.0198099 0)
(-0.0197814 0.0182191 0)
(-0.024225 0.0158513 0)
(-0.0279682 0.0129983 0)
(-0.0309247 0.0097958 0)
(-0.0330331 0.00632991 0)
(-0.0342466 0.00267095 0)
(-0.0345281 -0.00111464 0)
(-0.0338472 -0.00495653 0)
(-0.0321824 -0.00877259 0)
(-0.0295258 -0.0124594 0)
(-0.025895 -0.0158765 0)
(-0.021352 -0.0188078 0)
(-0.0160267 -0.0208504 0)
(-0.0101864 -0.0211466 0)
(-0.00460982 -0.0179665 0)
(-0.0010179 -0.00868741 0)
(-0.00107302 0.0106442 0)
(-0.004821 0.0217095 0)
(-0.0106083 0.0254735 0)
(-0.0166823 0.0252872 0)
(-0.0223077 0.0232084 0)
(-0.0272604 0.0201626 0)
(-0.0314195 0.0165245 0)
(-0.0347053 0.0124666 0)
(-0.0370649 0.00809376 0)
(-0.0384571 0.00348639 0)
(-0.0388443 -0.00128373 0)
(-0.0381879 -0.00614182 0)
(-0.0364491 -0.0109979 0)
(-0.0335951 -0.0157317 0)
(-0.0296145 -0.0201687 0)
(-0.0245447 -0.0240265 0)
(-0.0185074 -0.02677 0)
(-0.0118012 -0.0272692 0)
(-0.00534648 -0.0232642 0)
(-0.00117881 -0.0113174 0)
(-0.00124254 0.0134132 0)
(-0.00556668 0.027206 0)
(-0.0122132 0.031807 0)
(-0.019142 0.0314768 0)
(-0.0255078 0.0288125 0)
(-0.0310714 0.0249815 0)
(-0.0357198 0.0204572 0)
(-0.0393891 0.0154539 0)
(-0.0420431 0.0100943 0)
(-0.0436533 0.00446327 0)
(-0.0441847 -0.00137054 0)
(-0.0435898 -0.00733843 0)
(-0.0418063 -0.0133534 0)
(-0.038764 -0.0192866 0)
(-0.0344039 -0.0249317 0)
(-0.0287167 -0.0299285 0)
(-0.0217965 -0.0335747 0)
(-0.0139707 -0.0343934 0)
(-0.00634712 -0.0294693 0)
(-0.00139942 -0.0143986 0)
(-0.00146638 0.0166397 0)
(-0.00653754 0.033581 0)
(-0.0142764 0.0391011 0)
(-0.0222638 0.0385434 0)
(-0.0295173 0.0351539 0)
(-0.0357893 0.0303938 0)
(-0.0409882 0.0248559 0)
(-0.0450811 0.0188024 0)
(-0.0480631 0.012371 0)
(-0.0499285 0.00564265 0)
(-0.0506524 -0.00133013 0)
(-0.0501785 -0.00850089 0)
(-0.0484144 -0.0158034 0)
(-0.045236 -0.0231169 0)
(-0.0405095 -0.0302122 0)
(-0.0341415 -0.0366425 0)
(-0.0261595 -0.0414923 0)
(-0.0169005 -0.0428297 0)
(-0.00771685 -0.0368948 0)
(-0.00170373 -0.0180938 0)
(-0.00176503 0.0204648 0)
(-0.00781004 0.0410838 0)
(-0.0169363 0.0475966 0)
(-0.02622 0.0466706 0)
(-0.0345116 0.0423538 0)
(-0.0415713 0.0364711 0)
(-0.0473545 0.0297611 0)
(-0.0518836 0.0225395 0)
(-0.055206 0.0149539 0)
(-0.0573562 0.00706816 0)
(-0.05833 -0.0010998 0)
(-0.0580669 -0.00954952 0)
(-0.0564386 -0.0182634 0)
(-0.0532478 -0.0271585 0)
(-0.0482477 -0.0360062 0)
(-0.0412015 -0.0442742 0)
(-0.0319968 -0.0507806 0)
(-0.0209233 -0.0529823 0)
(-0.00963715 -0.0459794 0)
(-0.00213592 -0.0226368 0)
(-0.00217453 0.0250845 0)
(-0.00950982 0.0500449 0)
(-0.0204068 0.057589 0)
(-0.031262 0.0560583 0)
(-0.0407303 0.0505192 0)
(-0.0486173 0.0432536 0)
(-0.0549676 0.0351764 0)
(-0.0598964 0.0266605 0)
(-0.0635345 0.0178525 0)
(-0.0659802 0.00878114 0)
(-0.0672676 -0.000596128 0)
(-0.0673418 -0.0103572 0)
(-0.0660384 -0.0205742 0)
(-0.0630688 -0.0312507 0)
(-0.0580258 -0.0422093 0)
(-0.0504418 -0.0528604 0)
(-0.0399318 -0.0617078 0)
(-0.0266034 -0.065381 0)
(-0.0124442 -0.0573673 0)
(-0.00278483 -0.0283919 0)
(-0.00276166 0.0307901 0)
(-0.0118517 0.0609197 0)
(-0.0250279 0.0694448 0)
(-0.0377621 0.0669123 0)
(-0.0485032 0.0597185 0)
(-0.0571782 0.0507207 0)
(-0.0639901 0.041041 0)
(-0.0692015 0.0311047 0)
(-0.0730676 0.0210389 0)
(-0.0757821 0.0108103 0)
(-0.0774421 0.000284127 0)
(-0.078018 -0.0107369 0)
(-0.0773209 -0.0224697 0)
(-0.0749637 -0.0350797 0)
(-0.0703334 -0.048535 0)
(-0.0626144 -0.0622762 0)
(-0.0509313 -0.0744913 0)
(-0.0349161 -0.080712 0)
(-0.0167906 -0.0720527 0)
(-0.00384225 -0.0359876 0)
(-0.00365609 0.0380458 0)
(-0.0152146 0.0743588 0)
(-0.0313456 0.0836128 0)
(-0.0462655 0.0794145 0)
(-0.0582653 0.0699342 0)
(-0.0675395 0.0587432 0)
(-0.0745585 0.0471869 0)
(-0.0798048 0.0357211 0)
(-0.0837085 0.0244195 0)
(-0.0865952 0.0131516 0)
(-0.088656 0.00165331 0)
(-0.089919 -0.0104368 0)
(-0.0902039 -0.0235456 0)
(-0.0890494 -0.0381044 0)
(-0.0856194 -0.0543845 0)
(-0.0786284 -0.072059 0)
(-0.0663883 -0.0891366 0)
(-0.0474916 -0.099802 0)
(-0.0239461 -0.0916186 0)
(-0.00573066 -0.0466185 0)
(-0.0051169 0.0476442 0)
(-0.0202749 0.0913096 0)
(-0.0402153 0.100606 0)
(-0.0575055 0.093641 0)
(-0.0704841 0.080969 0)
(-0.0798829 0.0669973 0)
(-0.086596 0.0532688 0)
(-0.0914144 0.0402113 0)
(-0.0949939 0.0277885 0)
(-0.0978242 0.0157269 0)
(-0.100221 0.00359684 0)
(-0.102315 -0.00916521 0)
(-0.103996 -0.0232565 0)
(-0.104812 -0.0394929 0)
(-0.103769 -0.0586794 0)
(-0.0990635 -0.0811033 0)
(-0.0878142 -0.105041 0)
(-0.0666397 -0.123342 0)
(-0.036149 -0.118424 0)
(-0.00931525 -0.0625788 0)
(-0.00765512 0.0610117 0)
(-0.0281946 0.113133 0)
(-0.0528103 0.120883 0)
(-0.0721377 0.109364 0)
(-0.0851667 0.0922513 0)
(-0.0936303 0.074802 0)
(-0.0990437 0.0586339 0)
(-0.10259 0.0440251 0)
(-0.105179 0.0307365 0)
(-0.107469 0.018294 0)
(-0.109913 0.00607437 0)
(-0.112776 -0.00670019 0)
(-0.11611 -0.0210219 0)
(-0.119626 -0.038183 0)
(-0.122394 -0.0597856 0)
(-0.122268 -0.0873178 0)
(-0.114958 -0.120284 0)
(-0.0939555 -0.150992 0)
(-0.0562202 -0.155287 0)
(-0.0159999 -0.0879399 0)
(-0.0121862 0.0808114 0)
(-0.0406521 0.141572 0)
(-0.0699189 0.144352 0)
(-0.0892182 0.125466 0)
(-0.0997519 0.102314 0)
(-0.104956 0.0807028 0)
(-0.10713 0.0620085 0)
(-0.107857 0.0461231 0)
(-0.108246 0.0324549 0)
(-0.109052 0.0202581 0)
(-0.110802 0.00870565 0)
(-0.113881 -0.00316108 0)
(-0.11856 -0.016579 0)
(-0.124897 -0.033311 0)
(-0.132416 -0.0559454 0)
(-0.139217 -0.0878543 0)
(-0.140076 -0.131338 0)
(-0.124886 -0.180514 0)
(-0.084064 -0.20498 0)
(-0.0267277 -0.129916 0)
(-0.0199501 0.112056 0)
(-0.0586706 0.177453 0)
(-0.0881378 0.16798 0)
(-0.100261 0.137742 0)
(-0.102017 0.107173 0)
(-0.0991447 0.0813999 0)
(-0.0945152 0.0608296 0)
(-0.0898181 0.0445641 0)
(-0.0860667 0.0314612 0)
(-0.0838544 0.0204452 0)
(-0.0835804 0.0105197 0)
(-0.0856059 0.000644879 0)
(-0.090346 -0.0105053 0)
(-0.0982868 -0.0249839 0)
(-0.109805 -0.0462985 0)
(-0.124297 -0.08017 0)
(-0.137555 -0.133596 0)
(-0.137909 -0.206817 0)
(-0.107302 -0.267714 0)
(-0.0374836 -0.199797 0)
(-0.030729 0.163048 0)
(-0.0759312 0.214435 0)
(-0.0850994 0.178221 0)
(-0.0712357 0.134049 0)
(-0.0520378 0.0980525 0)
(-0.0335468 0.0709405 0)
(-0.0174471 0.051125 0)
(-0.00440921 0.0366598 0)
(0.00541501 0.0258277 0)
(0.0121133 0.0173148 0)
(0.0157697 0.0101049 0)
(0.0163148 0.00327422 0)
(0.0134054 -0.00430261 0)
(0.00627327 -0.014494 0)
(-0.00645428 -0.0310034 0)
(-0.0266164 -0.061211 0)
(-0.0546211 -0.117526 0)
(-0.0836165 -0.211267 0)
(-0.0886708 -0.319896 0)
(-0.0289475 -0.292425 0)
(-0.0240862 0.231367 0)
(-0.0397503 0.22361 0)
(0.0251167 0.1501 0)
(0.0924299 0.100372 0)
(0.142856 0.0681064 0)
(0.179878 0.0463107 0)
(0.207439 0.0317216 0)
(0.227759 0.021994 0)
(0.242421 0.0153191 0)
(0.252621 0.0104815 0)
(0.259143 0.00669257 0)
(0.262356 0.00336495 0)
(0.262175 -0.000114517 0)
(0.257831 -0.00474687 0)
(0.247309 -0.0127785 0)
(0.226232 -0.0298147 0)
(0.18681 -0.0690362 0)
(0.120468 -0.152547 0)
(0.0460435 -0.283094 0)
(0.0512611 -0.32351 0)
(0.270066 0.138111 0)
(0.338489 0.120676 0)
(0.462216 0.0766775 0)
(0.55584 0.0477429 0)
(0.611456 0.0300612 0)
(0.645215 0.0189248 0)
(0.667282 0.0119821 0)
(0.682202 0.00774064 0)
(0.692391 0.00512987 0)
(0.699347 0.00345466 0)
(0.703951 0.00230057 0)
(0.706639 0.00141468 0)
(0.707485 0.000607144 0)
(0.706073 -0.000352017 0)
(0.70099 -0.00194108 0)
(0.688283 -0.00544593 0)
(0.658637 -0.0146249 0)
(0.589142 -0.0391557 0)
(0.4497 -0.0982501 0)
(0.340649 -0.145497 0)
)
;

boundaryField
{
    movingWall
    {
        type            fixedValue;
        value           uniform (1 0 0);
    }
    fixedWalls
    {
        type            noSlip;
    }
    frontAndBack
    {
        type            empty;
    }
}


// ************************************************************************* //
