/*--------------------------------*- C++ -*----------------------------------*\
  =========                 |
  \\      /  F ield         | OpenFOAM: The Open Source CFD Toolbox
   \\    /   O peration     | Website:  https://openfoam.org
    \\  /    A nd           | Version:  6
     \\/     M anipulation  |
\*---------------------------------------------------------------------------*/
FoamFile
{
    version     2.0;
    format      ascii;
    class       surfaceScalarField;
    location    "0.065";
    object      phi;
}
// * * * * * * * * * * * * * * * * * * * * * * * * * * * * * * * * * * * * * //

dimensions      [0 3 -1 0 0 0 0];

internalField   nonuniform List<scalar> 
760
(
-8.86531e-09
8.86526e-09
-5.97197e-08
5.08544e-08
-1.34358e-07
7.46383e-08
-2.15514e-07
8.11559e-08
-2.93513e-07
7.7999e-08
-3.63307e-07
6.97937e-08
-4.21992e-07
5.86855e-08
-4.67555e-07
4.55627e-08
-4.98365e-07
3.08104e-08
-5.13054e-07
1.46886e-08
-5.10543e-07
-2.51041e-09
-4.90144e-07
-2.03991e-08
-4.51693e-07
-3.8451e-08
-3.95761e-07
-5.5932e-08
-3.24021e-07
-7.17402e-08
-2.39965e-07
-8.4056e-08
-1.50258e-07
-8.97071e-08
-6.70442e-08
-8.32139e-08
-1.03069e-08
-5.67373e-08
-1.0307e-08
-5.13352e-08
6.02005e-08
-1.75465e-07
1.74984e-07
-3.39206e-07
2.3838e-07
-5.14541e-07
2.56491e-07
-6.83054e-07
2.46512e-07
-8.33799e-07
2.20539e-07
-9.6004e-07
1.84927e-07
-1.05714e-06
1.42665e-07
-1.12159e-06
9.52614e-08
-1.15067e-06
4.37668e-08
-1.14243e-06
-1.07539e-08
-1.09583e-06
-6.70026e-08
-1.01099e-06
-1.23283e-07
-8.89662e-07
-1.77263e-07
-7.35894e-07
-2.25509e-07
-5.57412e-07
-2.62538e-07
-3.67841e-07
-2.79278e-07
-1.89622e-07
-2.61433e-07
-5.50372e-08
-1.91322e-07
-6.53441e-08
-7.97277e-08
1.39928e-07
-2.5349e-07
3.48746e-07
-4.73445e-07
4.58335e-07
-7.05201e-07
4.88247e-07
-9.26509e-07
4.67819e-07
-1.12382e-06
4.17848e-07
-1.28857e-06
3.49682e-07
-1.41484e-06
2.68933e-07
-1.49817e-06
1.78595e-07
-1.53519e-06
8.07861e-08
-1.52352e-06
-2.24241e-08
-1.46193e-06
-1.28592e-07
-1.35066e-06
-2.34559e-07
-1.19193e-06
-3.3599e-07
-9.90927e-07
-4.26512e-07
-7.57355e-07
-4.96109e-07
-5.08048e-07
-5.28585e-07
-2.70273e-07
-4.99208e-07
-8.38252e-08
-3.7777e-07
-1.49169e-07
-9.62019e-08
2.3613e-07
-3.03569e-07
5.56113e-07
-5.62367e-07
7.17134e-07
-8.32356e-07
7.58235e-07
-1.08867e-06
7.24138e-07
-1.31648e-06
6.45655e-07
-1.50646e-06
5.39663e-07
-1.65215e-06
4.14625e-07
-1.74869e-06
2.75127e-07
-1.79229e-06
1.24393e-07
-1.78021e-06
-3.45052e-08
-1.71082e-06
-1.97987e-07
-1.58398e-06
-3.61396e-07
-1.40174e-06
-5.18228e-07
-1.16945e-06
-6.58803e-07
-8.97699e-07
-7.67861e-07
-6.05403e-07
-8.20881e-07
-3.23923e-07
-7.80687e-07
-1.00708e-07
-6.00985e-07
-2.49878e-07
-1.08447e-07
3.44577e-07
-3.43198e-07
7.90864e-07
-6.34879e-07
1.00881e-06
-9.37521e-07
1.06088e-06
-1.22369e-06
1.01031e-06
-1.47754e-06
8.99505e-07
-1.68938e-06
7.51495e-07
-1.85254e-06
5.7779e-07
-1.96197e-06
3.84559e-07
-2.01359e-06
1.76006e-07
-2.0041e-06
-4.39902e-08
-1.93116e-06
-2.70927e-07
-1.79375e-06
-4.98806e-07
-1.59303e-06
-7.18944e-07
-1.33386e-06
-9.17982e-07
-1.02724e-06
-1.07448e-06
-6.94287e-07
-1.15383e-06
-3.71332e-07
-1.10364e-06
-1.14597e-07
-8.57721e-07
-3.64474e-07
-1.21286e-07
4.65863e-07
-3.84801e-07
1.05438e-06
-7.11439e-07
1.33545e-06
-1.04902e-06
1.39846e-06
-1.36719e-06
1.32848e-06
-1.64907e-06
1.18138e-06
-1.88474e-06
9.87161e-07
-2.06756e-06
7.60617e-07
-2.19245e-06
5.09442e-07
-2.25501e-06
2.38565e-07
-2.25129e-06
-4.77097e-08
-2.17781e-06
-3.44403e-07
-2.03205e-06
-6.4457e-07
-1.81349e-06
-9.37499e-07
-1.5257e-06
-1.20577e-06
-1.17971e-06
-1.42047e-06
-7.99219e-07
-1.53433e-06
-4.27137e-07
-1.47572e-06
-1.30907e-07
-1.15395e-06
-4.95382e-07
-1.37337e-07
6.03199e-07
-4.35765e-07
1.35281e-06
-8.04396e-07
1.70408e-06
-1.18363e-06
1.77769e-06
-1.53969e-06
1.68454e-06
-1.85461e-06
1.49631e-06
-2.11848e-06
1.25103e-06
-2.325e-06
9.6713e-07
-2.46926e-06
6.53703e-07
-2.54671e-06
3.16014e-07
-2.5526e-06
-4.18173e-08
-2.48192e-06
-4.15086e-07
-2.32983e-06
-7.96653e-07
-2.09307e-06
-1.17426e-06
-1.77266e-06
-1.52618e-06
-1.37875e-06
-1.81438e-06
-9.37844e-07
-1.97524e-06
-5.01597e-07
-1.91197e-06
-1.52951e-07
-1.5026e-06
-6.48333e-07
-1.5825e-07
7.6145e-07
-5.00929e-07
1.69549e-06
-9.21746e-07
2.1249e-06
-1.35181e-06
2.20775e-06
-1.75331e-06
2.08605e-06
-2.10737e-06
1.85036e-06
-2.40449e-06
1.54816e-06
-2.63925e-06
1.20188e-06
-2.80743e-06
8.21879e-07
-2.90459e-06
4.13178e-07
-2.92523e-06
-2.11796e-08
-2.86238e-06
-4.77935e-07
-2.70796e-06
-9.51071e-07
-2.45432e-06
-1.4279e-06
-2.09788e-06
-1.88262e-06
-1.64594e-06
-2.26631e-06
-1.12726e-06
-2.49392e-06
-6.04805e-07
-2.43443e-06
-1.83796e-07
-1.92361e-06
-8.32129e-07
-1.85616e-07
9.47065e-07
-5.84784e-07
2.09466e-06
-1.07053e-06
2.61065e-06
-1.56212e-06
2.69934e-06
-2.01716e-06
2.54109e-06
-2.41628e-06
2.24948e-06
-2.7513e-06
1.88317e-06
-3.0185e-06
1.46909e-06
-3.21521e-06
1.01859e-06
-3.33774e-06
5.35711e-07
-3.38011e-06
2.11884e-08
-3.33315e-06
-5.24896e-07
-3.18443e-06
-1.09979e-06
-2.91971e-06
-1.69262e-06
-2.52745e-06
-2.27488e-06
-2.00825e-06
-2.78552e-06
-1.39066e-06
-3.11151e-06
-7.51321e-07
-3.07376e-06
-2.2806e-07
-2.44687e-06
-1.06019e-06
-2.21687e-07
1.16875e-06
-6.93217e-07
2.56619e-06
-1.25934e-06
3.17678e-06
-1.82417e-06
3.26416e-06
-2.34045e-06
3.05737e-06
-2.78934e-06
2.69837e-06
-3.16532e-06
2.25915e-06
-3.46786e-06
1.77163e-06
-3.69708e-06
1.24781e-06
-3.85118e-06
6.89808e-07
-3.92445e-06
9.44591e-08
-3.90567e-06
-5.4367e-07
-3.77712e-06
-1.22835e-06
-3.51524e-06
-1.95449e-06
-3.09549e-06
-2.69463e-06
-2.5047e-06
-3.37631e-06
-1.76475e-06
-3.85145e-06
-9.66257e-07
-3.87226e-06
-2.94502e-07
-3.11862e-06
-1.35469e-06
-2.70226e-07
1.43898e-06
-8.35251e-07
3.13121e-06
-1.50035e-06
3.84188e-06
-2.15052e-06
3.91432e-06
-2.73405e-06
3.64091e-06
-3.23459e-06
3.19891e-06
-3.65146e-06
2.67602e-06
-3.98934e-06
2.10952e-06
-4.25309e-06
1.51156e-06
-4.4445e-06
8.81216e-07
-4.55968e-06
2.0964e-07
-4.58637e-06
-5.16982e-07
-4.50132e-06
-1.3134e-06
-4.26903e-06
-2.18678e-06
-3.8452e-06
-3.11846e-06
-3.19123e-06
-4.03028e-06
-2.30825e-06
-4.73443e-06
-1.2943e-06
-4.88622e-06
-4.00727e-07
-4.01219e-06
-1.75542e-06
-3.37852e-07
1.77683e-06
-1.02532e-06
3.81868e-06
-1.81138e-06
4.62794e-06
-2.55775e-06
4.66069e-06
-3.21038e-06
4.29354e-06
-3.75885e-06
3.74738e-06
-4.21055e-06
3.12772e-06
-4.57819e-06
2.47716e-06
-4.87382e-06
1.80719e-06
-5.10531e-06
1.1127e-06
-5.27311e-06
3.7744e-07
-5.36637e-06
-4.23721e-07
-5.35795e-06
-1.32182e-06
-5.19927e-06
-2.34545e-06
-4.81917e-06
-3.49856e-06
-4.13677e-06
-4.71268e-06
-3.10621e-06
-5.765e-06
-1.8103e-06
-6.18212e-06
-5.81236e-07
-5.24126e-06
-2.33665e-06
-4.36442e-07
2.21327e-06
-1.28638e-06
4.66862e-06
-2.21726e-06
5.55882e-06
-3.06505e-06
5.50847e-06
-3.77903e-06
5.00752e-06
-4.36061e-06
4.32897e-06
-4.82979e-06
3.5969e-06
-5.21072e-06
2.85809e-06
-5.52562e-06
2.12209e-06
-5.79135e-06
1.37843e-06
-6.01617e-06
6.02261e-07
-6.19496e-06
-2.44933e-07
-6.30142e-06
-1.21536e-06
-6.27701e-06
-2.36986e-06
-6.02006e-06
-3.75551e-06
-5.38881e-06
-5.34393e-06
-4.25013e-06
-6.90368e-06
-2.61938e-06
-7.81287e-06
-8.9682e-07
-6.96382e-06
-3.23347e-06
-5.87245e-07
2.80052e-06
-1.65289e-06
5.73426e-06
-2.74675e-06
6.65268e-06
-3.68364e-06
6.44536e-06
-4.42917e-06
5.75305e-06
-5.00623e-06
4.90603e-06
-5.45348e-06
4.04415e-06
-5.81041e-06
3.21503e-06
-6.11209e-06
2.42377e-06
-6.3869e-06
1.65323e-06
-6.65433e-06
8.69696e-07
-6.9205e-06
2.12365e-08
-7.16834e-06
-9.67516e-07
-7.33975e-06
-2.19845e-06
-7.30991e-06
-3.78535e-06
-6.86778e-06
-5.78606e-06
-5.74889e-06
-8.02257e-06
-3.8104e-06
-9.75135e-06
-1.43307e-06
-9.34115e-06
-4.66654e-06
-8.26985e-07
3.6275e-06
-2.16868e-06
7.07596e-06
-3.41217e-06
7.89617e-06
-4.37736e-06
7.41055e-06
-5.07388e-06
6.44958e-06
-5.56144e-06
5.39359e-06
-5.90502e-06
4.38772e-06
-6.16281e-06
3.47282e-06
-6.38367e-06
2.64463e-06
-6.60753e-06
1.87708e-06
-6.86592e-06
1.12809e-06
-7.17993e-06
3.35249e-07
-7.55137e-06
-5.96079e-07
-7.94101e-06
-1.80882e-06
-8.22791e-06
-3.49844e-06
-8.15615e-06
-5.85782e-06
-7.31724e-06
-8.86149e-06
-5.30199e-06
-1.17666e-05
-2.25534e-06
-1.23878e-05
-6.92188e-06
-1.21298e-06
4.84049e-06
-2.86083e-06
8.7238e-06
-4.13394e-06
9.16929e-06
-4.94463e-06
8.22124e-06
-5.40181e-06
6.90676e-06
-5.6242e-06
5.61597e-06
-5.71009e-06
4.47361e-06
-5.73598e-06
3.49871e-06
-5.76012e-06
2.66877e-06
-5.82783e-06
1.9448e-06
-5.97672e-06
1.27698e-06
-6.23957e-06
5.98103e-07
-6.6414e-06
-1.94255e-07
-7.18239e-06
-1.26782e-06
-7.79342e-06
-2.88742e-06
-8.25227e-06
-5.39897e-06
-8.08052e-06
-9.03323e-06
-6.55623e-06
-1.32909e-05
-3.26246e-06
-1.56816e-05
-1.01843e-05
-1.81345e-06
6.65393e-06
-3.62179e-06
1.05321e-05
-4.50837e-06
1.00559e-05
-4.71664e-06
8.4295e-06
-4.54722e-06
6.73734e-06
-4.19536e-06
5.26412e-06
-3.78467e-06
4.06292e-06
-3.39413e-06
3.10818e-06
-3.07403e-06
2.34867e-06
-2.85831e-06
1.72908e-06
-2.77505e-06
1.19372e-06
-2.85522e-06
6.78267e-07
-3.13916e-06
8.96894e-08
-3.67588e-06
-7.31109e-07
-4.4985e-06
-2.0648e-06
-5.54124e-06
-4.35624e-06
-6.44974e-06
-8.12472e-06
-6.32402e-06
-1.34166e-05
-3.9225e-06
-1.80831e-05
-1.41068e-05
-2.62297e-06
9.2769e-06
-3.74158e-06
1.16508e-05
-3.14947e-06
9.46376e-06
-1.89834e-06
7.17837e-06
-5.24315e-07
5.36332e-06
7.68692e-07
3.97111e-06
1.90075e-06
2.93086e-06
2.84285e-06
2.16608e-06
3.59077e-06
1.60074e-06
4.14909e-06
1.17076e-06
4.51948e-06
8.23328e-07
4.69027e-06
5.07473e-07
4.6229e-06
1.57065e-07
4.23209e-06
-3.40297e-07
3.36714e-06
-1.19985e-06
1.8365e-06
-2.82559e-06
-3.9989e-07
-5.88834e-06
-2.69472e-06
-1.11218e-05
-3.07877e-06
-1.7699e-05
-1.71856e-05
-2.52876e-06
1.18057e-05
9.97799e-08
9.02222e-06
4.03963e-06
5.5239e-06
7.51243e-06
3.70557e-06
1.03092e-05
2.56656e-06
1.25128e-05
1.76752e-06
1.42243e-05
1.21934e-06
1.55382e-05
8.522e-07
1.65349e-05
6.03972e-07
1.72758e-05
4.29922e-07
1.78001e-05
2.98987e-07
1.81217e-05
1.85873e-07
1.82167e-05
6.21162e-08
1.79939e-05
-1.17546e-07
1.72369e-05
-4.42849e-07
1.55235e-05
-1.11216e-06
1.22362e-05
-2.60109e-06
7.00779e-06
-5.89333e-06
1.24545e-06
-1.19367e-05
-1.59402e-05
1.18057e-05
2.08279e-05
2.63518e-05
3.00574e-05
3.26239e-05
3.43914e-05
3.56108e-05
3.6463e-05
3.70669e-05
3.74969e-05
3.77959e-05
3.79817e-05
3.80438e-05
3.79263e-05
3.74835e-05
3.63713e-05
3.37702e-05
2.78769e-05
1.59402e-05
)
;

boundaryField
{
    movingWall
    {
        type            calculated;
        value           uniform 0;
    }
    fixedWalls
    {
        type            calculated;
        value           uniform 0;
    }
    frontAndBack
    {
        type            empty;
        value           nonuniform 0();
    }
}


// ************************************************************************* //
