/*--------------------------------*- C++ -*----------------------------------*\
  =========                 |
  \\      /  F ield         | OpenFOAM: The Open Source CFD Toolbox
   \\    /   O peration     | Website:  https://openfoam.org
    \\  /    A nd           | Version:  6
     \\/     M anipulation  |
\*---------------------------------------------------------------------------*/
FoamFile
{
    version     2.0;
    format      ascii;
    class       volVectorField;
    location    "0.08";
    object      U;
}
// * * * * * * * * * * * * * * * * * * * * * * * * * * * * * * * * * * * * * //

dimensions      [0 1 -1 0 0 0 0];

internalField   nonuniform List<vector> 
400
(
(0.000205838 -0.000203314 0)
(7.035e-05 0.000127083 0)
(-0.00112693 0.000522055 0)
(-0.0031761 0.000793652 0)
(-0.0057199 0.000925449 0)
(-0.00841669 0.000934197 0)
(-0.0109694 0.00084255 0)
(-0.0131343 0.000672716 0)
(-0.0147224 0.000444551 0)
(-0.015597 0.000176548 0)
(-0.0156751 -0.000112084 0)
(-0.0149323 -0.000399446 0)
(-0.0134109 -0.000659734 0)
(-0.0112292 -0.000863194 0)
(-0.00858763 -0.0009776 0)
(-0.00576825 -0.000971781 0)
(-0.00312037 -0.000821838 0)
(-0.0010292 -0.000520206 0)
(0.000141392 -0.000102526 0)
(0.000227359 0.000221728 0)
(-9.84741e-05 -9.54959e-05 0)
(-0.00150669 0.00153181 0)
(-0.00514444 0.00324465 0)
(-0.0104575 0.00444639 0)
(-0.0167307 0.0050285 0)
(-0.0232649 0.0050227 0)
(-0.0294071 0.00450971 0)
(-0.0345966 0.00358661 0)
(-0.0383878 0.00235302 0)
(-0.0404589 0.000910195 0)
(-0.0406192 -0.000633918 0)
(-0.0388212 -0.00215897 0)
(-0.0351764 -0.00352929 0)
(-0.0299696 -0.00459633 0)
(-0.0236648 -0.0052087 0)
(-0.0168932 -0.00523183 0)
(-0.0104057 -0.00457937 0)
(-0.00498707 -0.00325594 0)
(-0.00137543 -0.00144474 0)
(-5.45017e-05 0.000172279 0)
(-0.0004966 0.00105603 0)
(-0.0033541 0.00518555 0)
(-0.00944359 0.00907659 0)
(-0.017711 0.0117771 0)
(-0.027127 0.013043 0)
(-0.0367576 0.0129085 0)
(-0.0457215 0.0115358 0)
(-0.0532517 0.00914447 0)
(-0.0587352 0.0059762 0)
(-0.0617277 0.00228695 0)
(-0.0619663 -0.00164736 0)
(-0.0593862 -0.00552195 0)
(-0.0541404 -0.00899992 0)
(-0.0466174 -0.0117211 0)
(-0.0374478 -0.0133287 0)
(-0.0274865 -0.0135181 0)
(-0.0177463 -0.0121102 0)
(-0.00928684 -0.00914439 0)
(-0.00319004 -0.00502186 0)
(-0.000435741 -0.000885016 0)
(-0.000848862 0.00320184 0)
(-0.00510056 0.0109471 0)
(-0.0136042 0.0176266 0)
(-0.0247129 0.0221109 0)
(-0.0370472 0.0240877 0)
(-0.049463 0.0236299 0)
(-0.060905 0.0210117 0)
(-0.0704633 0.0166074 0)
(-0.077413 0.0108367 0)
(-0.0812276 0.00414947 0)
(-0.0815907 -0.00296784 0)
(-0.0784146 -0.00997988 0)
(-0.0718639 -0.0162981 0)
(-0.0623798 -0.0212966 0)
(-0.0506954 -0.0243575 0)
(-0.0378248 -0.0249536 0)
(-0.0249954 -0.0227674 0)
(-0.013535 -0.0178352 0)
(-0.00493043 -0.0107271 0)
(-0.000772738 -0.00291358 0)
(-0.00116473 0.00624248 0)
(-0.00676069 0.01871 0)
(-0.0176619 0.0287555 0)
(-0.0315905 0.0352302 0)
(-0.0467804 0.0378644 0)
(-0.0618726 0.0368433 0)
(-0.0756608 0.0326033 0)
(-0.0871273 0.0257081 0)
(-0.0954717 0.0167813 0)
(-0.100111 0.00648685 0)
(-0.100684 -0.00445953 0)
(-0.097068 -0.0152709 0)
(-0.0894098 -0.0250795 0)
(-0.0781588 -0.0329553 0)
(-0.0641024 -0.0379677 0)
(-0.0483773 -0.039301 0)
(-0.0324169 -0.0364225 0)
(-0.0178501 -0.0292797 0)
(-0.00664453 -0.0185172 0)
(-0.00108086 -0.00583273 0)
(-0.00147168 0.0101391 0)
(-0.0084175 0.0284722 0)
(-0.0217573 0.0424995 0)
(-0.0385503 0.0511715 0)
(-0.056612 0.0543839 0)
(-0.0743602 0.0525323 0)
(-0.0904518 0.0462839 0)
(-0.10379 0.0364354 0)
(-0.113527 0.0238371 0)
(-0.119046 0.00937653 0)
(-0.119945 -0.00599927 0)
(-0.116055 -0.0212482 0)
(-0.107471 -0.0352097 0)
(-0.0946041 -0.0466166 0)
(-0.0782491 -0.0541663 0)
(-0.0596309 -0.0566658 0)
(-0.0403859 -0.0532531 0)
(-0.0224857 -0.0436621 0)
(-0.00846652 -0.028501 0)
(-0.00139849 -0.00964322 0)
(-0.00179464 0.0149093 0)
(-0.0101554 0.0402954 0)
(-0.0260349 0.0589394 0)
(-0.0457744 0.0700007 0)
(-0.0667384 0.0736776 0)
(-0.0871208 0.0706963 0)
(-0.105464 0.0620416 0)
(-0.120625 0.0487941 0)
(-0.131748 0.0320507 0)
(-0.138206 0.01292 0)
(-0.139569 -0.00743478 0)
(-0.135607 -0.0277325 0)
(-0.126328 -0.0465231 0)
(-0.112052 -0.0621789 0)
(-0.0935168 -0.0729604 0)
(-0.0719822 -0.0771847 0)
(-0.0492668 -0.0735063 0)
(-0.0277176 -0.0612729 0)
(-0.0105446 -0.0409123 0)
(-0.00176507 -0.0144335 0)
(-0.00215478 0.0206171 0)
(-0.012047 0.0542994 0)
(-0.0306093 0.0781848 0)
(-0.0533726 0.0917717 0)
(-0.0772141 0.0957311 0)
(-0.100116 0.0912694 0)
(-0.120549 0.0797944 0)
(-0.137381 0.0627283 0)
(-0.149798 0.0414302 0)
(-0.157206 0.0172124 0)
(-0.15917 -0.00858196 0)
(-0.155392 -0.0344744 0)
(-0.145756 -0.0587539 0)
(-0.130423 -0.0794272 0)
(-0.109986 -0.0942573 0)
(-0.0856457 -0.10094 0)
(-0.0593415 -0.0974441 0)
(-0.0337999 -0.0824895 0)
(-0.0130252 -0.0561108 0)
(-0.00221998 -0.0203764 0)
(-0.00257226 0.0273653 0)
(-0.0141562 0.07065 0)
(-0.0355592 0.100346 0)
(-0.0613618 0.116477 0)
(-0.0879138 0.120414 0)
(-0.113025 0.114036 0)
(-0.135167 0.099303 0)
(-0.153303 0.0780421 0)
(-0.166748 0.0518818 0)
(-0.175005 0.0223029 0)
(-0.177671 -0.00923488 0)
(-0.17439 -0.0411299 0)
(-0.164887 -0.071476 0)
(-0.149086 -0.0979431 0)
(-0.127308 -0.117757 0)
(-0.100554 -0.127854 0)
(-0.0707458 -0.125261 0)
(-0.0409386 -0.107732 0)
(-0.0160525 -0.0745689 0)
(-0.00280593 -0.0277274 0)
(-0.00307348 0.0352948 0)
(-0.0165553 0.0895424 0)
(-0.0409411 0.125487 0)
(-0.0696607 0.143965 0)
(-0.0985027 0.147372 0)
(-0.125185 0.138513 0)
(-0.148304 0.120054 0)
(-0.16705 0.0942943 0)
(-0.180979 0.0631246 0)
(-0.189789 0.0281361 0)
(-0.193172 -0.00918959 0)
(-0.190741 -0.0472433 0)
(-0.182043 -0.0840387 0)
(-0.166679 -0.116994 0)
(-0.144546 -0.142806 0)
(-0.116226 -0.157526 0)
(-0.0833942 -0.156944 0)
(-0.0492717 -0.137372 0)
(-0.0197778 -0.0968426 0)
(-0.00357655 -0.0368276 0)
(-0.00370483 0.0445997 0)
(-0.019358 0.111194 0)
(-0.0468175 0.153565 0)
(-0.0780872 0.173833 0)
(-0.108394 0.175893 0)
(-0.13552 0.163806 0)
(-0.158383 0.141126 0)
(-0.176581 0.11068 0)
(-0.190065 0.0745931 0)
(-0.198849 0.0344794 0)
(-0.20281 -0.00828736 0)
(-0.201583 -0.0522501 0)
(-0.194542 -0.0955185 0)
(-0.180897 -0.13542 0)
(-0.159954 -0.16822 0)
(-0.131591 -0.189021 0)
(-0.0968682 -0.192064 0)
(-0.058836 -0.171595 0)
(-0.0243761 -0.123527 0)
(-0.00461007 -0.0481198 0)
(-0.00455799 0.0555736 0)
(-0.0227725 0.135849 0)
(-0.0532879 0.184345 0)
(-0.0863312 0.205273 0)
(-0.116661 0.204724 0)
(-0.142415 0.188438 0)
(-0.163122 0.161041 0)
(-0.17903 0.12591 0)
(-0.190663 0.0853395 0)
(-0.198481 0.040842 0)
(-0.202653 -0.00647723 0)
(-0.202917 -0.0555123 0)
(-0.198521 -0.104705 0)
(-0.188262 -0.151552 0)
(-0.170713 -0.192107 0)
(-0.144727 -0.220608 0)
(-0.11023 -0.229489 0)
(-0.0694982 -0.210177 0)
(-0.0300683 -0.155185 0)
(-0.00603305 -0.0621868 0)
(-0.00581583 0.0687085 0)
(-0.0271773 0.163787 0)
(-0.0604911 0.217255 0)
(-0.0938353 0.236838 0)
(-0.121826 0.231836 0)
(-0.143464 0.210157 0)
(-0.159308 0.177626 0)
(-0.170527 0.138121 0)
(-0.178393 0.0939646 0)
(-0.18392 0.0464096 0)
(-0.187657 -0.00388904 0)
(-0.189544 -0.0563919 0)
(-0.188804 -0.11015 0)
(-0.183893 -0.16318 0)
(-0.172604 -0.21172 0)
(-0.152484 -0.249454 0)
(-0.1217 -0.266977 0)
(-0.0807972 -0.252126 0)
(-0.0371367 -0.192214 0)
(-0.00806022 -0.0798281 0)
(-0.00782887 0.0848782 0)
(-0.0332033 0.195287 0)
(-0.0684807 0.251086 0)
(-0.0994363 0.266065 0)
(-0.12137 0.254116 0)
(-0.13499 0.225746 0)
(-0.142401 0.187944 0)
(-0.145948 0.144866 0)
(-0.147731 0.0986343 0)
(-0.149341 0.0500363 0)
(-0.151735 -0.000893605 0)
(-0.155136 -0.0543688 0)
(-0.158903 -0.110312 0)
(-0.161352 -0.167662 0)
(-0.159649 -0.223418 0)
(-0.149957 -0.271358 0)
(-0.128097 -0.300661 0)
(-0.0915815 -0.295099 0)
(-0.0458835 -0.234546 0)
(-0.0110488 -0.102178 0)
(-0.0112064 0.105617 0)
(-0.041703 0.230387 0)
(-0.0766956 0.283385 0)
(-0.10043 0.288905 0)
(-0.110702 0.267025 0)
(-0.11114 0.230947 0)
(-0.105892 0.188393 0)
(-0.0985459 0.143318 0)
(-0.0919039 0.097273 0)
(-0.0879685 0.0503657 0)
(-0.0880005 0.00189392 0)
(-0.0925298 -0.0491934 0)
(-0.101232 -0.103845 0)
(-0.112647 -0.162273 0)
(-0.123778 -0.222911 0)
(-0.129755 -0.280683 0)
(-0.123856 -0.324505 0)
(-0.0991682 -0.334506 0)
(-0.0563302 -0.280997 0)
(-0.01551 -0.130813 0)
(-0.0167537 0.133557 0)
(-0.0531177 0.268116 0)
(-0.0822674 0.309236 0)
(-0.0903797 0.298889 0)
(-0.0811348 0.264374 0)
(-0.0623801 0.220694 0)
(-0.0403748 0.175199 0)
(-0.0195405 0.130813 0)
(-0.00287678 0.0880507 0)
(0.0076433 0.0461646 0)
(0.0107459 0.00373139 0)
(0.00569228 -0.041034 0)
(-0.00766623 -0.0900296 0)
(-0.0285613 -0.144864 0)
(-0.0546579 -0.205975 0)
(-0.0810881 -0.270743 0)
(-0.0993565 -0.329935 0)
(-0.0974515 -0.362247 0)
(-0.0670567 -0.327996 0)
(-0.0217974 -0.167902 0)
(-0.024557 0.173381 0)
(-0.0647898 0.304318 0)
(-0.0754286 0.318608 0)
(-0.0544916 0.285803 0)
(-0.0164441 0.238319 0)
(0.0265818 0.189873 0)
(0.0674268 0.145431 0)
(0.102076 0.105838 0)
(0.128338 0.070188 0)
(0.144987 0.0368879 0)
(0.151194 0.00402735 0)
(0.146243 -0.0305481 0)
(0.129478 -0.0692686 0)
(0.100545 -0.11481 0)
(0.0600953 -0.169701 0)
(0.0111988 -0.234863 0)
(-0.0383186 -0.305805 0)
(-0.0731034 -0.364897 0)
(-0.0719309 -0.367107 0)
(-0.0285921 -0.216615 0)
(-0.0292736 0.230126 0)
(-0.0621252 0.32493 0)
(-0.0286645 0.292226 0)
(0.0388149 0.235383 0)
(0.111905 0.181198 0)
(0.178705 0.135734 0)
(0.234805 0.099181 0)
(0.278786 0.0697159 0)
(0.310553 0.045147 0)
(0.330357 0.0234397 0)
(0.338253 0.00271175 0)
(0.333825 -0.0189525 0)
(0.316072 -0.0437653 0)
(0.283426 -0.0745564 0)
(0.234127 -0.115042 0)
(0.167404 -0.16952 0)
(0.0859161 -0.240587 0)
(0.00141906 -0.322143 0)
(-0.0520917 -0.378113 0)
(-0.027191 -0.276452 0)
(0.00644501 0.275362 0)
(0.0147163 0.288812 0)
(0.127564 0.207718 0)
(0.249372 0.142877 0)
(0.347562 0.0980751 0)
(0.423044 0.0672522 0)
(0.479854 0.0458809 0)
(0.521119 0.0305895 0)
(0.549363 0.0189839 0)
(0.566358 0.00941243 0)
(0.57301 0.000643977 0)
(0.569326 -0.00842532 0)
(0.554332 -0.019065 0)
(0.525853 -0.0331042 0)
(0.48027 -0.053551 0)
(0.412404 -0.0854636 0)
(0.315144 -0.136653 0)
(0.183193 -0.216144 0)
(0.0498537 -0.315558 0)
(0.0238267 -0.304847 0)
(0.298075 0.144419 0)
(0.391651 0.126609 0)
(0.548645 0.0765978 0)
(0.665199 0.0448067 0)
(0.735318 0.0266633 0)
(0.779429 0.0161133 0)
(0.808617 0.00984684 0)
(0.827916 0.00596965 0)
(0.840154 0.00338133 0)
(0.846972 0.00145027 0)
(0.849171 -0.000212577 0)
(0.846905 -0.00190497 0)
(0.8397 -0.0039553 0)
(0.826242 -0.00688207 0)
(0.803869 -0.0116904 0)
(0.76742 -0.0204648 0)
(0.705181 -0.0374844 0)
(0.591812 -0.0707644 0)
(0.423769 -0.126849 0)
(0.313473 -0.149797 0)
)
;

boundaryField
{
    movingWall
    {
        type            fixedValue;
        value           uniform (1 0 0);
    }
    fixedWalls
    {
        type            noSlip;
    }
    frontAndBack
    {
        type            empty;
    }
}


// ************************************************************************* //
