/*--------------------------------*- C++ -*----------------------------------*\
  =========                 |
  \\      /  F ield         | OpenFOAM: The Open Source CFD Toolbox
   \\    /   O peration     | Website:  https://openfoam.org
    \\  /    A nd           | Version:  6
     \\/     M anipulation  |
\*---------------------------------------------------------------------------*/
FoamFile
{
    version     2.0;
    format      ascii;
    class       surfaceScalarField;
    location    "0.005";
    object      phi;
}
// * * * * * * * * * * * * * * * * * * * * * * * * * * * * * * * * * * * * * //

dimensions      [0 3 -1 0 0 0 0];

internalField   nonuniform List<scalar> 
760
(
1.07544e-08
-1.0754e-08
-2.22735e-08
3.30275e-08
-1.02031e-07
7.97569e-08
-2.13787e-07
1.11757e-07
-3.40336e-07
1.26549e-07
-4.65749e-07
1.25413e-07
-5.76742e-07
1.10992e-07
-6.63144e-07
8.64021e-08
-7.1788e-07
5.47362e-08
-7.36782e-07
1.89015e-08
-7.18423e-07
-1.83581e-08
-6.64086e-07
-5.4337e-08
-5.77845e-07
-8.62408e-08
-4.66757e-07
-1.11089e-07
-3.41047e-07
-1.2571e-07
-2.14107e-07
-1.2694e-07
-1.01978e-07
-1.12128e-07
-2.19879e-08
-7.99905e-08
1.09385e-08
-3.29263e-08
1.09386e-08
-3.0908e-08
2.0154e-08
-1.56716e-07
1.58836e-07
-3.71676e-07
2.94717e-07
-6.48607e-07
3.88688e-07
-9.53401e-07
4.31342e-07
-1.25238e-06
4.24388e-07
-1.51612e-06
3.74733e-07
-1.72128e-06
2.91569e-07
-1.85121e-06
1.84665e-07
-1.89594e-06
6.36247e-08
-1.85206e-06
-6.22364e-08
-1.72271e-06
-1.83683e-07
-1.51769e-06
-2.91266e-07
-1.25361e-06
-3.75163e-07
-9.53961e-07
-4.2536e-07
-6.48408e-07
-4.32493e-07
-3.70914e-07
-3.89622e-07
-1.55809e-07
-2.95096e-07
-3.04003e-08
-1.58335e-07
-1.9462e-08
-7.89088e-08
9.90629e-08
-3.02659e-07
3.82586e-07
-6.44461e-07
6.36518e-07
-1.06358e-06
8.07802e-07
-1.51352e-06
8.81282e-07
-1.94894e-06
8.59813e-07
-2.33012e-06
7.55912e-07
-2.62533e-06
5.86776e-07
-2.8118e-06
3.71134e-07
-2.87586e-06
1.27689e-07
-2.81286e-06
-1.25241e-07
-2.62709e-06
-3.69443e-07
-2.33202e-06
-5.86346e-07
-1.95035e-06
-7.56828e-07
-1.514e-06
-8.61713e-07
-1.06303e-06
-8.83462e-07
-6.43187e-07
-8.09464e-07
-3.01291e-07
-6.36993e-07
-7.81552e-08
-3.8147e-07
-9.76174e-08
-1.21806e-07
2.20869e-07
-4.40905e-07
7.01686e-07
-9.06224e-07
1.10184e-06
-1.45997e-06
1.36154e-06
-2.04274e-06
1.46405e-06
-2.59916e-06
1.41624e-06
-3.08183e-06
1.23858e-06
-3.45339e-06
9.58337e-07
-3.68726e-06
6.05009e-07
-3.76757e-06
2.08004e-07
-3.68891e-06
-2.03903e-07
-3.45623e-06
-6.02122e-07
-3.08508e-06
-9.57498e-07
-2.60194e-06
-1.23996e-06
-2.04436e-06
-1.4193e-06
-1.46018e-06
-1.46764e-06
-9.05329e-07
-1.36432e-06
-4.39655e-07
-1.10267e-06
-1.2107e-07
-7.00056e-07
-2.18687e-07
-1.61932e-07
3.828e-07
-5.75948e-07
1.1157e-06
-1.16615e-06
1.69204e-06
-1.85494e-06
2.05034e-06
-2.56842e-06
2.17753e-06
-3.24111e-06
2.08893e-06
-3.81902e-06
1.81649e-06
-4.26086e-06
1.40017e-06
-4.53784e-06
8.81997e-07
-4.63305e-06
3.03211e-07
-4.54068e-06
-2.96271e-07
-4.26588e-06
-8.76925e-07
-3.8251e-06
-1.39828e-06
-3.2469e-06
-1.81816e-06
-2.57277e-06
-2.09342e-06
-1.85724e-06
-2.18317e-06
-1.16653e-06
-2.05503e-06
-5.75269e-07
-1.69393e-06
-1.61333e-07
-1.11399e-06
-3.8002e-07
-2.03058e-07
5.85858e-07
-7.16681e-07
1.62932e-06
-1.43856e-06
2.41391e-06
-2.26853e-06
2.88032e-06
-3.11622e-06
3.02522e-06
-3.90557e-06
2.87828e-06
-4.57681e-06
2.48772e-06
-5.08608e-06
1.90944e-06
-5.40393e-06
1.19985e-06
-5.51341e-06
4.12696e-07
-5.40872e-06
-4.00958e-07
-5.09474e-06
-1.19091e-06
-4.58766e-06
-1.90536e-06
-3.91657e-06
-2.48925e-06
-3.12545e-06
-2.88454e-06
-2.27472e-06
-3.0339e-06
-1.44146e-06
-2.88829e-06
-7.17193e-07
-2.4182e-06
-2.02733e-07
-1.62845e-06
-5.82753e-07
-2.48799e-07
8.34658e-07
-8.7239e-07
2.25291e-06
-1.73781e-06
3.27933e-06
-2.71862e-06
3.86113e-06
-3.70594e-06
4.01254e-06
-4.61301e-06
3.78535e-06
-5.37548e-06
3.25019e-06
-5.94888e-06
2.48283e-06
-6.30491e-06
1.55587e-06
-6.42794e-06
5.35731e-07
-6.3126e-06
-5.16297e-07
-5.96296e-06
-1.54055e-06
-5.39357e-06
-2.47476e-06
-4.63205e-06
-3.25076e-06
-3.72289e-06
-3.7937e-06
-2.73117e-06
-4.02562e-06
-1.74503e-06
-3.87443e-06
-8.75053e-07
-3.28818e-06
-2.4902e-07
-2.25448e-06
-8.31773e-07
-3.0256e-07
1.13722e-06
-1.05168e-06
3.00203e-06
-2.07609e-06
4.30374e-06
-3.21796e-06
5.00301e-06
-4.34803e-06
5.14261e-06
-5.3697e-06
4.80702e-06
-6.21655e-06
4.09704e-06
-6.8465e-06
3.11278e-06
-7.23515e-06
1.94453e-06
-7.37001e-06
6.70591e-07
-7.24674e-06
-6.39566e-07
-6.86793e-06
-1.91935e-06
-6.24457e-06
-3.09812e-06
-5.40003e-06
-4.0953e-06
-4.37612e-06
-4.81761e-06
-3.24e-06
-5.16175e-06
-2.09e-06
-5.02442e-06
-1.05785e-06
-4.32033e-06
-3.03749e-07
-3.00859e-06
-1.13552e-06
-3.67636e-07
1.50485e-06
-1.26213e-06
3.89652e-06
-2.46198e-06
5.5036e-06
-3.77131e-06
6.31233e-06
-5.03939e-06
6.41069e-06
-6.16253e-06
5.93016e-06
-7.07681e-06
5.01132e-06
-7.74734e-06
3.78332e-06
-8.15753e-06
2.35471e-06
-8.30051e-06
8.13571e-07
-8.17386e-06
-7.66216e-07
-7.77783e-06
-2.31538e-06
-7.11731e-06
-3.75865e-06
-6.20738e-06
-5.00523e-06
-5.08226e-06
-5.94273e-06
-3.80639e-06
-6.43762e-06
-2.48548e-06
-6.34533e-06
-1.2736e-06
-5.53221e-06
-3.70398e-07
-3.91179e-06
-1.50592e-06
-4.47657e-07
1.95251e-06
-1.51044e-06
4.95931e-06
-2.89914e-06
6.89229e-06
-4.37204e-06
7.78523e-06
-5.7579e-06
7.79655e-06
-6.95193e-06
7.12419e-06
-7.90034e-06
5.95973e-06
-8.58242e-06
4.46539e-06
-8.99463e-06
2.76692e-06
-9.13898e-06
9.57916e-07
-9.01606e-06
-8.89134e-07
-8.62281e-06
-2.70862e-06
-7.95488e-06
-4.42659e-06
-7.01371e-06
-5.94639e-06
-5.81872e-06
-7.13773e-06
-4.42369e-06
-7.83265e-06
-2.93542e-06
-7.8336e-06
-1.52935e-06
-6.93828e-06
-4.5279e-07
-4.98834e-06
-1.95871e-06
-5.47434e-07
2.49994e-06
-1.80292e-06
6.21479e-06
-3.38455e-06
8.47392e-06
-4.99726e-06
9.39794e-06
-6.45478e-06
9.25408e-06
-7.66243e-06
8.33183e-06
-8.58816e-06
6.88547e-06
-9.23482e-06
5.11205e-06
-9.61833e-06
3.15043e-06
-9.75317e-06
1.09276e-06
-9.64426e-06
-9.98053e-07
-9.28425e-06
-3.06863e-06
-8.65612e-06
-5.05471e-06
-7.74138e-06
-6.86114e-06
-6.53499e-06
-8.34412e-06
-5.06802e-06
-9.29962e-06
-3.43656e-06
-9.46506e-06
-1.83158e-06
-8.54326e-06
-5.55909e-07
-6.26402e-06
-2.51462e-06
-6.74457e-07
3.1744e-06
-2.14587e-06
7.68621e-06
-3.90495e-06
1.0233e-05
-5.59973e-06
1.10927e-05
-7.04327e-06
1.06976e-05
-8.16996e-06
9.45852e-06
-8.98575e-06
7.70126e-06
-9.52816e-06
5.65445e-06
-9.83909e-06
3.46136e-06
-9.94874e-06
1.20242e-06
-9.86742e-06
-1.07937e-06
-9.58294e-06
-3.35311e-06
-9.06284e-06
-5.57481e-06
-8.26234e-06
-7.66164e-06
-7.14075e-06
-9.4657e-06
-5.68962e-06
-1.07508e-05
-3.97443e-06
-1.11802e-05
-2.18643e-06
-1.03313e-05
-6.87399e-07
-7.76305e-06
-3.20202e-06
-8.41443e-07
4.01584e-06
-2.54516e-06
9.38993e-06
-4.42912e-06
1.2117e-05
-6.09364e-06
1.27572e-05
-7.38146e-06
1.19854e-05
-8.28526e-06
1.03623e-05
-8.86903e-06
8.28503e-06
-9.21567e-06
6.00109e-06
-9.39744e-06
3.64313e-06
-9.46154e-06
1.26652e-06
-9.42409e-06
-1.11682e-06
-9.26833e-06
-3.50888e-06
-8.94566e-06
-5.89747e-06
-8.38121e-06
-8.22609e-06
-7.48808e-06
-1.03588e-05
-6.19781e-06
-1.2041e-05
-4.51487e-06
-1.28632e-05
-2.5988e-06
-1.22473e-05
-8.60037e-07
-9.50181e-06
-4.06206e-06
-1.07008e-06
5.08592e-06
-3.00148e-06
1.13213e-05
-4.88973e-06
1.40052e-05
-6.32828e-06
1.41958e-05
-7.24551e-06
1.29027e-05
-7.73226e-06
1.08491e-05
-7.93018e-06
8.48295e-06
-7.97291e-06
6.04382e-06
-7.96142e-06
3.63164e-06
-7.95693e-06
1.26203e-06
-7.98025e-06
-1.0935e-06
-8.01178e-06
-3.47734e-06
-7.99058e-06
-5.91868e-06
-7.81407e-06
-8.4026e-06
-7.34453e-06
-1.08284e-05
-6.43397e-06
-1.29516e-05
-4.98492e-06
-1.43122e-05
-3.06684e-06
-1.41654e-05
-1.09523e-06
-1.14734e-05
-5.15728e-06
-1.39306e-06
6.47898e-06
-3.49021e-06
1.34185e-05
-5.14054e-06
1.56555e-05
-6.03852e-06
1.50938e-05
-6.28818e-06
1.31523e-05
-6.12159e-06
1.06825e-05
-5.76663e-06
8.12799e-06
-5.39905e-06
5.67624e-06
-5.13563e-06
3.36822e-06
-5.04172e-06
1.16812e-06
-5.13926e-06
-9.9596e-07
-5.40966e-06
-3.20694e-06
-5.79001e-06
-5.53833e-06
-6.16397e-06
-8.02865e-06
-6.35298e-06
-1.06394e-05
-6.12217e-06
-1.31824e-05
-5.22908e-06
-1.52053e-05
-3.5606e-06
-1.58339e-05
-1.42451e-06
-1.36095e-05
-6.5818e-06
-1.83869e-06
8.31767e-06
-3.89286e-06
1.54726e-05
-4.85824e-06
1.66209e-05
-4.75498e-06
1.49905e-05
-3.97847e-06
1.23758e-05
-2.9232e-06
9.62722e-06
-1.88057e-06
7.08537e-06
-1.03473e-06
4.8304e-06
-4.8952e-07
2.823e-06
-2.9627e-07
9.74872e-07
-4.71764e-07
-8.20465e-07
-1.00415e-06
-2.67456e-06
-1.84656e-06
-4.69592e-06
-2.89832e-06
-6.97688e-06
-3.97556e-06
-9.56211e-06
-4.78195e-06
-1.2376e-05
-4.91124e-06
-1.5076e-05
-3.95168e-06
-1.67934e-05
-1.87275e-06
-1.56884e-05
-8.45455e-06
-2.35134e-06
1.0669e-05
-3.80472e-06
1.6926e-05
-3.33498e-06
1.61512e-05
-1.6544e-06
1.33099e-05
4.73777e-07
1.02476e-05
2.54893e-06
7.55207e-06
4.29742e-06
5.33688e-06
5.59284e-06
3.53498e-06
6.38735e-06
2.02849e-06
6.66685e-06
6.95379e-07
6.42741e-06
-5.81027e-07
5.66804e-06
-1.91519e-06
4.39762e-06
-3.4255e-06
2.6585e-06
-5.23776e-06
5.72563e-07
-7.47618e-06
-1.58717e-06
-1.02163e-05
-3.31234e-06
-1.33509e-05
-3.82084e-06
-1.62849e-05
-2.37606e-06
-1.71332e-05
-1.08306e-05
-2.53769e-06
1.32067e-05
-2.06293e-06
1.64513e-05
9.22109e-07
1.31661e-05
4.6599e-06
9.57215e-06
8.1849e-06
6.72263e-06
1.11125e-05
4.62451e-06
1.33413e-05
3.10808e-06
1.48877e-05
1.98855e-06
1.57999e-05
1.11631e-06
1.61171e-05
3.78145e-07
1.58531e-05
-3.17081e-07
1.49915e-05
-1.05354e-06
1.34891e-05
-1.92308e-06
1.12922e-05
-3.04087e-06
8.37687e-06
-4.56085e-06
4.83671e-06
-6.67612e-06
1.05395e-06
-9.5681e-06
-1.99555e-06
-1.32354e-05
-2.52686e-06
-1.66019e-05
-1.33575e-05
-5.7946e-07
1.37862e-05
4.58998e-06
1.12818e-05
1.09304e-05
6.8257e-06
1.63717e-05
4.13085e-06
2.05422e-05
2.55217e-06
2.35681e-05
1.59862e-06
2.56711e-05
1.00502e-06
2.70449e-05
6.14764e-07
2.78258e-05
3.35395e-07
2.80928e-05
1.11165e-07
2.78717e-05
-9.59764e-08
2.7137e-05
-3.18883e-07
2.58094e-05
-5.95487e-07
2.37501e-05
-9.81564e-07
2.07597e-05
-1.57041e-06
1.66058e-05
-2.52221e-06
1.11492e-05
-4.11151e-06
4.75429e-06
-6.84054e-06
-5.02047e-07
-1.13456e-05
-1.38595e-05
1.37862e-05
2.5068e-05
3.18937e-05
3.60245e-05
3.85767e-05
4.01753e-05
4.11804e-05
4.17951e-05
4.21305e-05
4.22417e-05
4.21457e-05
4.18268e-05
4.12313e-05
4.02498e-05
3.86794e-05
3.61571e-05
3.20456e-05
2.52051e-05
1.38595e-05
)
;

boundaryField
{
    movingWall
    {
        type            calculated;
        value           uniform 0;
    }
    fixedWalls
    {
        type            calculated;
        value           uniform 0;
    }
    frontAndBack
    {
        type            empty;
        value           nonuniform 0();
    }
}


// ************************************************************************* //
