/*--------------------------------*- C++ -*----------------------------------*\
  =========                 |
  \\      /  F ield         | OpenFOAM: The Open Source CFD Toolbox
   \\    /   O peration     | Website:  https://openfoam.org
    \\  /    A nd           | Version:  6
     \\/     M anipulation  |
\*---------------------------------------------------------------------------*/
FoamFile
{
    version     2.0;
    format      ascii;
    class       volScalarField;
    location    "0.125";
    object      p;
}
// * * * * * * * * * * * * * * * * * * * * * * * * * * * * * * * * * * * * * //

dimensions      [0 2 -2 0 0 0 0];

internalField   nonuniform List<scalar> 
400
(
1.15496e-05
-0.023178
-0.052057
-0.0743121
-0.0826331
-0.0737465
-0.0474074
-0.00554967
0.0484036
0.110055
0.174436
0.236355
0.290744
0.333043
0.359663
0.368572
0.360028
0.337443
0.30834
0.285157
0.0229981
-0.00083194
-0.0234944
-0.0388382
-0.0432682
-0.0344856
-0.0121929
0.0222163
0.0661467
0.116177
0.168383
0.218641
0.262944
0.297734
0.320276
0.329089
0.324478
0.308851
0.285993
0.262203
0.0535457
0.0205245
-0.00399687
-0.0181483
-0.0217486
-0.0135456
0.00643941
0.0368573
0.0754375
0.119254
0.16496
0.209034
0.248039
0.2789
0.299191
0.307457
0.303672
0.289193
0.26442
0.23143
0.0816316
0.0359509
0.00546037
-0.0106766
-0.0150739
-0.00740688
0.0118285
0.0410393
0.0779461
0.119775
0.163412
0.205588
0.243079
0.27292
0.292627
0.300457
0.295879
0.279328
0.248453
0.202715
0.10074
0.0416827
0.00404247
-0.0149391
-0.0202689
-0.0124452
0.00751401
0.0376447
0.0754935
0.118259
0.162877
0.20614
0.244841
0.275929
0.296668
0.304869
0.299427
0.279944
0.241721
0.182405
0.106194
0.0334896
-0.011607
-0.0333566
-0.0389531
-0.0296769
-0.00711635
0.0262948
0.0678085
0.114468
0.163129
0.210514
0.253289
0.288169
0.312018
0.322065
0.316546
0.294246
0.248306
0.174982
0.0939364
0.00717636
-0.0452515
-0.0689925
-0.0734711
-0.0608139
-0.0332716
0.00615089
0.0543154
0.108024
0.163973
0.218732
0.268755
0.310412
0.340034
0.354122
0.350115
0.325875
0.272289
0.18434
0.0596364
-0.0418446
-0.101087
-0.125295
-0.126463
-0.10777
-0.0722858
-0.0237014
0.0343843
0.0984983
0.16516
0.230778
0.291565
0.343488
0.382237
0.40341
0.403429
0.378964
0.318233
0.214741
-0.00203248
-0.11916
-0.184198
-0.206413
-0.20107
-0.172786
-0.125688
-0.0642845
0.00732781
0.0854294
0.166429
0.246647
0.322111
0.388393
0.440461
0.472818
0.480546
0.458646
0.391844
0.271604
-0.0980937
-0.231964
-0.30093
-0.317318
-0.300871
-0.258259
-0.194991
-0.116528
-0.0274408
0.0684222
0.167531
0.266303
0.360751
0.446155
0.51675
0.565742
0.586454
0.571474
0.500657
0.362314
-0.238211
-0.389863
-0.459311
-0.463854
-0.429677
-0.366403
-0.28132
-0.180926
-0.0701414
0.0473116
0.16828
0.289616
0.407641
0.517604
0.613119
0.685958
0.727183
0.725917
0.654928
0.497284
-0.436294
-0.60608
-0.66957
-0.652667
-0.591115
-0.498695
-0.384849
-0.257055
-0.120259
0.0223952
0.168641
0.316297
0.462527
0.603039
0.73118
0.837331
0.909832
0.93295
0.868957
0.69173
-0.713575
-0.899394
-0.944694
-0.890859
-0.787847
-0.654978
-0.503982
-0.342908
-0.176065
-0.00527681
0.168826
0.345793
0.524424
0.701709
0.871483
1.02321
1.14233
1.20671
1.16313
0.96898
-1.10503
-1.29728
-1.30073
-1.18487
-1.02002
-0.83198
-0.634156
-0.434034
-0.234059
-0.0336095
0.169339
0.377067
0.591091
0.810931
1.0323
1.24505
1.43244
1.56486
1.56721
1.36721
-1.67261
-1.84051
-1.7557
-1.53745
-1.28214
-1.02083
-0.766122
-0.522478
-0.288412
-0.0592813
0.170843
0.408125
0.658107
0.924549
1.20734
1.49951
1.78483
2.02755
2.12494
1.95307
-2.52803
-2.58722
-2.32553
-1.94251
-1.55886
-1.20423
-0.884438
-0.596181
-0.330895
-0.0779535
0.173773
0.435421
0.717888
1.03123
1.38288
1.77418
2.19597
2.6132
2.89778
2.84435
-3.87299
-3.61304
-3.01649
-2.38085
-1.82323
-1.35641
-0.968434
-0.64039
-0.352254
-0.0853255
0.177714
0.453634
0.759666
1.11426
1.53689
2.04546
2.64949
3.33064
3.96436
4.24909
-6.1594
-5.01373
-3.78643
-2.79027
-2.01927
-1.43416
-0.988411
-0.63662
-0.342534
-0.0781261
0.179941
0.453523
0.765977
1.14533
1.62784
2.25901
3.08471
4.13979
5.42507
6.62752
-10.5695
-6.84898
-4.35763
-2.91496
-1.9681
-1.32304
-0.875098
-0.54554
-0.282399
-0.0515888
0.172442
0.412785
0.695031
1.05335
1.53994
2.23475
3.24506
4.76456
7.34526
11.1677
-17.9825
-8.61119
-4.1544
-2.37804
-1.46162
-0.918352
-0.578352
-0.34449
-0.163414
-0.0055247
0.148974
0.317279
0.519138
0.783962
1.1648
1.76026
2.7477
4.62119
9.19197
18.678
)
;

boundaryField
{
    movingWall
    {
        type            zeroGradient;
    }
    fixedWalls
    {
        type            zeroGradient;
    }
    frontAndBack
    {
        type            empty;
    }
}


// ************************************************************************* //
