/*--------------------------------*- C++ -*----------------------------------*\
  =========                 |
  \\      /  F ield         | OpenFOAM: The Open Source CFD Toolbox
   \\    /   O peration     | Website:  https://openfoam.org
    \\  /    A nd           | Version:  6
     \\/     M anipulation  |
\*---------------------------------------------------------------------------*/
FoamFile
{
    version     2.0;
    format      ascii;
    class       volScalarField;
    location    "0.045";
    object      p;
}
// * * * * * * * * * * * * * * * * * * * * * * * * * * * * * * * * * * * * * //

dimensions      [0 2 -2 0 0 0 0];

internalField   nonuniform List<scalar> 
400
(
6.45725e-08
-0.00264345
-0.00551254
-0.00721762
-0.00708832
-0.00488697
-0.000671335
0.00530381
0.012657
0.0209208
0.0295663
0.0380228
0.0457026
0.052039
0.0565419
0.0588773
0.05897
0.0571153
0.0540995
0.0514122
0.00261104
-0.000111809
-0.00231849
-0.00333992
-0.00288413
-0.000774599
0.00296692
0.0081545
0.0144888
0.0215879
0.029009
0.036271
0.0428819
0.0483756
0.0523609
0.0545843
0.0550075
0.0538536
0.0515154
0.0487586
0.00566232
0.00192478
-0.00048833
-0.0013982
-0.000880247
0.00114754
0.00464565
0.00944227
0.0152737
0.0218038
0.0286386
0.0353451
0.041477
0.0466077
0.0503729
0.052524
0.0529979
0.0519219
0.0493324
0.0455329
0.00797682
0.00288461
-0.000160893
-0.00127338
-0.00082897
0.00116231
0.00462048
0.00935688
0.0151121
0.0215655
0.0283416
0.0350222
0.041167
0.0463432
0.0501625
0.0523318
0.05273
0.051392
0.0480772
0.0428473
0.00890072
0.00237737
-0.00142926
-0.00283183
-0.00246338
-0.000416611
0.00318272
0.00811696
0.0141159
0.0208584
0.0279695
0.0350259
0.0415695
0.0471325
0.051271
0.0536173
0.0539714
0.052278
0.0480639
0.0412585
0.00796767
-7.42246e-05
-0.00470836
-0.00640683
-0.00604662
-0.00380051
0.000155466
0.0055662
0.0121407
0.0195465
0.0273976
0.0352507
0.0426118
0.048954
0.0537485
0.0565206
0.0569647
0.0549224
0.0496905
0.0411165
0.00474925
-0.00497247
-0.0104876
-0.0124332
-0.011954
-0.00931254
-0.00474332
0.0014533
0.00895924
0.0174257
0.0264501
0.035562
0.0442188
0.0518147
0.0577048
0.0612681
0.0620516
0.0597561
0.0533979
0.0427412
-0.00125936
-0.0129033
-0.0193422
-0.0214272
-0.020636
-0.0173456
-0.0118629
-0.00454091
0.00427352
0.0142173
0.024875
0.0357514
0.0462525
0.0556792
0.0632406
0.068119
0.0696507
0.0673228
0.0597539
0.0465677
-0.0107414
-0.0246224
-0.031999
-0.0340343
-0.0326514
-0.0283856
-0.0216353
-0.0128136
-0.00229241
0.00956182
0.0223363
0.0355272
0.0485002
0.0604613
0.0704466
0.0773821
0.0803032
0.0783617
0.0695732
0.0532926
-0.0246593
-0.0411411
-0.0493915
-0.0510522
-0.0486658
-0.0429915
-0.0345456
-0.0238059
-0.0111591
0.00304672
0.0184314
0.0345172
0.0506629
0.0659989
0.0793768
0.0894041
0.0946968
0.0938852
0.0840529
0.0640442
-0.0443824
-0.0638331
-0.0727154
-0.0734348
-0.0694157
-0.0617338
-0.0510528
-0.037916
-0.0227046
-0.00571334
0.0127575
0.0323149
0.052375
0.0720492
0.0900269
0.104552
0.113684
0.115268
0.104949
0.0806182
-0.0718893
-0.0945865
-0.103488
-0.102266
-0.0956217
-0.085068
-0.0714415
-0.0553392
-0.0371018
-0.0169194
0.0050549
0.0285993
0.0532915
0.0783345
0.102343
0.123206
0.138304
0.144358
0.13483
0.105849
-0.110143
-0.136041
-0.143593
-0.138664
-0.127808
-0.11311
-0.0955769
-0.0758183
-0.054072
-0.0303494
-0.00456646
0.0233403
0.0532581
0.0846625
0.11628
0.145774
0.169806
0.183613
0.177448
0.144247
-0.16388
-0.191973
-0.195272
-0.183543
-0.165969
-0.145272
-0.122552
-0.0983162
-0.0725849
-0.0450798
-0.015365
0.0170459
0.0525334
0.0910978
0.131899
0.172705
0.209643
0.236236
0.238318
0.203209
-0.241317
-0.267881
-0.26088
-0.237058
-0.208956
-0.179718
-0.150244
-0.120679
-0.0906077
-0.0592929
-0.0258051
0.0109118
0.0519268
0.0980645
0.149379
0.204369
0.259262
0.306137
0.325479
0.295276
-0.35736
-0.37158
-0.342188
-0.297676
-0.253675
-0.212788
-0.174992
-0.13952
-0.105138
-0.0704021
-0.0337249
0.00665135
0.0526497
0.106212
0.168849
0.240769
0.319637
0.397429
0.449929
0.441432
-0.539734
-0.513311
-0.439201
-0.361419
-0.294737
-0.239023
-0.191941
-0.15079
-0.1129
-0.0757997
-0.0370913
0.00576489
0.0556404
0.115831
0.189922
0.281151
0.390714
0.513395
0.625497
0.676449
-0.852308
-0.705485
-0.544567
-0.417923
-0.322481
-0.250585
-0.195352
-0.150579
-0.111396
-0.0740581
-0.0353467
0.00797933
0.0596697
0.124467
0.20861
0.319952
0.466112
0.650956
0.87107
1.07431
-1.46862
-0.953908
-0.615472
-0.428589
-0.309996
-0.230273
-0.174995
-0.133379
-0.098284
-0.0650977
-0.0303168
0.00942677
0.0581513
0.121457
0.207968
0.331079
0.509079
0.771858
1.20081
1.81709
-2.54555
-1.18717
-0.565669
-0.337978
-0.227455
-0.163862
-0.125066
-0.0977498
-0.0744223
-0.0511104
-0.0252169
0.00566974
0.0445936
0.0962813
0.169195
0.279458
0.457679
0.781847
1.51837
2.99106
)
;

boundaryField
{
    movingWall
    {
        type            zeroGradient;
    }
    fixedWalls
    {
        type            zeroGradient;
    }
    frontAndBack
    {
        type            empty;
    }
}


// ************************************************************************* //
