/*--------------------------------*- C++ -*----------------------------------*\
  =========                 |
  \\      /  F ield         | OpenFOAM: The Open Source CFD Toolbox
   \\    /   O peration     | Website:  https://openfoam.org
    \\  /    A nd           | Version:  6
     \\/     M anipulation  |
\*---------------------------------------------------------------------------*/
FoamFile
{
    version     2.0;
    format      ascii;
    class       volVectorField;
    location    "0.045";
    object      U;
}
// * * * * * * * * * * * * * * * * * * * * * * * * * * * * * * * * * * * * * //

dimensions      [0 1 -1 0 0 0 0];

internalField   nonuniform List<vector> 
400
(
(0.000148648 -0.000146742 0)
(-5.61029e-05 0.000165178 0)
(-0.00119956 0.000501813 0)
(-0.00304087 0.000715999 0)
(-0.00524738 0.000805439 0)
(-0.00752686 0.000791962 0)
(-0.00964023 0.00069951 0)
(-0.0114027 0.000549313 0)
(-0.0126787 0.000358485 0)
(-0.0133752 0.000141028 0)
(-0.013437 -9.01273e-05 0)
(-0.0128471 -0.000320938 0)
(-0.0116324 -0.000534397 0)
(-0.00987135 -0.000709361 0)
(-0.00770424 -0.000820489 0)
(-0.00533934 -0.000839967 0)
(-0.00305046 -0.000741802 0)
(-0.00116203 -0.000508786 0)
(-1.82142e-05 -0.000154947 0)
(0.000162278 0.000157897 0)
(-0.000141145 3.49974e-05 0)
(-0.00149663 0.00151846 0)
(-0.00477383 0.00295938 0)
(-0.00940319 0.0038993 0)
(-0.0147314 0.00429027 0)
(-0.0201662 0.00419263 0)
(-0.0251854 0.00369746 0)
(-0.0293642 0.00289874 0)
(-0.0323825 0.00188173 0)
(-0.0340187 0.000722931 0)
(-0.0341447 -0.000503873 0)
(-0.0327275 -0.00171969 0)
(-0.0298398 -0.00283338 0)
(-0.0256741 -0.00373827 0)
(-0.0205579 -0.00431452 0)
(-0.014959 -0.00444067 0)
(-0.0094647 -0.00401701 0)
(-0.00472975 -0.00300157 0)
(-0.00143443 -0.00148789 0)
(-0.000116406 7.70344e-06 0)
(-0.000478733 0.0011382 0)
(-0.00304592 0.00480793 0)
(-0.00834677 0.00804547 0)
(-0.0153849 0.0101414 0)
(-0.0232439 0.010978 0)
(-0.0311417 0.0106582 0)
(-0.0383791 0.00937202 0)
(-0.0443788 0.00733285 0)
(-0.0487019 0.00474631 0)
(-0.0510431 0.00180511 0)
(-0.0512257 -0.00130131 0)
(-0.0492049 -0.00437126 0)
(-0.0450805 -0.00717689 0)
(-0.0391152 -0.00945846 0)
(-0.031754 -0.0109333 0)
(-0.0236286 -0.0113263 0)
(-0.0155257 -0.0104257 0)
(-0.00831729 -0.00816595 0)
(-0.00296858 -0.0047608 0)
(-0.000444373 -0.00104778 0)
(-0.000758342 0.00305493 0)
(-0.00443841 0.00980906 0)
(-0.0116651 0.01532 0)
(-0.0209565 0.0187785 0)
(-0.0311105 0.0200576 0)
(-0.0411772 0.0193383 0)
(-0.0503247 0.0169403 0)
(-0.0578719 0.013226 0)
(-0.0633033 0.00855066 0)
(-0.0662596 0.0032518 0)
(-0.0665292 -0.00233708 0)
(-0.0640515 -0.00786153 0)
(-0.0589319 -0.0129232 0)
(-0.0514669 -0.0170707 0)
(-0.0421709 -0.0198159 0)
(-0.0317904 -0.0206859 0)
(-0.0212731 -0.0193165 0)
(-0.0116991 -0.0155804 0)
(-0.00435771 -0.00976333 0)
(-0.000713415 -0.00290297 0)
(-0.00100103 0.00566926 0)
(-0.00573926 0.0163857 0)
(-0.0148701 0.0246242 0)
(-0.0263998 0.0295973 0)
(-0.0388081 0.0312609 0)
(-0.0509699 0.029938 0)
(-0.0619354 0.0261223 0)
(-0.0709456 0.0203564 0)
(-0.0774351 0.0131661 0)
(-0.0810093 0.00504784 0)
(-0.0814284 -0.00350957 0)
(-0.0786071 -0.0119869 0)
(-0.0726342 -0.0197982 0)
(-0.0638068 -0.0262735 0)
(-0.0526743 -0.0306801 0)
(-0.0400712 -0.0322952 0)
(-0.0271023 -0.0305377 0)
(-0.0150851 -0.0251469 0)
(-0.00569472 -0.0163992 0)
(-0.000949674 -0.0054517 0)
(-0.00124151 0.00895132 0)
(-0.00707195 0.0245538 0)
(-0.0182016 0.0360215 0)
(-0.0320838 0.0426712 0)
(-0.0468418 0.0446428 0)
(-0.0611599 0.0424867 0)
(-0.0739763 0.0369323 0)
(-0.0844727 0.0287407 0)
(-0.0920548 0.0186284 0)
(-0.0963085 0.00725707 0)
(-0.096969 -0.0047306 0)
(-0.0939157 -0.0166518 0)
(-0.0871951 -0.0277258 0)
(-0.0770703 -0.0370414 0)
(-0.0640894 -0.0435751 0)
(-0.0491527 -0.0462818 0)
(-0.0335266 -0.0442696 0)
(-0.0188089 -0.037039 0)
(-0.00714408 -0.0247645 0)
(-0.00119611 -0.008691 0)
(-0.0015124 0.0129479 0)
(-0.00856398 0.0344442 0)
(-0.0219116 0.0496871 0)
(-0.0383731 0.0581733 0)
(-0.0556649 0.0603453 0)
(-0.0722669 0.057088 0)
(-0.0870155 0.0494459 0)
(-0.099057 0.0384463 0)
(-0.107795 0.0250147 0)
(-0.112815 0.00997553 0)
(-0.113834 -0.00588932 0)
(-0.110684 -0.0217499 0)
(-0.103341 -0.0366368 0)
(-0.0919889 -0.0493805 0)
(-0.0771268 -0.0586143 0)
(-0.0596832 -0.0628767 0)
(-0.0410799 -0.0608333 0)
(-0.023239 -0.0515982 0)
(-0.00888646 -0.0351227 0)
(-0.00149651 -0.0127196 0)
(-0.00184418 0.017776 0)
(-0.0103364 0.0463027 0)
(-0.0262325 0.0658994 0)
(-0.0455774 0.0763471 0)
(-0.0656149 0.0785452 0)
(-0.0846158 0.073854 0)
(-0.101341 0.063733 0)
(-0.114943 0.0495313 0)
(-0.124863 0.0323998 0)
(-0.13072 0.0133112 0)
(-0.132226 -0.00684533 0)
(-0.12916 -0.0271295 0)
(-0.121392 -0.0464092 0)
(-0.108971 -0.0632525 0)
(-0.0922736 -0.0758971 0)
(-0.0721877 -0.0823499 0)
(-0.0502527 -0.0806562 0)
(-0.028743 -0.0693303 0)
(-0.0111094 -0.0479144 0)
(-0.00189639 -0.0177381 0)
(-0.00226753 0.0236184 0)
(-0.0125035 0.0604801 0)
(-0.0313609 0.085015 0)
(-0.0539103 0.0974584 0)
(-0.0768454 0.0993878 0)
(-0.0982432 0.0928271 0)
(-0.116845 0.079778 0)
(-0.131877 0.0619743 0)
(-0.142888 0.0408021 0)
(-0.149579 0.0173529 0)
(-0.151688 -0.00743152 0)
(-0.148941 -0.0325648 0)
(-0.141069 -0.0568076 0)
(-0.127916 -0.0784882 0)
(-0.109632 -0.0954095 0)
(-0.0869466 -0.104917 0)
(-0.061419 -0.104204 0)
(-0.0356603 -0.0908741 0)
(-0.0140075 -0.063756 0)
(-0.00244683 -0.0240529 0)
(-0.00281875 0.030723 0)
(-0.015181 0.077412 0)
(-0.0374499 0.107413 0)
(-0.0634476 0.121705 0)
(-0.0892416 0.122872 0)
(-0.112772 0.113857 0)
(-0.132863 0.0973609 0)
(-0.148924 0.0755696 0)
(-0.160708 0.0501021 0)
(-0.168078 0.0221186 0)
(-0.170846 -0.00746948 0)
(-0.168702 -0.0377288 0)
(-0.161215 -0.0674098 0)
(-0.147947 -0.0946689 0)
(-0.128685 -0.116871 0)
(-0.103816 -0.130577 0)
(-0.0747304 -0.131842 0)
(-0.0442657 -0.116918 0)
(-0.017786 -0.0834164 0)
(-0.00321143 -0.0320843 0)
(-0.00355015 0.0394113 0)
(-0.018504 0.0975929 0)
(-0.044603 0.13341 0)
(-0.07407 0.14908 0)
(-0.102304 0.148686 0)
(-0.127241 0.136433 0)
(-0.147962 0.115903 0)
(-0.164222 0.0897956 0)
(-0.176112 0.0599385 0)
(-0.183755 0.0274825 0)
(-0.187114 -0.00680454 0)
(-0.185881 -0.0421807 0)
(-0.179462 -0.0775359 0)
(-0.167068 -0.110989 0)
(-0.147975 -0.139535 0)
(-0.12197 -0.158874 0)
(-0.0899513 -0.163614 0)
(-0.0547084 -0.14805 0)
(-0.0226679 -0.107769 0)
(-0.00427823 -0.0423821 0)
(-0.00455082 0.0501085 0)
(-0.0226608 0.121544 0)
(-0.0528651 0.163125 0)
(-0.0853722 0.179167 0)
(-0.114973 0.175981 0)
(-0.139872 0.159468 0)
(-0.159678 0.134283 0)
(-0.174713 0.103664 0)
(-0.185562 0.0695892 0)
(-0.192726 0.0330866 0)
(-0.196404 -0.00536199 0)
(-0.196358 -0.0453791 0)
(-0.191869 -0.0861975 0)
(-0.181776 -0.126117 0)
(-0.1647 -0.161951 0)
(-0.139533 -0.18858 0)
(-0.106204 -0.198897 0)
(-0.0669059 -0.184498 0)
(-0.0289017 -0.137701 0)
(-0.00578125 -0.0556584 0)
(-0.00598761 0.0634145 0)
(-0.0279508 0.149765 0)
(-0.0621882 0.196266 0)
(-0.0964894 0.210836 0)
(-0.125347 0.203061 0)
(-0.147732 0.18104 0)
(-0.164182 0.150638 0)
(-0.175845 0.115583 0)
(-0.183954 0.0778704 0)
(-0.189482 0.0382586 0)
(-0.192938 -0.00321754 0)
(-0.194248 -0.0467316 0)
(-0.192656 -0.092099 0)
(-0.18669 -0.138109 0)
(-0.174269 -0.181735 0)
(-0.153114 -0.217305 0)
(-0.121579 -0.235922 0)
(-0.0803458 -0.225707 0)
(-0.0367622 -0.173935 0)
(-0.00793781 -0.0728506 0)
(-0.00817836 0.0802501 0)
(-0.0348564 0.182622 0)
(-0.0722921 0.231748 0)
(-0.105721 0.241782 0)
(-0.130176 0.226994 0)
(-0.146231 0.198132 0)
(-0.155869 0.162231 0)
(-0.161296 0.123296 0)
(-0.16447 0.0831108 0)
(-0.166848 0.0419794 0)
(-0.169274 -0.000660627 0)
(-0.171911 -0.045691 0)
(-0.174123 -0.0937358 0)
(-0.17432 -0.144432 0)
(-0.16986 -0.195434 0)
(-0.157197 -0.241113 0)
(-0.132513 -0.271145 0)
(-0.0936888 -0.269667 0)
(-0.0464944 -0.216677 0)
(-0.0111002 -0.0952179 0)
(-0.0116845 0.102095 0)
(-0.0440242 0.220048 0)
(-0.0821658 0.267009 0)
(-0.109648 0.26787 0)
(-0.123897 0.2432 0)
(-0.128315 0.206481 0)
(-0.126814 0.16549 0)
(-0.122726 0.124024 0)
(-0.118602 0.0833034 0)
(-0.116218 0.042975 0)
(-0.116656 0.00178973 0)
(-0.120344 -0.041899 0)
(-0.126952 -0.0896469 0)
(-0.135127 -0.142253 0)
(-0.142111 -0.198683 0)
(-0.143408 -0.254344 0)
(-0.132789 -0.29858 0)
(-0.103906 -0.311902 0)
(-0.0580005 -0.26488 0)
(-0.0157633 -0.124422 0)
(-0.0172587 0.131399 0)
(-0.0556767 0.260725 0)
(-0.0884757 0.296748 0)
(-0.101104 0.282277 0)
(-0.0968344 0.245187 0)
(-0.0832066 0.200781 0)
(-0.0661305 0.156457 0)
(-0.0496596 0.114979 0)
(-0.0364403 0.0765516 0)
(-0.0281401 0.0400151 0)
(-0.0258047 0.00347459 0)
(-0.0300468 -0.0353509 0)
(-0.0410085 -0.0788484 0)
(-0.0580468 -0.129077 0)
(-0.0790926 -0.186866 0)
(-0.0996922 -0.249926 0)
(-0.111904 -0.309333 0)
(-0.10439 -0.34411 0)
(-0.0696692 -0.3149 0)
(-0.0222485 -0.162641 0)
(-0.0249523 0.172541 0)
(-0.0670125 0.299953 0)
(-0.0811495 0.310327 0)
(-0.0648078 0.274204 0)
(-0.0320728 0.224582 0)
(0.00530144 0.17545 0)
(0.0406045 0.1318 0)
(0.0702851 0.094324 0)
(0.0925817 0.0618476 0)
(0.10662 0.0324419 0)
(0.11182 0.00382985 0)
(0.10759 -0.0265159 0)
(0.0932615 -0.0613803 0)
(0.0683328 -0.103751 0)
(0.0331711 -0.156402 0)
(-0.00956484 -0.220442 0)
(-0.0525855 -0.291539 0)
(-0.0811997 -0.352281 0)
(-0.0751031 -0.357937 0)
(-0.02918 -0.212939 0)
(-0.0294377 0.230223 0)
(-0.0634799 0.323073 0)
(-0.0327364 0.287805 0)
(0.0307832 0.22871 0)
(0.0989842 0.173056 0)
(0.160399 0.127094 0)
(0.211128 0.0910121 0)
(0.250263 0.0628575 0)
(0.278157 0.0402418 0)
(0.295412 0.0209016 0)
(0.302306 0.00271599 0)
(0.298517 -0.0164642 0)
(0.282996 -0.039066 0)
(0.254002 -0.0680995 0)
(0.20949 -0.107409 0)
(0.14831 -0.161365 0)
(0.0726717 -0.232609 0)
(-0.00620435 -0.315136 0)
(-0.0551346 -0.373077 0)
(-0.0277699 -0.274541 0)
(0.00654532 0.275806 0)
(0.0144511 0.288511 0)
(0.125745 0.206196 0)
(0.24481 0.140261 0)
(0.339314 0.0947512 0)
(0.410597 0.0636931 0)
(0.463184 0.042539 0)
(0.500657 0.0278372 0)
(0.525916 0.0170881 0)
(0.541003 0.00852817 0)
(0.546977 0.000817655 0)
(0.543881 -0.00724851 0)
(0.530662 -0.0170292 0)
(0.504973 -0.0304249 0)
(0.462938 -0.050488 0)
(0.399078 -0.0822894 0)
(0.30596 -0.133633 0)
(0.177957 -0.213566 0)
(0.047836 -0.313813 0)
(0.0234828 -0.304356 0)
(0.298286 0.14465 0)
(0.392052 0.126718 0)
(0.54864 0.0764163 0)
(0.664098 0.0443567 0)
(0.732582 0.0260425 0)
(0.774793 0.015439 0)
(0.802094 0.00922513 0)
(0.819751 0.00548087 0)
(0.830762 0.00307683 0)
(0.836875 0.00135397 0)
(0.838932 -0.000100894 0)
(0.837076 -0.0016062 0)
(0.830768 -0.00350722 0)
(0.818588 -0.00633451 0)
(0.797738 -0.0110983 0)
(0.762912 -0.01988 0)
(0.702259 -0.0369506 0)
(0.590327 -0.0703291 0)
(0.423388 -0.1266 0)
(0.3135 -0.149815 0)
)
;

boundaryField
{
    movingWall
    {
        type            fixedValue;
        value           uniform (1 0 0);
    }
    fixedWalls
    {
        type            noSlip;
    }
    frontAndBack
    {
        type            empty;
    }
}


// ************************************************************************* //
