/*--------------------------------*- C++ -*----------------------------------*\
  =========                 |
  \\      /  F ield         | OpenFOAM: The Open Source CFD Toolbox
   \\    /   O peration     | Website:  https://openfoam.org
    \\  /    A nd           | Version:  6
     \\/     M anipulation  |
\*---------------------------------------------------------------------------*/
FoamFile
{
    version     2.0;
    format      ascii;
    class       volScalarField;
    location    "0.15";
    object      p;
}
// * * * * * * * * * * * * * * * * * * * * * * * * * * * * * * * * * * * * * //

dimensions      [0 2 -2 0 0 0 0];

internalField   nonuniform List<scalar> 
400
(
-6.16884e-09
-0.000278853
-0.000499969
-0.000537455
-0.00035914
3.69388e-05
0.000639272
0.00142963
0.00238449
0.00347266
0.00465196
0.00586676
0.00704769
0.00811455
0.00898386
0.00958206
0.0098644
0.00983518
0.00956621
0.00924208
0.000278258
-9.44476e-06
-0.000168457
-0.000152396
4.04612e-05
0.000415233
0.000968704
0.00168957
0.00255949
0.0035513
0.00462666
0.00573457
0.00681178
0.00778628
0.00858477
0.00914527
0.00943415
0.00945862
0.00925583
0.00892419
0.000510266
0.000129411
-4.28311e-05
-1.6497e-05
0.000175292
0.000533249
0.00105675
0.00173865
0.00256532
0.00351405
0.00455034
0.00562611
0.00667988
0.00763987
0.00843152
0.00899031
0.00928017
0.00930293
0.00906595
0.00862349
0.000556624
6.81002e-05
-0.000147537
-0.000133914
4.80363e-05
0.000393634
0.000902959
0.00157196
0.00239146
0.00334335
0.00439668
0.00550484
0.00660455
0.00761819
0.00846105
0.0090558
0.00935472
0.00935087
0.00903432
0.00845184
0.000352959
-0.000232993
-0.000495406
-0.000500064
-0.000329087
9.03478e-06
0.000515656
0.00119032
0.00202892
0.00301859
0.00413239
0.00532476
0.00652869
0.00765637
0.00860615
0.00927926
0.00960845
0.00957507
0.00916043
0.00842599
-0.000143371
-0.000821257
-0.0011307
-0.00115453
-0.000992771
-0.000656565
-0.000142429
0.000553768
0.00143426
0.00249297
0.00370848
0.00503728
0.00640808
0.00771953
0.00884573
0.00965568
0.0100509
0.00999352
0.00945736
0.00853551
-0.000967739
-0.0017413
-0.00209987
-0.00214297
-0.00198886
-0.00165119
-0.00112363
-0.000396137
0.000541838
0.00169371
0.00304693
0.00456339
0.00616956
0.0077491
0.00914439
0.0101775
0.0106996
0.0106361
0.00994278
0.00875874
-0.0021579
-0.0030393
-0.00345172
-0.0035151
-0.0033697
-0.00303267
-0.0024944
-0.00173748
-0.000740388
0.000513839
0.00202717
0.0037739
0.00568516
0.00763301
0.00942274
0.0108108
0.0115673
0.0115449
0.0106481
0.00907112
-0.00376101
-0.0047699
-0.00524335
-0.00532942
-0.00519781
-0.00487151
-0.00433784
-0.00357077
-0.00253505
-0.00119528
0.000473046
0.00246845
0.00474159
0.00716684
0.00951596
0.0114611
0.0126447
0.0127788
0.0116365
0.00945752
-0.00583846
-0.0070014
-0.00754364
-0.00765432
-0.00754475
-0.00724799
-0.00674941
-0.00601417
-0.00499167
-0.00362383
-0.00185473
0.00035475
0.00300081
0.00599326
0.00909762
0.0118977
0.0138487
0.0144016
0.0130279
0.00994209
-0.00847169
-0.00982175
-0.0104361
-0.0105668
-0.0104861
-0.0102434
-0.00982471
-0.00918806
-0.00826891
-0.00698609
-0.00524659
-0.00295367
-2.92029e-05
0.00353324
0.00756805
0.0116179
0.0149049
0.0164279
0.0150241
0.0106604
-0.0117736
-0.0133485
-0.0140223
-0.0141489
-0.0140911
-0.0139236
-0.0136357
-0.0131827
-0.0124925
-0.0114684
-0.00998468
-0.00787926
-0.00495532
-0.0010224
0.00396921
0.00968256
0.0151539
0.0186899
0.0179129
0.0120182
-0.015913
-0.0177471
-0.0184264
-0.0184787
-0.0184044
-0.0183104
-0.0181906
-0.0180027
-0.0176788
-0.0171245
-0.0162026
-0.0147
-0.0122851
-0.00849512
-0.00285521
0.00474665
0.0134398
0.0206867
0.0220631
0.0150316
-0.0211703
-0.0232648
-0.0237977
-0.023612
-0.023413
-0.0233375
-0.0233753
-0.0234888
-0.0236272
-0.0237234
-0.0236641
-0.0232249
-0.0219622
-0.0190964
-0.0135282
-0.00425488
0.0085419
0.021719
0.0280583
0.0219214
-0.0280609
-0.0302899
-0.0303
-0.0295355
-0.0289864
-0.0287818
-0.0288785
-0.0292343
-0.0298212
-0.0306174
-0.0315653
-0.0324721
-0.0328296
-0.0315666
-0.0268866
-0.0165703
0.000613654
0.0218051
0.0371808
0.0366624
-0.0376135
-0.0394426
-0.0380426
-0.0360536
-0.0347622
-0.0341608
-0.0341087
-0.0345319
-0.0354109
-0.0367615
-0.0385773
-0.0406981
-0.042566
-0.0428665
-0.0391961
-0.0281607
-0.00676851
0.0236438
0.0525073
0.064999
-0.0520614
-0.0516854
-0.0469228
-0.0426241
-0.0400068
-0.0386321
-0.038155
-0.0384157
-0.0393583
-0.0409859
-0.04328
-0.0460353
-0.0485678
-0.04929
-0.0452903
-0.0323064
-0.0058967
0.0348422
0.0815015
0.116083
-0.077272
-0.0682953
-0.0562569
-0.0480636
-0.043363
-0.040829
-0.0397481
-0.0397586
-0.0406707
-0.0423845
-0.0447674
-0.0474447
-0.0494658
-0.0488416
-0.0420802
-0.0240945
0.0108174
0.0661692
0.13884
0.210592
-0.131626
-0.0888578
-0.0607967
-0.0473654
-0.0407884
-0.0375677
-0.0364703
-0.0368089
-0.0381443
-0.0402103
-0.0427206
-0.0450919
-0.0460742
-0.0432603
-0.0325337
-0.00765381
0.0395126
0.117736
0.235216
0.381631
-0.256598
-0.104368
-0.0451625
-0.0309362
-0.0267635
-0.0254895
-0.0262842
-0.0284123
-0.0312502
-0.0344559
-0.0377083
-0.0403616
-0.0410681
-0.0372996
-0.0247381
0.00360891
0.0588955
0.159996
0.335408
0.605803
)
;

boundaryField
{
    movingWall
    {
        type            zeroGradient;
    }
    fixedWalls
    {
        type            zeroGradient;
    }
    frontAndBack
    {
        type            empty;
    }
}


// ************************************************************************* //
