/*--------------------------------*- C++ -*----------------------------------*\
  =========                 |
  \\      /  F ield         | OpenFOAM: The Open Source CFD Toolbox
   \\    /   O peration     | Website:  https://openfoam.org
    \\  /    A nd           | Version:  6
     \\/     M anipulation  |
\*---------------------------------------------------------------------------*/
FoamFile
{
    version     2.0;
    format      ascii;
    class       surfaceScalarField;
    location    "0.15";
    object      phi;
}
// * * * * * * * * * * * * * * * * * * * * * * * * * * * * * * * * * * * * * //

dimensions      [0 3 -1 0 0 0 0];

internalField   nonuniform List<scalar> 
760
(
-1.29601e-09
1.29609e-09
-4.04796e-08
3.91835e-08
-1.08072e-07
6.7592e-08
-1.89205e-07
8.11332e-08
-2.73039e-07
8.38347e-08
-3.52497e-07
7.94574e-08
-4.229e-07
7.0403e-08
-4.80771e-07
5.7871e-08
-5.23045e-07
4.22737e-08
-5.46752e-07
2.37071e-08
-5.49095e-07
2.34318e-09
-5.27832e-07
-2.12634e-08
-4.81924e-07
-4.59071e-08
-4.12426e-07
-6.9498e-08
-3.23507e-07
-8.8919e-08
-2.23387e-07
-1.0012e-07
-1.24753e-07
-9.86342e-08
-4.42459e-08
-8.05069e-08
-8.02793e-11
-4.41657e-08
-8.03531e-11
-3.978e-08
4.1076e-08
-1.5205e-07
1.51453e-07
-3.15476e-07
2.31019e-07
-5.04811e-07
2.70468e-07
-6.9888e-07
2.77903e-07
-8.82125e-07
2.62703e-07
-1.04339e-06
2.31671e-07
-1.1742e-06
1.88679e-07
-1.26744e-06
1.35507e-07
-1.31676e-06
7.30318e-08
-1.31672e-06
2.30751e-09
-1.26346e-06
-7.45264e-08
-1.15591e-06
-1.53457e-07
-9.97471e-07
-2.27939e-07
-7.97817e-07
-2.88572e-07
-5.74405e-07
-3.23533e-07
-3.52745e-07
-3.20294e-07
-1.64308e-07
-2.68944e-07
-4.03626e-08
-1.68111e-07
-4.0443e-08
-7.33095e-08
1.14386e-07
-2.47587e-07
3.25731e-07
-4.85352e-07
4.68783e-07
-7.53315e-07
5.38431e-07
-1.02452e-06
5.49108e-07
-1.27884e-06
5.17021e-07
-1.50149e-06
4.54319e-07
-1.68106e-06
3.68253e-07
-1.80804e-06
2.6249e-07
-1.8741e-06
1.39093e-07
-1.87219e-06
3.99883e-10
-1.7974e-06
-1.49321e-07
-1.64846e-06
-3.02395e-07
-1.4299e-06
-4.46499e-07
-1.15439e-06
-5.64085e-07
-8.44664e-07
-6.33257e-07
-5.33857e-07
-6.31101e-07
-2.62788e-07
-5.40013e-07
-7.32701e-08
-3.57629e-07
-1.13713e-07
-9.75052e-08
2.11891e-07
-3.21248e-07
5.49474e-07
-6.18583e-07
7.66118e-07
-9.48043e-07
8.67891e-07
-1.27818e-06
8.7924e-07
-1.58614e-06
8.24985e-07
-1.85529e-06
7.23468e-07
-2.07272e-06
5.85688e-07
-2.22753e-06
4.17299e-07
-2.30993e-06
2.21487e-07
-2.31128e-06
1.75689e-09
-2.22507e-06
-2.35538e-07
-2.04865e-06
-4.7881e-07
-1.78601e-06
-7.09146e-07
-1.45089e-06
-8.99201e-07
-1.06969e-06
-1.01446e-06
-6.82346e-07
-1.01844e-06
-3.39604e-07
-8.82755e-07
-9.57573e-08
-6.01476e-07
-2.09471e-07
-1.16074e-07
3.27965e-07
-3.80773e-07
8.14172e-07
-7.28774e-07
1.11412e-06
-1.11079e-06
1.24991e-06
-1.49137e-06
1.25981e-06
-1.8458e-06
1.17941e-06
-2.15654e-06
1.03421e-06
-2.41004e-06
8.39188e-07
-2.59449e-06
6.01749e-07
-2.6987e-06
3.25692e-07
-2.71195e-06
1.50041e-08
-2.62493e-06
-3.22553e-07
-2.43191e-06
-6.71825e-07
-2.13425e-06
-1.00681e-06
-1.74496e-06
-1.28849e-06
-1.29334e-06
-1.46607e-06
-8.27346e-07
-1.48444e-06
-4.10865e-07
-1.29924e-06
-1.14199e-07
-8.98142e-07
-3.2367e-07
-1.32655e-07
4.6062e-07
-4.35257e-07
1.11677e-06
-8.3112e-07
1.50998e-06
-1.26343e-06
1.68222e-06
-1.69298e-06
1.68937e-06
-2.09374e-06
1.58017e-06
-2.44792e-06
1.3884e-06
-2.7419e-06
1.13316e-06
-2.96331e-06
8.23164e-07
-3.09948e-06
4.61857e-07
-3.13687e-06
5.24009e-08
-3.06194e-06
-3.97486e-07
-2.86353e-06
-8.70238e-07
-2.53749e-06
-1.33285e-06
-2.09343e-06
-1.73255e-06
-1.56239e-06
-1.99711e-06
-1.00215e-06
-2.04467e-06
-4.95225e-07
-1.80616e-06
-1.34822e-07
-1.25854e-06
-4.58492e-07
-1.50058e-07
6.10679e-07
-4.92355e-07
1.45907e-06
-9.38435e-07
1.95606e-06
-1.42374e-06
2.16752e-06
-1.90547e-06
2.1711e-06
-2.35675e-06
2.03146e-06
-2.76028e-06
1.79192e-06
-3.10304e-06
1.47592e-06
-3.37265e-06
1.09277e-06
-3.55504e-06
6.44255e-07
-3.63335e-06
1.3071e-07
-3.58816e-06
-4.42675e-07
-3.39999e-06
-1.05841e-06
-3.05501e-06
-1.67784e-06
-2.55469e-06
-2.23287e-06
-1.92854e-06
-2.62326e-06
-1.24538e-06
-2.72784e-06
-6.142e-07
-2.43734e-06
-1.64007e-07
-1.70874e-06
-6.22499e-07
-1.7036e-07
7.81039e-07
-5.57893e-07
1.8466e-06
-1.06031e-06
2.45848e-06
-1.60444e-06
2.71165e-06
-2.14399e-06
2.71064e-06
-2.65193e-06
2.5394e-06
-3.1124e-06
2.25239e-06
-3.51408e-06
1.8776e-06
-3.84559e-06
1.42428e-06
-4.0922e-06
8.90872e-07
-4.23372e-06
2.72227e-07
-4.24359e-06
-4.32808e-07
-4.09064e-06
-1.21136e-06
-3.7454e-06
-2.02307e-06
-3.19324e-06
-2.78503e-06
-2.4546e-06
-3.3619e-06
-1.60741e-06
-3.57503e-06
-7.97055e-07
-3.24769e-06
-2.10359e-07
-2.29543e-06
-8.32858e-07
-1.95228e-07
9.76267e-07
-6.36464e-07
2.28784e-06
-1.20385e-06
3.02587e-06
-1.81405e-06
3.32185e-06
-2.4174e-06
3.31398e-06
-2.98772e-06
3.10973e-06
-3.51199e-06
2.77666e-06
-3.98222e-06
2.34783e-06
-4.38977e-06
1.83183e-06
-4.72098e-06
1.22208e-06
-4.95346e-06
5.04705e-07
-5.05321e-06
-3.33054e-07
-4.97425e-06
-1.29032e-06
-4.66404e-06
-2.33327e-06
-4.07964e-06
-3.36943e-06
-3.218e-06
-4.22355e-06
-2.15713e-06
-4.6359e-06
-1.08751e-06
-4.3173e-06
-2.87758e-07
-3.09519e-06
-1.12062e-06
-2.2646e-07
1.20273e-06
-7.32562e-07
2.79394e-06
-1.37509e-06
3.6684e-06
-2.05836e-06
4.00512e-06
-2.72959e-06
3.98522e-06
-3.36493e-06
3.74506e-06
-3.95603e-06
3.36777e-06
-4.50042e-06
2.89222e-06
-4.99474e-06
2.32614e-06
-5.42928e-06
1.65663e-06
-5.78234e-06
8.57762e-07
-6.01414e-06
-1.0125e-07
-6.06241e-06
-1.24206e-06
-5.8443e-06
-2.55139e-06
-5.27313e-06
-3.9406e-06
-4.2996e-06
-5.19708e-06
-2.97993e-06
-5.95557e-06
-1.54851e-06
-5.74873e-06
-4.19095e-07
-4.2246e-06
-1.53971e-06
-2.66737e-07
1.46946e-06
-8.52059e-07
3.37926e-06
-1.58067e-06
4.39702e-06
-2.34173e-06
4.76618e-06
-3.08018e-06
4.72366e-06
-3.77641e-06
4.4413e-06
-4.429e-06
4.02036e-06
-5.04338e-06
3.5066e-06
-5.6245e-06
2.90726e-06
-6.17052e-06
2.20265e-06
-6.66511e-06
1.35236e-06
-7.06742e-06
3.01061e-07
-7.30145e-06
-1.00803e-06
-7.25088e-06
-2.60196e-06
-6.77165e-06
-4.41982e-06
-5.74013e-06
-6.2286e-06
-4.15172e-06
-7.54398e-06
-2.25718e-06
-7.64327e-06
-6.3994e-07
-5.84184e-06
-2.17965e-06
-3.20764e-07
1.79023e-06
-1.00408e-06
4.06258e-06
-1.82932e-06
5.22225e-06
-2.66752e-06
5.60438e-06
-3.4633e-06
5.51944e-06
-4.20407e-06
5.18207e-06
-4.89754e-06
4.71384e-06
-5.5591e-06
4.16816e-06
-6.20463e-06
3.55278e-06
-6.84411e-06
2.84213e-06
-7.47253e-06
1.98078e-06
-8.05604e-06
8.84572e-07
-8.51421e-06
-5.49852e-07
-8.70455e-06
-2.41162e-06
-8.42398e-06
-4.70039e-06
-7.4527e-06
-7.19989e-06
-5.67258e-06
-9.3241e-06
-3.27739e-06
-1.00385e-05
-1.00036e-06
-8.11887e-06
-3.18001e-06
-3.9726e-07
2.18749e-06
-1.20353e-06
4.86885e-06
-2.13269e-06
6.15141e-06
-3.03604e-06
6.50773e-06
-3.86257e-06
6.34597e-06
-4.61072e-06
5.93021e-06
-5.2994e-06
5.40252e-06
-5.95493e-06
4.82369e-06
-6.60509e-06
4.20294e-06
-7.27401e-06
3.51104e-06
-7.97334e-06
2.68011e-06
-8.68676e-06
1.59799e-06
-9.34688e-06
1.10269e-07
-9.80888e-06
-1.94963e-06
-9.83406e-06
-4.6752e-06
-9.11076e-06
-7.9232e-06
-7.36008e-06
-1.10748e-05
-4.59435e-06
-1.28042e-05
-1.55739e-06
-1.11558e-05
-4.7374e-06
-5.12744e-07
2.70023e-06
-1.47443e-06
5.83053e-06
-2.50383e-06
7.18082e-06
-3.43663e-06
7.44053e-06
-4.23707e-06
7.14641e-06
-4.92128e-06
6.61442e-06
-5.52176e-06
6.00299e-06
-6.07554e-06
5.37747e-06
-6.6209e-06
4.7483e-06
-7.19507e-06
4.08522e-06
-7.82853e-06
3.31357e-06
-8.53219e-06
2.30165e-06
-9.27464e-06
8.52713e-07
-9.94908e-06
-1.27519e-06
-1.03362e-05
-4.28804e-06
-1.00822e-05
-8.17722e-06
-8.74124e-06
-1.24158e-05
-6.0046e-06
-1.55408e-05
-2.33523e-06
-1.48252e-05
-7.07263e-06
-6.98982e-07
3.39922e-06
-1.85364e-06
6.98519e-06
-2.94791e-06
8.27509e-06
-3.82418e-06
8.31679e-06
-4.48634e-06
7.80857e-06
-4.98045e-06
7.10853e-06
-5.35701e-06
6.37955e-06
-5.66373e-06
5.68419e-06
-5.94632e-06
5.03089e-06
-6.25035e-06
4.38925e-06
-6.62151e-06
3.68473e-06
-7.1011e-06
2.78124e-06
-7.71207e-06
1.46368e-06
-8.42924e-06
-5.58017e-07
-9.12761e-06
-3.58968e-06
-9.50849e-06
-7.79633e-06
-9.03181e-06
-1.28924e-05
-6.99897e-06
-1.75737e-05
-3.226e-06
-1.85982e-05
-1.02986e-05
-1.01613e-06
4.41534e-06
-2.38801e-06
8.35708e-06
-3.42486e-06
9.31194e-06
-4.05158e-06
8.94351e-06
-4.36276e-06
8.11976e-06
-4.45593e-06
7.2017e-06
-4.40768e-06
6.3313e-06
-4.27767e-06
5.55419e-06
-4.1154e-06
4.86862e-06
-3.96726e-06
4.2411e-06
-3.88416e-06
3.60163e-06
-3.92865e-06
2.82574e-06
-4.17714e-06
1.71217e-06
-4.70646e-06
-2.86916e-08
-5.54622e-06
-2.74992e-06
-6.57013e-06
-6.77242e-06
-7.3056e-06
-1.2157e-05
-6.76045e-06
-1.81188e-05
-3.86334e-06
-2.14953e-05
-1.4162e-05
-1.56813e-06
5.98348e-06
-3.0771e-06
9.86605e-06
-3.70247e-06
9.93731e-06
-3.66736e-06
8.90839e-06
-3.24826e-06
7.70066e-06
-2.61963e-06
6.57307e-06
-1.88714e-06
5.5988e-06
-1.11756e-06
4.78461e-06
-3.55819e-07
4.10688e-06
3.61762e-07
3.52352e-06
9.93263e-07
2.97013e-06
1.47428e-06
2.34472e-06
1.69969e-06
1.48676e-06
1.51291e-06
1.58087e-07
7.25646e-07
-1.96265e-06
-7.85809e-07
-5.26097e-06
-2.82317e-06
-1.01196e-05
-4.39405e-06
-1.65479e-05
-3.60515e-06
-2.22842e-05
-1.77671e-05
-2.47053e-06
8.45401e-06
-3.48382e-06
1.08793e-05
-2.76059e-06
9.21408e-06
-1.28877e-06
7.43657e-06
4.05061e-07
6.00683e-06
2.11162e-06
4.86652e-06
3.7428e-06
3.96762e-06
5.25974e-06
3.26767e-06
6.64767e-06
2.71896e-06
7.89882e-06
2.27237e-06
8.99567e-06
1.87327e-06
9.89082e-06
1.44957e-06
1.04811e-05
8.96533e-07
1.05785e-05
6.06698e-08
9.8934e-06
-1.27759e-06
8.06863e-06
-3.43619e-06
4.87587e-06
-6.92685e-06
8.57198e-07
-1.25293e-05
-1.70408e-06
-1.97229e-05
-1.94712e-05
-2.87558e-06
1.13296e-05
-5.2049e-07
8.52425e-06
3.36299e-06
5.33059e-06
6.99547e-06
3.80409e-06
1.01472e-05
2.85507e-06
1.28557e-05
2.15808e-06
1.51719e-05
1.65139e-06
1.71506e-05
1.28897e-06
1.88444e-05
1.02517e-06
2.02933e-05
8.23441e-07
2.15143e-05
6.52286e-07
2.24865e-05
4.77394e-07
2.31284e-05
2.54584e-07
2.32657e-05
-7.65815e-08
2.25897e-05
-6.0156e-07
2.06165e-05
-1.46301e-06
1.66953e-05
-3.00568e-06
1.03703e-05
-6.20426e-06
2.95282e-06
-1.23054e-05
-1.65184e-05
1.13296e-05
1.98538e-05
2.51844e-05
2.89885e-05
3.18436e-05
3.40017e-05
3.56531e-05
3.6942e-05
3.79672e-05
3.87906e-05
3.94429e-05
3.99203e-05
4.01749e-05
4.00983e-05
3.94968e-05
3.80337e-05
3.50281e-05
2.88238e-05
1.65184e-05
)
;

boundaryField
{
    movingWall
    {
        type            calculated;
        value           uniform 0;
    }
    fixedWalls
    {
        type            calculated;
        value           uniform 0;
    }
    frontAndBack
    {
        type            empty;
        value           nonuniform 0();
    }
}


// ************************************************************************* //
