/*--------------------------------*- C++ -*----------------------------------*\
  =========                 |
  \\      /  F ield         | OpenFOAM: The Open Source CFD Toolbox
   \\    /   O peration     | Website:  https://openfoam.org
    \\  /    A nd           | Version:  6
     \\/     M anipulation  |
\*---------------------------------------------------------------------------*/
FoamFile
{
    version     2.0;
    format      ascii;
    class       volVectorField;
    location    "0.015";
    object      U;
}
// * * * * * * * * * * * * * * * * * * * * * * * * * * * * * * * * * * * * * //

dimensions      [0 1 -1 0 0 0 0];

internalField   nonuniform List<vector> 
400
(
(0.000251173 -0.000246885 0)
(0.000152802 0.000106263 0)
(-0.00112767 0.000555967 0)
(-0.00339162 0.000877533 0)
(-0.00625126 0.00103969 0)
(-0.00930718 0.00105447 0)
(-0.0121996 0.000946292 0)
(-0.014632 0.000743458 0)
(-0.0163811 0.00047406 0)
(-0.0172973 0.000164875 0)
(-0.0173049 -0.000158262 0)
(-0.0164011 -0.000469591 0)
(-0.0146575 -0.000742508 0)
(-0.0122217 -0.000948925 0)
(-0.00931866 -0.00105934 0)
(-0.00624946 -0.00104445 0)
(-0.00337976 -0.000879844 0)
(-0.00111363 -0.000554727 0)
(0.000161643 -0.000102609 0)
(0.000253344 0.000249135 0)
(-6.66135e-05 -0.000182309 0)
(-0.00154126 0.00158806 0)
(-0.00551664 0.0035422 0)
(-0.01143 0.00496031 0)
(-0.018495 0.00567201 0)
(-0.0258952 0.00568473 0)
(-0.0328479 0.00508377 0)
(-0.0386798 0.0039916 0)
(-0.0428692 0.00254447 0)
(-0.0450618 0.000882044 0)
(-0.0450764 -0.000855434 0)
(-0.0429082 -0.00252671 0)
(-0.0387299 -0.00398837 0)
(-0.0328924 -0.00509534 0)
(-0.0259202 -0.00570558 0)
(-0.0184949 -0.00569269 0)
(-0.0114098 -0.00497128 0)
(-0.00549028 -0.00353883 0)
(-0.00152334 -0.00157461 0)
(-6.13867e-05 0.00019159 0)
(-0.000502705 0.00102104 0)
(-0.0035809 0.00555792 0)
(-0.0102935 0.0100047 0)
(-0.0195281 0.0131868 0)
(-0.0301402 0.0147306 0)
(-0.0410355 0.014615 0)
(-0.0511601 0.0130108 0)
(-0.0595992 0.0101943 0)
(-0.0656395 0.00649087 0)
(-0.0687946 0.00224602 0)
(-0.0688159 -0.00218719 0)
(-0.0656965 -0.00645152 0)
(-0.0596744 -0.010187 0)
(-0.0512307 -0.0130365 0)
(-0.0410814 -0.0146619 0)
(-0.0301515 -0.0147783 0)
(-0.0195093 -0.0132142 0)
(-0.0102617 -0.0100007 0)
(-0.0035565 -0.00553027 0)
(-0.000494746 -0.000998799 0)
(-0.000889374 0.00331861 0)
(-0.00551541 0.0118724 0)
(-0.0149285 0.0195133 0)
(-0.0273551 0.0247928 0)
(-0.0412467 0.0272002 0)
(-0.0552559 0.0267242 0)
(-0.0681204 0.023659 0)
(-0.0787586 0.0184778 0)
(-0.0863354 0.0117439 0)
(-0.0902849 0.00406032 0)
(-0.0903177 -0.00395368 0)
(-0.0864251 -0.0116708 0)
(-0.0788811 -0.0184604 0)
(-0.068244 -0.0237 0)
(-0.0553505 -0.0268049 0)
(-0.0412941 -0.0272865 0)
(-0.0273556 -0.0248479 0)
(-0.0149011 -0.0195152 0)
(-0.00548785 -0.0118301 0)
(-0.000879095 -0.0032795 0)
(-0.00123269 0.00660399 0)
(-0.00734516 0.0204163 0)
(-0.0194313 0.0319101 0)
(-0.0350079 0.0395205 0)
(-0.0520751 0.042715 0)
(-0.0690225 0.0415768 0)
(-0.0844038 0.0365875 0)
(-0.0970154 0.0284665 0)
(-0.105949 0.0180539 0)
(-0.110596 0.00624175 0)
(-0.11065 -0.00605802 0)
(-0.106098 -0.0179229 0)
(-0.0972258 -0.0284242 0)
(-0.0846291 -0.0366411 0)
(-0.0692159 -0.0417007 0)
(-0.0522032 -0.042858 0)
(-0.0350611 -0.0396242 0)
(-0.0194278 -0.0319345 0)
(-0.00732154 -0.0203661 0)
(-0.0012211 -0.00654617 0)
(-0.00156294 0.0108266 0)
(-0.00916004 0.0311755 0)
(-0.0239509 0.0472171 0)
(-0.0426994 0.0573785 0)
(-0.0629108 0.0612347 0)
(-0.0826974 0.0590785 0)
(-0.100446 0.0516687 0)
(-0.114868 0.0400348 0)
(-0.125023 0.0253332 0)
(-0.130298 0.00876565 0)
(-0.130386 -0.00845366 0)
(-0.125268 -0.0251012 0)
(-0.115223 -0.0399396 0)
(-0.100842 -0.0517264 0)
(-0.0830626 -0.0592574 0)
(-0.0631862 -0.0614629 0)
(-0.0428571 -0.0575672 0)
(-0.0240032 -0.047297 0)
(-0.0091533 -0.0311369 0)
(-0.00155231 -0.0107531 0)
(-0.00191017 0.0159996 0)
(-0.0110616 0.0442071 0)
(-0.0286591 0.0655019 0)
(-0.0506408 0.0783969 0)
(-0.0739704 0.0827234 0)
(-0.0964781 0.0791287 0)
(-0.116412 0.0687648 0)
(-0.132447 0.0530471 0)
(-0.143661 0.0334876 0)
(-0.14948 0.0116069 0)
(-0.149616 -0.0110877 0)
(-0.144046 -0.0330866 0)
(-0.133014 -0.052852 0)
(-0.117066 -0.0688078 0)
(-0.0971083 -0.0793749 0)
(-0.0744818 -0.0830763 0)
(-0.0509752 -0.0787267 0)
(-0.0288139 -0.0656933 0)
(-0.0110918 -0.0442188 0)
(-0.00190442 -0.0159217 0)
(-0.00230247 0.022195 0)
(-0.0131473 0.0596434 0)
(-0.0337126 0.0868693 0)
(-0.0589874 0.10259 0)
(-0.0853408 0.107083 0)
(-0.110337 0.101538 0)
(-0.132142 0.0876426 0)
(-0.149468 0.0672861 0)
(-0.161485 0.0423686 0)
(-0.167712 0.0147221 0)
(-0.167911 -0.0138861 0)
(-0.162054 -0.0417026 0)
(-0.150319 -0.066921 0)
(-0.133145 -0.0876376 0)
(-0.111337 -0.10186 0)
(-0.0861935 -0.10761 0)
(-0.0595883 -0.103139 0)
(-0.0340311 -0.0872576 0)
(-0.0132424 -0.059771 0)
(-0.00230752 -0.0221366 0)
(-0.00276911 0.0295403 0)
(-0.0155128 0.077685 0)
(-0.0392409 0.111437 0)
(-0.067806 0.129903 0)
(-0.0969274 0.134079 0)
(-0.123954 0.125943 0)
(-0.147076 0.107894 0)
(-0.165153 0.0823867 0)
(-0.177556 0.0517298 0)
(-0.183966 0.018033 0)
(-0.18424 -0.0167426 0)
(-0.178343 -0.0506753 0)
(-0.166347 -0.0817567 0)
(-0.148511 -0.107788 0)
(-0.125428 -0.126342 0)
(-0.0982318 -0.134836 0)
(-0.0687752 -0.130772 0)
(-0.039797 -0.112141 0)
(-0.015709 -0.0780275 0)
(-0.00279323 -0.0295422 0)
(-0.00334832 0.0382206 0)
(-0.0182676 0.0985873 0)
(-0.0453509 0.139284 0)
(-0.0770508 0.160126 0)
(-0.108395 0.163229 0)
(-0.136634 0.15169 0)
(-0.160149 0.128829 0)
(-0.178124 0.0977536 0)
(-0.190263 0.0611737 0)
(-0.196509 0.0214046 0)
(-0.19686 -0.0195058 0)
(-0.191277 -0.0595879 0)
(-0.179683 -0.0967408 0)
(-0.162062 -0.128546 0)
(-0.138652 -0.152147 0)
(-0.110245 -0.164266 0)
(-0.0784873 -0.161429 0)
(-0.0462255 -0.140455 0)
(-0.0186084 -0.0992826 0)
(-0.00340243 -0.0383458 0)
(-0.00410134 0.0484987 0)
(-0.0215639 0.122649 0)
(-0.0521364 0.170373 0)
(-0.0865235 0.192758 0)
(-0.119077 0.193644 0)
(-0.147173 0.177686 0)
(-0.169653 0.149356 0)
(-0.186255 0.112475 0)
(-0.197188 0.0700987 0)
(-0.202766 0.0246247 0)
(-0.20318 -0.0219703 0)
(-0.198392 -0.0678382 0)
(-0.188134 -0.110949 0)
(-0.17201 -0.148794 0)
(-0.149735 -0.178153 0)
(-0.121511 -0.194989 0)
(-0.0884986 -0.194608 0)
(-0.0534046 -0.172186 0)
(-0.0220973 -0.123874 0)
(-0.00419922 -0.0488361 0)
(-0.00513768 0.0607615 0)
(-0.0256387 0.150199 0)
(-0.0596715 0.204429 0)
(-0.0957824 0.226816 0)
(-0.127808 0.22383 0)
(-0.153661 0.202231 0)
(-0.173029 0.16786 0)
(-0.186494 0.125246 0)
(-0.19495 0.0776575 0)
(-0.199182 0.0273853 0)
(-0.199619 -0.0238744 0)
(-0.196235 -0.0746117 0)
(-0.18854 -0.123084 0)
(-0.17567 -0.166899 0)
(-0.156636 -0.202616 0)
(-0.130761 -0.225461 0)
(-0.0982982 -0.229292 0)
(-0.0613807 -0.20706 0)
(-0.0264118 -0.152161 0)
(-0.00529597 -0.0614292 0)
(-0.00665934 0.0756159 0)
(-0.0308684 0.18156 0)
(-0.0679493 0.240722 0)
(-0.103931 0.260542 0)
(-0.132625 0.251418 0)
(-0.15316 0.22283 0)
(-0.166593 0.182104 0)
(-0.174651 0.134331 0)
(-0.179057 0.0827468 0)
(-0.181113 0.0292775 0)
(-0.181505 -0.0249092 0)
(-0.180227 -0.0788856 0)
(-0.176572 -0.131456 0)
(-0.16918 -0.180619 0)
(-0.156227 -0.222993 0)
(-0.13585 -0.253232 0)
(-0.106859 -0.26364 0)
(-0.0700812 -0.244302 0)
(-0.0319154 -0.184478 0)
(-0.006897 -0.0767612 0)
(-0.00903055 0.0940527 0)
(-0.037804 0.216925 0)
(-0.0766509 0.277661 0)
(-0.109139 0.290954 0)
(-0.130193 0.272854 0)
(-0.1412 0.236056 0)
(-0.145168 0.18922 0)
(-0.145186 0.137618 0)
(-0.143812 0.0840664 0)
(-0.142805 0.0298137 0)
(-0.143056 -0.0247486 0)
(-0.144589 -0.0794998 0)
(-0.146547 -0.134047 0)
(-0.147162 -0.18712 0)
(-0.143794 -0.23581 0)
(-0.133195 -0.274633 0)
(-0.11214 -0.294525 0)
(-0.0790607 -0.282201 0)
(-0.0391233 -0.220975 0)
(-0.00936626 -0.0958454 0)
(-0.0128407 0.117666 0)
(-0.0470329 0.255954 0)
(-0.0844554 0.312045 0)
(-0.107615 0.313247 0)
(-0.114809 0.283132 0)
(-0.111028 0.237583 0)
(-0.101654 0.185915 0)
(-0.0910592 0.132864 0)
(-0.0823738 0.0803072 0)
(-0.0775562 0.0285017 0)
(-0.0775576 -0.0231097 0)
(-0.0824349 -0.0753389 0)
(-0.0913371 -0.128773 0)
(-0.102362 -0.183199 0)
(-0.112355 -0.23674 0)
(-0.116804 -0.284543 0)
(-0.110056 -0.316934 0)
(-0.0867817 -0.317333 0)
(-0.0485379 -0.261181 0)
(-0.0132828 -0.120275 0)
(-0.0187448 0.148972 0)
(-0.0583121 0.296763 0)
(-0.0871779 0.337743 0)
(-0.0915126 0.320076 0)
(-0.076752 0.275795 0)
(-0.0526246 0.222638 0)
(-0.0266488 0.169074 0)
(-0.00379559 0.118243 0)
(0.0129111 0.0705239 0)
(0.0218062 0.0249909 0)
(0.0221343 -0.0198505 0)
(0.0138165 -0.0656684 0)
(-0.00254268 -0.114013 0)
(-0.0254048 -0.165914 0)
(-0.0518123 -0.221097 0)
(-0.0767419 -0.276452 0)
(-0.0924358 -0.323302 0)
(-0.0887324 -0.343237 0)
(-0.059731 -0.302944 0)
(-0.0192569 -0.152512 0)
(-0.0262892 0.192133 0)
(-0.0675443 0.333543 0)
(-0.0733415 0.343267 0)
(-0.0450421 0.300715 0)
(0.000111021 0.243409 0)
(0.0482813 0.187057 0)
(0.0915724 0.136854 0)
(0.125974 0.0932046 0)
(0.149678 0.0546776 0)
(0.161979 0.019285 0)
(0.16263 -0.0150898 0)
(0.151554 -0.0505974 0)
(0.128844 -0.0894167 0)
(0.0950391 -0.133662 0)
(0.0517853 -0.184944 0)
(0.0029983 -0.243045 0)
(-0.0433492 -0.302802 0)
(-0.0730797 -0.348072 0)
(-0.0682586 -0.340017 0)
(-0.0266961 -0.196563 0)
(-0.0286795 0.250087 0)
(-0.0580444 0.34973 0)
(-0.0148707 0.30877 0)
(0.0618179 0.241956 0)
(0.141077 0.180152 0)
(0.210567 0.129947 0)
(0.266182 0.0907405 0)
(0.307162 0.0598246 0)
(0.334081 0.0343849 0)
(0.347719 0.0120146 0)
(0.348537 -0.00936066 0)
(0.336495 -0.0317092 0)
(0.311033 -0.0571466 0)
(0.271235 -0.0881745 0)
(0.21633 -0.12778 0)
(0.146843 -0.178934 0)
(0.0667037 -0.242513 0)
(-0.011756 -0.311888 0)
(-0.0570082 -0.355212 0)
(-0.0284705 -0.254811 0)
(0.0136402 0.288411 0)
(0.0296722 0.30224 0)
(0.15281 0.213824 0)
(0.281125 0.142351 0)
(0.381161 0.0940751 0)
(0.455286 0.0621152 0)
(0.508697 0.0406957 0)
(0.545386 0.0256867 0)
(0.568409 0.0143557 0)
(0.579773 0.00491546 0)
(0.58045 -0.00392332 0)
(0.570444 -0.0133002 0)
(0.548784 -0.0245118 0)
(0.513425 -0.0393705 0)
(0.461189 -0.0606825 0)
(0.387862 -0.0927624 0)
(0.287916 -0.141724 0)
(0.158532 -0.21473 0)
(0.0332519 -0.305021 0)
(0.0153851 -0.291426 0)
(0.304639 0.147062 0)
(0.405645 0.127652 0)
(0.568627 0.0748428 0)
(0.685194 0.041968 0)
(0.752715 0.0239633 0)
(0.793865 0.0140175 0)
(0.820215 0.00835409 0)
(0.836968 0.00492389 0)
(0.846957 0.00262444 0)
(0.851723 0.000855992 0)
(0.851936 -0.000748787 0)
(0.847616 -0.00248947 0)
(0.838131 -0.00472767 0)
(0.82198 -0.00805267 0)
(0.796346 -0.0135597 0)
(0.756005 -0.0233222 0)
(0.689306 -0.0412216 0)
(0.57305 -0.0742686 0)
(0.408908 -0.127711 0)
(0.306185 -0.147628 0)
)
;

boundaryField
{
    movingWall
    {
        type            fixedValue;
        value           uniform (1 0 0);
    }
    fixedWalls
    {
        type            noSlip;
    }
    frontAndBack
    {
        type            empty;
    }
}


// ************************************************************************* //
