/*--------------------------------*- C++ -*----------------------------------*\
  =========                 |
  \\      /  F ield         | OpenFOAM: The Open Source CFD Toolbox
   \\    /   O peration     | Website:  https://openfoam.org
    \\  /    A nd           | Version:  6
     \\/     M anipulation  |
\*---------------------------------------------------------------------------*/
FoamFile
{
    version     2.0;
    format      ascii;
    class       surfaceScalarField;
    location    "0.04";
    object      phi;
}
// * * * * * * * * * * * * * * * * * * * * * * * * * * * * * * * * * * * * * //

dimensions      [0 3 -1 0 0 0 0];

internalField   nonuniform List<scalar> 
760
(
-6.74395e-09
6.74395e-09
-5.67147e-08
4.99708e-08
-1.33927e-07
7.72124e-08
-2.20416e-07
8.64888e-08
-3.04753e-07
8.43374e-08
-3.8034e-07
7.55871e-08
-4.43328e-07
6.29882e-08
-4.91287e-07
4.79589e-08
-5.22513e-07
3.12252e-08
-5.35758e-07
1.32451e-08
-5.30187e-07
-5.57135e-09
-5.05428e-07
-2.47582e-08
-4.61706e-07
-4.37228e-08
-4.00065e-07
-6.16407e-08
-3.2282e-07
-7.72449e-08
-2.34368e-07
-8.84522e-08
-1.42513e-07
-9.18541e-08
-6.03144e-08
-8.21991e-08
-7.26537e-09
-5.3049e-08
-7.26535e-09
-4.98671e-08
5.66111e-08
-1.76935e-07
1.77039e-07
-3.50483e-07
2.5076e-07
-5.40884e-07
2.76889e-07
-7.26395e-07
2.69849e-07
-8.92961e-07
2.42153e-07
-1.03175e-06
2.01773e-07
-1.137e-06
1.53217e-07
-1.20481e-06
9.90319e-08
-1.23248e-06
4.09134e-08
-1.21839e-06
-1.9662e-08
-1.16205e-06
-8.10947e-08
-1.06437e-06
-1.41404e-07
-9.2813e-07
-1.97883e-07
-7.58872e-07
-2.46502e-07
-5.66375e-07
-2.80949e-07
-3.66744e-07
-2.91486e-07
-1.84446e-07
-2.64497e-07
-5.16016e-08
-1.85893e-07
-5.8867e-08
-8.11134e-08
1.37724e-07
-2.6441e-07
3.60336e-07
-5.03223e-07
4.89573e-07
-7.60302e-07
5.33969e-07
-1.00887e-06
5.18416e-07
-1.23128e-06
4.64563e-07
-1.41617e-06
3.86669e-07
-1.55606e-06
2.93105e-07
-1.64583e-06
1.88803e-07
-1.68204e-06
7.71184e-08
-1.66264e-06
-3.90567e-08
-1.58709e-06
-1.56647e-07
-1.45662e-06
-2.71874e-07
-1.2749e-06
-3.79601e-07
-1.04914e-06
-4.72262e-07
-7.91837e-07
-5.38255e-07
-5.23182e-07
-5.6014e-07
-2.73419e-07
-5.1426e-07
-8.30134e-08
-3.76299e-07
-1.4188e-07
-1.0068e-07
2.38404e-07
-3.24659e-07
5.84315e-07
-6.11625e-07
7.76539e-07
-9.1693e-07
8.39274e-07
-1.20998e-06
8.11465e-07
-1.47104e-06
7.2562e-07
-1.68752e-06
6.03151e-07
-1.85116e-06
4.56751e-07
-1.95634e-06
2.93983e-07
-1.99922e-06
1.19992e-07
-1.97742e-06
-6.08502e-08
-1.89014e-06
-2.43934e-07
-1.73844e-06
-4.23573e-07
-1.52609e-06
-5.91947e-07
-1.26088e-06
-7.37471e-07
-9.56721e-07
-8.42418e-07
-6.36558e-07
-8.80302e-07
-3.35526e-07
-8.15292e-07
-1.02632e-07
-6.09194e-07
-2.44512e-07
-1.15603e-07
3.54007e-07
-3.73669e-07
8.42381e-07
-7.02475e-07
1.10535e-06
-1.04991e-06
1.1867e-06
-1.38148e-06
1.14304e-06
-1.67566e-06
1.0198e-06
-1.91914e-06
8.46629e-07
-2.10337e-06
6.40985e-07
-2.22258e-06
4.13188e-07
-2.2727e-06
1.70111e-07
-2.25099e-06
-8.25527e-08
-2.15608e-06
-3.38848e-07
-1.98836e-06
-5.91293e-07
-1.75101e-06
-8.29294e-07
-1.4517e-06
-1.03678e-06
-1.10526e-06
-1.18886e-06
-7.37421e-07
-1.24814e-06
-3.88954e-07
-1.16376e-06
-1.18303e-07
-8.79845e-07
-3.62815e-07
-1.30935e-07
4.84942e-07
-4.24535e-07
1.13598e-06
-7.97544e-07
1.47835e-06
-1.18961e-06
1.57877e-06
-1.56181e-06
1.51523e-06
-1.89071e-06
1.3487e-06
-2.16247e-06
1.11839e-06
-2.3686e-06
8.47114e-07
-2.50344e-06
5.48036e-07
-2.56287e-06
2.29538e-07
-2.54367e-06
-1.01753e-07
-2.44354e-06
-4.38979e-07
-2.26161e-06
-7.73219e-07
-1.99973e-06
-1.09118e-06
-1.66472e-06
-1.37179e-06
-1.27204e-06
-1.58155e-06
-8.50657e-07
-1.66952e-06
-4.48503e-07
-1.56591e-06
-1.35558e-07
-1.19279e-06
-4.98372e-07
-1.49876e-07
6.34817e-07
-4.8635e-07
1.47246e-06
-9.12165e-07
1.90417e-06
-1.35702e-06
2.02363e-06
-1.77667e-06
1.93488e-06
-2.14566e-06
1.71768e-06
-2.44989e-06
1.42262e-06
-2.68137e-06
1.0786e-06
-2.83499e-06
7.01655e-07
-2.90675e-06
3.0129e-07
-2.8929e-06
-1.15601e-07
-2.78983e-06
-5.42042e-07
-2.59466e-06
-9.68398e-07
-2.30681e-06
-1.37902e-06
-1.93121e-06
-1.74739e-06
-1.48324e-06
-2.02952e-06
-9.95571e-07
-2.15719e-06
-5.25411e-07
-2.03607e-06
-1.58138e-07
-1.56006e-06
-6.56511e-07
-1.74751e-07
8.09568e-07
-5.65997e-07
1.8637e-06
-1.05785e-06
2.39602e-06
-1.5673e-06
2.53308e-06
-2.04371e-06
2.4113e-06
-2.45966e-06
2.13363e-06
-2.80142e-06
1.76438e-06
-3.06227e-06
1.33945e-06
-3.23831e-06
8.77695e-07
-3.32611e-06
3.89096e-07
-3.32148e-06
-1.20229e-07
-3.21906e-06
-6.44464e-07
-3.01291e-06
-1.17455e-06
-2.69853e-06
-1.6934e-06
-2.27704e-06
-2.16888e-06
-1.76219e-06
-2.54436e-06
-1.19023e-06
-2.72915e-06
-6.30322e-07
-2.59598e-06
-1.89411e-07
-2.00097e-06
-8.45922e-07
-2.07953e-07
1.01752e-06
-6.70375e-07
2.32613e-06
-1.24561e-06
2.97126e-06
-1.834e-06
3.12147e-06
-2.37744e-06
2.95474e-06
-2.84703e-06
2.60321e-06
-3.23063e-06
2.14798e-06
-3.52411e-06
1.63293e-06
-3.72593e-06
1.07952e-06
-3.83404e-06
4.97204e-07
-3.84406e-06
-1.10214e-07
-3.74849e-06
-7.4003e-07
-3.53712e-06
-1.38592e-06
-3.19926e-06
-2.03127e-06
-2.7291e-06
-2.63904e-06
-2.13558e-06
-3.13788e-06
-1.45696e-06
-3.40777e-06
-7.77139e-07
-3.2758e-06
-2.33929e-07
-2.54418e-06
-1.07985e-06
-2.52908e-07
1.27043e-06
-8.08642e-07
2.88186e-06
-1.489e-06
3.65161e-06
-2.17245e-06
3.80493e-06
-2.7926e-06
3.57489e-06
-3.3205e-06
3.13111e-06
-3.74773e-06
2.57521e-06
-4.07486e-06
1.96006e-06
-4.30449e-06
1.30915e-06
-4.43723e-06
6.29944e-07
-4.46921e-06
-7.82376e-08
-4.39066e-06
-8.18581e-07
-4.18572e-06
-1.59086e-06
-3.8345e-06
-2.38248e-06
-3.31949e-06
-3.15406e-06
-2.63882e-06
-3.81855e-06
-1.82816e-06
-4.21843e-06
-9.87769e-07
-4.11619e-06
-2.99532e-07
-3.23242e-06
-1.37938e-06
-3.15313e-07
1.58574e-06
-9.9462e-07
3.56117e-06
-1.80672e-06
4.46371e-06
-2.60174e-06
4.59995e-06
-3.30527e-06
4.27842e-06
-3.89134e-06
3.71718e-06
-4.35878e-06
3.04265e-06
-4.716e-06
2.31728e-06
-4.97231e-06
1.56546e-06
-5.1329e-06
7.90536e-07
-5.19572e-06
-1.5414e-08
-5.14917e-06
-8.65138e-07
-4.9707e-06
-1.76933e-06
-4.62783e-06
-2.72535e-06
-4.08456e-06
-3.69733e-06
-3.31821e-06
-4.58491e-06
-2.35141e-06
-5.18523e-06
-1.29797e-06
-5.16963e-06
-4.0056e-07
-4.12983e-06
-1.77994e-06
-4.04988e-07
1.99073e-06
-1.24955e-06
4.40573e-06
-2.22428e-06
5.43844e-06
-3.14416e-06
5.51983e-06
-3.92982e-06
5.06409e-06
-4.56407e-06
4.35143e-06
-5.05847e-06
3.53705e-06
-5.43366e-06
2.69247e-06
-5.70896e-06
1.84076e-06
-5.89677e-06
9.78352e-07
-5.99897e-06
8.6782e-08
-6.00358e-06
-8.60531e-07
-5.88156e-06
-1.89134e-06
-5.58512e-06
-3.0218e-06
-5.05182e-06
-4.23062e-06
-4.22322e-06
-5.41351e-06
-3.08898e-06
-6.31947e-06
-1.76245e-06
-6.49616e-06
-5.62499e-07
-5.32978e-06
-2.34244e-06
-5.38683e-07
2.52941e-06
-1.60433e-06
5.47137e-06
-2.77191e-06
6.60602e-06
-3.81742e-06
6.56534e-06
-4.66576e-06
5.91243e-06
-5.31887e-06
5.00454e-06
-5.80908e-06
4.02725e-06
-6.17472e-06
3.05812e-06
-6.44886e-06
2.1149e-06
-6.65398e-06
1.18347e-06
-6.79866e-06
2.31462e-07
-6.87359e-06
-7.8561e-07
-6.84587e-06
-1.91905e-06
-6.65266e-06
-3.21501e-06
-6.19898e-06
-4.6843e-06
-5.37261e-06
-6.23988e-06
-4.09784e-06
-7.59424e-06
-2.45145e-06
-8.14255e-06
-8.26706e-07
-6.95453e-06
-3.16915e-06
-7.43751e-07
3.27316e-06
-2.09774e-06
6.82536e-06
-3.47048e-06
7.97876e-06
-4.60764e-06
7.70249e-06
-5.46019e-06
6.76498e-06
-6.06645e-06
5.61081e-06
-6.49009e-06
4.45089e-06
-6.7928e-06
3.36083e-06
-7.02415e-06
2.34626e-06
-7.21867e-06
1.37799e-06
-7.39423e-06
4.07018e-07
-7.5485e-06
-6.31334e-07
-7.65117e-06
-1.81639e-06
-7.63117e-06
-3.23501e-06
-7.36308e-06
-4.95239e-06
-6.66782e-06
-6.93514e-06
-5.36329e-06
-8.89876e-06
-3.41923e-06
-1.00866e-05
-1.24926e-06
-9.12449e-06
-4.41841e-06
-1.06092e-06
4.33409e-06
-2.76005e-06
8.52448e-06
-4.28568e-06
9.50439e-06
-5.39798e-06
8.81479e-06
-6.11917e-06
7.48617e-06
-6.54953e-06
6.04117e-06
-6.79507e-06
4.69642e-06
-6.94347e-06
3.50923e-06
-7.05973e-06
2.46252e-06
-7.18865e-06
1.50691e-06
-7.3575e-06
5.7587e-07
-7.57499e-06
-4.13842e-07
-7.82329e-06
-1.56809e-06
-8.03983e-06
-3.01847e-06
-8.08855e-06
-4.90367e-06
-7.73283e-06
-7.29085e-06
-6.65416e-06
-9.97744e-06
-4.61105e-06
-1.21297e-05
-1.87827e-06
-1.18573e-05
-6.29668e-06
-1.53765e-06
5.87174e-06
-3.55407e-06
1.05409e-05
-5.00917e-06
1.09595e-05
-5.81063e-06
9.61625e-06
-6.13254e-06
7.80808e-06
-6.16556e-06
6.07419e-06
-6.06062e-06
4.59148e-06
-5.9233e-06
3.37191e-06
-5.82314e-06
2.36235e-06
-5.80562e-06
1.4894e-06
-5.90149e-06
6.71734e-07
-6.13066e-06
-1.84671e-07
-6.49798e-06
-1.20077e-06
-6.97489e-06
-2.54156e-06
-7.45914e-06
-4.41942e-06
-7.71112e-06
-7.03887e-06
-7.29936e-06
-1.03892e-05
-5.67422e-06
-1.37549e-05
-2.67572e-06
-1.48558e-05
-8.9724e-06
-2.18477e-06
8.05651e-06
-4.19839e-06
1.25545e-05
-4.98699e-06
1.17481e-05
-4.91042e-06
9.53969e-06
-4.39722e-06
7.29488e-06
-3.72866e-06
5.40562e-06
-3.07022e-06
3.93304e-06
-2.51191e-06
2.81361e-06
-2.0999e-06
1.95033e-06
-1.85958e-06
1.24909e-06
-1.81112e-06
6.23267e-07
-1.97874e-06
-1.70457e-08
-2.39398e-06
-7.85537e-07
-3.08696e-06
-1.84857e-06
-4.05073e-06
-3.45565e-06
-5.15316e-06
-5.93644e-06
-5.98135e-06
-9.561e-06
-5.69514e-06
-1.40411e-05
-3.33983e-06
-1.72111e-05
-1.23122e-05
-2.80278e-06
1.08593e-05
-3.65344e-06
1.34052e-05
-2.54059e-06
1.06353e-05
-7.41727e-07
7.74082e-06
1.08417e-06
5.46898e-06
2.68844e-06
3.80136e-06
3.99505e-06
2.62642e-06
4.99985e-06
1.80881e-06
5.72376e-06
1.22642e-06
6.18786e-06
7.84984e-07
6.39944e-06
4.1169e-07
6.34203e-06
4.03578e-08
5.96511e-06
-4.08616e-07
5.17423e-06
-1.0577e-06
3.83547e-06
-2.11689e-06
1.83818e-06
-3.93915e-06
-6.92804e-07
-7.03002e-06
-2.94793e-06
-1.1786e-05
-3.03036e-06
-1.71286e-05
-1.53426e-05
-1.82104e-06
1.26803e-05
1.60289e-06
9.98124e-06
6.21595e-06
6.02219e-06
1.01773e-05
3.77948e-06
1.32336e-05
2.41262e-06
1.55014e-05
1.53365e-06
1.71474e-05
9.80386e-07
1.83208e-05
6.35423e-07
1.91341e-05
4.13098e-07
1.96611e-05
2.57955e-07
1.99388e-05
1.34006e-07
1.99658e-05
1.33693e-08
1.96918e-05
-1.34614e-07
1.89922e-05
-3.581e-07
1.76254e-05
-7.50123e-07
1.51955e-05
-1.5092e-06
1.1235e-05
-3.06955e-06
5.68462e-06
-6.23555e-06
2.98964e-07
-1.1743e-05
-1.50436e-05
1.26803e-05
2.26616e-05
2.86838e-05
3.24632e-05
3.48759e-05
3.64095e-05
3.73899e-05
3.80253e-05
3.84384e-05
3.86964e-05
3.88304e-05
3.88438e-05
3.87091e-05
3.8351e-05
3.76009e-05
3.60917e-05
3.30222e-05
2.67866e-05
1.50436e-05
)
;

boundaryField
{
    movingWall
    {
        type            calculated;
        value           uniform 0;
    }
    fixedWalls
    {
        type            calculated;
        value           uniform 0;
    }
    frontAndBack
    {
        type            empty;
        value           nonuniform 0();
    }
}


// ************************************************************************* //
