/*--------------------------------*- C++ -*----------------------------------*\
  =========                 |
  \\      /  F ield         | OpenFOAM: The Open Source CFD Toolbox
   \\    /   O peration     | Website:  https://openfoam.org
    \\  /    A nd           | Version:  6
     \\/     M anipulation  |
\*---------------------------------------------------------------------------*/
FoamFile
{
    version     2.0;
    format      ascii;
    class       surfaceScalarField;
    location    "0.035";
    object      phi;
}
// * * * * * * * * * * * * * * * * * * * * * * * * * * * * * * * * * * * * * //

dimensions      [0 3 -1 0 0 0 0];

internalField   nonuniform List<scalar> 
760
(
-2.54612e-08
2.54612e-08
-8.92165e-08
6.37553e-08
-1.6353e-07
7.43135e-08
-2.35747e-07
7.22165e-08
-3.01421e-07
6.56742e-08
-3.58395e-07
5.69739e-08
-4.05115e-07
4.67205e-08
-4.40324e-07
3.52087e-08
-4.63019e-07
2.26949e-08
-4.72463e-07
9.44458e-09
-4.68205e-07
-4.25861e-09
-4.501e-07
-1.8105e-08
-4.18349e-07
-3.17511e-08
-3.73535e-07
-4.48139e-08
-3.1667e-07
-5.68647e-08
-2.49285e-07
-6.73848e-08
-1.73798e-07
-7.54874e-08
-9.52827e-08
-7.85152e-08
-2.75152e-08
-6.77675e-08
-2.75152e-08
-6.49955e-08
9.04566e-08
-1.85858e-07
1.84618e-07
-3.21682e-07
2.10137e-07
-4.53828e-07
2.04363e-07
-5.7417e-07
1.86016e-07
-6.78395e-07
1.61199e-07
-7.63527e-07
1.31852e-07
-8.27271e-07
9.89531e-08
-8.67878e-07
6.33017e-08
-8.84117e-07
2.56838e-08
-8.75287e-07
-1.30885e-08
-8.41245e-07
-5.21469e-08
-7.82459e-07
-9.05372e-08
-7.00081e-07
-1.27192e-07
-5.96048e-07
-1.60897e-07
-4.73302e-07
-1.90131e-07
-3.36526e-07
-2.12263e-07
-1.94747e-07
-2.20294e-07
-6.81562e-08
-1.94359e-07
-9.56714e-08
-8.0933e-08
1.7139e-07
-2.26684e-07
3.30368e-07
-3.88131e-07
3.71584e-07
-5.44387e-07
3.60619e-07
-6.86384e-07
3.28013e-07
-8.09177e-07
2.83992e-07
-9.09326e-07
2.32002e-07
-9.84208e-07
1.73835e-07
-1.03184e-06
1.10938e-07
-1.05086e-06
4.46945e-08
-1.04045e-06
-2.34944e-08
-1.00045e-06
-9.21453e-08
-9.31361e-07
-1.59627e-07
-8.34454e-07
-2.24099e-07
-7.11919e-07
-2.83432e-07
-5.67126e-07
-3.34924e-07
-4.05441e-07
-3.73948e-07
-2.36989e-07
-3.88746e-07
-8.45204e-08
-3.46827e-07
-1.80192e-07
-8.89191e-08
2.60309e-07
-2.49852e-07
4.91302e-07
-4.27396e-07
5.49128e-07
-5.98555e-07
5.31777e-07
-7.53687e-07
4.83146e-07
-8.87614e-07
4.17918e-07
-9.96764e-07
3.41152e-07
-1.07844e-06
2.55511e-07
-1.13061e-06
1.63112e-07
-1.15185e-06
6.59321e-08
-1.14128e-06
-3.40661e-08
-1.09861e-06
-1.34819e-07
-1.02419e-06
-2.34044e-07
-9.19171e-07
-3.29117e-07
-7.8567e-07
-4.16933e-07
-6.27117e-07
-4.93477e-07
-4.4917e-07
-5.51896e-07
-2.62789e-07
-5.75127e-07
-9.33708e-08
-5.16245e-07
-2.73563e-07
-9.71268e-08
3.57436e-07
-2.73678e-07
6.67853e-07
-4.68157e-07
7.43607e-07
-6.55085e-07
7.18706e-07
-8.24038e-07
6.52098e-07
-9.69597e-07
5.63477e-07
-1.08814e-06
4.59699e-07
-1.17701e-06
3.44374e-07
-1.23419e-06
2.20298e-07
-1.25825e-06
8.99898e-08
-1.2482e-06
-4.41127e-08
-1.20356e-06
-1.79467e-07
-1.12438e-06
-3.13225e-07
-1.01148e-06
-4.42016e-07
-8.66702e-07
-5.6171e-07
-6.93384e-07
-6.66794e-07
-4.97488e-07
-7.47792e-07
-2.91164e-07
-7.81451e-07
-1.03157e-07
-7.04252e-07
-3.7672e-07
-1.07985e-07
4.6542e-07
-3.04445e-07
8.64313e-07
-5.20391e-07
9.59553e-07
-7.27227e-07
9.25542e-07
-9.13483e-07
8.38354e-07
-1.07347e-06
7.23463e-07
-1.20359e-06
5.89825e-07
-1.30133e-06
4.42107e-07
-1.36481e-06
2.83778e-07
-1.39262e-06
1.17806e-07
-1.38369e-06
-5.30498e-08
-1.3372e-06
-2.25951e-07
-1.25277e-06
-3.97652e-07
-1.13065e-06
-5.64142e-07
-9.72122e-07
-7.20236e-07
-7.80235e-07
-8.58681e-07
-5.61254e-07
-9.66773e-07
-3.28941e-07
-1.01376e-06
-1.16475e-07
-9.16718e-07
-4.93195e-07
-1.224e-07
5.8782e-07
-3.44756e-07
1.08667e-06
-5.88277e-07
1.20307e-06
-8.20349e-07
1.15761e-06
-1.02821e-06
1.04621e-06
-1.20594e-06
9.01191e-07
-1.35013e-06
7.3402e-07
-1.4586e-06
5.50578e-07
-1.5298e-06
3.54977e-07
-1.56247e-06
1.50478e-07
-1.55543e-06
-6.0094e-08
-1.50747e-06
-2.73906e-07
-1.41751e-06
-4.87615e-07
-1.28486e-06
-6.96794e-07
-1.10985e-06
-8.95249e-07
-8.94814e-07
-1.07371e-06
-6.4617e-07
-1.21542e-06
-3.79702e-07
-1.28023e-06
-1.3457e-07
-1.16185e-06
-6.27765e-07
-1.412e-07
7.2902e-07
-3.96857e-07
1.34233e-06
-6.75266e-07
1.48148e-06
-9.38627e-07
1.42097e-06
-1.17267e-06
1.28026e-06
-1.37141e-06
1.09993e-06
-1.53196e-06
8.94573e-07
-1.65283e-06
6.71447e-07
-1.73308e-06
4.35232e-07
-1.77182e-06
1.89219e-07
-1.76783e-06
-6.40898e-08
-1.71939e-06
-3.22347e-07
-1.62439e-06
-5.82612e-07
-1.48071e-06
-8.40477e-07
-1.28699e-06
-1.08896e-06
-1.04415e-06
-1.31656e-06
-7.5823e-07
-1.50134e-06
-4.47389e-07
-1.59107e-06
-1.58885e-07
-1.45035e-06
-7.86649e-07
-1.65577e-07
8.94596e-07
-4.63787e-07
1.64054e-06
-7.85822e-07
1.80352e-06
-1.0872e-06
1.72235e-06
-1.352e-06
1.54506e-06
-1.57461e-06
1.32253e-06
-1.75322e-06
1.07318e-06
-1.88761e-06
8.05838e-07
-1.97795e-06
5.25575e-07
-2.02404e-06
2.35307e-07
-2.02476e-06
-6.33732e-08
-1.97778e-06
-3.69318e-07
-1.87961e-06
-6.80787e-07
-1.72591e-06
-9.94174e-07
-1.51258e-06
-1.30229e-06
-1.23775e-06
-1.59139e-06
-9.06008e-07
-1.83308e-06
-5.37914e-07
-1.95917e-06
-1.91689e-07
-1.79658e-06
-9.78338e-07
-1.97424e-07
1.09202e-06
-5.50157e-07
1.99327e-06
-9.26419e-07
2.17978e-06
-1.27316e-06
2.06909e-06
-1.57294e-06
1.84484e-06
-1.82131e-06
1.5709e-06
-2.01854e-06
1.27041e-06
-2.16657e-06
9.53868e-07
-2.26741e-06
6.26411e-07
-2.32205e-06
2.89953e-07
-2.32977e-06
-5.56566e-08
-2.2876e-06
-4.11487e-07
-2.19019e-06
-7.78193e-07
-2.03008e-06
-1.15429e-06
-1.79875e-06
-1.53362e-06
-1.48936e-06
-1.90078e-06
-1.10268e-06
-2.21976e-06
-6.60885e-07
-2.40097e-06
-2.36856e-07
-2.22061e-06
-1.21519e-06
-2.39874e-07
1.33189e-06
-6.63229e-07
2.41663e-06
-1.10675e-06
2.6233e-06
-1.50657e-06
2.46891e-06
-1.84445e-06
2.18272e-06
-2.11863e-06
1.84509e-06
-2.33304e-06
1.48482e-06
-2.49312e-06
1.11394e-06
-2.60373e-06
7.37019e-07
-2.66782e-06
3.54052e-07
-2.68551e-06
-3.79676e-08
-2.65332e-06
-4.43676e-07
-2.56372e-06
-8.67802e-07
-2.40495e-06
-1.31305e-06
-2.16192e-06
-1.77665e-06
-1.81916e-06
-2.24354e-06
-1.36917e-06
-2.66974e-06
-8.3268e-07
-2.93746e-06
-3.01452e-07
-2.75184e-06
-1.51665e-06
-2.98357e-07
1.63025e-06
-8.14829e-07
2.9331e-06
-1.34167e-06
3.15015e-06
-1.80189e-06
2.92913e-06
-2.1785e-06
2.55933e-06
-2.47524e-06
2.14183e-06
-2.70209e-06
1.71167e-06
-2.86985e-06
1.28171e-06
-2.98763e-06
8.54794e-07
-3.06131e-06
4.2773e-07
-3.09254e-06
-6.73591e-09
-3.07778e-06
-4.58435e-07
-3.00727e-06
-9.3831e-07
-2.86406e-06
-1.45626e-06
-2.62373e-06
-2.01698e-06
-2.25687e-06
-2.6104e-06
-1.73941e-06
-3.18721e-06
-1.08251e-06
-3.59435e-06
-3.99384e-07
-3.43496e-06
-1.91603e-06
-3.82773e-07
2.01302e-06
-1.02484e-06
3.57517e-06
-1.65426e-06
3.77956e-06
-2.17987e-06
3.45474e-06
-2.59082e-06
2.97028e-06
-2.90116e-06
2.45216e-06
-3.13046e-06
1.94098e-06
-3.29735e-06
1.44859e-06
-3.41672e-06
9.7417e-07
-3.49857e-06
5.09581e-07
-3.54708e-06
4.17761e-08
-3.55958e-06
-4.45936e-07
-3.52485e-06
-9.73047e-07
-3.42062e-06
-1.56049e-06
-3.21085e-06
-2.22676e-06
-2.84511e-06
-2.97614e-06
-2.26863e-06
-3.76368e-06
-1.4641e-06
-4.39889e-06
-5.59902e-07
-4.33916e-06
-2.47593e-06
-5.12073e-07
2.5251e-06
-1.32746e-06
4.39055e-06
-2.08021e-06
4.53231e-06
-2.66918e-06
4.04371e-06
-3.10023e-06
3.40133e-06
-3.40553e-06
2.75747e-06
-3.61917e-06
2.15462e-06
-3.77028e-06
1.5997e-06
-3.88113e-06
1.08502e-06
-3.96685e-06
5.95296e-07
-4.03531e-06
1.10235e-07
-4.08633e-06
-3.94907e-07
-4.10941e-06
-9.4997e-07
-4.07911e-06
-1.59079e-06
-3.94778e-06
-2.35808e-06
-3.63729e-06
-3.28663e-06
-3.04109e-06
-4.35988e-06
-2.07389e-06
-5.36609e-06
-8.44754e-07
-5.5683e-06
-3.32069e-06
-7.23493e-07
3.24859e-06
-1.78068e-06
5.44774e-06
-2.67026e-06
5.42189e-06
-3.30157e-06
4.67502e-06
-3.71852e-06
3.81827e-06
-3.98316e-06
3.02211e-06
-4.14978e-06
2.32123e-06
-4.26034e-06
1.71026e-06
-4.34513e-06
1.16981e-06
-4.42469e-06
6.74861e-07
-4.51147e-06
1.97008e-07
-4.60993e-06
-2.96442e-07
-4.71432e-06
-8.45578e-07
-4.8021e-06
-1.50302e-06
-4.82036e-06
-2.33982e-06
-4.66302e-06
-3.44396e-06
-4.14826e-06
-4.87465e-06
-3.05337e-06
-6.46098e-06
-1.3675e-06
-7.25416e-06
-4.68819e-06
-1.08723e-06
4.33582e-06
-2.46924e-06
6.82975e-06
-3.46716e-06
6.41981e-06
-4.06759e-06
5.27545e-06
-4.39173e-06
4.14241e-06
-4.54632e-06
3.1767e-06
-4.61015e-06
2.38507e-06
-4.63771e-06
1.73782e-06
-4.66523e-06
1.19733e-06
-4.7167e-06
7.26331e-07
-4.80832e-06
2.88626e-07
-4.95067e-06
-1.5409e-07
-5.14773e-06
-6.48514e-07
-5.39004e-06
-1.26071e-06
-5.63572e-06
-2.09415e-06
-5.76822e-06
-3.31146e-06
-5.52576e-06
-5.1171e-06
-4.46517e-06
-7.52156e-06
-2.25806e-06
-9.46128e-06
-6.94624e-06
-1.71312e-06
6.04894e-06
-3.4309e-06
8.54753e-06
-4.34062e-06
7.32953e-06
-4.68753e-06
5.62235e-06
-4.73178e-06
4.18667e-06
-4.63413e-06
3.07905e-06
-4.49164e-06
2.24257e-06
-4.36142e-06
1.6076e-06
-4.27619e-06
1.11209e-06
-4.25577e-06
7.05916e-07
-4.31493e-06
3.47787e-07
-4.46799e-06
-1.03185e-09
-4.73048e-06
-3.8603e-07
-5.11544e-06
-8.75742e-07
-5.61565e-06
-1.59394e-06
-6.15008e-06
-2.77703e-06
-6.43856e-06
-4.82863e-06
-5.81873e-06
-8.1414e-06
-3.4102e-06
-1.18698e-05
-1.03564e-05
-2.66567e-06
8.71461e-06
-4.15956e-06
1.00414e-05
-4.20797e-06
7.37794e-06
-3.70257e-06
5.11696e-06
-3.07157e-06
3.55567e-06
-2.47138e-06
2.47886e-06
-1.96385e-06
1.73504e-06
-1.57176e-06
1.21552e-06
-1.29926e-06
8.39587e-07
-1.14513e-06
5.51793e-07
-1.111e-06
3.13653e-07
-1.20613e-06
9.41008e-08
-1.45148e-06
-1.40687e-07
-1.88299e-06
-4.4423e-07
-2.54867e-06
-9.28252e-07
-3.47575e-06
-1.84996e-06
-4.54021e-06
-3.76416e-06
-5.14071e-06
-7.5409e-06
-3.83183e-06
-1.31787e-05
-1.41883e-05
-2.90417e-06
1.16188e-05
-1.15408e-06
8.29133e-06
1.59834e-06
4.62552e-06
3.83842e-06
2.87688e-06
5.5185e-06
1.87559e-06
6.7721e-06
1.22526e-06
7.69561e-06
8.11532e-07
8.36135e-06
5.49782e-07
8.82479e-06
3.76139e-07
9.12409e-06
2.52497e-07
9.28076e-06
1.56979e-07
9.29997e-06
7.48928e-08
9.16684e-06
-7.5514e-09
8.83481e-06
-1.12206e-07
8.20047e-06
-2.93913e-07
7.06593e-06
-7.15412e-07
5.1456e-06
-1.84384e-06
2.27808e-06
-4.67337e-06
-6.03208e-07
-1.02974e-05
-1.47915e-05
1.16188e-05
1.99101e-05
2.45356e-05
2.74125e-05
2.92881e-05
3.05134e-05
3.13249e-05
3.18747e-05
3.22508e-05
3.25033e-05
3.26603e-05
3.27352e-05
3.27276e-05
3.26154e-05
3.23215e-05
3.16061e-05
2.97623e-05
2.50889e-05
1.47915e-05
)
;

boundaryField
{
    movingWall
    {
        type            calculated;
        value           uniform 0;
    }
    fixedWalls
    {
        type            calculated;
        value           uniform 0;
    }
    frontAndBack
    {
        type            empty;
        value           nonuniform 0();
    }
}


// ************************************************************************* //
