/*--------------------------------*- C++ -*----------------------------------*\
  =========                 |
  \\      /  F ield         | OpenFOAM: The Open Source CFD Toolbox
   \\    /   O peration     | Website:  https://openfoam.org
    \\  /    A nd           | Version:  6
     \\/     M anipulation  |
\*---------------------------------------------------------------------------*/
FoamFile
{
    version     2.0;
    format      ascii;
    class       volScalarField;
    location    "0.09";
    object      p;
}
// * * * * * * * * * * * * * * * * * * * * * * * * * * * * * * * * * * * * * //

dimensions      [0 2 -2 0 0 0 0];

internalField   nonuniform List<scalar> 
400
(
1.32444e-05
-0.023175
-0.0520533
-0.074308
-0.0826288
-0.0737422
-0.0474034
-0.00554589
0.0484072
0.110059
0.174439
0.236358
0.290746
0.333045
0.359665
0.368574
0.36003
0.337446
0.308344
0.285161
0.0230005
-0.000829116
-0.0234912
-0.0388346
-0.0432642
-0.0344816
-0.0121891
0.0222198
0.0661498
0.11618
0.168386
0.218644
0.262947
0.297736
0.320278
0.329091
0.32448
0.308853
0.285996
0.262207
0.0535481
0.0205271
-0.00399404
-0.0181452
-0.021745
-0.0135418
0.00644318
0.0368608
0.0754406
0.119257
0.164963
0.209036
0.248042
0.278903
0.299193
0.30746
0.303674
0.289196
0.264423
0.231434
0.0816338
0.0359534
0.00546301
-0.0106738
-0.0150709
-0.00740346
0.0118321
0.0410429
0.0779494
0.119778
0.163415
0.205591
0.243082
0.272923
0.29263
0.30046
0.295882
0.27933
0.248457
0.202719
0.100742
0.0416852
0.00404513
-0.0149364
-0.0202661
-0.0124422
0.00751737
0.0376484
0.0754971
0.118262
0.16288
0.206143
0.244844
0.275932
0.296671
0.304872
0.29943
0.279947
0.241725
0.182409
0.106196
0.0334921
-0.0116042
-0.0333537
-0.0389504
-0.0296742
-0.00711341
0.0262981
0.0678121
0.114472
0.163133
0.210516
0.253291
0.288172
0.312021
0.322068
0.316549
0.29425
0.248309
0.174986
0.0939381
0.00717876
-0.0452486
-0.0689894
-0.073468
-0.0608111
-0.0332689
0.00615381
0.0543187
0.108028
0.163977
0.218735
0.268758
0.310414
0.340037
0.354125
0.350119
0.325879
0.272293
0.184345
0.0596383
-0.0418422
-0.101084
-0.125292
-0.12646
-0.107767
-0.0722829
-0.0236987
0.0343873
0.0985017
0.165164
0.230781
0.291568
0.343491
0.38224
0.403413
0.403433
0.378968
0.318237
0.214745
-0.00203003
-0.119157
-0.184195
-0.20641
-0.201067
-0.172782
-0.125684
-0.0642815
0.00733057
0.0854323
0.166433
0.24665
0.322115
0.388396
0.440464
0.472821
0.480549
0.458649
0.391848
0.271608
-0.0980906
-0.231961
-0.300927
-0.317315
-0.300868
-0.258255
-0.194987
-0.116524
-0.0274378
0.068425
0.167534
0.266306
0.360754
0.446159
0.516753
0.565745
0.586456
0.571477
0.50066
0.362318
-0.238208
-0.38986
-0.459308
-0.463851
-0.429674
-0.3664
-0.281316
-0.180922
-0.0701379
0.0473147
0.168283
0.289619
0.407644
0.517607
0.613122
0.685961
0.727186
0.72592
0.654931
0.497287
-0.43629
-0.606076
-0.669566
-0.652664
-0.591112
-0.498692
-0.384846
-0.257051
-0.120255
0.0223988
0.168644
0.3163
0.46253
0.603042
0.731183
0.837334
0.909835
0.932953
0.868959
0.691733
-0.713571
-0.899389
-0.94469
-0.890856
-0.787844
-0.654975
-0.503979
-0.342905
-0.176061
-0.0052729
0.168829
0.345797
0.524427
0.701712
0.871487
1.02321
1.14233
1.20671
1.16314
0.968982
-1.10503
-1.29727
-1.30073
-1.18487
-1.02001
-0.831977
-0.634153
-0.434031
-0.234055
-0.0336057
0.169342
0.37707
0.591094
0.810934
1.03231
1.24506
1.43244
1.56487
1.56721
1.36721
-1.6726
-1.8405
-1.7557
-1.53745
-1.28214
-1.02082
-0.766119
-0.522476
-0.288409
-0.0592779
0.170847
0.408129
0.658111
0.924552
1.20735
1.49951
1.78483
2.02755
2.12494
1.95307
-2.52803
-2.58722
-2.32552
-1.94251
-1.55886
-1.20423
-0.884435
-0.596178
-0.330892
-0.0779504
0.173776
0.435425
0.717891
1.03123
1.38289
1.77419
2.19597
2.6132
2.89778
2.84435
-3.87299
-3.61304
-3.01649
-2.38085
-1.82323
-1.3564
-0.968431
-0.640387
-0.352251
-0.0853226
0.177717
0.453637
0.75967
1.11426
1.5369
2.04546
2.64949
3.33064
3.96436
4.2491
-6.1594
-5.01372
-3.78643
-2.79026
-2.01927
-1.43416
-0.988408
-0.636617
-0.342531
-0.078123
0.179944
0.453527
0.76598
1.14534
1.62784
2.25901
3.08471
4.13979
5.42508
6.62752
-10.5695
-6.84898
-4.35762
-2.91495
-1.9681
-1.32304
-0.875096
-0.545538
-0.282396
-0.0515855
0.172446
0.412788
0.695035
1.05335
1.53994
2.23476
3.24506
4.76456
7.34527
11.1677
-17.9825
-8.61119
-4.1544
-2.37804
-1.46162
-0.91835
-0.57835
-0.344488
-0.163412
-0.00552148
0.148978
0.317283
0.519142
0.783966
1.1648
1.76027
2.74771
4.62119
9.19197
18.678
)
;

boundaryField
{
    movingWall
    {
        type            zeroGradient;
    }
    fixedWalls
    {
        type            zeroGradient;
    }
    frontAndBack
    {
        type            empty;
    }
}


// ************************************************************************* //
