/*--------------------------------*- C++ -*----------------------------------*\
  =========                 |
  \\      /  F ield         | OpenFOAM: The Open Source CFD Toolbox
   \\    /   O peration     | Website:  https://openfoam.org
    \\  /    A nd           | Version:  6
     \\/     M anipulation  |
\*---------------------------------------------------------------------------*/
FoamFile
{
    version     2.0;
    format      ascii;
    class       surfaceScalarField;
    location    "0.025";
    object      phi;
}
// * * * * * * * * * * * * * * * * * * * * * * * * * * * * * * * * * * * * * //

dimensions      [0 3 -1 0 0 0 0];

internalField   nonuniform List<scalar> 
760
(
1.48267e-08
-1.48453e-08
-2.06414e-08
3.54678e-08
-1.12493e-07
9.18506e-08
-2.44566e-07
1.32073e-07
-3.96738e-07
1.52173e-07
-5.49591e-07
1.52853e-07
-6.86314e-07
1.36723e-07
-7.93592e-07
1.07278e-07
-8.61879e-07
6.82876e-08
-8.85435e-07
2.35551e-08
-8.62292e-07
-2.31429e-08
-7.94267e-07
-6.80255e-08
-6.87007e-07
-1.0726e-07
-5.50055e-07
-1.36952e-07
-3.96826e-07
-1.53229e-07
-2.44293e-07
-1.52533e-07
-1.12039e-07
-1.32254e-07
-2.02596e-08
-9.17796e-08
1.49782e-08
-3.52375e-08
1.4979e-08
-3.27753e-08
1.79298e-08
-1.77233e-07
1.79925e-07
-4.3056e-07
3.45176e-07
-7.62668e-07
4.6418e-07
-1.13338e-06
5.22878e-07
-1.5013e-06
5.20778e-07
-1.82899e-06
4.64411e-07
-2.08577e-06
3.64054e-07
-2.24915e-06
2.31665e-07
-2.30542e-06
7.98321e-08
-2.24991e-06
-7.86542e-08
-2.08702e-06
-2.30911e-07
-1.83029e-06
-3.63993e-07
-1.50219e-06
-4.65052e-07
-1.13357e-06
-5.21848e-07
-7.62182e-07
-5.23919e-07
-4.29703e-07
-4.64732e-07
-1.76464e-07
-3.45017e-07
-3.24297e-08
-1.79271e-07
-1.74506e-08
-9.02081e-08
1.08138e-07
-3.5283e-07
4.42547e-07
-7.60441e-07
7.52787e-07
-1.26697e-06
9.7071e-07
-1.81724e-06
1.07314e-06
-2.35532e-06
1.05887e-06
-2.83053e-06
9.3962e-07
-3.2011e-06
7.34618e-07
-3.43624e-06
4.66804e-07
-3.51713e-06
1.60726e-07
-3.43734e-06
-1.58448e-07
-3.20294e-06
-4.65312e-07
-2.83251e-06
-7.3442e-07
-2.35681e-06
-9.40751e-07
-1.81781e-06
-1.06085e-06
-1.26658e-06
-1.07515e-06
-7.59443e-07
-9.71868e-07
-3.51829e-07
-7.52631e-07
-8.97184e-08
-4.41381e-07
-1.07169e-07
-1.42709e-07
2.50846e-07
-5.2106e-07
8.209e-07
-1.07857e-06
1.3103e-06
-1.74893e-06
1.64107e-06
-2.46156e-06
1.78577e-06
-3.14834e-06
1.74564e-06
-3.74892e-06
1.5402e-06
-4.21424e-06
1.19994e-06
-4.5084e-06
7.60958e-07
-4.60952e-06
2.61854e-07
-4.51014e-06
-2.57837e-07
-4.21723e-06
-7.58213e-07
-3.75234e-06
-1.19931e-06
-3.15128e-06
-1.54182e-06
-2.46333e-06
-1.7488e-06
-1.7493e-06
-1.78918e-06
-1.07787e-06
-1.6433e-06
-5.20033e-07
-1.31046e-06
-1.4212e-07
-8.19294e-07
-2.49289e-07
-1.91079e-07
4.41925e-07
-6.82106e-07
1.31193e-06
-1.38709e-06
2.01528e-06
-2.21673e-06
2.47071e-06
-3.08364e-06
2.65269e-06
-3.90798e-06
2.56997e-06
-4.6216e-06
2.25382e-06
-5.17055e-06
1.74889e-06
-5.51611e-06
1.10651e-06
-5.63494e-06
3.80686e-07
-5.51905e-06
-3.7373e-07
-5.17574e-06
-1.10151e-06
-4.62785e-06
-1.74721e-06
-3.91391e-06
-2.25575e-06
-3.08809e-06
-2.57462e-06
-2.21907e-06
-2.65819e-06
-1.3875e-06
-2.47487e-06
-6.81463e-07
-2.0165e-06
-1.90497e-07
-1.31026e-06
-4.39786e-07
-2.38275e-07
6.80199e-07
-8.41985e-07
1.91564e-06
-1.69492e-06
2.86821e-06
-2.68256e-06
3.45835e-06
-3.69934e-06
3.66946e-06
-4.65381e-06
3.52444e-06
-5.47148e-06
3.0715e-06
-6.09562e-06
2.37303e-06
-6.4867e-06
1.49759e-06
-6.62137e-06
5.15353e-07
-6.49161e-06
-5.03491e-07
-6.10446e-06
-1.48866e-06
-5.48252e-06
-2.36914e-06
-4.66495e-06
-3.07333e-06
-3.70862e-06
-3.53095e-06
-2.68872e-06
-3.67809e-06
-1.69776e-06
-3.46583e-06
-8.42426e-07
-2.87183e-06
-2.37902e-07
-1.91479e-06
-6.77688e-07
-2.87355e-07
9.67554e-07
-1.00774e-06
2.63602e-06
-2.01184e-06
3.87232e-06
-3.15726e-06
4.60377e-06
-4.31909e-06
4.83129e-06
-5.39497e-06
4.60031e-06
-6.30604e-06
3.98257e-06
-6.99536e-06
3.06236e-06
-7.42503e-06
1.92726e-06
-7.57333e-06
6.63661e-07
-7.43281e-06
-6.44016e-07
-7.00958e-06
-1.91188e-06
-6.32425e-06
-3.05448e-06
-5.41408e-06
-3.9835e-06
-4.33604e-06
-4.60899e-06
-3.16973e-06
-4.84439e-06
-2.01895e-06
-4.61661e-06
-1.0103e-06
-3.88049e-06
-2.87515e-07
-2.63757e-06
-9.65202e-07
-3.41205e-07
1.30876e-06
-1.18603e-06
3.48085e-06
-2.34609e-06
5.03237e-06
-3.64734e-06
5.90503e-06
-4.94486e-06
6.12881e-06
-6.12723e-06
5.78268e-06
-7.11463e-06
4.96997e-06
-7.85368e-06
3.80141e-06
-8.31139e-06
2.38497e-06
-8.46988e-06
8.22146e-07
-8.32296e-06
-7.90929e-07
-7.87506e-06
-2.35978e-06
-7.14253e-06
-3.78701e-06
-6.15737e-06
-4.96867e-06
-4.97271e-06
-5.79364e-06
-3.66913e-06
-6.14797e-06
-2.3598e-06
-5.92594e-06
-1.19209e-06
-5.0482e-06
-3.42351e-07
-3.48731e-06
-1.30755e-06
-4.02678e-07
1.71144e-06
-1.38292e-06
4.46109e-06
-2.70318e-06
6.35264e-06
-4.15279e-06
7.35464e-06
-5.56706e-06
7.54308e-06
-6.82944e-06
7.04506e-06
-7.86473e-06
6.00526e-06
-8.62869e-06
4.56538e-06
-9.09775e-06
2.85403e-06
-9.26076e-06
9.85147e-07
-9.11382e-06
-9.37867e-07
-8.65867e-06
-2.81494e-06
-7.90451e-06
-4.54116e-06
-6.87346e-06
-5.99972e-06
-5.60909e-06
-7.05801e-06
-4.18716e-06
-7.5699e-06
-2.72621e-06
-7.38689e-06
-1.39416e-06
-6.38025e-06
-4.05403e-07
-4.47607e-06
-1.71296e-06
-4.75155e-07
2.18659e-06
-1.60435e-06
5.59028e-06
-3.08541e-06
7.8337e-06
-4.66491e-06
8.93413e-06
-6.16079e-06
9.03896e-06
-7.45864e-06
8.34291e-06
-8.49649e-06
7.04311e-06
-9.24709e-06
5.31597e-06
-9.70216e-06
3.30911e-06
-9.86087e-06
1.14386e-06
-9.72288e-06
-1.07586e-06
-9.28613e-06
-3.25169e-06
-8.54918e-06
-5.27811e-06
-7.51831e-06
-7.03059e-06
-6.21951e-06
-8.35681e-06
-4.71479e-06
-9.07462e-06
-3.1205e-06
-8.98118e-06
-1.62268e-06
-7.87806e-06
-4.80183e-07
-5.61857e-06
-2.19314e-06
-5.63559e-07
2.75015e-06
-1.85718e-06
6.8839e-06
-3.49098e-06
9.4675e-06
-5.16282e-06
1.0606e-05
-6.68013e-06
1.05563e-05
-7.94299e-06
9.60577e-06
-8.91529e-06
8.0154e-06
-9.59688e-06
5.99757e-06
-1.00018e-05
3.714e-06
-1.01434e-05
1.28548e-06
-1.00264e-05
-1.19291e-06
-9.64372e-06
-3.63432e-06
-8.97967e-06
-5.94216e-06
-8.01778e-06
-7.99248e-06
-6.75611e-06
-9.61848e-06
-5.22988e-06
-1.06008e-05
-3.54035e-06
-1.06707e-05
-1.88448e-06
-9.53393e-06
-5.71714e-07
-6.93134e-06
-2.76485e-06
-6.76048e-07
3.4262e-06
-2.15014e-06
8.358e-06
-3.91148e-06
1.12288e-05
-5.60687e-06
1.23014e-05
-7.04871e-06
1.19981e-05
-8.17148e-06
1.07285e-05
-8.98194e-06
8.82586e-06
-9.51884e-06
6.53446e-06
-9.82537e-06
4.02053e-06
-9.9327e-06
1.39282e-06
-9.85155e-06
-1.27406e-06
-9.56949e-06
-3.91638e-06
-9.05323e-06
-6.45841e-06
-8.25694e-06
-8.78878e-06
-7.13892e-06
-1.07365e-05
-5.69008e-06
-1.20497e-05
-3.97587e-06
-1.23849e-05
-2.18784e-06
-1.13219e-05
-6.88183e-07
-8.431e-06
-3.45304e-06
-8.26735e-07
4.25293e-06
-2.49381e-06
1.00251e-05
-4.32481e-06
1.30598e-05
-5.92535e-06
1.39019e-05
-7.14374e-06
1.32165e-05
-7.9787e-06
1.15635e-05
-8.50035e-06
9.34751e-06
-8.79734e-06
6.83146e-06
-8.94666e-06
4.16985e-06
-8.99861e-06
1.44477e-06
-8.97044e-06
-1.30223e-06
-8.84439e-06
-4.04243e-06
-8.56895e-06
-6.73385e-06
-8.06475e-06
-9.29298e-06
-7.2395e-06
-1.15618e-05
-6.019e-06
-1.32702e-05
-4.40196e-06
-1.4002e-05
-2.54215e-06
-1.31818e-05
-8.43598e-07
-1.01295e-05
-4.29663e-06
-1.03948e-06
5.29242e-06
-2.89585e-06
1.18814e-05
-4.67698e-06
1.4841e-05
-5.98797e-06
1.52129e-05
-6.76904e-06
1.39976e-05
-7.123e-06
1.19175e-05
-7.20299e-06
9.4275e-06
-7.15282e-06
6.78129e-06
-7.0815e-06
4.09854e-06
-7.05542e-06
1.41868e-06
-7.09716e-06
-1.26049e-06
-7.18539e-06
-3.9542e-06
-7.2541e-06
-6.66515e-06
-7.19288e-06
-9.3542e-06
-6.85426e-06
-1.19004e-05
-6.07937e-06
-1.40451e-05
-4.75954e-06
-1.53218e-05
-2.95263e-06
-1.49887e-05
-1.06142e-06
-1.20208e-05
-5.35806e-06
-1.34977e-06
6.64219e-06
-3.34034e-06
1.3872e-05
-4.83817e-06
1.63388e-05
-5.55466e-06
1.59294e-05
-5.61126e-06
1.40542e-05
-5.25728e-06
1.15635e-05
-4.73677e-06
8.90699e-06
-4.23952e-06
6.28404e-06
-3.8932e-06
3.75221e-06
-3.77002e-06
1.2955e-06
-3.89424e-06
-1.13626e-06
-4.24485e-06
-3.60359e-06
-4.75198e-06
-6.15802e-06
-5.28845e-06
-8.81773e-06
-5.66198e-06
-1.15268e-05
-5.62232e-06
-1.40847e-05
-4.91104e-06
-1.60331e-05
-3.39881e-06
-1.65009e-05
-1.37606e-06
-1.40435e-05
-6.73411e-06
-1.78878e-06
8.43097e-06
-3.71762e-06
1.58008e-05
-4.50184e-06
1.7123e-05
-4.18201e-06
1.56096e-05
-3.17486e-06
1.3047e-05
-1.89595e-06
1.02846e-05
-6.56186e-07
7.66723e-06
3.43575e-07
5.28428e-06
9.8666e-07
3.10912e-06
1.21369e-06
1.06847e-06
1.00522e-06
-9.27793e-07
3.76033e-07
-2.9744e-06
-6.18692e-07
-5.16329e-06
-1.86521e-06
-7.57121e-06
-3.16288e-06
-1.02292e-05
-4.19647e-06
-1.30512e-05
-4.54016e-06
-1.56894e-05
-3.76315e-06
-1.72779e-05
-1.81588e-06
-1.59908e-05
-8.54999e-06
-2.30287e-06
1.07338e-05
-3.62955e-06
1.71275e-05
-2.97363e-06
1.64671e-05
-1.06854e-06
1.37045e-05
1.29973e-06
1.06788e-05
3.60807e-06
7.97623e-06
5.56209e-06
5.71321e-06
7.01768e-06
3.82868e-06
7.91353e-06
2.21328e-06
8.22707e-06
7.54928e-07
7.95162e-06
-6.52336e-07
7.08923e-06
-2.11201e-06
5.65759e-06
-3.73166e-06
3.71309e-06
-5.62671e-06
1.39587e-06
-7.91194e-06
-1.00015e-06
-1.06551e-05
-2.94507e-06
-1.37445e-05
-3.63674e-06
-1.65862e-05
-2.32086e-06
-1.73066e-05
-1.08709e-05
-2.49859e-06
1.32324e-05
-1.91545e-06
1.65444e-05
1.23275e-06
1.33189e-05
5.17011e-06
9.76712e-06
8.91035e-06
6.93852e-06
1.20479e-05
4.83865e-06
1.44623e-05
3.29889e-06
1.61532e-05
2.13771e-06
1.71564e-05
1.21007e-06
1.75034e-05
4.07993e-07
1.72051e-05
-3.54101e-07
1.62479e-05
-1.15482e-06
1.45968e-05
-2.08049e-06
1.2211e-05
-3.24094e-06
9.08406e-06
-4.78501e-06
5.33005e-06
-6.90112e-06
1.35263e-06
-9.76706e-06
-1.8528e-06
-1.33808e-05
-2.48678e-06
-1.66727e-05
-1.33576e-05
-5.55439e-07
1.37879e-05
4.68481e-06
1.13041e-05
1.11371e-05
6.86657e-06
1.67192e-05
4.185e-06
2.10441e-05
2.61366e-06
2.42222e-05
1.66057e-06
2.64604e-05
1.06065e-06
2.79398e-05
6.58389e-07
2.8787e-05
3.6284e-07
2.90751e-05
1.19899e-07
2.88278e-05
-1.06824e-07
2.80216e-05
-3.48574e-07
2.65828e-05
-6.41743e-07
2.43825e-05
-1.04059e-06
2.12343e-05
-1.63687e-06
1.69224e-05
-2.58916e-06
1.13254e-05
-4.17006e-06
4.82481e-06
-6.88026e-06
-4.90271e-07
-1.13576e-05
-1.38479e-05
1.37879e-05
2.5092e-05
3.19586e-05
3.61436e-05
3.87572e-05
4.04178e-05
4.14784e-05
4.21368e-05
4.24997e-05
4.26196e-05
4.25128e-05
4.21642e-05
4.15224e-05
4.04818e-05
3.8845e-05
3.62558e-05
3.20858e-05
2.52055e-05
1.38479e-05
)
;

boundaryField
{
    movingWall
    {
        type            calculated;
        value           uniform 0;
    }
    fixedWalls
    {
        type            calculated;
        value           uniform 0;
    }
    frontAndBack
    {
        type            empty;
        value           nonuniform 0();
    }
}


// ************************************************************************* //
