/*--------------------------------*- C++ -*----------------------------------*\
  =========                 |
  \\      /  F ield         | OpenFOAM: The Open Source CFD Toolbox
   \\    /   O peration     | Website:  https://openfoam.org
    \\  /    A nd           | Version:  6
     \\/     M anipulation  |
\*---------------------------------------------------------------------------*/
FoamFile
{
    version     2.0;
    format      ascii;
    class       volVectorField;
    location    "0.025";
    object      U;
}
// * * * * * * * * * * * * * * * * * * * * * * * * * * * * * * * * * * * * * //

dimensions      [0 1 -1 0 0 0 0];

internalField   nonuniform List<vector> 
400
(
(0.000257986 -0.000254271 0)
(0.000162022 0.000104719 0)
(-0.0011411 0.000564573 0)
(-0.00345085 0.000894477 0)
(-0.00637327 0.00106161 0)
(-0.00949938 0.00107767 0)
(-0.0124597 0.000967382 0)
(-0.0149495 0.000759766 0)
(-0.0167387 0.000483808 0)
(-0.0176741 0.000167223 0)
(-0.0176785 -0.000163271 0)
(-0.0167503 -0.000481161 0)
(-0.014964 -0.00075925 0)
(-0.012472 -0.000969017 0)
(-0.00950514 -0.00108062 0)
(-0.00637107 -0.00106445 0)
(-0.00344283 -0.00089581 0)
(-0.00113204 -0.000563781 0)
(0.000167646 -0.000102648 0)
(0.000259521 0.0002554 0)
(-6.5287e-05 -0.000191909 0)
(-0.00156512 0.00161204 0)
(-0.00561992 0.00361104 0)
(-0.0116596 0.0050662 0)
(-0.0188836 0.00579983 0)
(-0.0264561 0.00581688 0)
(-0.0335738 0.00520336 0)
(-0.0395446 0.00408463 0)
(-0.043832 0.00260115 0)
(-0.0460721 0.000897331 0)
(-0.0460804 -0.000881898 0)
(-0.0438538 -0.00259105 0)
(-0.0395722 -0.00408321 0)
(-0.0335973 -0.00521069 0)
(-0.0264675 -0.00582953 0)
(-0.0188799 -0.00581204 0)
(-0.0116445 -0.00507226 0)
(-0.00560198 -0.00360835 0)
(-0.00155321 -0.00160357 0)
(-6.17402e-05 0.000197598 0)
(-0.000510192 0.00103285 0)
(-0.00364673 0.00566065 0)
(-0.0104955 0.0102098 0)
(-0.0199261 0.0134749 0)
(-0.0307729 0.0150666 0)
(-0.0419162 0.0149573 0)
(-0.0522752 0.0133189 0)
(-0.0609099 0.010434 0)
(-0.0670876 0.00663773 0)
(-0.0703092 0.00228695 0)
(-0.070321 -0.0022536 0)
(-0.0671192 -0.00661597 0)
(-0.0609509 -0.0104312 0)
(-0.0523123 -0.0133355 0)
(-0.0419379 -0.0149858 0)
(-0.030774 -0.0150946 0)
(-0.01991 -0.0134899 0)
(-0.0104731 -0.0102054 0)
(-0.00363045 -0.00564227 0)
(-0.000504999 -0.00101867 0)
(-0.000904127 0.00337355 0)
(-0.00561647 0.0120995 0)
(-0.015213 0.0199141 0)
(-0.0278904 0.0253295 0)
(-0.0420724 0.0278116 0)
(-0.056382 0.0273395 0)
(-0.0695258 0.0242092 0)
(-0.0803944 0.0189042 0)
(-0.088131 0.0120044 0)
(-0.0921557 0.0041324 0)
(-0.0921742 -0.00407248 0)
(-0.0881814 -0.0119644 0)
(-0.0804626 -0.0188969 0)
(-0.0695932 -0.0242359 0)
(-0.0564313 -0.0273885 0)
(-0.0420936 -0.0278622 0)
(-0.0278846 -0.0253597 0)
(-0.0151923 -0.0199114 0)
(-0.00559787 -0.0120704 0)
(-0.000897471 -0.00334814 0)
(-0.00125201 0.00671809 0)
(-0.00746973 0.0208019 0)
(-0.0197717 0.0325495 0)
(-0.0356352 0.0403503 0)
(-0.0530267 0.0436435 0)
(-0.0703028 0.0425007 0)
(-0.0859846 0.0374069 0)
(-0.0988396 0.0290974 0)
(-0.107938 0.0184361 0)
(-0.112658 0.00634334 0)
(-0.112689 -0.00623966 0)
(-0.108023 -0.0183635 0)
(-0.0989601 -0.029077 0)
(-0.0861125 -0.0374424 0)
(-0.0704109 -0.0425759 0)
(-0.0530957 -0.0437275 0)
(-0.0356605 -0.0404081 0)
(-0.0197649 -0.032558 0)
(-0.00745329 -0.0207659 0)
(-0.00124451 -0.00668025 0)
(-0.00158418 0.011009 0)
(-0.00929564 0.0317402 0)
(-0.0243178 0.0481198 0)
(-0.0433684 0.0585252 0)
(-0.0639145 0.0624994 0)
(-0.0840334 0.0603234 0)
(-0.102079 0.0527629 0)
(-0.116735 0.0408692 0)
(-0.127042 0.0258309 0)
(-0.132376 0.00888732 0)
(-0.132427 -0.00870916 0)
(-0.127186 -0.0257 0)
(-0.116943 -0.0408188 0)
(-0.102311 -0.0528019 0)
(-0.0842455 -0.0604319 0)
(-0.0640728 -0.0626339 0)
(-0.043457 -0.0586325 0)
(-0.0243449 -0.0481595 0)
(-0.00928942 -0.0317088 0)
(-0.00157727 -0.0109605 0)
(-0.00193117 0.0162528 0)
(-0.011197 0.0449569 0)
(-0.0290251 0.0666738 0)
(-0.0513032 0.0798622 0)
(-0.0749542 0.0843192 0)
(-0.0977729 0.0806824 0)
(-0.117976 0.0701156 0)
(-0.134214 0.0540638 0)
(-0.145549 0.0340796 0)
(-0.151399 0.0117304 0)
(-0.15148 -0.0114298 0)
(-0.145778 -0.0338491 0)
(-0.134551 -0.0539549 0)
(-0.118364 -0.0701467 0)
(-0.0981464 -0.0808316 0)
(-0.0752565 -0.0845281 0)
(-0.0514997 -0.080053 0)
(-0.0291149 -0.0667787 0)
(-0.0112135 -0.044954 0)
(-0.00192728 -0.0162006 0)
(-0.00232182 0.0225163 0)
(-0.0132742 0.0605718 0)
(-0.0340554 0.0882984 0)
(-0.0596021 0.104353 0)
(-0.0862414 0.108981 0)
(-0.111503 0.103363 0)
(-0.133525 0.0892087 0)
(-0.151 0.0684436 0)
(-0.16309 0.0430183 0)
(-0.16931 0.0148199 0)
(-0.169429 -0.0143302 0)
(-0.163431 -0.0426296 0)
(-0.151511 -0.0682334 0)
(-0.134127 -0.0892115 0)
(-0.112103 -0.103559 0)
(-0.0867523 -0.109294 0)
(-0.0599619 -0.104675 0)
(-0.0342456 -0.0885207 0)
(-0.0133307 -0.0606374 0)
(-0.00232462 -0.022475 0)
(-0.00278632 0.0299232 0)
(-0.0156267 0.0787762 0)
(-0.039546 0.113097 0)
(-0.0683431 0.131926 0)
(-0.0976948 0.136227 0)
(-0.124919 0.12798 0)
(-0.148183 0.109612 0)
(-0.166338 0.0836249 0)
(-0.178749 0.0523867 0)
(-0.185104 0.0180691 0)
(-0.185269 -0.0173062 0)
(-0.179223 -0.0517642 0)
(-0.167057 -0.0832553 0)
(-0.149049 -0.109554 0)
(-0.125808 -0.128221 0)
(-0.0984821 -0.136679 0)
(-0.0689282 -0.13244 0)
(-0.0398819 -0.113509 0)
(-0.0157452 -0.0789711 0)
(-0.00280089 -0.0299181 0)
(-0.00336404 0.0386579 0)
(-0.0183686 0.0998205 0)
(-0.0456132 0.141137 0)
(-0.0774934 0.162352 0)
(-0.108996 0.165555 0)
(-0.137345 0.153857 0)
(-0.160909 0.130615 0)
(-0.178873 0.0989965 0)
(-0.190946 0.0617763 0)
(-0.197083 0.0213377 0)
(-0.197296 -0.0202073 0)
(-0.191559 -0.0608329 0)
(-0.179816 -0.0983954 0)
(-0.162067 -0.13045 0)
(-0.138566 -0.154132 0)
(-0.110116 -0.166176 0)
(-0.0783639 -0.163129 0)
(-0.0461436 -0.141831 0)
(-0.0185756 -0.100229 0)
(-0.00339701 -0.0387275 0)
(-0.00411756 0.0489845 0)
(-0.021657 0.124002 0)
(-0.0523593 0.172375 0)
(-0.0868664 0.195119 0)
(-0.11949 0.196061 0)
(-0.147594 0.179884 0)
(-0.170017 0.151113 0)
(-0.186511 0.113637 0)
(-0.197301 0.070581 0)
(-0.202718 0.0244131 0)
(-0.202969 -0.0228252 0)
(-0.19803 -0.069229 0)
(-0.187649 -0.112724 0)
(-0.171445 -0.150778 0)
(-0.149146 -0.180165 0)
(-0.120967 -0.196868 0)
(-0.0880647 -0.196227 0)
(-0.0531293 -0.173459 0)
(-0.0219814 -0.124732 0)
(-0.00417724 -0.0491833 0)
(-0.00515791 0.0612947 0)
(-0.0257336 0.151654 0)
(-0.0598649 0.206533 0)
(-0.0960271 0.229234 0)
(-0.128024 0.226235 0)
(-0.153767 0.204348 0)
(-0.172965 0.169482 0)
(-0.186227 0.12624 0)
(-0.194472 0.0779577 0)
(-0.198504 0.0269956 0)
(-0.198769 -0.0248886 0)
(-0.195251 -0.0761296 0)
(-0.187467 -0.124942 0)
(-0.174567 -0.168905 0)
(-0.155571 -0.20458 0)
(-0.129814 -0.227215 0)
(-0.0975531 -0.230721 0)
(-0.0609021 -0.208114 0)
(-0.0262031 -0.152832 0)
(-0.00525422 -0.0616945 0)
(-0.0066887 0.0762023 0)
(-0.0309774 0.183105 0)
(-0.0681227 0.242878 0)
(-0.104074 0.262927 0)
(-0.132625 0.253698 0)
(-0.152928 0.22475 0)
(-0.166082 0.183489 0)
(-0.173855 0.13508 0)
(-0.178004 0.0828203 0)
(-0.17985 0.0286964 0)
(-0.180087 -0.0260694 0)
(-0.178714 -0.0804978 0)
(-0.17502 -0.133349 0)
(-0.16765 -0.182595 0)
(-0.154787 -0.224846 0)
(-0.134579 -0.254789 0)
(-0.105849 -0.264791 0)
(-0.0694142 -0.245033 0)
(-0.0316119 -0.184862 0)
(-0.00683284 -0.0768921 0)
(-0.00907542 0.0947069 0)
(-0.0379378 0.218548 0)
(-0.076801 0.279806 0)
(-0.109158 0.293201 0)
(-0.129941 0.274886 0)
(-0.140596 0.237663 0)
(-0.144195 0.19028 0)
(-0.143878 0.138071 0)
(-0.142239 0.0839003 0)
(-0.14105 0.029061 0)
(-0.141202 -0.0260113 0)
(-0.14271 -0.08115 0)
(-0.144703 -0.135919 0)
(-0.145402 -0.189013 0)
(-0.142167 -0.237513 0)
(-0.131758 -0.275956 0)
(-0.110973 -0.295352 0)
(-0.0782578 -0.282542 0)
(-0.0387352 -0.220989 0)
(-0.00927836 -0.0957886 0)
(-0.012907 0.118409 0)
(-0.0471909 0.257633 0)
(-0.084547 0.314093 0)
(-0.107444 0.315231 0)
(-0.114235 0.28479 0)
(-0.110002 0.238781 0)
(-0.100208 0.186596 0)
(-0.0892782 0.133013 0)
(-0.0803705 0.079934 0)
(-0.0754474 0.0276408 0)
(-0.0754487 -0.0243925 0)
(-0.0804085 -0.07694 0)
(-0.0894476 -0.130547 0)
(-0.100637 -0.184957 0)
(-0.110804 -0.23827 0)
(-0.11544 -0.285639 0)
(-0.108917 -0.317453 0)
(-0.0859496 -0.317281 0)
(-0.0480979 -0.260785 0)
(-0.0131734 -0.119984 0)
(-0.0188313 0.149824 0)
(-0.0584613 0.298442 0)
(-0.087118 0.339568 0)
(-0.091034 0.321657 0)
(-0.0757578 0.27697 0)
(-0.0511307 0.223372 0)
(-0.0247497 0.169378 0)
(-0.00162569 0.118136 0)
(0.0152061 0.0700278 0)
(0.0240883 0.0241302 0)
(0.0242861 -0.0210332 0)
(0.0157522 -0.0671016 0)
(-0.000869873 -0.115586 0)
(-0.0239987 -0.167471 0)
(-0.0506393 -0.22244 0)
(-0.0757491 -0.277365 0)
(-0.0915871 -0.323601 0)
(-0.0880512 -0.34288 0)
(-0.0593137 -0.302169 0)
(-0.0191391 -0.151958 0)
(-0.0263685 0.193091 0)
(-0.0675846 0.335102 0)
(-0.0729666 0.344698 0)
(-0.0441099 0.301758 0)
(0.00159538 0.244043 0)
(0.0502182 0.187343 0)
(0.0938138 0.136853 0)
(0.12836 0.0929509 0)
(0.152057 0.0541851 0)
(0.164215 0.0185602 0)
(0.164607 -0.0160335 0)
(0.153189 -0.0517269 0)
(0.130092 -0.0906677 0)
(0.0959058 -0.134928 0)
(0.0523337 -0.186069 0)
(0.00334015 -0.243823 0)
(-0.0430843 -0.303017 0)
(-0.0728032 -0.347595 0)
(-0.0680109 -0.339001 0)
(-0.0266124 -0.195759 0)
(-0.0286569 0.251051 0)
(-0.0577859 0.350949 0)
(-0.0140086 0.309646 0)
(0.0632573 0.242417 0)
(0.142958 0.180306 0)
(0.212732 0.129913 0)
(0.268476 0.0905856 0)
(0.309449 0.0595718 0)
(0.336243 0.034031 0)
(0.34965 0.0115476 0)
(0.350144 -0.00995029 0)
(0.337698 -0.03242 0)
(0.311782 -0.0579585 0)
(0.271522 -0.0890393 0)
(0.216207 -0.128607 0)
(0.146436 -0.179573 0)
(0.0662047 -0.242753 0)
(-0.0121285 -0.311525 0)
(-0.0571592 -0.35425 0)
(-0.0285306 -0.253893 0)
(0.0139495 0.28904 0)
(0.0303829 0.302875 0)
(0.15409 0.214125 0)
(0.282771 0.142372 0)
(0.382975 0.0939701 0)
(0.457142 0.0619822 0)
(0.51051 0.0405665 0)
(0.547095 0.0255581 0)
(0.569963 0.0142124 0)
(0.581118 0.00474041 0)
(0.581525 -0.00414452 0)
(0.571188 -0.013578 0)
(0.549142 -0.0248512 0)
(0.513357 -0.0397688 0)
(0.460698 -0.06112 0)
(0.387012 -0.0931811 0)
(0.286861 -0.141997 0)
(0.157534 -0.214672 0)
(0.0325363 -0.30455 0)
(0.0149974 -0.290853 0)
(0.304909 0.147201 0)
(0.40625 0.127709 0)
(0.569525 0.0747678 0)
(0.686098 0.0418522 0)
(0.753533 0.0238643 0)
(0.794604 0.0139515 0)
(0.820888 0.00831547 0)
(0.837585 0.00490127 0)
(0.84752 0.00260784 0)
(0.85222 0.000837893 0)
(0.852348 -0.000774175 0)
(0.847915 -0.00252728 0)
(0.838284 -0.00478363 0)
(0.82195 -0.00813438 0)
(0.796097 -0.0136765 0)
(0.755513 -0.0234794 0)
(0.688572 -0.0414046 0)
(0.572185 -0.0744245 0)
(0.40821 -0.127747 0)
(0.305837 -0.147542 0)
)
;

boundaryField
{
    movingWall
    {
        type            fixedValue;
        value           uniform (1 0 0);
    }
    fixedWalls
    {
        type            noSlip;
    }
    frontAndBack
    {
        type            empty;
    }
}


// ************************************************************************* //
