/*--------------------------------*- C++ -*----------------------------------*\
  =========                 |
  \\      /  F ield         | OpenFOAM: The Open Source CFD Toolbox
   \\    /   O peration     | Website:  https://openfoam.org
    \\  /    A nd           | Version:  6
     \\/     M anipulation  |
\*---------------------------------------------------------------------------*/
FoamFile
{
    version     2.0;
    format      ascii;
    class       volScalarField;
    location    "0.22";
    object      p;
}
// * * * * * * * * * * * * * * * * * * * * * * * * * * * * * * * * * * * * * //

dimensions      [0 2 -2 0 0 0 0];

internalField   nonuniform List<scalar> 
400
(
7.88867e-06
-0.0231838
-0.0520633
-0.0743185
-0.0826396
-0.0737532
-0.0474142
-0.00555644
0.048397
0.110049
0.17443
0.236349
0.290738
0.333036
0.359657
0.368565
0.360022
0.337437
0.308334
0.285151
0.0229922
-0.000838267
-0.0235009
-0.0388446
-0.0432745
-0.034492
-0.0121995
0.0222095
0.0661399
0.11617
0.168376
0.218635
0.262938
0.297727
0.320269
0.329082
0.324471
0.308844
0.285987
0.262197
0.0535393
0.020518
-0.00400343
-0.0181548
-0.0217549
-0.0135519
0.00643305
0.0368508
0.0754307
0.119247
0.164953
0.209027
0.248032
0.278894
0.299184
0.307451
0.303665
0.289186
0.264413
0.231423
0.0816253
0.0359445
0.00545377
-0.0106833
-0.0150805
-0.00741324
0.0118222
0.041033
0.0779396
0.119768
0.163405
0.205582
0.243072
0.272914
0.292621
0.300451
0.295872
0.279321
0.248446
0.202709
0.100734
0.0416764
0.00403596
-0.0149458
-0.0202756
-0.0124518
0.00750767
0.0376386
0.0754872
0.118252
0.16287
0.206133
0.244834
0.275922
0.296662
0.304863
0.299421
0.279937
0.241714
0.182398
0.106188
0.0334833
-0.0116133
-0.0333631
-0.0389599
-0.0296837
-0.00712298
0.0262885
0.0678024
0.114462
0.163123
0.210507
0.253282
0.288162
0.312012
0.322058
0.31654
0.29424
0.248299
0.174975
0.0939297
0.00716998
-0.0452578
-0.0689989
-0.0734776
-0.0608207
-0.0332785
0.00614424
0.0543091
0.108018
0.163967
0.218725
0.268748
0.310405
0.340027
0.354115
0.350109
0.325868
0.272282
0.184334
0.0596296
-0.0418511
-0.101094
-0.125302
-0.12647
-0.107777
-0.0722927
-0.0237083
0.0343777
0.098492
0.165154
0.230771
0.291558
0.343481
0.38223
0.403403
0.403423
0.378958
0.318227
0.214734
-0.00203919
-0.119166
-0.184205
-0.206419
-0.201076
-0.172792
-0.125694
-0.0642914
0.00732085
0.0854227
0.166423
0.246641
0.322105
0.388387
0.440454
0.472811
0.480539
0.458639
0.391837
0.271598
-0.0981002
-0.231971
-0.300937
-0.317325
-0.300878
-0.258265
-0.194997
-0.116534
-0.0274477
0.0684152
0.167525
0.266297
0.360745
0.446149
0.516743
0.565735
0.586447
0.571467
0.50065
0.362308
-0.238218
-0.38987
-0.459318
-0.46386
-0.429683
-0.366409
-0.281326
-0.180932
-0.070148
0.0473046
0.168273
0.289609
0.407635
0.517598
0.613112
0.685951
0.727177
0.72591
0.654922
0.497277
-0.4363
-0.606087
-0.669576
-0.652674
-0.591121
-0.498702
-0.384855
-0.257061
-0.120265
0.0223886
0.168634
0.31629
0.46252
0.603032
0.731173
0.837325
0.909825
0.932944
0.86895
0.691724
-0.713582
-0.8994
-0.944701
-0.890866
-0.787854
-0.654985
-0.503989
-0.342915
-0.176071
-0.00528307
0.168819
0.345786
0.524417
0.701702
0.871477
1.0232
1.14232
1.2067
1.16313
0.968973
-1.10504
-1.29728
-1.30074
-1.18488
-1.02002
-0.831987
-0.634163
-0.43404
-0.234065
-0.0336156
0.169332
0.37706
0.591084
0.810924
1.0323
1.24505
1.43243
1.56486
1.5672
1.3672
-1.67261
-1.84051
-1.75571
-1.53746
-1.28215
-1.02083
-0.766129
-0.522485
-0.288418
-0.0592877
0.170837
0.408119
0.658101
0.924542
1.20734
1.4995
1.78482
2.02754
2.12493
1.95306
-2.52804
-2.58723
-2.32553
-1.94252
-1.55887
-1.20424
-0.884445
-0.596188
-0.330902
-0.0779601
0.173767
0.435415
0.717881
1.03122
1.38288
1.77418
2.19596
2.6132
2.89777
2.84434
-3.873
-3.61305
-3.0165
-2.38086
-1.82324
-1.35641
-0.968441
-0.640397
-0.352261
-0.0853324
0.177707
0.453627
0.75966
1.11425
1.53689
2.04545
2.64948
3.33063
3.96435
4.24909
-6.15941
-5.01373
-3.78644
-2.79027
-2.01928
-1.43416
-0.988417
-0.636626
-0.342541
-0.0781329
0.179934
0.453517
0.76597
1.14533
1.62783
2.259
3.0847
4.13978
5.42507
6.62751
-10.5695
-6.84899
-4.35763
-2.91496
-1.96811
-1.32305
-0.875105
-0.545547
-0.282406
-0.0515953
0.172436
0.412778
0.695025
1.05334
1.53993
2.23475
3.24505
4.76455
7.34526
11.1677
-17.9825
-8.6112
-4.15441
-2.37805
-1.46163
-0.918359
-0.578358
-0.344496
-0.163421
-0.00553102
0.148968
0.317273
0.519131
0.783955
1.16479
1.76026
2.7477
4.62118
9.19196
18.678
)
;

boundaryField
{
    movingWall
    {
        type            zeroGradient;
    }
    fixedWalls
    {
        type            zeroGradient;
    }
    frontAndBack
    {
        type            empty;
    }
}


// ************************************************************************* //
