/*--------------------------------*- C++ -*----------------------------------*\
  =========                 |
  \\      /  F ield         | OpenFOAM: The Open Source CFD Toolbox
   \\    /   O peration     | Website:  https://openfoam.org
    \\  /    A nd           | Version:  6
     \\/     M anipulation  |
\*---------------------------------------------------------------------------*/
FoamFile
{
    version     2.0;
    format      ascii;
    class       volScalarField;
    location    "0.145";
    object      p;
}
// * * * * * * * * * * * * * * * * * * * * * * * * * * * * * * * * * * * * * //

dimensions      [0 2 -2 0 0 0 0];

internalField   nonuniform List<scalar> 
400
(
1.0608e-05
-0.0231795
-0.0520587
-0.0743138
-0.0826348
-0.0737482
-0.0474091
-0.0055514
0.0484019
0.110053
0.174434
0.236354
0.290743
0.333041
0.359662
0.36857
0.360026
0.337441
0.308339
0.285156
0.0229966
-0.00083355
-0.0234961
-0.0388399
-0.0432699
-0.0344873
-0.0121946
0.0222146
0.066145
0.116175
0.168381
0.218639
0.262942
0.297732
0.320274
0.329087
0.324476
0.308849
0.285991
0.262201
0.0535441
0.0205229
-0.00399853
-0.01815
-0.0217503
-0.0135473
0.00643773
0.0368556
0.0754359
0.119252
0.164958
0.209032
0.248037
0.278898
0.299189
0.307456
0.30367
0.289191
0.264418
0.231428
0.08163
0.0359493
0.00545873
-0.0106783
-0.0150756
-0.00740858
0.0118268
0.0410376
0.0779445
0.119773
0.163411
0.205587
0.243077
0.272918
0.292626
0.300456
0.295877
0.279326
0.248452
0.202713
0.100738
0.0416811
0.00404083
-0.0149407
-0.0202706
-0.0124469
0.00751231
0.0376431
0.0754918
0.118257
0.162875
0.206138
0.244839
0.275927
0.296666
0.304867
0.299425
0.279942
0.24172
0.182403
0.106192
0.0334879
-0.0116087
-0.0333582
-0.0389548
-0.0296786
-0.00711805
0.0262931
0.0678068
0.114467
0.163128
0.210512
0.253287
0.288167
0.312016
0.322063
0.316544
0.294245
0.248304
0.17498
0.0939347
0.00717469
-0.0452532
-0.0689942
-0.0734727
-0.0608156
-0.0332733
0.00614918
0.0543137
0.108023
0.163971
0.21873
0.268753
0.31041
0.340032
0.35412
0.350113
0.325873
0.272287
0.184339
0.0596347
-0.0418462
-0.101089
-0.125297
-0.126465
-0.107772
-0.0722874
-0.0237031
0.0343826
0.0984966
0.165158
0.230776
0.291563
0.343486
0.382235
0.403408
0.403428
0.378963
0.318231
0.214739
-0.00203413
-0.119161
-0.1842
-0.206415
-0.201072
-0.172788
-0.125689
-0.0642861
0.00732611
0.0854276
0.166428
0.246645
0.322109
0.388391
0.440459
0.472816
0.480544
0.458644
0.391842
0.271603
-0.0980954
-0.231966
-0.300932
-0.31732
-0.300873
-0.258261
-0.194993
-0.116529
-0.0274425
0.0684205
0.16753
0.266301
0.360749
0.446153
0.516748
0.56574
0.586452
0.571472
0.500655
0.362312
-0.238213
-0.389865
-0.459313
-0.463855
-0.429678
-0.366405
-0.281322
-0.180927
-0.0701431
0.0473099
0.168278
0.289614
0.407639
0.517602
0.613117
0.685956
0.727182
0.725915
0.654927
0.497282
-0.436296
-0.606082
-0.669571
-0.652669
-0.591116
-0.498697
-0.384851
-0.257056
-0.120261
0.0223935
0.168639
0.316295
0.462525
0.603037
0.731178
0.837329
0.90983
0.932949
0.868955
0.691728
-0.713577
-0.899395
-0.944696
-0.890861
-0.787849
-0.654979
-0.503984
-0.34291
-0.176067
-0.00527849
0.168824
0.345792
0.524422
0.701707
0.871482
1.0232
1.14232
1.20671
1.16313
0.968978
-1.10503
-1.29728
-1.30074
-1.18487
-1.02002
-0.831981
-0.634158
-0.434035
-0.23406
-0.0336112
0.169337
0.377065
0.591089
0.810929
1.0323
1.24505
1.43243
1.56486
1.56721
1.36721
-1.67261
-1.84051
-1.7557
-1.53745
-1.28214
-1.02083
-0.766124
-0.52248
-0.288414
-0.059283
0.170841
0.408123
0.658106
0.924547
1.20734
1.49951
1.78483
2.02755
2.12494
1.95306
-2.52803
-2.58722
-2.32553
-1.94251
-1.55886
-1.20423
-0.88444
-0.596183
-0.330897
-0.0779552
0.173771
0.43542
0.717886
1.03123
1.38288
1.77418
2.19597
2.6132
2.89778
2.84434
-3.873
-3.61304
-3.01649
-2.38085
-1.82324
-1.35641
-0.968436
-0.640392
-0.352256
-0.0853272
0.177712
0.453632
0.759664
1.11426
1.53689
2.04545
2.64949
3.33064
3.96436
4.24909
-6.1594
-5.01373
-3.78643
-2.79027
-2.01927
-1.43416
-0.988412
-0.636622
-0.342536
-0.0781278
0.179939
0.453522
0.765975
1.14533
1.62784
2.25901
3.08471
4.13979
5.42507
6.62751
-10.5695
-6.84898
-4.35763
-2.91496
-1.96811
-1.32304
-0.8751
-0.545542
-0.282401
-0.0515905
0.172441
0.412783
0.69503
1.05335
1.53993
2.23475
3.24505
4.76456
7.34526
11.1677
-17.9825
-8.61119
-4.15441
-2.37804
-1.46162
-0.918354
-0.578353
-0.344491
-0.163416
-0.00552638
0.148973
0.317278
0.519136
0.78396
1.1648
1.76026
2.7477
4.62118
9.19197
18.678
)
;

boundaryField
{
    movingWall
    {
        type            zeroGradient;
    }
    fixedWalls
    {
        type            zeroGradient;
    }
    frontAndBack
    {
        type            empty;
    }
}


// ************************************************************************* //
