/*--------------------------------*- C++ -*----------------------------------*\
  =========                 |
  \\      /  F ield         | OpenFOAM: The Open Source CFD Toolbox
   \\    /   O peration     | Website:  https://openfoam.org
    \\  /    A nd           | Version:  6
     \\/     M anipulation  |
\*---------------------------------------------------------------------------*/
FoamFile
{
    version     2.0;
    format      ascii;
    class       volScalarField;
    location    "0.065";
    object      p;
}
// * * * * * * * * * * * * * * * * * * * * * * * * * * * * * * * * * * * * * //

dimensions      [0 2 -2 0 0 0 0];

internalField   nonuniform List<scalar> 
400
(
4.01079e-08
-0.00288356
-0.0062553
-0.00857883
-0.00904763
-0.00733385
-0.0034445
0.00238205
0.00974952
0.0181481
0.0269841
0.0356072
0.0433481
0.0495704
0.0537446
0.0555421
0.0549494
0.0523838
0.0488106
0.0458879
0.00285192
-0.000121072
-0.00274371
-0.00425925
-0.00429874
-0.00262857
0.000764744
0.00570969
0.0119016
0.0189344
0.0263259
0.0335445
0.040045
0.0453168
0.0489442
0.0506804
0.0505315
0.0488029
0.0460008
0.0430034
0.00643683
0.00231657
-0.000540133
-0.00191821
-0.00186998
-0.00028164
0.00283009
0.00730484
0.0128792
0.0192052
0.0258651
0.0323924
0.0383031
0.0431369
0.0465093
0.0481735
0.048097
0.0464635
0.0433721
0.0391958
0.00945361
0.00376869
0.000180842
-0.00143648
-0.00148797
2.88684e-05
0.00304754
0.00738833
0.012796
0.0189466
0.0254505
0.0318654
0.0377198
0.0425491
0.0459414
0.0475965
0.0474111
0.0454585
0.0415158
0.0356778
0.0111077
0.00375482
-0.000718504
-0.00268767
-0.00286563
-0.00134864
0.00174452
0.00620436
0.0117694
0.0181227
0.0248836
0.0316108
0.0378177
0.0430028
0.0466906
0.048494
0.0482166
0.0458249
0.0408183
0.0331248
0.0108035
0.00170654
-0.00371759
-0.00605251
-0.00630258
-0.00465662
-0.00128661
0.00356267
0.00961543
0.0165519
0.0239881
0.0314683
0.0384705
0.0444291
0.0487724
0.0509905
0.0507648
0.0479413
0.0417449
0.0319899
0.00799052
-0.00296446
-0.00936881
-0.0120158
-0.0122167
-0.010258
-0.0063688
-0.000832799
0.00605677
0.0139743
0.0225287
0.0312423
0.039545
0.0467849
0.0522604
0.0552955
0.0554044
0.052273
0.0448026
0.032695
0.00205327
-0.0109174
-0.0182988
-0.0211342
-0.0210932
-0.0185792
-0.0138869
-0.00734177
0.000748111
0.0100569
0.0201928
0.0306609
0.0408403
0.0499786
0.0572118
0.061644
0.0625547
0.0593932
0.0506238
0.0357824
-0.00777653
-0.0229566
-0.0312644
-0.0340748
-0.0335081
-0.0301217
-0.0242906
-0.0163836
-0.00671506
0.00440446
0.0166018
0.0293843
0.042094
0.0538766
0.0636781
0.0703205
0.072754
0.0700661
0.0600853
0.0420599
-0.0224988
-0.0401015
-0.0491932
-0.0516225
-0.0501089
-0.0454234
-0.0380427
-0.0283793
-0.0167381
-0.00338721
0.0113539
0.0270339
0.0429941
0.0583
0.0716961
0.0816598
0.0866903
0.0853247
0.0744392
0.0527613
-0.0434453
-0.0636744
-0.073223
-0.0746663
-0.0715583
-0.0649723
-0.0555149
-0.0436379
-0.0296115
-0.0136204
0.00412256
0.0232708
0.0432325
0.0630514
0.081295
0.0960519
0.105234
0.106566
0.0954854
0.0697686
-0.0724552
-0.0954369
-0.104746
-0.104156
-0.0984282
-0.0890618
-0.0768195
-0.0621772
-0.045329
-0.0263182
-0.00517776
0.0179409
0.0426194
0.0679914
0.0925348
0.113963
0.12948
0.135671
0.125821
0.0959639
-0.112235
-0.13782
-0.145452
-0.141
-0.131015
-0.117564
-0.101568
-0.0834806
-0.0633493
-0.0409944
-0.0161729
0.0112759
0.041255
0.0731659
0.105582
0.135969
0.160794
0.175157
0.169211
0.135848
-0.16716
-0.194324
-0.197323
-0.185846
-0.16903
-0.149602
-0.128562
-0.10622
-0.0823502
-0.0564309
-0.0278234
0.00408391
0.0396966
0.0789309
0.120769
0.162753
0.200798
0.228314
0.231167
0.196733
-0.245041
-0.270149
-0.262443
-0.238575
-0.211064
-0.183094
-0.155447
-0.128016
-0.100076
-0.0705864
-0.0383687
-0.00221397
0.0389786
0.0859344
0.138496
0.194892
0.251111
0.299142
0.319697
0.290982
-0.36045
-0.372878
-0.342392
-0.297497
-0.253909
-0.214307
-0.178513
-0.145443
-0.113485
-0.0808333
-0.0456115
-0.0058827
0.0403167
0.0948182
0.158888
0.232407
0.312742
0.391776
0.445709
0.439296
-0.541026
-0.512734
-0.437221
-0.358763
-0.292382
-0.238028
-0.193156
-0.154683
-0.11951
-0.0847665
-0.0477337
-0.00567103
0.0443517
0.105528
0.181186
0.274193
0.385364
0.509311
0.622831
0.676059
-0.851015
-0.7025
-0.540018
-0.412531
-0.317369
-0.246937
-0.194097
-0.152238
-0.116039
-0.0813416
-0.0445918
-0.00232458
0.0492991
0.114956
0.200658
0.313894
0.46185
0.648081
0.869516
1.07477
-1.46487
-0.948724
-0.608603
-0.420692
-0.302274
-0.224003
-0.17121
-0.132712
-0.100917
-0.0707841
-0.0384492
-0.000280892
0.047878
0.111622
0.199415
0.324349
0.504308
0.768781
1.19918
1.81709
-2.54047
-1.18063
-0.557006
-0.327747
-0.21697
-0.154613
-0.118346
-0.0944524
-0.0749572
-0.055403
-0.032763
-0.00428993
0.0332736
0.0847216
0.158426
0.270274
0.450528
0.776799
1.51527
2.9896
)
;

boundaryField
{
    movingWall
    {
        type            zeroGradient;
    }
    fixedWalls
    {
        type            zeroGradient;
    }
    frontAndBack
    {
        type            empty;
    }
}


// ************************************************************************* //
