/*--------------------------------*- C++ -*----------------------------------*\
  =========                 |
  \\      /  F ield         | OpenFOAM: The Open Source CFD Toolbox
   \\    /   O peration     | Website:  https://openfoam.org
    \\  /    A nd           | Version:  6
     \\/     M anipulation  |
\*---------------------------------------------------------------------------*/
FoamFile
{
    version     2.0;
    format      ascii;
    class       surfaceScalarField;
    location    "0.065";
    object      phi;
}
// * * * * * * * * * * * * * * * * * * * * * * * * * * * * * * * * * * * * * //

dimensions      [0 3 -1 0 0 0 0];

internalField   nonuniform List<scalar> 
760
(
9.84527e-09
-9.84569e-09
-2.41791e-08
3.40244e-08
-1.03784e-07
7.96054e-08
-2.14084e-07
1.103e-07
-3.38614e-07
1.2453e-07
-4.62464e-07
1.2385e-07
-5.73174e-07
1.1071e-07
-6.60915e-07
8.7741e-08
-7.18367e-07
5.74524e-08
-7.40622e-07
2.22555e-08
-7.25264e-07
-1.5358e-08
-6.72642e-07
-5.2622e-08
-5.86279e-07
-8.63633e-08
-4.73279e-07
-1.13e-07
-3.44557e-07
-1.28722e-07
-2.14626e-07
-1.29931e-07
-1.00644e-07
-1.13982e-07
-2.04506e-08
-8.01929e-08
1.15988e-08
-3.20493e-08
1.15989e-08
-3.21765e-08
2.2331e-08
-1.58936e-07
1.60783e-07
-3.72976e-07
2.93645e-07
-6.47276e-07
3.84599e-07
-9.49065e-07
4.2632e-07
-1.24636e-06
4.21149e-07
-1.51106e-06
3.75405e-07
-1.72022e-06
2.96898e-07
-1.85652e-06
1.93752e-07
-1.90845e-06
7.41948e-08
-1.87068e-06
-5.31347e-08
-1.74455e-06
-1.78755e-07
-1.53884e-06
-2.92065e-07
-1.27038e-06
-3.81468e-07
-9.64004e-07
-4.35094e-07
-6.51621e-07
-4.42315e-07
-3.69428e-07
-3.96176e-07
-1.52965e-07
-2.96655e-07
-2.88382e-08
-1.56176e-07
-1.72393e-08
-8.01629e-08
1.02494e-07
-3.04524e-07
3.85145e-07
-6.44751e-07
6.33872e-07
-1.06062e-06
8.00466e-07
-1.50748e-06
8.73186e-07
-1.94216e-06
8.55827e-07
-2.32644e-06
7.59686e-07
-2.62889e-06
5.99341e-07
-2.82561e-06
3.90472e-07
-2.90071e-06
1.49301e-07
-2.84682e-06
-1.07029e-07
-2.66579e-06
-3.5978e-07
-2.36966e-06
-5.88198e-07
-1.9813e-06
-7.69825e-07
-1.53445e-06
-8.81945e-07
-1.07226e-06
-9.04508e-07
-6.43799e-07
-8.24636e-07
-2.98116e-07
-6.42338e-07
-7.58397e-08
-3.78452e-07
-9.30788e-08
-1.23481e-07
2.25974e-07
-4.42979e-07
7.04644e-07
-9.05805e-07
1.0967e-06
-1.45529e-06
1.34995e-06
-2.03476e-06
1.45265e-06
-2.59166e-06
1.41273e-06
-3.08041e-06
1.24843e-06
-3.46377e-06
9.82701e-07
-3.71348e-06
6.40181e-07
-3.81058e-06
2.46402e-07
-3.74594e-06
-1.71674e-07
-3.5211e-06
-5.84616e-07
-3.14949e-06
-9.59813e-07
-2.65744e-06
-1.26187e-06
-2.08463e-06
-1.45476e-06
-1.4829e-06
-1.50623e-06
-9.12984e-07
-1.39455e-06
-4.38591e-07
-1.11673e-06
-1.1863e-07
-6.98414e-07
-2.11708e-07
-1.63904e-07
3.89878e-07
-5.77232e-07
1.11797e-06
-1.16262e-06
1.68209e-06
-1.84479e-06
2.03213e-06
-2.55393e-06
2.16178e-06
-3.22847e-06
2.08728e-06
-3.81673e-06
1.83669e-06
-4.27727e-06
1.44324e-06
-4.57884e-06
9.41749e-07
-4.70017e-06
3.67735e-07
-4.63029e-06
-2.4155e-07
-4.36948e-06
-8.45431e-07
-3.93081e-06
-1.39848e-06
-3.34199e-06
-1.85068e-06
-2.64673e-06
-2.15003e-06
-1.90462e-06
-2.24834e-06
-1.18873e-06
-2.11045e-06
-5.80096e-07
-1.72536e-06
-1.59781e-07
-1.11873e-06
-3.71489e-07
-2.04504e-07
5.94382e-07
-7.14195e-07
1.62766e-06
-1.42616e-06
2.39406e-06
-2.24465e-06
2.85062e-06
-3.08554e-06
3.00267e-06
-3.87825e-06
2.87999e-06
-4.56583e-06
2.52427e-06
-5.10394e-06
1.98136e-06
-5.45946e-06
1.29727e-06
-5.6094e-06
5.17675e-07
-5.54074e-06
-3.10214e-07
-5.25136e-06
-1.1348e-06
-4.75222e-06
-1.89763e-06
-4.0702e-06
-2.5327e-06
-3.25121e-06
-2.96902e-06
-2.36188e-06
-3.13767e-06
-1.48874e-06
-2.98358e-06
-7.33437e-07
-2.48067e-06
-2.03637e-07
-1.64853e-06
-5.75126e-07
-2.48151e-07
8.42533e-07
-8.60878e-07
2.24039e-06
-1.70693e-06
3.24011e-06
-2.66775e-06
3.81143e-06
-3.64383e-06
3.97875e-06
-4.55583e-06
3.79199e-06
-5.34279e-06
3.31123e-06
-5.95902e-06
2.59759e-06
-6.37094e-06
1.70919e-06
-6.55467e-06
7.01401e-07
-6.49503e-06
-3.69856e-07
-6.18638e-06
-1.44345e-06
-5.6354e-06
-2.44862e-06
-4.86544e-06
-3.30265e-06
-3.92192e-06
-3.91254e-06
-2.87695e-06
-4.18264e-06
-1.83117e-06
-4.02936e-06
-9.10309e-07
-3.40153e-06
-2.54675e-07
-2.30416e-06
-8.29801e-07
-2.97308e-07
1.13984e-06
-1.02321e-06
2.96629e-06
-2.0128e-06
4.2297e-06
-3.12146e-06
4.9201e-06
-4.23351e-06
5.09079e-06
-5.26187e-06
4.82036e-06
-6.14371e-06
4.19306e-06
-6.8345e-06
3.28838e-06
-7.30243e-06
2.17712e-06
-7.52416e-06
9.23131e-07
-7.48269e-06
-4.11331e-07
-7.16779e-06
-1.75834e-06
-6.57935e-06
-3.03706e-06
-5.73349e-06
-4.14852e-06
-4.67089e-06
-4.97514e-06
-3.46568e-06
-5.38785e-06
-2.23165e-06
-5.2634e-06
-1.12186e-06
-4.51132e-06
-3.17278e-07
-3.10874e-06
-1.14708e-06
-3.54138e-07
1.49398e-06
-1.2058e-06
3.81795e-06
-2.34796e-06
5.37186e-06
-3.6057e-06
6.17783e-06
-4.84682e-06
6.33191e-06
-5.97895e-06
5.9525e-06
-6.94111e-06
5.15522e-06
-7.69389e-06
4.04116e-06
-8.21071e-06
2.69394e-06
-8.47123e-06
1.18366e-06
-8.45771e-06
-4.24851e-07
-8.15466e-06
-2.0614e-06
-7.55242e-06
-3.6393e-06
-6.655e-06
-5.04593e-06
-5.49198e-06
-6.13816e-06
-4.13294e-06
-6.74689e-06
-2.70086e-06
-6.69547e-06
-1.37797e-06
-5.83421e-06
-3.9582e-07
-4.09089e-06
-1.5429e-06
-4.20984e-07
1.91496e-06
-1.41247e-06
4.80944e-06
-2.71274e-06
6.67213e-06
-4.11124e-06
7.57634e-06
-5.46037e-06
7.68104e-06
-6.66714e-06
7.15927e-06
-7.6784e-06
6.16648e-06
-8.46577e-06
4.82853e-06
-9.01293e-06
3.2411e-06
-9.30633e-06
1.47705e-06
-9.3296e-06
-4.01575e-07
-9.06211e-06
-2.32889e-06
-8.48212e-06
-4.21929e-06
-7.57578e-06
-5.95227e-06
-6.3526e-06
-7.36135e-06
-4.86693e-06
-8.23255e-06
-3.24186e-06
-8.32055e-06
-1.68688e-06
-7.3892e-06
-4.95053e-07
-5.28272e-06
-2.03795e-06
-5.01358e-07
2.41632e-06
-1.64761e-06
5.95569e-06
-3.10367e-06
8.12819e-06
-4.61789e-06
9.09055e-06
-6.03123e-06
9.09439e-06
-7.25845e-06
8.38649e-06
-8.26336e-06
7.17139e-06
-9.03673e-06
5.60189e-06
-9.5791e-06
3.78347e-06
-9.88873e-06
1.78669e-06
-9.95412e-06
-3.3619e-07
-9.75084e-06
-2.53217e-06
-9.24356e-06
-4.72657e-06
-8.39478e-06
-6.80105e-06
-7.18289e-06
-8.57324e-06
-5.6312e-06
-9.78424e-06
-3.84607e-06
-1.01057e-05
-2.05474e-06
-9.18052e-06
-6.2085e-07
-6.71661e-06
-2.6588e-06
-6.01741e-07
3.01806e-06
-1.91805e-06
7.272e-06
-3.51321e-06
9.72335e-06
-5.09084e-06
1.06682e-05
-6.49065e-06
1.04942e-05
-7.64922e-06
9.54505e-06
-8.56029e-06
8.08246e-06
-9.24397e-06
6.28557e-06
-9.72523e-06
4.26473e-06
-1.00199e-05
2.08135e-06
-1.01258e-05
-2.30317e-07
-1.00178e-05
-2.64012e-06
-9.64772e-06
-5.09666e-06
-8.95033e-06
-7.49845e-06
-7.86146e-06
-9.66211e-06
-6.35272e-06
-1.1293e-05
-4.48649e-06
-1.19719e-05
-2.48441e-06
-1.11826e-05
-7.81463e-07
-8.41955e-06
-3.44026e-06
-7.34707e-07
3.75277e-06
-2.23526e-06
8.77255e-06
-3.92664e-06
1.14147e-05
-5.47222e-06
1.22138e-05
-6.73234e-06
1.17543e-05
-7.68792e-06
1.05006e-05
-8.37959e-06
8.77414e-06
-8.86774e-06
6.77372e-06
-9.20856e-06
4.60555e-06
-9.44028e-06
2.31306e-06
-9.57463e-06
-9.59626e-08
-9.59089e-06
-2.62386e-06
-9.43201e-06
-5.25553e-06
-9.00577e-06
-7.92469e-06
-8.19729e-06
-1.04706e-05
-6.90402e-06
-1.25862e-05
-5.10542e-06
-1.37705e-05
-2.97201e-06
-1.3316e-05
-9.89478e-07
-1.04021e-05
-4.42974e-06
-9.23826e-07
4.67659e-06
-2.61478e-06
1.04635e-05
-4.31015e-06
1.31101e-05
-5.66022e-06
1.35638e-05
-6.58877e-06
1.26829e-05
-7.15403e-06
1.10659e-05
-7.46251e-06
9.08262e-06
-7.62313e-06
6.93434e-06
-7.72581e-06
4.70823e-06
-7.83225e-06
2.41951e-06
-7.97088e-06
4.2668e-08
-8.13125e-06
-2.46349e-06
-8.25658e-06
-5.1302e-06
-8.2365e-06
-7.94478e-06
-7.90723e-06
-1.07999e-05
-7.07534e-06
-1.34181e-05
-5.59075e-06
-1.52551e-05
-3.49697e-06
-1.54098e-05
-1.2639e-06
-1.26352e-05
-5.69364e-06
-1.20863e-06
5.88522e-06
-3.06339e-06
1.23183e-05
-4.57465e-06
1.46214e-05
-5.46092e-06
1.44501e-05
-5.78439e-06
1.30064e-05
-5.7215e-06
1.1003e-05
-5.45844e-06
8.81956e-06
-5.15114e-06
6.62704e-06
-4.91591e-06
4.47299e-06
-4.83129e-06
2.33488e-06
-4.94034e-06
1.51717e-07
-5.24808e-06
-2.15576e-06
-5.7116e-06
-4.66667e-06
-6.22291e-06
-7.43346e-06
-6.58972e-06
-1.0433e-05
-6.53152e-06
-1.34763e-05
-5.72947e-06
-1.60571e-05
-3.99323e-06
-1.7146e-05
-1.62778e-06
-1.50006e-05
-7.32142e-06
-1.6368e-06
7.52203e-06
-3.52128e-06
1.42028e-05
-4.47855e-06
1.55786e-05
-4.48501e-06
1.44566e-05
-3.85057e-06
1.23719e-05
-2.90143e-06
1.00539e-05
-1.89518e-06
7.81331e-06
-1.01198e-06
5.74384e-06
-3.70917e-07
3.83193e-06
-4.92521e-08
2.01322e-06
-9.51564e-08
1.97621e-07
-5.30635e-07
-1.72028e-06
-1.34222e-06
-3.8551e-06
-2.45647e-06
-6.31921e-06
-3.69915e-06
-9.19036e-06
-4.74774e-06
-1.24277e-05
-5.11674e-06
-1.56881e-05
-4.27042e-06
-1.79924e-05
-2.08233e-06
-1.71887e-05
-9.40375e-06
-2.19981e-06
9.72183e-06
-3.6737e-06
1.56766e-05
-3.3953e-06
1.53002e-05
-1.94941e-06
1.30107e-05
8.60126e-09
1.04139e-05
2.02999e-06
8.03247e-06
3.84565e-06
5.99766e-06
5.30747e-06
4.28202e-06
6.33628e-06
2.80312e-06
6.88504e-06
1.46446e-06
6.91739e-06
1.65275e-07
6.39908e-06
-1.20197e-06
5.30274e-06
-2.75876e-06
3.63118e-06
-4.64765e-06
1.46978e-06
-7.02896e-06
-9.22118e-07
-1.00359e-05
-2.99233e-06
-1.36179e-05
-3.8292e-06
-1.71555e-05
-2.5106e-06
-1.85073e-05
-1.19144e-05
-2.59161e-06
1.23134e-05
-2.43095e-06
1.5516e-05
1.83515e-07
1.26858e-05
3.65228e-06
9.54189e-06
7.08014e-06
6.98603e-06
1.00797e-05
5.03294e-06
1.25104e-05
3.56698e-06
1.43434e-05
2.44901e-06
1.55892e-05
1.55725e-06
1.62594e-05
7.94303e-07
1.63466e-05
7.80735e-08
1.58153e-05
-6.70719e-07
1.45995e-05
-1.54291e-06
1.26114e-05
-2.65955e-06
9.77802e-06
-4.19559e-06
6.13709e-06
-6.39492e-06
2.04359e-06
-9.52444e-06
-1.46765e-06
-1.36442e-05
-2.42342e-06
-1.75515e-05
-1.43378e-05
-1.0402e-06
1.33536e-05
3.60777e-06
1.0868e-05
9.60059e-06
6.69295e-06
1.49206e-05
4.2219e-06
1.9173e-05
2.73363e-06
2.24161e-05
1.78983e-06
2.4806e-05
1.17708e-06
2.64927e-05
7.62319e-07
2.7589e-05
4.60955e-07
2.81636e-05
2.19716e-07
2.82399e-05
1.74005e-09
2.77936e-05
-2.24423e-07
2.67452e-05
-4.94531e-07
2.49475e-05
-8.61853e-07
2.21725e-05
-1.42058e-06
1.81262e-05
-2.34865e-06
1.25815e-05
-3.97976e-06
5.83798e-06
-6.90066e-06
6.61371e-09
-1.17202e-05
-1.43312e-05
1.33536e-05
2.42217e-05
3.09146e-05
3.51365e-05
3.78701e-05
3.966e-05
4.08371e-05
4.15994e-05
4.20603e-05
4.228e-05
4.22818e-05
4.20574e-05
4.15628e-05
4.0701e-05
3.92804e-05
3.69317e-05
3.2952e-05
2.60513e-05
1.43312e-05
)
;

boundaryField
{
    movingWall
    {
        type            calculated;
        value           uniform 0;
    }
    fixedWalls
    {
        type            calculated;
        value           uniform 0;
    }
    frontAndBack
    {
        type            empty;
        value           nonuniform 0();
    }
}


// ************************************************************************* //
