/*--------------------------------*- C++ -*----------------------------------*\
  =========                 |
  \\      /  F ield         | OpenFOAM: The Open Source CFD Toolbox
   \\    /   O peration     | Website:  https://openfoam.org
    \\  /    A nd           | Version:  6
     \\/     M anipulation  |
\*---------------------------------------------------------------------------*/
FoamFile
{
    version     2.0;
    format      ascii;
    class       surfaceScalarField;
    location    "0.01";
    object      phi;
}
// * * * * * * * * * * * * * * * * * * * * * * * * * * * * * * * * * * * * * //

dimensions      [0 3 -1 0 0 0 0];

internalField   nonuniform List<scalar> 
760
(
1.05323e-08
-1.05327e-08
-2.28815e-08
3.34138e-08
-1.03232e-07
8.03505e-08
-2.15566e-07
1.12333e-07
-3.42727e-07
1.27161e-07
-4.6883e-07
1.26103e-07
-5.80582e-07
1.11751e-07
-6.67741e-07
8.71599e-08
-7.23118e-07
5.53771e-08
-7.42419e-07
1.93009e-08
-7.24121e-07
-1.82982e-08
-6.69452e-07
-5.46684e-08
-5.82507e-07
-8.69457e-08
-4.70439e-07
-1.12068e-07
-3.43645e-07
-1.26794e-07
-2.15716e-07
-1.27928e-07
-1.0286e-07
-1.12856e-07
-2.24338e-08
-8.04258e-08
1.07885e-08
-3.32223e-08
1.07883e-08
-3.12024e-08
2.06702e-08
-1.57728e-07
1.59939e-07
-3.73804e-07
2.96427e-07
-6.52292e-07
3.90822e-07
-9.59075e-07
4.33944e-07
-1.26039e-06
4.27414e-07
-1.5266e-06
3.7797e-07
-1.7341e-06
2.94659e-07
-1.86589e-06
1.87168e-07
-1.9117e-06
6.511e-08
-1.86791e-06
-6.20947e-08
-1.73755e-06
-1.85021e-07
-1.53053e-06
-2.93968e-07
-1.26375e-06
-3.78844e-07
-9.61129e-07
-4.29419e-07
-6.52818e-07
-4.3624e-07
-3.73189e-07
-3.92484e-07
-1.5674e-07
-2.96875e-07
-3.06124e-08
-1.5935e-07
-1.98247e-08
-7.89544e-08
9.96246e-08
-3.03645e-07
3.84629e-07
-6.47291e-07
6.40073e-07
-1.06918e-06
8.12709e-07
-1.5227e-06
8.87468e-07
-1.96227e-06
8.66985e-07
-2.34777e-06
7.63465e-07
-2.64697e-06
5.93858e-07
-2.83657e-06
3.76769e-07
-2.90243e-06
1.3097e-07
-2.83956e-06
-1.24967e-07
-2.65216e-06
-3.72418e-07
-2.35383e-06
-5.92298e-07
-1.96773e-06
-7.64943e-07
-1.52641e-06
-8.70739e-07
-1.0707e-06
-8.91951e-07
-6.4703e-07
-8.16154e-07
-3.02632e-07
-6.41273e-07
-7.83161e-08
-3.83666e-07
-9.81409e-08
-1.2215e-07
2.21775e-07
-4.42876e-07
7.05355e-07
-9.11188e-07
1.10839e-06
-1.46921e-06
1.37073e-06
-2.05736e-06
1.47561e-06
-2.61986e-06
1.42948e-06
-3.10874e-06
1.25235e-06
-3.48599e-06
9.71109e-07
-3.72433e-06
6.15103e-07
-3.80725e-06
2.1389e-07
-3.72889e-06
-2.03323e-07
-3.49405e-06
-6.07262e-07
-3.11843e-06
-9.67917e-07
-2.62904e-06
-1.25433e-06
-2.06427e-06
-1.43551e-06
-1.47296e-06
-1.48326e-06
-9.12053e-07
-1.37706e-06
-4.4214e-07
-1.11119e-06
-1.2142e-07
-7.04385e-07
-2.19561e-07
-1.62759e-07
3.84535e-07
-5.79421e-07
1.12202e-06
-1.17406e-06
1.70302e-06
-1.86891e-06
2.06558e-06
-2.58974e-06
2.19644e-06
-3.27059e-06
2.11034e-06
-3.8568e-06
1.83856e-06
-4.30623e-06
1.42054e-06
-4.58926e-06
8.98128e-07
-4.68814e-06
3.12774e-07
-4.5965e-06
-2.9496e-07
-4.31921e-06
-8.84554e-07
-3.87284e-06
-1.41429e-06
-3.28652e-06
-1.84065e-06
-2.6027e-06
-2.11933e-06
-1.87719e-06
-2.20877e-06
-1.17757e-06
-2.07668e-06
-5.79689e-07
-1.70907e-06
-1.6212e-07
-1.12195e-06
-3.81681e-07
-2.04398e-07
5.88932e-07
-7.2178e-07
1.6394e-06
-1.44961e-06
2.43086e-06
-2.28747e-06
2.90344e-06
-3.14457e-06
3.05354e-06
-3.94431e-06
2.91008e-06
-4.62612e-06
2.52037e-06
-5.14518e-06
1.9396e-06
-5.47098e-06
1.22393e-06
-5.5856e-06
4.27397e-07
-5.48247e-06
-3.98094e-07
-5.16601e-06
-1.20101e-06
-4.65244e-06
-1.92786e-06
-3.97139e-06
-2.5217e-06
-3.16789e-06
-2.92283e-06
-2.3039e-06
-3.07276e-06
-1.4583e-06
-2.92228e-06
-7.2436e-07
-2.44301e-06
-2.0421e-07
-1.6421e-06
-5.85891e-07
-2.50605e-07
8.39537e-07
-8.78905e-07
2.2677e-06
-1.75158e-06
3.30353e-06
-2.74187e-06
3.89373e-06
-3.74052e-06
4.05219e-06
-4.66019e-06
3.82975e-06
-5.43562e-06
3.2958e-06
-6.02122e-06
2.5252e-06
-6.38747e-06
1.59018e-06
-6.51756e-06
5.57481e-07
-6.4051e-06
-5.10556e-07
-6.05351e-06
-1.5526e-06
-5.47716e-06
-2.5042e-06
-4.70412e-06
-3.29474e-06
-3.77995e-06
-3.847e-06
-2.77148e-06
-4.08123e-06
-1.7691e-06
-3.92467e-06
-8.85807e-07
-3.3263e-06
-2.51471e-07
-2.27644e-06
-8.37362e-07
-3.04649e-07
1.14419e-06
-1.05895e-06
3.022e-06
-2.09128e-06
4.33585e-06
-3.24362e-06
5.04607e-06
-4.38647e-06
5.19504e-06
-5.42264e-06
4.86592e-06
-6.28473e-06
4.1579e-06
-6.9294e-06
3.16987e-06
-7.3308e-06
1.99158e-06
-7.47504e-06
7.01718e-07
-7.35654e-06
-6.29054e-07
-6.97699e-06
-1.93214e-06
-6.34695e-06
-3.13425e-06
-5.48999e-06
-4.1517e-06
-4.44892e-06
-4.88807e-06
-3.29274e-06
-5.23741e-06
-2.12247e-06
-5.09494e-06
-1.07297e-06
-4.3758e-06
-3.0746e-07
-3.04195e-06
-1.14482e-06
-3.69628e-07
1.51381e-06
-1.26886e-06
3.92123e-06
-2.47615e-06
5.54314e-06
-3.79587e-06
6.36578e-06
-5.07729e-06
6.47646e-06
-6.21619e-06
6.00482e-06
-7.14758e-06
5.08929e-06
-7.83512e-06
3.8574e-06
-8.26059e-06
2.41705e-06
-8.41553e-06
8.56659e-07
-8.29608e-06
-7.48501e-07
-7.90134e-06
-2.32688e-06
-7.23545e-06
-3.80013e-06
-6.31339e-06
-5.07376e-06
-5.17006e-06
-6.0314e-06
-3.87169e-06
-6.53578e-06
-2.5269e-06
-6.43973e-06
-1.29361e-06
-5.60909e-06
-3.75613e-07
-3.95995e-06
-1.52044e-06
-4.48913e-07
1.96273e-06
-1.51459e-06
4.98691e-06
-2.90859e-06
6.93715e-06
-4.39025e-06
7.84744e-06
-5.78873e-06
7.87494e-06
-6.99874e-06
7.21483e-06
-7.96528e-06
6.05583e-06
-8.66599e-06
4.55812e-06
-9.09559e-06
2.84664e-06
-9.25437e-06
1.01545e-06
-9.14142e-06
-8.61458e-07
-8.75231e-06
-2.71598e-06
-8.08166e-06
-4.47079e-06
-7.13035e-06
-6.02507e-06
-5.91799e-06
-7.24375e-06
-4.49976e-06
-7.95401e-06
-2.98529e-06
-7.9542e-06
-1.55438e-06
-7.04e-06
-4.59667e-07
-5.05466e-06
-1.9801e-06
-5.47007e-07
2.50973e-06
-1.80166e-06
6.24156e-06
-3.38442e-06
8.51992e-06
-5.00246e-06
9.46548e-06
-6.47035e-06
9.34282e-06
-7.69282e-06
8.43731e-06
-8.6364e-06
6.99941e-06
-9.30208e-06
5.2238e-06
-9.70402e-06
3.24858e-06
-9.85509e-06
1.16652e-06
-9.75874e-06
-9.57807e-07
-9.4063e-06
-3.06842e-06
-8.7795e-06
-5.09759e-06
-7.85877e-06
-6.9458e-06
-6.63856e-06
-8.46396e-06
-5.15047e-06
-9.4421e-06
-3.49286e-06
-9.61181e-06
-1.86114e-06
-8.67172e-06
-5.64493e-07
-6.35131e-06
-2.5446e-06
-6.71117e-07
3.18085e-06
-2.13589e-06
7.70634e-06
-3.88999e-06
1.0274e-05
-5.58506e-06
1.11606e-05
-7.03528e-06
1.0793e-05
-8.17412e-06
9.57615e-06
-9.00571e-06
7.831e-06
-9.56562e-06
5.78371e-06
-9.89415e-06
3.57711e-06
-1.00202e-05
1.29261e-06
-9.95315e-06
-1.0249e-06
-9.67964e-06
-3.34193e-06
-9.16598e-06
-5.61125e-06
-8.36591e-06
-7.74587e-06
-7.23731e-06
-9.59256e-06
-5.77096e-06
-1.09084e-05
-4.03329e-06
-1.13495e-05
-2.21925e-06
-1.04858e-05
-6.97589e-07
-7.87297e-06
-3.24218e-06
-8.33843e-07
4.01469e-06
-2.52344e-06
9.39594e-06
-4.39522e-06
1.21458e-05
-6.05432e-06
1.28197e-05
-7.34426e-06
1.2083e-05
-8.2561e-06
1.0488e-05
-8.85151e-06
8.42641e-06
-9.21152e-06
6.14373e-06
-9.40727e-06
3.77285e-06
-9.48542e-06
1.37076e-06
-9.46184e-06
-1.04848e-06
-9.31934e-06
-3.48442e-06
-9.00844e-06
-5.92216e-06
-8.45256e-06
-8.30175e-06
-7.56249e-06
-1.04826e-05
-6.26734e-06
-1.22036e-05
-4.57029e-06
-1.30465e-05
-2.6327e-06
-1.24234e-05
-8.716e-07
-9.63407e-06
-4.11379e-06
-1.05711e-06
5.0718e-06
-2.96666e-06
1.13055e-05
-4.8365e-06
1.40156e-05
-6.26498e-06
1.42481e-05
-7.17992e-06
1.29979e-05
-7.66937e-06
1.09774e-05
-7.87238e-06
8.62942e-06
-7.92115e-06
6.19249e-06
-7.91644e-06
3.76814e-06
-7.92007e-06
1.37439e-06
-7.95373e-06
-1.01482e-06
-7.9984e-06
-3.43975e-06
-7.99295e-06
-5.92761e-06
-7.8334e-06
-8.4613e-06
-7.37918e-06
-1.09369e-05
-6.47814e-06
-1.31046e-05
-5.02869e-06
-1.4496e-05
-3.09858e-06
-1.43535e-05
-1.10782e-06
-1.16248e-05
-5.22161e-06
-1.37454e-06
6.44634e-06
-3.44484e-06
1.33758e-05
-5.07466e-06
1.56454e-05
-5.96109e-06
1.51346e-05
-6.20508e-06
1.32419e-05
-6.03477e-06
1.08071e-05
-5.67575e-06
8.27039e-06
-5.30345e-06
5.8202e-06
-5.03586e-06
3.50055e-06
-4.94029e-06
1.27882e-06
-5.04078e-06
-9.14329e-07
-5.32048e-06
-3.16004e-06
-5.71734e-06
-5.53076e-06
-6.11443e-06
-8.06422e-06
-6.33056e-06
-1.07207e-05
-6.12575e-06
-1.33094e-05
-5.25054e-06
-1.53712e-05
-3.58533e-06
-1.60187e-05
-1.43748e-06
-1.37727e-05
-6.65909e-06
-1.81679e-06
8.26314e-06
-3.84635e-06
1.54053e-05
-4.79648e-06
1.65956e-05
-4.68452e-06
1.50226e-05
-3.89986e-06
1.24572e-05
-2.83303e-06
9.7403e-06
-1.77469e-06
7.21205e-06
-9.10643e-07
4.95616e-06
-3.47596e-07
2.93751e-06
-1.40067e-07
1.07129e-06
-3.0785e-07
-7.46545e-07
-8.41657e-07
-2.62624e-06
-1.69648e-06
-4.67593e-06
-2.77232e-06
-6.98838e-06
-3.88395e-06
-9.60909e-06
-4.73054e-06
-1.24628e-05
-4.89738e-06
-1.52044e-05
-3.96151e-06
-1.69545e-05
-1.88426e-06
-1.58499e-05
-8.54335e-06
-2.33311e-06
1.05962e-05
-3.77602e-06
1.68482e-05
-3.30402e-06
1.61236e-05
-1.61992e-06
1.33385e-05
5.1993e-07
1.03174e-05
2.61649e-06
7.64374e-06
4.39374e-06
5.43481e-06
5.72118e-06
3.62872e-06
6.54679e-06
2.11189e-06
6.85282e-06
7.65268e-07
6.63231e-06
-5.26044e-07
5.88174e-06
-1.87566e-06
4.60774e-06
-3.40194e-06
2.85091e-06
-5.23154e-06
7.32411e-07
-7.49059e-06
-1.47285e-06
-1.02576e-05
-3.24978e-06
-1.34274e-05
-3.8034e-06
-1.64009e-05
-2.38104e-06
-1.72723e-05
-1.09244e-05
-2.53804e-06
1.31343e-05
-2.07783e-06
1.6388e-05
8.95416e-07
1.31503e-05
4.63537e-06
9.59856e-06
8.17935e-06
6.7734e-06
1.11391e-05
4.68396e-06
1.34074e-05
3.16657e-06
1.49948e-05
2.04127e-06
1.59454e-05
1.16132e-06
1.62956e-05
4.15076e-07
1.60573e-05
-2.8775e-07
1.52126e-05
-1.03094e-06
1.37169e-05
-1.90626e-06
1.15147e-05
-3.02933e-06
8.57966e-06
-4.55557e-06
5.00358e-06
-6.68151e-06
1.17008e-06
-9.59392e-06
-1.93666e-06
-1.32942e-05
-2.5142e-06
-1.66948e-05
-1.34386e-05
-6.16252e-07
1.37505e-05
4.51917e-06
1.12526e-05
1.08469e-05
6.82259e-06
1.62984e-05
4.14704e-06
2.04969e-05
2.57494e-06
2.35602e-05
1.62069e-06
2.57028e-05
1.02391e-06
2.7114e-05
6.30108e-07
2.79278e-05
3.47486e-07
2.82224e-05
1.20502e-07
2.80234e-05
-8.87989e-08
2.73057e-05
-3.13176e-07
2.59898e-05
-5.90429e-07
2.39367e-05
-9.76169e-07
2.0945e-05
-1.56385e-06
1.67786e-05
-2.51521e-06
1.1294e-05
-4.10926e-06
4.8536e-06
-6.8538e-06
-4.59414e-07
-1.13817e-05
-1.3898e-05
1.37505e-05
2.50032e-05
3.18257e-05
3.59728e-05
3.85477e-05
4.01684e-05
4.11923e-05
4.18224e-05
4.21699e-05
4.22904e-05
4.22016e-05
4.18884e-05
4.1298e-05
4.03218e-05
3.8758e-05
3.62428e-05
3.21335e-05
2.52797e-05
1.3898e-05
)
;

boundaryField
{
    movingWall
    {
        type            calculated;
        value           uniform 0;
    }
    fixedWalls
    {
        type            calculated;
        value           uniform 0;
    }
    frontAndBack
    {
        type            empty;
        value           nonuniform 0();
    }
}


// ************************************************************************* //
