/*--------------------------------*- C++ -*----------------------------------*\
  =========                 |
  \\      /  F ield         | OpenFOAM: The Open Source CFD Toolbox
   \\    /   O peration     | Website:  https://openfoam.org
    \\  /    A nd           | Version:  6
     \\/     M anipulation  |
\*---------------------------------------------------------------------------*/
FoamFile
{
    version     2.0;
    format      ascii;
    class       volVectorField;
    location    "0.01";
    object      U;
}
// * * * * * * * * * * * * * * * * * * * * * * * * * * * * * * * * * * * * * //

dimensions      [0 1 -1 0 0 0 0];

internalField   nonuniform List<vector> 
400
(
(0.000194983 -0.000196854 0)
(5.98551e-05 0.000123204 0)
(-0.00110745 0.000509811 0)
(-0.00309502 0.000773677 0)
(-0.00555699 0.000897887 0)
(-0.00815052 0.000897934 0)
(-0.0105793 0.00079775 0)
(-0.0126062 0.000622547 0)
(-0.0140566 0.000395731 0)
(-0.0148161 0.000138455 0)
(-0.0148267 -0.000129689 0)
(-0.0140853 -0.00038943 0)
(-0.0126445 -0.000620423 0)
(-0.0106164 -0.000800147 0)
(-0.00817673 -0.000903544 0)
(-0.00556757 -0.000904175 0)
(-0.00309208 -0.00077803 0)
(-0.00109661 -0.000510811 0)
(6.81406e-05 -0.000123605 0)
(0.000200468 0.000196606 0)
(-9.4716e-05 -8.50964e-05 0)
(-0.00144669 0.00148088 0)
(-0.00494483 0.00313971 0)
(-0.0100517 0.00429643 0)
(-0.0160668 0.00483769 0)
(-0.0222966 0.00479276 0)
(-0.0280974 0.0042488 0)
(-0.0329302 0.00331589 0)
(-0.0363871 0.00210771 0)
(-0.0381957 0.000734498 0)
(-0.0382172 -0.000697145 0)
(-0.0364453 -0.00208095 0)
(-0.0330085 -0.00330692 0)
(-0.0281744 -0.00425888 0)
(-0.0223531 -0.00481643 0)
(-0.0160924 -0.00486454 0)
(-0.0100483 -0.0043152 0)
(-0.00492517 -0.00314366 0)
(-0.00142696 -0.00147445 0)
(-8.57749e-05 9.54479e-05 0)
(-0.00046369 0.00101259 0)
(-0.00317758 0.0049783 0)
(-0.00899436 0.00872898 0)
(-0.0168985 0.0113164 0)
(-0.0258832 0.0124828 0)
(-0.0350219 0.0122607 0)
(-0.0434483 0.0108296 0)
(-0.0504297 0.00843849 0)
(-0.0554078 0.00535899 0)
(-0.0580084 0.00186382 0)
(-0.0580402 -0.00177808 0)
(-0.0554947 -0.00529723 0)
(-0.0505489 -0.00841705 0)
(-0.0435697 -0.0108517 0)
(-0.0351174 -0.0123146 0)
(-0.0259358 -0.0125456 0)
(-0.0169077 -0.0113627 0)
(-0.00897641 -0.00874228 0)
(-0.00315666 -0.00496163 0)
(-0.000455153 -0.000990573 0)
(-0.000785586 0.00303414 0)
(-0.00480296 0.0104525 0)
(-0.0129044 0.0168835 0)
(-0.0235089 0.0211729 0)
(-0.0352628 0.0229789 0)
(-0.0470227 0.0223741 0)
(-0.0577476 0.0196658 0)
(-0.0665687 0.0152808 0)
(-0.072831 0.00968958 0)
(-0.0760977 0.00336843 0)
(-0.076146 -0.00321059 0)
(-0.0729642 -0.00957385 0)
(-0.0667556 -0.0152364 0)
(-0.0579457 -0.0196996 0)
(-0.0471902 -0.0224674 0)
(-0.035371 -0.023093 0)
(-0.0235515 -0.0212627 0)
(-0.0128987 -0.016917 0)
(-0.00478198 -0.0104295 0)
(-0.000775577 -0.00299605 0)
(-0.00107459 0.00588229 0)
(-0.0063662 0.0178166 0)
(-0.0167795 0.0274974 0)
(-0.0301179 0.0336905 0)
(-0.044631 0.0360693 0)
(-0.0589428 0.0348211 0)
(-0.0718516 0.0304384 0)
(-0.0823841 0.0235701 0)
(-0.0898241 0.0149189 0)
(-0.0937016 0.00519031 0)
(-0.0937777 -0.00492018 0)
(-0.0900363 -0.0147159 0)
(-0.0826883 -0.0234822 0)
(-0.0721857 -0.0304795 0)
(-0.0592429 -0.0349657 0)
(-0.0448481 -0.0362586 0)
(-0.0302327 -0.033852 0)
(-0.0168081 -0.0275744 0)
(-0.00635251 -0.017799 0)
(-0.00106368 -0.00582945 0)
(-0.00136476 0.00954068 0)
(-0.00798382 0.0271217 0)
(-0.0208375 0.0406772 0)
(-0.0370528 0.0489777 0)
(-0.0544278 0.0518234 0)
(-0.0713308 0.0496186 0)
(-0.0864053 0.0431229 0)
(-0.0985984 0.0332648 0)
(-0.107165 0.021015 0)
(-0.111628 0.00732596 0)
(-0.111748 -0.00687622 0)
(-0.107502 -0.0206681 0)
(-0.0990905 -0.0330963 0)
(-0.0869616 -0.0431599 0)
(-0.0718536 -0.0498295 0)
(-0.0548356 -0.0521244 0)
(-0.0373026 -0.049258 0)
(-0.0209382 -0.0408407 0)
(-0.00799199 -0.0271354 0)
(-0.00135523 -0.00947748 0)
(-0.00168908 0.0140654 0)
(-0.00977863 0.0385217 0)
(-0.0253088 0.0566203 0)
(-0.0446277 0.0672127 0)
(-0.0650167 0.0703596 0)
(-0.0845702 0.0668154 0)
(-0.101792 0.0577138 0)
(-0.115585 0.0443343 0)
(-0.125215 0.0279523 0)
(-0.130234 0.00977647 0)
(-0.130417 -0.00904451 0)
(-0.125734 -0.0273734 0)
(-0.116353 -0.0440248 0)
(-0.10268 -0.057723 0)
(-0.0854337 -0.0671091 0)
(-0.0657264 -0.0708238 0)
(-0.0451019 -0.0676842 0)
(-0.0255384 -0.0569421 0)
(-0.00983235 -0.0386158 0)
(-0.00168527 -0.0140059 0)
(-0.00207846 0.0195814 0)
(-0.0118665 0.0522733 0)
(-0.0303991 0.0756009 0)
(-0.0530854 0.0886025 0)
(-0.0766127 0.0917788 0)
(-0.0987992 0.0864115 0)
(-0.11805 0.0741442 0)
(-0.133284 0.0566913 0)
(-0.143838 0.0356667 0)
(-0.14934 0.0125306 0)
(-0.149607 -0.0113737 0)
(-0.144598 -0.034731 0)
(-0.134422 -0.0561506 0)
(-0.119392 -0.0740836 0)
(-0.100142 -0.0868013 0)
(-0.0777613 -0.0924719 0)
(-0.0538995 -0.0893668 0)
(-0.0308348 -0.0761901 0)
(-0.0120001 -0.05253 0)
(-0.00208731 -0.0195544 0)
(-0.00256451 0.0262773 0)
(-0.0143562 0.0687233 0)
(-0.0362722 0.0979364 0)
(-0.0625541 0.113322 0)
(-0.0892111 0.116082 0)
(-0.113817 0.108266 0)
(-0.134761 0.0921987 0)
(-0.151078 0.0701207 0)
(-0.162268 0.044008 0)
(-0.168099 0.0155461 0)
(-0.168465 -0.0137835 0)
(-0.163318 -0.0425538 0)
(-0.152669 -0.0692252 0)
(-0.136674 -0.0920012 0)
(-0.11578 -0.108755 0)
(-0.0909487 -0.117079 0)
(-0.0638441 -0.114511 0)
(-0.0370113 -0.0989469 0)
(-0.0146161 -0.0692682 0)
(-0.00259624 -0.0263327 0)
(-0.00318629 0.0344049 0)
(-0.0173613 0.0882851 0)
(-0.0430444 0.123922 0)
(-0.0730049 0.141407 0)
(-0.102503 0.143042 0)
(-0.12896 0.131967 0)
(-0.150903 0.111395 0)
(-0.167635 0.0841876 0)
(-0.178943 0.052681 0)
(-0.184824 0.0187259 0)
(-0.185295 -0.0161515 0)
(-0.180301 -0.0505181 0)
(-0.16972 -0.0827821 0)
(-0.153459 -0.110963 0)
(-0.131652 -0.132534 0)
(-0.104966 -0.144413 0)
(-0.0749118 -0.143176 0)
(-0.0441993 -0.125554 0)
(-0.0178065 -0.089296 0)
(-0.00325524 -0.0346211 0)
(-0.00400307 0.0442924 0)
(-0.0210225 0.111412 0)
(-0.0507817 0.153734 0)
(-0.0841932 0.172603 0)
(-0.115756 0.172021 0)
(-0.142943 0.156657 0)
(-0.164666 0.130847 0)
(-0.18071 0.0981361 0)
(-0.191312 0.0611815 0)
(-0.196798 0.0218914 0)
(-0.197356 -0.0183033 0)
(-0.192936 -0.0581146 0)
(-0.183243 -0.0960444 0)
(-0.16784 -0.130045 0)
(-0.146385 -0.157243 0)
(-0.11902 -0.17381 0)
(-0.0868314 -0.175107 0)
(-0.052466 -0.156224 0)
(-0.0217231 -0.113123 0)
(-0.00412862 -0.0447838 0)
(-0.00511819 0.0563815 0)
(-0.0255461 0.138561 0)
(-0.059485 0.187279 0)
(-0.0955547 0.206138 0)
(-0.127632 0.201743 0)
(-0.15363 0.180841 0)
(-0.173215 0.149112 0)
(-0.186932 0.110791 0)
(-0.19564 0.0687402 0)
(-0.200088 0.0247574 0)
(-0.200686 -0.020009 0)
(-0.197395 -0.0646112 0)
(-0.189724 -0.107843 0)
(-0.176813 -0.147775 0)
(-0.157675 -0.181326 0)
(-0.131637 -0.203929 0)
(-0.0989569 -0.209494 0)
(-0.0617856 -0.190873 0)
(-0.0265774 -0.14126 0)
(-0.00532567 -0.0573063 0)
(-0.00672248 0.0713116 0)
(-0.0312558 0.17014 0)
(-0.0690268 0.223947 0)
(-0.105992 0.240397 0)
(-0.135878 0.229991 0)
(-0.157706 0.202162 0)
(-0.172406 0.164064 0)
(-0.181581 0.120494 0)
(-0.186846 0.0742947 0)
(-0.18943 0.0269182 0)
(-0.189977 -0.0209918 0)
(-0.188477 -0.0690479 0)
(-0.18425 -0.116572 0)
(-0.175992 -0.162018 0)
(-0.161947 -0.202352 0)
(-0.140326 -0.232436 0)
(-0.110021 -0.244612 0)
(-0.0719511 -0.228842 0)
(-0.032684 -0.174138 0)
(-0.00704332 -0.0728763 0)
(-0.00916433 0.0900718 0)
(-0.0386328 0.206352 0)
(-0.0789322 0.262179 0)
(-0.113413 0.272443 0)
(-0.136781 0.253252 0)
(-0.150202 0.217226 0)
(-0.156449 0.172854 0)
(-0.1584 0.125136 0)
(-0.158448 0.0765322 0)
(-0.158235 0.0278628 0)
(-0.158599 -0.0209563 0)
(-0.159571 -0.0702978 0)
(-0.160357 -0.120247 0)
(-0.159295 -0.169959 0)
(-0.153883 -0.216859 0)
(-0.141023 -0.255661 0)
(-0.117639 -0.277328 0)
(-0.0823176 -0.268416 0)
(-0.0404815 -0.211923 0)
(-0.00963279 -0.0925274 0)
(-0.0130156 0.114213 0)
(-0.0481917 0.246788 0)
(-0.0877181 0.298703 0)
(-0.113743 0.297394 0)
(-0.124214 0.26643 0)
(-0.123788 0.221606 0)
(-0.117525 0.172085 0)
(-0.109518 0.122378 0)
(-0.102683 0.074066 0)
(-0.0988359 0.027045 0)
(-0.0988657 -0.0196451 0)
(-0.102848 -0.0672399 0)
(-0.110028 -0.116744 0)
(-0.118664 -0.168323 0)
(-0.125805 -0.220408 0)
(-0.127165 -0.268338 0)
(-0.117303 -0.302463 0)
(-0.0910885 -0.306019 0)
(-0.0503659 -0.254042 0)
(-0.0136532 -0.117826 0)
(-0.0189208 0.146166 0)
(-0.0596426 0.289426 0)
(-0.0910753 0.327212 0)
(-0.0988808 0.307687 0)
(-0.0880364 0.262822 0)
(-0.0678621 0.210274 0)
(-0.0455007 0.158406 0)
(-0.0256088 0.110197 0)
(-0.0109712 0.0658086 0)
(-0.00309609 0.024037 0)
(-0.00267234 -0.0169264 0)
(-0.00980649 -0.0590851 0)
(-0.0240146 -0.104326 0)
(-0.0439611 -0.153994 0)
(-0.0669537 -0.208086 0)
(-0.088263 -0.263679 0)
(-0.100409 -0.312136 0)
(-0.0934569 -0.334872 0)
(-0.061769 -0.2981 0)
(-0.0196832 -0.151148 0)
(-0.0264438 0.189994 0)
(-0.0689079 0.32827 0)
(-0.0774767 0.335941 0)
(-0.0528448 0.292236 0)
(-0.0117548 0.234585 0)
(0.0323703 0.178658 0)
(0.0720045 0.129609 0)
(0.103445 0.0877569 0)
(0.125123 0.051532 0)
(0.136491 0.0187582 0)
(0.137371 -0.0129 0)
(0.12766 -0.0458293 0)
(0.107325 -0.0824498 0)
(0.0766811 -0.125112 0)
(0.0370737 -0.175643 0)
(-0.00793032 -0.234 0)
(-0.0506981 -0.295101 0)
(-0.077323 -0.342689 0)
(-0.0700773 -0.337466 0)
(-0.0270748 -0.196337 0)
(-0.028869 0.248594 0)
(-0.0594021 0.346568 0)
(-0.0188345 0.304657 0)
(0.0545548 0.237316 0)
(0.130241 0.175334 0)
(0.19621 0.125327 0)
(0.248657 0.0867246 0)
(0.287086 0.0567952 0)
(0.312284 0.0326512 0)
(0.325182 0.0117779 0)
(0.326313 -0.00802702 0)
(0.315624 -0.0288688 0)
(0.292448 -0.0530033 0)
(0.255664 -0.0830736 0)
(0.20421 -0.12221 0)
(0.138253 -0.173527 0)
(0.0613385 -0.238019 0)
(-0.0145369 -0.309052 0)
(-0.0580261 -0.354444 0)
(-0.0285987 -0.255467 0)
(0.0132291 0.28771 0)
(0.0283288 0.30099 0)
(0.149582 0.212359 0)
(0.275636 0.140754 0)
(0.373259 0.092378 0)
(0.444983 0.0604262 0)
(0.496205 0.039183 0)
(0.531113 0.0245231 0)
(0.552933 0.0136822 0)
(0.5638 0.00482481 0)
(0.564753 -0.00339218 0)
(0.5558 -0.0121625 0)
(0.535904 -0.0228353 0)
(0.50288 -0.0372748 0)
(0.453338 -0.0583447 0)
(0.382777 -0.0904371 0)
(0.285329 -0.139773 0)
(0.157797 -0.213598 0)
(0.0335121 -0.304997 0)
(0.015801 -0.29213 0)
(0.30438 0.146981 0)
(0.404956 0.127569 0)
(0.567196 0.0747772 0)
(0.68305 0.0418435 0)
(0.749763 0.0237599 0)
(0.790023 0.0137646 0)
(0.81551 0.00810085 0)
(0.831533 0.00471663 0)
(0.841014 0.00249753 0)
(0.845556 0.00083078 0)
(0.845866 -0.000662585 0)
(0.84197 -0.00229175 0)
(0.833214 -0.00442565 0)
(0.818052 -0.00765866 0)
(0.793592 -0.0130905 0)
(0.754506 -0.0228058 0)
(0.689015 -0.0407162 0)
(0.573666 -0.073887 0)
(0.409765 -0.127616 0)
(0.30668 -0.147805 0)
)
;

boundaryField
{
    movingWall
    {
        type            fixedValue;
        value           uniform (1 0 0);
    }
    fixedWalls
    {
        type            noSlip;
    }
    frontAndBack
    {
        type            empty;
    }
}


// ************************************************************************* //
