/*--------------------------------*- C++ -*----------------------------------*\
  =========                 |
  \\      /  F ield         | OpenFOAM: The Open Source CFD Toolbox
   \\    /   O peration     | Website:  https://openfoam.org
    \\  /    A nd           | Version:  6
     \\/     M anipulation  |
\*---------------------------------------------------------------------------*/
FoamFile
{
    version     2.0;
    format      ascii;
    class       volScalarField;
    location    "0.04";
    object      p;
}
// * * * * * * * * * * * * * * * * * * * * * * * * * * * * * * * * * * * * * //

dimensions      [0 2 -2 0 0 0 0];

internalField   nonuniform List<scalar> 
400
(
-3.63356e-09
-0.000217569
-0.00015588
0.000248521
0.000964357
0.00196223
0.0032099
0.00466866
0.00629366
0.00803424
0.00983448
0.0116341
0.01337
0.0149775
0.0163927
0.0175554
0.0184116
0.0189143
0.0190225
0.0188068
0.000215759
-1.15677e-05
7.27838e-05
0.00048075
0.00117761
0.0021442
0.00335391
0.00477064
0.00635129
0.00804657
0.00980178
0.0115578
0.0132523
0.0148217
0.0162036
0.0173393
0.0181802
0.0186887
0.0188199
0.0185927
0.000158686
-0.000120664
-4.47467e-05
0.000366596
0.0010663
0.00203687
0.00325335
0.00468044
0.0062755
0.00798942
0.00976733
0.0115495
0.0132726
0.0148717
0.0162823
0.0174436
0.0183056
0.0188293
0.0189554
0.0186722
-0.000248974
-0.000575986
-0.000511528
-8.81242e-05
0.000637226
0.00164566
0.00291172
0.00439945
0.00606541
0.00785945
0.00972515
0.0116007
0.0134198
0.0151137
0.0166128
0.0178509
0.0187716
0.0193299
0.0194529
0.019118
-0.00100892
-0.00137776
-0.00131826
-0.000869127
-9.53132e-05
0.000982444
0.00233732
0.00393175
0.00572056
0.00765155
0.00966575
0.0116979
0.0136773
0.015529
0.0171758
0.0185422
0.0195622
0.0201811
0.020313
0.0199313
-0.00214204
-0.00255711
-0.00249705
-0.00200643
-0.00115919
2.14041e-05
0.00150639
0.00325575
0.00522176
0.00734943
0.00957645
0.0118332
0.014043
0.0161228
0.0179848
0.0195401
0.0207086
0.0214211
0.0215749
0.0211396
-0.00368606
-0.00415793
-0.00409261
-0.00354293
-0.00259477
-0.00127504
0.000384259
0.0023398
0.00454065
0.00692858
0.00943753
0.011993
0.0145115
0.0169001
0.0190572
0.0208759
0.022255
0.0231042
0.0232953
0.0227921
-0.0056942
-0.00623746
-0.00616209
-0.0055332
-0.00445326
-0.00295454
-0.00107322
0.00114314
0.00363992
0.00635554
0.00922042
0.0121555
0.0150705
0.0178614
0.0204099
0.0225853
0.0242567
0.0253011
0.0255514
0.0249599
-0.00823822
-0.00887183
-0.00878047
-0.00804795
-0.00680028
-0.0050776
-0.00292187
-0.000385916
0.00247155
0.00558599
0.0088854
0.0122877
0.0156971
0.0189991
0.0220565
0.0247084
0.0267828
0.0281062
0.028449
0.027741
-0.0114133
-0.0121618
-0.0120455
-0.0111776
-0.00971817
-0.00771901
-0.00523004
-0.00231073
0.000975829
0.00456306
0.00837868
0.0123408
0.0163519
0.0202903
0.0240001
0.0272849
0.0299162
0.0316438
0.0321349
0.0312714
-0.0153463
-0.0162413
-0.0160844
-0.0150365
-0.0133084
-0.0109688
-0.00807874
-0.00470605
-0.000918627
0.00321633
0.00762971
0.0122453
0.016971
0.0216857
0.0262208
0.0303424
0.0337497
0.0360762
0.0368153
0.0357433
-0.0202109
-0.0212927
-0.0210642
-0.019769
-0.0176942
-0.0149329
-0.0115605
-0.00765603
-0.00329292
0.00146279
0.00654973
0.0119054
0.0174549
0.0230927
0.0286531
0.0338739
0.0383709
0.0416089
0.0427858
0.0414423
-0.0262565
-0.0275717
-0.0272079
-0.0255575
-0.0230241
-0.0197321
-0.0157758
-0.0112491
-0.00623217
-0.00078839
0.00503407
0.0111966
0.0176581
0.0243532
0.031151
0.0377936
0.0438248
0.0484852
0.0504799
0.0488343
-0.0338681
-0.035453
-0.0348174
-0.0326322
-0.029473
-0.0254985
-0.0208252
-0.015567
-0.00981331
-0.0036236
0.00297216
0.00996993
0.0173822
0.0252174
0.0334344
0.0418564
0.0500336
0.0569699
0.0605833
0.0588162
-0.0436961
-0.0455089
-0.0443008
-0.0412761
-0.0372383
-0.0323633
-0.0267917
-0.0206637
-0.0140812
-0.00709951
0.000272876
0.00807424
0.0163869
0.0253286
0.0350215
0.0455158
0.0566017
0.0672147
0.0741392
0.0732321
-0.0569527
-0.0586457
-0.0561947
-0.0518224
-0.0465264
-0.0404316
-0.0337044
-0.026521
-0.0189987
-0.0111881
-0.00307416
0.0054239
0.0144596
0.0242725
0.0352052
0.0477209
0.0622956
0.0784115
0.0918196
0.0951315
-0.0761848
-0.0763525
-0.0712073
-0.0646518
-0.0574849
-0.0496629
-0.041395
-0.0329008
-0.024303
-0.0156324
-0.00684249
0.00218581
0.0116566
0.0218962
0.0334407
0.0472439
0.0649391
0.0879123
0.113006
0.129354
-0.107693
-0.100628
-0.089587
-0.0793599
-0.0692878
-0.0590351
-0.0488188
-0.0388253
-0.0291102
-0.0196331
-0.0102886
-0.000913908
0.00872909
0.0190168
0.03063
0.0449938
0.0652344
0.0967845
0.143409
0.192798
-0.168995
-0.130104
-0.104723
-0.0893746
-0.0764703
-0.06421
-0.0526456
-0.0417822
-0.031504
-0.0216728
-0.0121315
-0.00268496
0.00694067
0.0172136
0.0291189
0.0449888
0.0704433
0.117643
0.205638
0.330494
-0.29805
-0.151297
-0.0964721
-0.0810928
-0.0705258
-0.0597017
-0.04933
-0.0394969
-0.0300089
-0.0207604
-0.0116684
-0.0025963
0.0066999
0.0167219
0.0287218
0.0461379
0.0783649
0.147766
0.293241
0.543227
)
;

boundaryField
{
    movingWall
    {
        type            zeroGradient;
    }
    fixedWalls
    {
        type            zeroGradient;
    }
    frontAndBack
    {
        type            empty;
    }
}


// ************************************************************************* //
