/*--------------------------------*- C++ -*----------------------------------*\
  =========                 |
  \\      /  F ield         | OpenFOAM: The Open Source CFD Toolbox
   \\    /   O peration     | Website:  https://openfoam.org
    \\  /    A nd           | Version:  6
     \\/     M anipulation  |
\*---------------------------------------------------------------------------*/
FoamFile
{
    version     2.0;
    format      ascii;
    class       surfaceScalarField;
    location    "0.04";
    object      phi;
}
// * * * * * * * * * * * * * * * * * * * * * * * * * * * * * * * * * * * * * //

dimensions      [0 3 -1 0 0 0 0];

internalField   nonuniform List<scalar> 
760
(
-2.23811e-08
2.23812e-08
-8.46627e-08
6.22816e-08
-1.59725e-07
7.5062e-08
-2.33638e-07
7.39135e-08
-3.01226e-07
6.75878e-08
-3.60068e-07
5.88419e-08
-4.08505e-07
4.84372e-08
-4.45202e-07
3.66969e-08
-4.69077e-07
2.38751e-08
-4.79311e-07
1.02341e-08
-4.75372e-07
-3.93903e-09
-4.57049e-07
-1.83234e-08
-4.24493e-07
-3.25553e-08
-3.78272e-07
-4.62217e-08
-3.19426e-07
-5.88456e-08
-2.49615e-07
-6.98111e-08
-1.7163e-07
-7.79854e-08
-9.14949e-08
-8.01347e-08
-2.45687e-08
-6.69263e-08
-2.45687e-08
-6.33857e-08
8.57669e-08
-1.86701e-07
1.85597e-07
-3.28691e-07
2.17052e-07
-4.68496e-07
2.13719e-07
-5.96542e-07
1.95633e-07
-7.07834e-07
1.70134e-07
-7.99044e-07
1.39647e-07
-8.67634e-07
1.05287e-07
-9.11652e-07
6.78929e-08
-9.29692e-07
2.82744e-08
-9.20912e-07
-1.27195e-08
-8.8507e-07
-5.41651e-08
-8.22597e-07
-9.50283e-08
-7.34688e-07
-1.3413e-07
-6.23446e-07
-1.70088e-07
-4.92194e-07
-2.01063e-07
-3.46474e-07
-2.23705e-07
-1.971e-07
-2.29509e-07
-6.69399e-08
-1.97086e-07
-9.15086e-08
-8.14069e-08
1.67174e-07
-2.33397e-07
3.37587e-07
-4.05325e-07
3.8898e-07
-5.73532e-07
3.81926e-07
-7.27209e-07
3.49311e-07
-8.60553e-07
3.03478e-07
-9.69652e-07
2.48746e-07
-1.05155e-06
1.87185e-07
-1.104e-06
1.20343e-07
-1.1254e-06
4.96758e-08
-1.11479e-06
-2.33284e-08
-1.07189e-06
-9.70691e-08
-9.97161e-07
-1.69756e-07
-8.91961e-07
-2.39331e-07
-7.5871e-07
-3.03339e-07
-6.01282e-07
-3.58491e-07
-4.26106e-07
-3.98881e-07
-2.45454e-07
-4.10161e-07
-8.54187e-08
-3.57122e-07
-1.76927e-07
-9.0281e-08
2.57455e-07
-2.59533e-07
5.06839e-07
-4.50034e-07
5.7948e-07
-6.35572e-07
5.67464e-07
-8.04604e-07
5.18343e-07
-9.51026e-07
4.499e-07
-1.07075e-06
3.68473e-07
-1.16072e-06
2.7715e-07
-1.21859e-06
1.78219e-07
-1.2427e-06
7.37788e-08
-1.23195e-06
-3.40702e-08
-1.18594e-06
-1.43086e-07
-1.10495e-06
-2.50745e-07
-9.90188e-07
-3.54091e-07
-8.44005e-07
-4.49522e-07
-6.70369e-07
-5.32127e-07
-4.76109e-07
-5.93141e-07
-2.74606e-07
-6.11664e-07
-9.52117e-08
-5.36516e-07
-2.72139e-07
-9.87395e-08
3.56194e-07
-2.8478e-07
6.92879e-07
-4.9384e-07
7.8854e-07
-6.96831e-07
7.70455e-07
-8.8126e-07
7.02772e-07
-1.04073e-06
6.09372e-07
-1.1711e-06
4.98835e-07
-1.26929e-06
3.75346e-07
-1.33301e-06
2.41935e-07
-1.36051e-06
1.01284e-07
-1.35059e-06
-4.39885e-08
-1.30256e-06
-1.91115e-07
-1.21637e-06
-3.36935e-07
-1.09283e-06
-4.77636e-07
-9.33952e-07
-6.08399e-07
-7.43616e-07
-7.22464e-07
-5.29063e-07
-8.07693e-07
-3.05208e-07
-8.35519e-07
-1.05435e-07
-7.36289e-07
-3.77574e-07
-1.09699e-07
4.65893e-07
-3.16672e-07
8.99853e-07
-5.48787e-07
1.02066e-06
-7.73404e-07
9.95072e-07
-9.76784e-07
9.06153e-07
-1.1522e-06
7.84786e-07
-1.2955e-06
6.42135e-07
-1.40376e-06
4.83606e-07
-1.47478e-06
3.12958e-07
-1.50685e-06
1.33352e-07
-1.49858e-06
-5.22566e-08
-1.44892e-06
-2.4078e-07
-1.35724e-06
-4.28615e-07
-1.22366e-06
-6.11208e-07
-1.04957e-06
-7.82489e-07
-8.38508e-07
-9.3353e-07
-5.98148e-07
-1.04805e-06
-3.45477e-07
-1.08819e-06
-1.192e-07
-9.62566e-07
-4.96774e-07
-1.24243e-07
5.90135e-07
-3.58347e-07
1.13396e-06
-6.19961e-07
1.28227e-06
-8.71904e-07
1.24701e-06
-1.0989e-06
1.13315e-06
-1.2939e-06
9.79787e-07
-1.45294e-06
8.01175e-07
-1.57343e-06
6.04097e-07
-1.65348e-06
3.93008e-07
-1.6915e-06
1.71368e-07
-1.68594e-06
-5.78134e-08
-1.63524e-06
-2.91474e-07
-1.53795e-06
-5.25912e-07
-1.39306e-06
-7.56096e-07
-1.2008e-06
-9.74747e-07
-9.63912e-07
-1.17042e-06
-6.90351e-07
-1.32161e-06
-3.99739e-07
-1.3788e-06
-1.37979e-07
-1.22433e-06
-6.34754e-07
-1.43244e-07
7.33379e-07
-4.12234e-07
1.40295e-06
-7.11156e-07
1.58119e-06
-9.96985e-07
1.53284e-06
-1.25262e-06
1.38879e-06
-1.47089e-06
1.19805e-06
-1.64833e-06
9.78611e-07
-1.78305e-06
7.38823e-07
-1.87381e-06
4.83762e-07
-1.91934e-06
2.169e-07
-1.91801e-06
-5.91378e-08
-1.86763e-06
-3.41855e-07
-1.76551e-06
-6.28033e-07
-1.60893e-06
-9.12675e-07
-1.39613e-06
-1.18755e-06
-1.12815e-06
-1.43839e-06
-8.12697e-07
-1.63707e-06
-4.72525e-07
-1.71897e-06
-1.63368e-07
-1.53348e-06
-7.98121e-07
-1.67909e-07
9.01288e-07
-4.81476e-07
1.71651e-06
-8.2704e-07
1.92676e-06
-1.15406e-06
1.85986e-06
-1.44343e-06
1.67816e-06
-1.68823e-06
1.44286e-06
-1.88613e-06
1.17651e-06
-2.03656e-06
8.89255e-07
-2.13942e-06
5.86618e-07
-2.19416e-06
2.71642e-07
-2.19922e-06
-5.40774e-08
-2.15166e-06
-3.89422e-07
-2.04711e-06
-7.32578e-07
-1.88028e-06
-1.07951e-06
-1.64609e-06
-1.42174e-06
-1.34235e-06
-1.74214e-06
-9.75144e-07
-2.00427e-06
-5.70594e-07
-2.12352e-06
-1.97868e-07
-1.90621e-06
-9.95989e-07
-2.00148e-07
1.10144e-06
-5.70802e-07
2.08717e-06
-9.74315e-07
2.33027e-06
-1.35051e-06
2.23606e-06
-1.67834e-06
2.00598e-06
-1.95198e-06
1.7165e-06
-2.17123e-06
1.39575e-06
-2.3378e-06
1.05583e-06
-2.45353e-06
7.02346e-07
-2.51917e-06
3.3728e-07
-2.53353e-06
-3.97118e-08
-2.49292e-06
-4.30031e-07
-2.39085e-06
-8.34654e-07
-2.21828e-06
-1.25208e-06
-1.96492e-06
-1.67509e-06
-1.62263e-06
-2.08443e-06
-1.19314e-06
-2.43376e-06
-7.05077e-07
-2.61159e-06
-2.4583e-07
-2.36546e-06
-1.24182e-06
-2.43142e-07
1.34458e-06
-6.87674e-07
2.5317e-06
-1.16301e-06
2.80561e-06
-1.59681e-06
2.66986e-06
-1.96671e-06
2.37589e-06
-2.26959e-06
2.01938e-06
-2.50898e-06
1.63515e-06
-2.69031e-06
1.23716e-06
-2.81848e-06
8.3052e-07
-2.89639e-06
4.15189e-07
-2.9238e-06
-1.22998e-08
-2.89647e-06
-4.57371e-07
-2.80539e-06
-9.25727e-07
-2.63659e-06
-1.42088e-06
-2.37193e-06
-1.93976e-06
-1.99293e-06
-2.46343e-06
-1.49152e-06
-2.93517e-06
-8.95298e-07
-3.20781e-06
-3.15396e-07
-2.94536e-06
-1.55722e-06
-3.02424e-07
1.647e-06
-8.44251e-07
3.07353e-06
-1.40849e-06
3.36985e-06
-1.90796e-06
3.16933e-06
-2.32103e-06
2.78895e-06
-2.65007e-06
2.34842e-06
-2.90492e-06
1.89e-06
-3.09668e-06
1.42891e-06
-3.23481e-06
9.68656e-07
-3.32551e-06
5.05885e-07
-3.37037e-06
3.25597e-08
-3.3652e-06
-4.62534e-07
-3.29866e-06
-9.92271e-07
-3.1508e-06
-1.56874e-06
-2.89254e-06
-2.19801e-06
-2.48863e-06
-2.86734e-06
-1.91098e-06
-3.51281e-06
-1.17628e-06
-3.94252e-06
-4.23019e-07
-3.69862e-06
-1.98023e-06
-3.88107e-07
2.03511e-06
-1.06093e-06
3.74636e-06
-1.73451e-06
4.04342e-06
-2.30539e-06
3.74022e-06
-2.75753e-06
3.24109e-06
-3.1037e-06
2.69459e-06
-3.36372e-06
2.15001e-06
-3.55693e-06
1.62212e-06
-3.69917e-06
1.11091e-06
-3.80129e-06
6.08005e-07
-3.86799e-06
9.92525e-08
-3.89642e-06
-4.34105e-07
-3.87399e-06
-1.0147e-06
-3.77505e-06
-1.66768e-06
-3.55707e-06
-2.416e-06
-3.15965e-06
-3.26476e-06
-2.51738e-06
-4.15508e-06
-1.61258e-06
-4.84732e-06
-6.037e-07
-4.7075e-06
-2.58393e-06
-5.19466e-07
2.55457e-06
-1.37249e-06
4.59938e-06
-2.17727e-06
4.84821e-06
-2.81792e-06
4.38086e-06
-3.2946e-06
3.71777e-06
-3.63849e-06
3.03848e-06
-3.88439e-06
2.39591e-06
-4.06286e-06
1.80059e-06
-4.19788e-06
1.24592e-06
-4.30623e-06
7.16363e-07
-4.39722e-06
1.90241e-07
-4.47148e-06
-3.59846e-07
-4.51808e-06
-9.68105e-07
-4.50868e-06
-1.67708e-06
-4.38809e-06
-2.53659e-06
-4.06328e-06
-3.58956e-06
-3.40604e-06
-4.81233e-06
-2.31598e-06
-5.93737e-06
-9.29519e-07
-6.09396e-06
-3.51345e-06
-7.33853e-07
3.28843e-06
-1.83645e-06
5.70198e-06
-2.78574e-06
5.79749e-06
-3.47366e-06
5.06879e-06
-3.93833e-06
4.18244e-06
-4.24126e-06
3.34141e-06
-4.43823e-06
2.59288e-06
-4.57362e-06
1.93598e-06
-4.6804e-06
1.3527e-06
-4.78181e-06
8.17768e-07
-4.8928e-06
3.01233e-07
-5.02011e-06
-2.32537e-07
-5.15943e-06
-8.28786e-07
-5.28743e-06
-1.54907e-06
-5.34476e-06
-2.47926e-06
-5.20702e-06
-3.72731e-06
-4.65688e-06
-5.36247e-06
-3.43006e-06
-7.16419e-06
-1.52284e-06
-8.00118e-06
-5.03629e-06
-1.09976e-06
4.38819e-06
-2.53165e-06
7.13387e-06
-3.59039e-06
6.85623e-06
-4.24366e-06
5.72205e-06
-4.60799e-06
4.54677e-06
-4.79074e-06
3.52417e-06
-4.87352e-06
2.67566e-06
-4.91446e-06
1.97692e-06
-4.95349e-06
1.39173e-06
-5.01807e-06
8.8235e-07
-5.12776e-06
4.10917e-07
-5.29661e-06
-6.36835e-08
-5.53221e-06
-5.93185e-07
-5.82777e-06
-1.25352e-06
-6.13928e-06
-2.16774e-06
-6.33421e-06
-3.53238e-06
-6.10763e-06
-5.58905e-06
-4.94737e-06
-8.32444e-06
-2.49236e-06
-1.04562e-05
-7.52865e-06
-1.71955e-06
6.10774e-06
-3.47308e-06
8.8874e-06
-4.41709e-06
7.80024e-06
-4.78322e-06
6.08818e-06
-4.83217e-06
4.59573e-06
-4.72803e-06
3.42002e-06
-4.57221e-06
2.51984e-06
-4.42638e-06
1.83109e-06
-4.32708e-06
1.29244e-06
-4.2972e-06
8.52461e-07
-4.3542e-06
4.67924e-07
-4.51552e-06
9.76388e-08
-4.80082e-06
-3.07886e-07
-5.22846e-06
-8.25879e-07
-5.79575e-06
-1.60045e-06
-6.41807e-06
-2.91006e-06
-6.78735e-06
-5.21977e-06
-6.17533e-06
-8.93646e-06
-3.63235e-06
-1.29992e-05
-1.1161e-05
-2.64557e-06
8.75331e-06
-4.10681e-06
1.03486e-05
-4.09346e-06
7.78688e-06
-3.51123e-06
5.50595e-06
-2.80066e-06
3.88516e-06
-2.1234e-06
2.74276e-06
-1.5445e-06
1.94093e-06
-1.08928e-06
1.37587e-06
-7.63218e-07
9.66377e-07
-5.65366e-07
6.5461e-07
-4.97216e-07
3.99774e-07
-5.68384e-07
1.68806e-07
-8.01644e-07
-7.46261e-08
-1.23802e-06
-3.89505e-07
-1.93636e-06
-9.02112e-07
-2.94179e-06
-1.90463e-06
-4.14759e-06
-4.01397e-06
-4.94278e-06
-8.14127e-06
-3.81095e-06
-1.4131e-05
-1.4972e-05
-2.86013e-06
1.16134e-05
-9.45198e-07
8.43371e-06
2.02373e-06
4.81795e-06
4.47001e-06
3.05967e-06
6.32794e-06
2.02723e-06
7.72994e-06
1.34076e-06
8.77534e-06
8.95539e-07
9.5402e-06
6.11013e-07
1.00841e-05
4.22436e-07
1.04494e-05
2.89371e-07
1.0661e-05
1.88101e-07
1.07271e-05
1.02726e-07
1.06341e-05
1.84198e-08
1.0333e-05
-8.84303e-08
9.70838e-06
-2.77485e-07
8.52841e-06
-7.2466e-07
6.43979e-06
-1.92535e-06
3.20604e-06
-4.90752e-06
-2.04651e-07
-1.07203e-05
-1.51766e-05
1.16134e-05
2.00471e-05
2.48651e-05
2.79248e-05
2.9952e-05
3.12928e-05
3.21883e-05
3.27993e-05
3.32218e-05
3.35111e-05
3.36992e-05
3.38019e-05
3.38204e-05
3.37319e-05
3.34545e-05
3.27298e-05
3.08044e-05
2.58969e-05
1.51766e-05
)
;

boundaryField
{
    movingWall
    {
        type            calculated;
        value           uniform 0;
    }
    fixedWalls
    {
        type            calculated;
        value           uniform 0;
    }
    frontAndBack
    {
        type            empty;
        value           nonuniform 0();
    }
}


// ************************************************************************* //
