/*--------------------------------*- C++ -*----------------------------------*\
  =========                 |
  \\      /  F ield         | OpenFOAM: The Open Source CFD Toolbox
   \\    /   O peration     | Website:  https://openfoam.org
    \\  /    A nd           | Version:  6
     \\/     M anipulation  |
\*---------------------------------------------------------------------------*/
FoamFile
{
    version     2.0;
    format      ascii;
    class       volVectorField;
    location    "0.04";
    object      U;
}
// * * * * * * * * * * * * * * * * * * * * * * * * * * * * * * * * * * * * * //

dimensions      [0 1 -1 0 0 0 0];

internalField   nonuniform List<vector> 
400
(
(-0.000179633 0.00017686 0)
(-0.000999174 0.000530779 0)
(-0.00241863 0.000646707 0)
(-0.00394764 0.000637255 0)
(-0.00537763 0.000582687 0)
(-0.00664887 0.000508014 0)
(-0.00772685 0.000419418 0)
(-0.00858233 0.000319311 0)
(-0.00919113 0.00020968 0)
(-0.00953425 9.26857e-05 0)
(-0.00959811 -2.92333e-05 0)
(-0.00937519 -0.000153301 0)
(-0.00886477 -0.000276348 0)
(-0.00807387 -0.000394777 0)
(-0.00701839 -0.000504496 0)
(-0.00572446 -0.000600362 0)
(-0.00422993 -0.000672793 0)
(-0.00260648 -0.000692433 0)
(-0.00108716 -0.000573539 0)
(-0.000199627 -0.000197411 0)
(-0.000543871 0.000997829 0)
(-0.00236067 0.00231702 0)
(-0.00511099 0.00273991 0)
(-0.00800646 0.00269992 0)
(-0.010714 0.00247158 0)
(-0.013122 0.00215133 0)
(-0.0151582 0.00176883 0)
(-0.0167648 0.00133721 0)
(-0.0178971 0.000866526 0)
(-0.0185216 0.000366789 0)
(-0.0186158 -0.000151294 0)
(-0.0181686 -0.000675928 0)
(-0.0171817 -0.00119385 0)
(-0.015671 -0.00169001 0)
(-0.0136689 -0.00214688 0)
(-0.0112287 -0.00254156 0)
(-0.00842719 -0.00283195 0)
(-0.00539372 -0.00290598 0)
(-0.00249654 -0.00247071 0)
(-0.000576377 -0.00107392 0)
(-0.00070345 0.00247478 0)
(-0.00297909 0.00512764 0)
(-0.00634028 0.00594517 0)
(-0.00983491 0.00584643 0)
(-0.0130877 0.00535074 0)
(-0.0159755 0.00465173 0)
(-0.0184135 0.00381577 0)
(-0.0203337 0.00287411 0)
(-0.0216845 0.00185022 0)
(-0.0224276 0.000766517 0)
(-0.0225374 -0.000353804 0)
(-0.0220012 -0.00148565 0)
(-0.0208205 -0.002601 0)
(-0.019013 -0.00366783 0)
(-0.0166159 -0.00464834 0)
(-0.0136908 -0.00549218 0)
(-0.0103274 -0.00610845 0)
(-0.00666955 -0.0062727 0)
(-0.00313531 -0.00543007 0)
(-0.00074018 -0.00262639 0)
(-0.000778391 0.00421319 0)
(-0.0033103 0.00837786 0)
(-0.00704663 0.00961044 0)
(-0.0109103 0.00942398 0)
(-0.0144925 0.00861498 0)
(-0.0176655 0.00748192 0)
(-0.0203412 0.00613054 0)
(-0.0224488 0.00461206 0)
(-0.0239348 0.00296477 0)
(-0.0247594 0.00122431 0)
(-0.0248953 -0.000573162 0)
(-0.0243271 -0.00238894 0)
(-0.0230533 -0.00417966 0)
(-0.0210879 -0.00589512 0)
(-0.0184657 -0.00747505 0)
(-0.0152482 -0.00883827 0)
(-0.0115286 -0.00983979 0)
(-0.00745938 -0.0101313 0)
(-0.00350427 -0.0088586 0)
(-0.000823164 -0.00445261 0)
(-0.000849419 0.00610081 0)
(-0.00362815 0.011923 0)
(-0.00773448 0.0135963 0)
(-0.0119689 0.0133002 0)
(-0.0158821 0.0121422 0)
(-0.0193402 0.0105352 0)
(-0.0222527 0.00862717 0)
(-0.0245488 0.00649035 0)
(-0.0261754 0.00417789 0)
(-0.0270927 0.00173792 0)
(-0.0272715 -0.000781835 0)
(-0.0266926 -0.00333065 0)
(-0.025348 -0.0058511 0)
(-0.0232442 -0.00827523 0)
(-0.0204081 -0.0105191 0)
(-0.0168964 -0.012467 0)
(-0.0128031 -0.0139128 0)
(-0.00829353 -0.0143676 0)
(-0.00389067 -0.0126356 0)
(-0.000909426 -0.00645337 0)
(-0.000943298 0.00817397 0)
(-0.00403408 0.0158307 0)
(-0.00859991 0.0179837 0)
(-0.0132944 0.0175542 0)
(-0.0176166 0.016002 0)
(-0.0214238 0.0138697 0)
(-0.0246246 0.0113529 0)
(-0.02715 0.00854688 0)
(-0.0289498 0.00551949 0)
(-0.0299859 0.00232976 0)
(-0.0302278 -0.000965681 0)
(-0.0296508 -0.00430717 0)
(-0.0282374 -0.00762603 0)
(-0.0259811 -0.0108379 0)
(-0.0228946 -0.0138341 0)
(-0.0190239 -0.016459 0)
(-0.0144605 -0.0184324 0)
(-0.00938661 -0.0190985 0)
(-0.00440444 -0.0168643 0)
(-0.0010274 -0.00868422 0)
(-0.00106939 0.0104991 0)
(-0.00456872 0.0202138 0)
(-0.00972603 0.0228919 0)
(-0.0150058 0.0222948 0)
(-0.0198411 0.0202862 0)
(-0.0240799 0.0175596 0)
(-0.0276325 0.0143661 0)
(-0.0304359 0.0108271 0)
(-0.0324471 0.00702476 0)
(-0.0336328 0.00302631 0)
(-0.0339624 -0.00110716 0)
(-0.0334048 -0.00531238 0)
(-0.0319288 -0.00951449 0)
(-0.0295077 -0.0136163 0)
(-0.0261305 -0.0174838 0)
(-0.0218218 -0.0209148 0)
(-0.0166628 -0.0235369 0)
(-0.0108535 -0.0244883 0)
(-0.00510168 -0.0217033 0)
(-0.00118978 -0.0112355 0)
(-0.00123546 0.0131562 0)
(-0.00526435 0.025211 0)
(-0.0111766 0.0284632 0)
(-0.0171898 0.0276451 0)
(-0.0226542 0.0250929 0)
(-0.0274104 0.0216793 0)
(-0.0313765 0.0177228 0)
(-0.0345029 0.0133739 0)
(-0.0367611 0.0087284 0)
(-0.0381281 0.00385722 0)
(-0.0385764 -0.00118108 0)
(-0.0380679 -0.00632818 0)
(-0.0365526 -0.0115119 0)
(-0.0339738 -0.0166294 0)
(-0.0302818 -0.021524 0)
(-0.0254619 -0.0259396 0)
(-0.0195684 -0.0293868 0)
(-0.012813 -0.0307419 0)
(-0.00604261 -0.0273579 0)
(-0.00141058 -0.0142215 0)
(-0.00145282 0.0162447 0)
(-0.00616423 0.0309942 0)
(-0.0130321 0.0348676 0)
(-0.0199507 0.0337437 0)
(-0.0261674 0.0305246 0)
(-0.031522 0.0263005 0)
(-0.0359521 0.0214721 0)
(-0.0394344 0.0162236 0)
(-0.0419663 0.0106622 0)
(-0.0435444 0.00485539 0)
(-0.0441498 -0.00115139 0)
(-0.043738 -0.00731795 0)
(-0.0422351 -0.0135894 0)
(-0.0395412 -0.0198706 0)
(-0.0355463 -0.0259909 0)
(-0.0301662 -0.0316357 0)
(-0.0233955 -0.0361675 0)
(-0.0154386 -0.0381191 0)
(-0.00731982 -0.0341015 0)
(-0.00171246 -0.0177949 0)
(-0.00174006 0.019894 0)
(-0.00733548 0.0377818 0)
(-0.0154114 0.04231 0)
(-0.0234347 0.0407448 0)
(-0.0305286 0.036682 0)
(-0.0365472 0.0314821 0)
(-0.0414687 0.0256467 0)
(-0.0453161 0.019398 0)
(-0.0481308 0.0128496 0)
(-0.0499428 0.00605522 0)
(-0.0507507 -0.000968094 0)
(-0.0505072 -0.00821756 0)
(-0.0491102 -0.0156781 0)
(-0.0464013 -0.0232865 0)
(-0.0421801 -0.030878 0)
(-0.0362456 -0.0380845 0)
(-0.0284728 -0.044085 0)
(-0.0190084 -0.0469537 0)
(-0.0090908 -0.0423125 0)
(-0.00213597 -0.0221726 0)
(-0.00212921 0.0242821 0)
(-0.00888718 0.0458606 0)
(-0.0184974 0.0510406 0)
(-0.0278553 0.048815 0)
(-0.0359411 0.0436535 0)
(-0.042656 0.0372564 0)
(-0.0480537 0.0302484 0)
(-0.052235 0.0228913 0)
(-0.0553102 0.0152966 0)
(-0.0573628 0.00748844 0)
(-0.058423 -0.000565135 0)
(-0.0584487 -0.00892523 0)
(-0.0573093 -0.0176495 0)
(-0.0547734 -0.026746 0)
(-0.050513 -0.0360974 0)
(-0.0441412 -0.0453085 0)
(-0.0353079 -0.053349 0)
(-0.0239881 -0.0576769 0)
(-0.0116412 -0.0525385 0)
(-0.00275972 -0.0276866 0)
(-0.00267829 0.02967 0)
(-0.0110036 0.0556238 0)
(-0.0225796 0.0613684 0)
(-0.0335289 0.0581256 0)
(-0.0426866 0.051495 0)
(-0.050065 0.0436052 0)
(-0.0558514 0.0352252 0)
(-0.0602688 0.0266515 0)
(-0.0635311 0.0179775 0)
(-0.0658006 0.00917591 0)
(-0.0671595 0.000139017 0)
(-0.0675864 -0.00929138 0)
(-0.0669305 -0.0192898 0)
(-0.0648823 -0.0299955 0)
(-0.0609498 -0.0414138 0)
(-0.054469 -0.0531976 0)
(-0.0446914 -0.0641211 0)
(-0.0311826 -0.0708372 0)
(-0.015521 -0.06561 0)
(-0.00374947 -0.0348951 0)
(-0.00349808 0.0364676 0)
(-0.0140082 0.0676306 0)
(-0.0281255 0.073673 0)
(-0.0409269 0.0688291 0)
(-0.0511491 0.0601924 0)
(-0.059039 0.0504214 0)
(-0.0650068 0.0404376 0)
(-0.0694586 0.0305531 0)
(-0.0727537 0.0208142 0)
(-0.0751633 0.0111129 0)
(-0.0768466 0.00123453 0)
(-0.0778283 -0.00911291 0)
(-0.0779638 -0.0202732 0)
(-0.0768829 -0.0325984 0)
(-0.0739165 -0.0463414 0)
(-0.0680282 -0.0613676 0)
(-0.0578174 -0.0763854 0)
(-0.0419831 -0.08709 0)
(-0.0218254 -0.0828433 0)
(-0.00547404 -0.0448449 0)
(-0.00480977 0.0453648 0)
(-0.0184846 0.0826969 0)
(-0.0358914 0.0883955 0)
(-0.0507262 0.0809982 0)
(-0.0618059 0.0695903 0)
(-0.0698369 0.0574441 0)
(-0.075582 0.0456069 0)
(-0.0797043 0.0343562 0)
(-0.0827515 0.023644 0)
(-0.0851311 0.0132422 0)
(-0.0871052 0.00279852 0)
(-0.0887796 -0.00814488 0)
(-0.0900666 -0.0201496 0)
(-0.0906009 -0.0338737 0)
(-0.0895891 -0.0499975 0)
(-0.0855854 -0.0689056 0)
(-0.0762349 -0.0896276 0)
(-0.0585939 -0.106989 0)
(-0.0326372 -0.106234 0)
(-0.00872763 -0.0595636 0)
(-0.00706162 0.0576003 0)
(-0.0254838 0.10202 0)
(-0.0470274 0.105969 0)
(-0.0637288 0.0944891 0)
(-0.074992 0.0792577 0)
(-0.0823693 0.0641492 0)
(-0.08714 0.0502296 0)
(-0.0902962 0.0376407 0)
(-0.0926011 0.0261627 0)
(-0.094607 0.0153988 0)
(-0.0966909 0.00483448 0)
(-0.0990734 -0.00616538 0)
(-0.101798 -0.0184002 0)
(-0.104634 -0.0329042 0)
(-0.106845 -0.0509882 0)
(-0.106723 -0.0740231 0)
(-0.100768 -0.102175 0)
(-0.0833524 -0.130188 0)
(-0.051063 -0.138214 0)
(-0.0149193 -0.0827367 0)
(-0.0111176 0.0755519 0)
(-0.0367243 0.127275 0)
(-0.062783 0.126525 0)
(-0.0799604 0.108565 0)
(-0.0895575 0.0881428 0)
(-0.0945609 0.0694682 0)
(-0.0969083 0.0533629 0)
(-0.0979417 0.0396401 0)
(-0.0986079 0.0277852 0)
(-0.0995555 0.0171727 0)
(-0.101238 0.00711536 0)
(-0.10399 -0.00317328 0)
(-0.108042 -0.0146887 0)
(-0.113462 -0.0288302 0)
(-0.119899 -0.0476766 0)
(-0.125857 -0.0741314 0)
(-0.127006 -0.110851 0)
(-0.114405 -0.154738 0)
(-0.0784861 -0.181612 0)
(-0.0252642 -0.121486 0)
(-0.0183777 0.103972 0)
(-0.054024 0.159843 0)
(-0.0817947 0.148131 0)
(-0.094057 0.120168 0)
(-0.0971145 0.093233 0)
(-0.0959418 0.0708526 0)
(-0.0930099 0.0530037 0)
(-0.0898092 0.0388305 0)
(-0.0872544 0.0273523 0)
(-0.085896 0.0176601 0)
(-0.0861107 0.00891777 0)
(-0.0882345 0.000266684 0)
(-0.0926435 -0.00936011 0)
(-0.0997722 -0.0215846 0)
(-0.109973 -0.0392157 0)
(-0.122782 -0.0671316 0)
(-0.13455 -0.112272 0)
(-0.134532 -0.177853 0)
(-0.105027 -0.239656 0)
(-0.0361382 -0.189207 0)
(-0.0297784 0.151397 0)
(-0.0739731 0.195198 0)
(-0.086389 0.159409 0)
(-0.0773892 0.118879 0)
(-0.063062 0.086902 0)
(-0.0487623 0.0630501 0)
(-0.0360767 0.0455926 0)
(-0.0257227 0.032774 0)
(-0.0179374 0.023108 0)
(-0.0127229 0.0154698 0)
(-0.0100616 0.00899522 0)
(-0.0100509 0.00291231 0)
(-0.013006 -0.00369278 0)
(-0.0195816 -0.0123187 0)
(-0.0309088 -0.0260195 0)
(-0.0484723 -0.0512957 0)
(-0.0724022 -0.100266 0)
(-0.0956903 -0.186738 0)
(-0.0937077 -0.295293 0)
(-0.0273422 -0.284237 0)
(-0.0310597 0.221702 0)
(-0.0487705 0.207824 0)
(0.00881235 0.136382 0)
(0.0671914 0.0909398 0)
(0.110568 0.0621181 0)
(0.14256 0.0426131 0)
(0.166535 0.0294557 0)
(0.184291 0.0205985 0)
(0.197128 0.0144524 0)
(0.206049 0.00995657 0)
(0.211719 0.00643229 0)
(0.214464 0.00338457 0)
(0.21423 0.000316475 0)
(0.210403 -0.00357333 0)
(0.201336 -0.0101769 0)
(0.183352 -0.0246002 0)
(0.149772 -0.0597644 0)
(0.0941373 -0.138855 0)
(0.0355901 -0.267908 0)
(0.055605 -0.317756 0)
(0.262937 0.136497 0)
(0.326951 0.117842 0)
(0.443182 0.0749314 0)
(0.530955 0.0469639 0)
(0.583256 0.0298809 0)
(0.615257 0.0190473 0)
(0.636425 0.0122251 0)
(0.650918 0.00801066 0)
(0.660928 0.00538468 0)
(0.667837 0.00368163 0)
(0.67248 0.00250729 0)
(0.675306 0.00162741 0)
(0.67645 0.000879434 0)
(0.675633 8.76879e-05 0)
(0.671707 -0.00111742 0)
(0.661154 -0.00381588 0)
(0.635207 -0.0114298 0)
(0.573527 -0.0328717 0)
(0.44339 -0.0891868 0)
(0.342772 -0.140474 0)
)
;

boundaryField
{
    movingWall
    {
        type            fixedValue;
        value           uniform (1 0 0);
    }
    fixedWalls
    {
        type            noSlip;
    }
    frontAndBack
    {
        type            empty;
    }
}


// ************************************************************************* //
