/*--------------------------------*- C++ -*----------------------------------*\
  =========                 |
  \\      /  F ield         | OpenFOAM: The Open Source CFD Toolbox
   \\    /   O peration     | Website:  https://openfoam.org
    \\  /    A nd           | Version:  6
     \\/     M anipulation  |
\*---------------------------------------------------------------------------*/
FoamFile
{
    version     2.0;
    format      ascii;
    class       surfaceScalarField;
    location    "0.03";
    object      phi;
}
// * * * * * * * * * * * * * * * * * * * * * * * * * * * * * * * * * * * * * //

dimensions      [0 3 -1 0 0 0 0];

internalField   nonuniform List<scalar> 
760
(
-1.79299e-09
1.79293e-09
-4.63269e-08
4.4534e-08
-1.23172e-07
7.68451e-08
-2.15042e-07
9.18705e-08
-3.08542e-07
9.35e-08
-3.94478e-07
8.59352e-08
-4.66869e-07
7.23912e-08
-5.21912e-07
5.50427e-08
-5.57162e-07
3.52498e-08
-5.71055e-07
1.38928e-08
-5.62715e-07
-8.34019e-09
-5.31971e-07
-3.07431e-08
-4.79555e-07
-5.24165e-08
-4.0748e-07
-7.20746e-08
-3.19671e-07
-8.78096e-08
-2.22803e-07
-9.68673e-08
-1.27204e-07
-9.55988e-08
-4.74777e-08
-7.97266e-08
-1.66408e-09
-4.58136e-08
-1.66399e-09
-4.37967e-08
4.55897e-08
-1.68561e-07
1.69298e-07
-3.50853e-07
2.59137e-07
-5.61306e-07
3.02324e-07
-7.74141e-07
3.06335e-07
-9.69932e-07
2.81726e-07
-1.13514e-06
2.37599e-07
-1.26071e-06
1.80611e-07
-1.34072e-06
1.15257e-07
-1.37148e-06
4.46525e-08
-1.35112e-06
-2.8699e-08
-1.27959e-06
-1.02271e-07
-1.15905e-06
-1.72955e-07
-9.94636e-07
-2.3649e-07
-7.95607e-07
-2.86839e-07
-5.76741e-07
-3.15732e-07
-3.59467e-07
-3.12873e-07
-1.71689e-07
-2.67504e-07
-4.41341e-08
-1.73369e-07
-4.57982e-08
-7.9137e-08
1.24727e-07
-2.7046e-07
3.60621e-07
-5.33277e-07
5.21954e-07
-8.28894e-07
5.97941e-07
-1.12446e-06
6.019e-07
-1.39494e-06
5.52208e-07
-1.62257e-06
4.65226e-07
-1.79525e-06
3.53288e-07
-1.905e-06
2.25012e-07
-1.94688e-06
8.65345e-08
-1.91843e-06
-5.71562e-08
-1.81964e-06
-2.01055e-07
-1.65351e-06
-3.39084e-07
-1.42697e-06
-4.63029e-07
-1.15234e-06
-5.61475e-07
-8.48933e-07
-6.19135e-07
-5.44381e-07
-6.17425e-07
-2.74356e-07
-5.3753e-07
-7.94276e-08
-3.68297e-07
-1.25226e-07
-1.04306e-07
2.29033e-07
-3.49263e-07
6.05578e-07
-6.77958e-07
8.50649e-07
-1.04183e-06
9.61816e-07
-1.40196e-06
9.62023e-07
-1.7294e-06
8.79653e-07
-2.00388e-06
7.39709e-07
-2.2117e-06
5.61101e-07
-2.34382e-06
3.57139e-07
-2.39463e-06
1.37343e-07
-2.36122e-06
-9.05716e-08
-2.24338e-06
-3.18892e-07
-2.04422e-06
-5.38244e-07
-1.77134e-06
-7.35909e-07
-1.4386e-06
-8.9421e-07
-1.06821e-06
-9.89532e-07
-6.92431e-07
-9.93202e-07
-3.54051e-07
-8.7591e-07
-1.04365e-07
-6.17983e-07
-2.29591e-07
-1.24522e-07
3.53555e-07
-4.16653e-07
8.97709e-07
-8.052e-07
1.2392e-06
-1.23124e-06
1.38786e-06
-1.64948e-06
1.38026e-06
-2.02742e-06
1.25759e-06
-2.34297e-06
1.05526e-06
-2.58158e-06
7.99717e-07
-2.73384e-06
5.09398e-07
-2.79378e-06
1.97282e-07
-2.75806e-06
-1.26293e-07
-2.6259e-06
-4.51048e-07
-2.39983e-06
-7.64314e-07
-2.0872e-06
-1.04855e-06
-1.70247e-06
-1.27893e-06
-1.2701e-06
-1.42191e-06
-8.27071e-07
-1.43623e-06
-4.24218e-07
-1.27876e-06
-1.24771e-07
-9.17429e-07
-3.54363e-07
-1.44595e-07
4.98151e-07
-4.85126e-07
1.23824e-06
-9.3605e-07
1.69012e-06
-1.42696e-06
1.87877e-06
-1.90533e-06
1.85862e-06
-2.33491e-06
1.68717e-06
-2.69212e-06
1.41247e-06
-2.96213e-06
1.06973e-06
-3.13563e-06
6.82889e-07
-3.20658e-06
2.68241e-07
-3.17118e-06
-1.61701e-07
-3.02761e-06
-5.94615e-07
-2.77703e-06
-1.01489e-06
-2.42557e-06
-1.40001e-06
-1.98746e-06
-1.71705e-06
-1.48904e-06
-1.92033e-06
-9.72715e-07
-1.95255e-06
-4.99196e-07
-1.75228e-06
-1.45998e-07
-1.27063e-06
-5.0036e-07
-1.68386e-07
6.66536e-07
-5.65649e-07
1.6355e-06
-1.08913e-06
2.21361e-06
-1.65463e-06
2.44426e-06
-2.20107e-06
2.40507e-06
-2.68818e-06
2.17429e-06
-3.0913e-06
1.81559e-06
-3.39599e-06
1.37442e-06
-3.5937e-06
8.80598e-07
-3.67876e-06
3.533e-07
-3.6468e-06
-1.93656e-07
-3.49449e-06
-7.46924e-07
-3.2206e-06
-1.28878e-06
-2.82869e-06
-1.79192e-06
-2.33145e-06
-2.21429e-06
-1.75651e-06
-2.49526e-06
-1.15241e-06
-2.55666e-06
-5.92394e-07
-2.3123e-06
-1.7259e-07
-1.69043e-06
-6.7295e-07
-1.99286e-07
8.65822e-07
-6.68164e-07
2.10438e-06
-1.28111e-06
2.82655e-06
-1.93627e-06
3.09942e-06
-2.56238e-06
3.03119e-06
-3.11509e-06
2.727e-06
-3.56953e-06
2.27002e-06
-3.91286e-06
1.71775e-06
-4.13836e-06
1.1061e-06
-4.24138e-06
4.5632e-07
-4.21713e-06
-2.17904e-07
-4.06012e-06
-9.03933e-07
-3.76539e-06
-1.58351e-06
-3.33193e-06
-2.22538e-06
-2.76867e-06
-2.77754e-06
-2.1029e-06
-3.16104e-06
-1.38949e-06
-3.27006e-06
-7.17641e-07
-2.98415e-06
-2.09101e-07
-2.19897e-06
-8.82052e-07
-2.40956e-07
1.10678e-06
-8.03097e-07
2.66652e-06
-1.52856e-06
3.55201e-06
-2.29227e-06
3.86312e-06
-3.01095e-06
3.74987e-06
-3.63682e-06
3.35286e-06
-4.14657e-06
2.77978e-06
-4.53102e-06
2.1022e-06
-4.78701e-06
1.36209e-06
-4.91208e-06
5.81396e-07
-4.9014e-06
-2.28588e-07
-4.74671e-06
-1.05862e-06
-4.43759e-06
-1.89263e-06
-3.96554e-06
-2.69743e-06
-3.332e-06
-3.41109e-06
-2.56039e-06
-3.93265e-06
-1.71072e-06
-4.11973e-06
-8.9176e-07
-3.80311e-06
-2.61297e-07
-2.82943e-06
-1.14335e-06
-2.98299e-07
1.40508e-06
-9.83262e-07
3.35148e-06
-1.85004e-06
4.41879e-06
-2.74284e-06
4.75593e-06
-3.56506e-06
4.57209e-06
-4.26749e-06
4.05529e-06
-4.83169e-06
3.34398e-06
-5.25536e-06
2.52587e-06
-5.5416e-06
1.64832e-06
-5.69195e-06
7.31744e-07
-5.70235e-06
-2.18182e-07
-5.56143e-06
-1.19954e-06
-5.2513e-06
-2.20276e-06
-4.75211e-06
-3.19663e-06
-4.052e-06
-4.1112e-06
-3.16403e-06
-4.82061e-06
-2.14894e-06
-5.13482e-06
-1.13751e-06
-4.81454e-06
-3.37735e-07
-3.62921e-06
-1.48108e-06
-3.78647e-07
1.78372e-06
-1.22559e-06
4.19843e-06
-2.26677e-06
5.45997e-06
-3.30674e-06
5.79589e-06
-4.23596e-06
5.50132e-06
-5.00845e-06
4.82779e-06
-5.61612e-06
3.95165e-06
-6.06838e-06
2.97813e-06
-6.37829e-06
1.95823e-06
-6.554e-06
9.07459e-07
-6.59376e-06
-1.78425e-07
-6.48323e-06
-1.31007e-06
-6.19539e-06
-2.4906e-06
-5.69451e-06
-3.6975e-06
-4.94754e-06
-4.85817e-06
-3.94634e-06
-5.82182e-06
-2.74207e-06
-6.33909e-06
-1.48554e-06
-6.07106e-06
-4.51588e-07
-4.66316e-06
-1.93267e-06
-4.93188e-07
2.27691e-06
-1.55184e-06
5.25708e-06
-2.7999e-06
6.70802e-06
-3.99369e-06
6.98969e-06
-5.01573e-06
6.52336e-06
-5.83232e-06
5.64437e-06
-6.45425e-06
4.57358e-06
-6.90916e-06
3.43304e-06
-7.22467e-06
2.27373e-06
-7.41872e-06
1.10151e-06
-7.49412e-06
-1.03028e-07
-7.43488e-06
-1.3693e-06
-7.20441e-06
-2.72108e-06
-6.74737e-06
-4.15454e-06
-6.00034e-06
-5.60519e-06
-4.91826e-06
-6.9039e-06
-3.5231e-06
-7.73425e-06
-1.97274e-06
-7.62143e-06
-6.22346e-07
-6.01355e-06
-2.55502e-06
-6.58637e-07
2.93555e-06
-1.98653e-06
6.58498e-06
-3.46001e-06
8.18151e-06
-4.7847e-06
8.31438e-06
-5.84983e-06
7.58848e-06
-6.6501e-06
6.44465e-06
-7.2273e-06
5.15078e-06
-7.63494e-06
3.84068e-06
-7.91963e-06
2.55842e-06
-8.11211e-06
1.29399e-06
-8.22243e-06
7.29151e-09
-8.23586e-06
-1.35587e-06
-8.10861e-06
-2.84833e-06
-7.76538e-06
-4.49777e-06
-7.10516e-06
-6.26541e-06
-6.02715e-06
-7.98191e-06
-4.49251e-06
-9.26889e-06
-2.63185e-06
-9.48209e-06
-8.76461e-07
-7.76895e-06
-3.43148e-06
-8.99079e-07
3.83463e-06
-2.54857e-06
8.23447e-06
-4.22157e-06
9.8545e-06
-5.59067e-06
9.68347e-06
-6.58512e-06
8.58293e-06
-7.2538e-06
7.11333e-06
-7.68419e-06
5.58117e-06
-7.96206e-06
4.11855e-06
-8.155e-06
2.75135e-06
-8.30735e-06
1.44634e-06
-8.43842e-06
1.38357e-07
-8.53914e-06
-1.25515e-06
-8.56538e-06
-2.82209e-06
-8.42882e-06
-4.63433e-06
-7.99203e-06
-6.7022e-06
-7.08369e-06
-8.89026e-06
-5.56251e-06
-1.07901e-05
-3.46448e-06
-1.15801e-05
-1.24483e-06
-9.98859e-06
-4.67631e-06
-1.24679e-06
5.08142e-06
-3.22829e-06
1.0216e-05
-4.96867e-06
1.15949e-05
-6.1763e-06
1.08911e-05
-6.88464e-06
9.29127e-06
-7.23144e-06
7.46013e-06
-7.36194e-06
5.71167e-06
-7.39371e-06
4.15032e-06
-7.4102e-06
2.76784e-06
-7.46472e-06
1.50087e-06
-7.58478e-06
2.58413e-07
-7.7717e-06
-1.06823e-06
-7.99283e-06
-2.60096e-06
-8.1651e-06
-4.46206e-06
-8.13345e-06
-6.73384e-06
-7.66015e-06
-9.36356e-06
-6.46449e-06
-1.19857e-05
-4.38365e-06
-1.3661e-05
-1.75093e-06
-1.26213e-05
-6.42725e-06
-1.73301e-06
6.81443e-06
-3.92519e-06
1.24082e-05
-5.38512e-06
1.30548e-05
-6.03287e-06
1.15389e-05
-6.10769e-06
9.36609e-06
-5.86685e-06
7.21929e-06
-5.50835e-06
5.35317e-06
-5.16376e-06
3.80573e-06
-4.91386e-06
2.51794e-06
-4.80695e-06
1.39396e-06
-4.87182e-06
3.23287e-07
-5.1225e-06
-8.17549e-07
-5.55232e-06
-2.17114e-06
-6.11333e-06
-3.90106e-06
-6.6773e-06
-6.16988e-06
-6.98457e-06
-9.05629e-06
-6.61794e-06
-1.23524e-05
-5.102e-06
-1.51769e-05
-2.36948e-06
-1.53538e-05
-8.79673e-06
-2.33412e-06
9.14854e-06
-4.27422e-06
1.43483e-05
-4.73015e-06
1.35107e-05
-4.17988e-06
1.09886e-05
-3.17172e-06
8.35793e-06
-2.06487e-06
6.11244e-06
-1.05995e-06
4.34825e-06
-2.54493e-07
3.00027e-06
3.09691e-07
1.95376e-06
6.13313e-07
1.09034e-06
6.39758e-07
2.96842e-07
3.65422e-07
-5.43214e-07
-2.39854e-07
-1.56586e-06
-1.19647e-06
-2.94444e-06
-2.46986e-06
-4.89649e-06
-3.88082e-06
-7.64533e-06
-4.97559e-06
-1.12576e-05
-4.9352e-06
-1.52173e-05
-2.91162e-06
-1.73774e-05
-1.17084e-05
-2.76011e-06
1.19087e-05
-3.1568e-06
1.4745e-05
-1.37037e-06
1.17243e-05
1.12882e-06
8.4894e-06
3.56015e-06
5.92661e-06
5.62512e-06
4.04747e-06
7.24688e-06
2.72648e-06
8.44101e-06
1.80614e-06
9.24918e-06
1.14559e-06
9.70538e-06
6.34137e-07
9.8192e-06
1.83024e-07
9.56622e-06
-2.90236e-07
8.88169e-06
-8.81323e-07
7.66108e-06
-1.72383e-06
5.78445e-06
-3.01986e-06
3.20306e-06
-5.06394e-06
1.50666e-07
-8.20519e-06
-2.46651e-06
-1.26001e-05
-2.77002e-06
-1.70739e-05
-1.44784e-05
-1.29075e-06
1.31994e-05
2.85569e-06
1.05985e-05
8.17613e-06
6.40386e-06
1.27333e-05
3.93223e-06
1.62166e-05
2.44334e-06
1.8749e-05
1.515e-06
2.05336e-05
9.41905e-07
2.17536e-05
5.86144e-07
2.25443e-05
3.54874e-07
2.29895e-05
1.88982e-07
2.31235e-05
4.89737e-08
2.29306e-05
-9.72646e-08
2.23351e-05
-2.85859e-07
2.1183e-05
-5.717e-07
1.92167e-05
-1.05359e-06
1.6075e-05
-1.92229e-06
1.14166e-05
-3.54672e-06
5.39146e-06
-6.57502e-06
-3.62147e-08
-1.16462e-05
-1.45146e-05
1.31994e-05
2.37979e-05
3.02018e-05
3.4134e-05
3.65773e-05
3.80923e-05
3.90342e-05
3.96204e-05
3.99753e-05
4.01642e-05
4.02132e-05
4.0116e-05
3.98301e-05
3.92584e-05
3.82048e-05
3.62825e-05
3.27358e-05
2.61608e-05
1.45146e-05
)
;

boundaryField
{
    movingWall
    {
        type            calculated;
        value           uniform 0;
    }
    fixedWalls
    {
        type            calculated;
        value           uniform 0;
    }
    frontAndBack
    {
        type            empty;
        value           nonuniform 0();
    }
}


// ************************************************************************* //
