/*--------------------------------*- C++ -*----------------------------------*\
  =========                 |
  \\      /  F ield         | OpenFOAM: The Open Source CFD Toolbox
   \\    /   O peration     | Website:  https://openfoam.org
    \\  /    A nd           | Version:  6
     \\/     M anipulation  |
\*---------------------------------------------------------------------------*/
FoamFile
{
    version     2.0;
    format      ascii;
    class       surfaceScalarField;
    location    "0.075";
    object      phi;
}
// * * * * * * * * * * * * * * * * * * * * * * * * * * * * * * * * * * * * * //

dimensions      [0 3 -1 0 0 0 0];

internalField   nonuniform List<scalar> 
760
(
-9.60317e-09
9.60307e-09
-6.05292e-08
5.0926e-08
-1.33857e-07
7.33277e-08
-2.12741e-07
7.88845e-08
-2.88225e-07
7.5484e-08
-3.55806e-07
6.7581e-08
-4.12876e-07
5.70694e-08
-4.57536e-07
4.46598e-08
-4.88173e-07
3.06372e-08
-5.03378e-07
1.5205e-08
-5.01996e-07
-1.38129e-09
-4.83234e-07
-1.8762e-08
-4.468e-07
-3.6435e-08
-3.93103e-07
-5.36965e-08
-3.23601e-07
-6.95023e-08
-2.41461e-07
-8.21404e-08
-1.52887e-07
-8.85733e-08
-6.95694e-08
-8.33179e-08
-1.15311e-08
-5.80383e-08
-1.1531e-08
-5.1624e-08
6.1227e-08
-1.74041e-07
1.73343e-07
-3.33386e-07
2.32672e-07
-5.02502e-07
2.48001e-07
-6.64323e-07
2.37304e-07
-8.09004e-07
2.12263e-07
-9.30486e-07
1.78552e-07
-1.02447e-06
1.38645e-07
-1.08757e-06
9.3737e-08
-1.11706e-06
4.4694e-08
-1.1109e-06
-7.5462e-09
-1.06787e-06
-6.17877e-08
-9.87872e-07
-1.16433e-07
-8.72288e-07
-1.69281e-07
-7.24682e-07
-2.17108e-07
-5.52042e-07
-2.5478e-07
-3.67005e-07
-2.7361e-07
-1.91044e-07
-2.59279e-07
-5.62402e-08
-1.92842e-07
-6.77712e-08
-7.87816e-08
1.40009e-07
-2.48128e-07
3.4269e-07
-4.6012e-07
4.44664e-07
-6.81735e-07
4.69616e-07
-8.92507e-07
4.48076e-07
-1.08032e-06
4.00075e-07
-1.23752e-06
3.35749e-07
-1.35864e-06
2.59772e-07
-1.43946e-06
1.74555e-07
-1.47663e-06
8.18574e-08
-1.46767e-06
-1.65032e-08
-1.41116e-06
-1.18294e-07
-1.30702e-06
-2.20572e-07
-1.15703e-06
-3.19276e-07
-9.65671e-07
-4.08465e-07
-7.41671e-07
-4.7878e-07
-5.00543e-07
-5.14738e-07
-2.68213e-07
-4.91609e-07
-8.39059e-08
-3.77149e-07
-1.51677e-07
-9.40457e-08
2.34054e-07
-2.94319e-07
5.42964e-07
-5.4174e-07
6.92084e-07
-7.98016e-07
7.25892e-07
-1.04047e-06
6.90535e-07
-1.25595e-06
6.15554e-07
-1.43617e-06
5.15966e-07
-1.57521e-06
3.98812e-07
-1.66844e-06
2.67787e-07
-1.71215e-06
1.2556e-07
-1.70345e-06
-2.51983e-08
-1.6405e-06
-1.81248e-07
-1.52278e-06
-3.38285e-07
-1.3518e-06
-4.90264e-07
-1.13207e-06
-6.28194e-07
-8.73017e-07
-7.3783e-07
-5.92007e-07
-7.95748e-07
-3.18754e-07
-7.64863e-07
-9.97892e-08
-5.96114e-07
-2.51466e-07
-1.0531e-07
3.39365e-07
-3.30582e-07
7.68236e-07
-6.0778e-07
9.69282e-07
-8.93503e-07
1.01162e-06
-1.16293e-06
9.59959e-07
-1.4021e-06
8.54731e-07
-1.60246e-06
7.16326e-07
-1.75793e-06
5.54276e-07
-1.86366e-06
3.73521e-07
-1.9156e-06
1.77495e-07
-1.91032e-06
-3.04762e-08
-1.84519e-06
-2.46375e-07
-1.71876e-06
-4.64715e-07
-1.53155e-06
-6.77479e-07
-1.28744e-06
-8.72297e-07
-9.96122e-07
-1.02915e-06
-6.769e-07
-1.11497e-06
-3.64215e-07
-1.07755e-06
-1.1313e-07
-8.47198e-07
-3.64596e-07
-1.17254e-07
4.56618e-07
-3.6894e-07
1.01992e-06
-6.77966e-07
1.27831e-06
-9.95407e-07
1.32906e-06
-1.294e-06
1.25856e-06
-1.55901e-06
1.11974e-06
-1.78171e-06
9.39026e-07
-1.95604e-06
7.28606e-07
-2.07708e-06
4.94564e-07
-2.14043e-06
2.40844e-07
-2.14195e-06
-2.8961e-08
-2.07782e-06
-3.10497e-07
-1.94503e-06
-5.9751e-07
-1.74231e-06
-8.80201e-07
-1.4721e-06
-1.1425e-06
-1.14387e-06
-1.35739e-06
-7.79226e-07
-1.47961e-06
-4.18953e-07
-1.43782e-06
-1.29219e-07
-1.13693e-06
-4.93815e-07
-1.32256e-07
5.88874e-07
-4.16103e-07
1.30377e-06
-7.63474e-07
1.62568e-06
-1.11887e-06
1.68445e-06
-1.45218e-06
1.59187e-06
-1.74786e-06
1.41542e-06
-1.99726e-06
1.18842e-06
-2.19457e-06
9.25917e-07
-2.33502e-06
6.35012e-07
-2.41394e-06
3.19769e-07
-2.42636e-06
-1.65391e-08
-2.36689e-06
-3.69966e-07
-2.23015e-06
-7.34254e-07
-2.01199e-06
-1.09837e-06
-1.7121e-06
-1.44239e-06
-1.33871e-06
-1.73078e-06
-9.15864e-07
-1.90246e-06
-4.92786e-07
-1.8609e-06
-1.5118e-07
-1.47854e-06
-6.44996e-07
-1.51741e-07
7.40615e-07
-4.7623e-07
1.62826e-06
-8.71138e-07
2.02059e-06
-1.27278e-06
2.0861e-06
-1.64775e-06
1.96683e-06
-1.97984e-06
1.74751e-06
-2.26086e-06
1.46944e-06
-2.48575e-06
1.15081e-06
-2.6503e-06
7.99559e-07
-2.74987e-06
4.19337e-07
-2.77866e-06
1.22522e-08
-2.72933e-06
-4.19297e-07
-2.59321e-06
-8.70377e-07
-2.36166e-06
-1.32991e-06
-2.02948e-06
-1.77456e-06
-1.60157e-06
-2.1587e-06
-1.10358e-06
-2.40045e-06
-5.95643e-07
-2.36883e-06
-1.81989e-07
-1.89219e-06
-8.26985e-07
-1.77059e-07
9.17674e-07
-5.53092e-07
2.00429e-06
-1.00682e-06
2.47431e-06
-1.46421e-06
2.54349e-06
-1.88814e-06
2.39077e-06
-2.26222e-06
2.12158e-06
-2.57942e-06
1.78664e-06
-2.83623e-06
1.40762e-06
-3.02972e-06
9.93049e-07
-3.15588e-06
5.45499e-07
-3.20841e-06
6.47756e-08
-3.17779e-06
-4.49914e-07
-3.05106e-06
-9.971e-07
-2.81296e-06
-1.56802e-06
-2.44996e-06
-2.13756e-06
-1.95948e-06
-2.64918e-06
-1.36593e-06
-2.99399e-06
-7.42415e-07
-2.99235e-06
-2.2632e-07
-2.40829e-06
-1.05331e-06
-2.10129e-07
1.1278e-06
-6.51634e-07
2.4458e-06
-1.17764e-06
3.00032e-06
-1.70105e-06
3.0669e-06
-2.18088e-06
2.8706e-06
-2.60143e-06
2.54213e-06
-2.95806e-06
2.14326e-06
-3.25e-06
1.69956e-06
-3.4768e-06
1.21985e-06
-3.63612e-06
7.04822e-07
-3.72195e-06
1.50605e-07
-3.7229e-06
-4.4897e-07
-3.62092e-06
-1.09907e-06
-3.39156e-06
-1.79738e-06
-3.00794e-06
-2.52118e-06
-2.45255e-06
-3.20457e-06
-1.74126e-06
-3.70528e-06
-9.59565e-07
-3.77404e-06
-2.93338e-07
-3.07451e-06
-1.34664e-06
-2.54153e-07
1.38196e-06
-7.79456e-07
2.9711e-06
-1.3938e-06
3.61466e-06
-1.99376e-06
3.66686e-06
-2.53498e-06
3.41183e-06
-3.00413e-06
3.01128e-06
-3.40076e-06
2.5399e-06
-3.72862e-06
2.02742e-06
-3.99142e-06
1.48264e-06
-4.19016e-06
9.03572e-07
-4.32072e-06
2.81165e-07
-4.37103e-06
-3.98659e-07
-4.31814e-06
-1.15196e-06
-4.12613e-06
-1.98939e-06
-3.74821e-06
-2.8991e-06
-3.1398e-06
-3.81299e-06
-2.2925e-06
-4.55258e-06
-1.29559e-06
-4.77096e-06
-4.02129e-07
-3.96797e-06
-1.74877e-06
-3.1477e-07
1.69673e-06
-9.48813e-07
3.60514e-06
-1.67041e-06
4.33626e-06
-2.35651e-06
4.35296e-06
-2.96127e-06
4.01659e-06
-3.47658e-06
3.52659e-06
-3.90885e-06
2.97217e-06
-4.26865e-06
2.38722e-06
-4.56608e-06
1.78007e-06
-4.80786e-06
1.14535e-06
-4.99433e-06
4.67635e-07
-5.11555e-06
-2.77437e-07
-5.14587e-06
-1.12165e-06
-5.0376e-06
-2.09766e-06
-4.71756e-06
-3.21914e-06
-4.09679e-06
-4.43376e-06
-3.11375e-06
-5.53562e-06
-1.83428e-06
-6.05043e-06
-5.91511e-07
-5.21074e-06
-2.34028e-06
-4.02186e-07
2.09891e-06
-1.17956e-06
4.38252e-06
-2.02936e-06
5.18605e-06
-2.80696e-06
5.13057e-06
-3.46991e-06
4.67954e-06
-4.02013e-06
4.07681e-06
-4.47441e-06
3.42644e-06
-4.85296e-06
2.76577e-06
-5.17483e-06
2.10195e-06
-5.45525e-06
1.42576e-06
-5.70263e-06
7.1501e-07
-5.91383e-06
-6.62297e-08
-6.06607e-06
-9.69414e-07
-6.10428e-06
-2.05944e-06
-5.92669e-06
-3.39673e-06
-5.38157e-06
-4.97887e-06
-4.31077e-06
-6.60642e-06
-2.69657e-06
-7.66463e-06
-9.31883e-07
-6.97543e-06
-3.27217e-06
-5.3506e-07
2.63397e-06
-1.50284e-06
5.35029e-06
-2.49852e-06
6.18174e-06
-3.35981e-06
5.99186e-06
-4.05847e-06
5.37819e-06
-4.61403e-06
4.63237e-06
-5.05834e-06
3.87076e-06
-5.42432e-06
3.13175e-06
-5.74232e-06
2.41995e-06
-6.03848e-06
1.72192e-06
-6.33275e-06
1.00929e-06
-6.63461e-06
2.35624e-07
-6.9331e-06
-6.70921e-07
-7.17758e-06
-1.81496e-06
-7.24722e-06
-3.32709e-06
-6.9214e-06
-5.30469e-06
-5.90085e-06
-7.62697e-06
-3.98538e-06
-9.5801e-06
-1.52294e-06
-9.43787e-06
-4.79511e-06
-7.4701e-07
3.38098e-06
-1.96247e-06
6.56576e-06
-3.09905e-06
7.31831e-06
-3.99833e-06
6.89113e-06
-4.66909e-06
6.04895e-06
-5.16053e-06
5.12381e-06
-5.52554e-06
4.23577e-06
-5.8126e-06
3.41881e-06
-6.06436e-06
2.67172e-06
-6.31809e-06
1.97565e-06
-6.60607e-06
1.29727e-06
-6.9537e-06
5.83253e-07
-7.37097e-06
-2.53654e-07
-7.82991e-06
-1.35602e-06
-8.21937e-06
-2.93763e-06
-8.27998e-06
-5.24408e-06
-7.56823e-06
-8.33872e-06
-5.59801e-06
-1.15503e-05
-2.43474e-06
-1.26011e-05
-7.22984e-06
-1.09491e-06
4.47589e-06
-2.60014e-06
8.07098e-06
-3.78811e-06
8.50629e-06
-4.57747e-06
7.68049e-06
-5.06035e-06
6.53182e-06
-5.3342e-06
5.39767e-06
-5.47976e-06
4.38133e-06
-5.56197e-06
3.50102e-06
-5.63299e-06
2.74273e-06
-5.73605e-06
2.07871e-06
-5.90967e-06
1.47089e-06
-6.19041e-06
8.63988e-07
-6.61049e-06
1.66426e-07
-7.18144e-06
-7.85069e-07
-7.84826e-06
-2.27082e-06
-8.39885e-06
-4.69348e-06
-8.34341e-06
-8.39416e-06
-6.89763e-06
-1.29961e-05
-3.52416e-06
-1.59746e-05
-1.0754e-05
-1.66155e-06
6.13745e-06
-3.36598e-06
9.77541e-06
-4.25742e-06
9.39773e-06
-4.54305e-06
7.96612e-06
-4.48259e-06
6.47137e-06
-4.24201e-06
5.15709e-06
-3.92773e-06
4.06705e-06
-3.61109e-06
3.18438e-06
-3.34044e-06
2.47208e-06
-3.15033e-06
1.8886e-06
-3.07006e-06
1.39063e-06
-3.13167e-06
9.25598e-07
-3.37696e-06
4.11716e-07
-3.85909e-06
-3.02941e-07
-4.62266e-06
-1.50725e-06
-5.62613e-06
-3.69001e-06
-6.54962e-06
-7.47066e-06
-6.50028e-06
-1.30454e-05
-4.1428e-06
-1.83321e-05
-1.48968e-05
-2.51334e-06
8.65079e-06
-3.69885e-06
1.09609e-05
-3.28195e-06
8.98083e-06
-2.22714e-06
6.91131e-06
-1.02712e-06
5.27135e-06
1.32534e-07
3.99743e-06
1.17548e-06
3.0241e-06
2.06817e-06
2.29169e-06
2.79992e-06
1.74032e-06
3.37042e-06
1.3181e-06
3.77963e-06
9.81415e-07
4.01823e-06
6.87001e-07
4.05411e-06
3.75832e-07
3.8104e-06
-5.92248e-08
3.13862e-06
-8.35472e-07
1.82616e-06
-2.37755e-06
-2.34441e-07
-5.41006e-06
-2.49837e-06
-1.07815e-05
-3.02973e-06
-1.78007e-05
-1.79265e-05
-2.79408e-06
1.14449e-05
-4.52313e-07
8.61915e-06
3.23241e-06
5.2961e-06
6.50079e-06
3.64294e-06
9.17002e-06
2.60211e-06
1.13192e-05
1.84829e-06
1.30295e-05
1.31382e-06
1.43762e-05
9.44942e-07
1.54272e-05
6.89288e-07
1.62375e-05
5.07856e-07
1.68458e-05
3.73114e-07
1.72707e-05
2.62081e-07
1.74987e-05
1.47831e-07
1.7454e-05
-1.45321e-08
1.69351e-05
-3.1659e-07
1.55203e-05
-9.62721e-07
1.25477e-05
-2.43748e-06
7.52596e-06
-5.75977e-06
1.67204e-06
-1.19468e-05
-1.62545e-05
1.14449e-05
2.0064e-05
2.53601e-05
2.90031e-05
3.16052e-05
3.34535e-05
3.47673e-05
3.57122e-05
3.64015e-05
3.69094e-05
3.72825e-05
3.75446e-05
3.76924e-05
3.76779e-05
3.73613e-05
3.63985e-05
3.39611e-05
2.82013e-05
1.62545e-05
)
;

boundaryField
{
    movingWall
    {
        type            calculated;
        value           uniform 0;
    }
    fixedWalls
    {
        type            calculated;
        value           uniform 0;
    }
    frontAndBack
    {
        type            empty;
        value           nonuniform 0();
    }
}


// ************************************************************************* //
