/*--------------------------------*- C++ -*----------------------------------*\
  =========                 |
  \\      /  F ield         | OpenFOAM: The Open Source CFD Toolbox
   \\    /   O peration     | Website:  https://openfoam.org
    \\  /    A nd           | Version:  6
     \\/     M anipulation  |
\*---------------------------------------------------------------------------*/
FoamFile
{
    version     2.0;
    format      ascii;
    class       volVectorField;
    location    "0.075";
    object      U;
}
// * * * * * * * * * * * * * * * * * * * * * * * * * * * * * * * * * * * * * //

dimensions      [0 1 -1 0 0 0 0];

internalField   nonuniform List<vector> 
400
(
(-3.49265e-05 3.34153e-05 0)
(-0.000594971 0.000376557 0)
(-0.0018878 0.000571893 0)
(-0.00346311 0.00062126 0)
(-0.00503458 0.000595277 0)
(-0.00647929 0.00053412 0)
(-0.0077348 0.000453488 0)
(-0.00875894 0.000358425 0)
(-0.00951747 0.000250481 0)
(-0.00998029 0.000130734 0)
(-0.0101216 8.66104e-07 0)
(-0.00992143 -0.000136454 0)
(-0.00936845 -0.000277332 0)
(-0.00846289 -0.000416225 0)
(-0.00722182 -0.000544833 0)
(-0.00568799 -0.000649232 0)
(-0.00394635 -0.000703532 0)
(-0.00216508 -0.000658147 0)
(-0.000694175 -0.000437971 0)
(-4.78281e-05 -4.91904e-05 0)
(-0.000382388 0.00059125 0)
(-0.00202557 0.00199354 0)
(-0.0049581 0.00275906 0)
(-0.00836167 0.00295958 0)
(-0.0117317 0.0028358 0)
(-0.0148289 0.00254022 0)
(-0.017512 0.00214293 0)
(-0.0196828 0.00167239 0)
(-0.0212662 0.00114129 0)
(-0.0222014 0.00055874 0)
(-0.0224406 -6.4725e-05 0)
(-0.0219505 -0.000715054 0)
(-0.0207167 -0.0013731 0)
(-0.0187499 -0.0020123 0)
(-0.0160964 -0.00259364 0)
(-0.0128553 -0.00305413 0)
(-0.00920481 -0.00328463 0)
(-0.00545808 -0.00309811 0)
(-0.00222179 -0.00224035 0)
(-0.000416371 -0.000669246 0)
(-0.000612691 0.00192683 0)
(-0.00297141 0.00497727 0)
(-0.00694101 0.00655516 0)
(-0.0114318 0.00695674 0)
(-0.0158318 0.00665022 0)
(-0.0198587 0.0059451 0)
(-0.0233368 0.00499597 0)
(-0.0261409 0.00387257 0)
(-0.0281762 0.00260996 0)
(-0.0293678 0.00123375 0)
(-0.0296572 -0.000229034 0)
(-0.0290047 -0.00174464 0)
(-0.0273935 -0.00326845 0)
(-0.024838 -0.00473914 0)
(-0.0213966 -0.00606734 0)
(-0.017194 -0.00711187 0)
(-0.0124498 -0.00763734 0)
(-0.00753746 -0.00726389 0)
(-0.00319767 -0.00549783 0)
(-0.000648505 -0.002103 0)
(-0.000735079 0.00368699 0)
(-0.00353941 0.00873855 0)
(-0.00820461 0.0112263 0)
(-0.0134208 0.011815 0)
(-0.0184928 0.0112581 0)
(-0.023117 0.0100448 0)
(-0.0271046 0.00842437 0)
(-0.03032 0.00651316 0)
(-0.0326603 0.00437214 0)
(-0.034043 0.00204583 0)
(-0.034402 -0.00042041 0)
(-0.0336893 -0.00297134 0)
(-0.0318793 -0.00553419 0)
(-0.0289783 -0.0080082 0)
(-0.0250414 -0.0102456 0)
(-0.0201993 -0.0120137 0)
(-0.0146923 -0.0129299 0)
(-0.00893986 -0.0123872 0)
(-0.00380665 -0.00958843 0)
(-0.000772158 -0.00396947 0)
(-0.000820383 0.00568711 0)
(-0.00397232 0.0130038 0)
(-0.00921393 0.0164813 0)
(-0.0150443 0.0172428 0)
(-0.0206876 0.016384 0)
(-0.0258205 0.0145971 0)
(-0.0302475 0.0122335 0)
(-0.0338293 0.00945823 0)
(-0.0364599 0.00635781 0)
(-0.0380516 0.0029941 0)
(-0.0385299 -0.000571684 0)
(-0.0378331 -0.00426556 0)
(-0.0359182 -0.00798847 0)
(-0.0327713 -0.0115995 0)
(-0.0284295 -0.0148865 0)
(-0.023017 -0.0175118 0)
(-0.0167905 -0.0189198 0)
(-0.0102264 -0.0182325 0)
(-0.00433764 -0.0142806 0)
(-0.000869129 -0.00609831 0)
(-0.000911245 0.00790485 0)
(-0.0044302 0.017755 0)
(-0.0102839 0.0223211 0)
(-0.0167735 0.0232523 0)
(-0.0230334 0.0220442 0)
(-0.028718 0.0196216 0)
(-0.0336267 0.0164488 0)
(-0.0376204 0.012742 0)
(-0.0405934 0.00861191 0)
(-0.0424543 0.00413363 0)
(-0.0431185 -0.000621567 0)
(-0.0425056 -0.00556749 0)
(-0.0405443 -0.0105844 0)
(-0.0371858 -0.0154928 0)
(-0.0324323 -0.0200097 0)
(-0.0263867 -0.0236712 0)
(-0.0193183 -0.0257078 0)
(-0.0117789 -0.0249059 0)
(-0.00497745 -0.0196429 0)
(-0.000986016 -0.00850352 0)
(-0.00102814 0.0103852 0)
(-0.00499944 0.023079 0)
(-0.0115932 0.0288495 0)
(-0.0188743 0.0299478 0)
(-0.0258697 0.0283355 0)
(-0.0322092 0.0252055 0)
(-0.0376903 0.0211504 0)
(-0.0421794 0.0164412 0)
(-0.045576 0.0112103 0)
(-0.0477887 0.00553982 0)
(-0.0487227 -0.00049839 0)
(-0.0482736 -0.00681737 0)
(-0.0463307 -0.0132877 0)
(-0.0427909 -0.0196979 0)
(-0.0375959 -0.0256882 0)
(-0.0308019 -0.0306406 0)
(-0.0226774 -0.0335112 0)
(-0.0138662 -0.0326547 0)
(-0.00584733 -0.0258834 0)
(-0.00114761 -0.0112772 0)
(-0.00118291 0.0132053 0)
(-0.00573309 0.0291214 0)
(-0.0132531 0.0362279 0)
(-0.0215071 0.0374796 0)
(-0.0293912 0.0353878 0)
(-0.0365106 0.0314598 0)
(-0.0426688 0.0264357 0)
(-0.0477464 0.0206463 0)
(-0.0516578 0.0142427 0)
(-0.0543191 0.00730484 0)
(-0.0556287 -0.0001089 0)
(-0.0554558 -0.00792906 0)
(-0.0536372 -0.0160365 0)
(-0.0499903 -0.0242033 0)
(-0.0443582 -0.0319937 0)
(-0.036704 -0.0386033 0)
(-0.0272581 -0.0426287 0)
(-0.0167618 -0.0418462 0)
(-0.0070686 -0.0333286 0)
(-0.00137601 -0.0145634 0)
(-0.00138738 0.0164674 0)
(-0.00668093 0.0360752 0)
(-0.0153623 0.0446615 0)
(-0.0248054 0.0460277 0)
(-0.0337463 0.043347 0)
(-0.0417716 0.0385014 0)
(-0.0487043 0.0324033 0)
(-0.0544556 0.0254497 0)
(-0.0589704 0.0178063 0)
(-0.062186 0.00953895 0)
(-0.064004 0.000672824 0)
(-0.064269 -0.00876744 0)
(-0.0627548 -0.0187064 0)
(-0.0591689 -0.0289327 0)
(-0.0531994 -0.0389516 0)
(-0.0446369 -0.0477441 0)
(-0.0335901 -0.0534344 0)
(-0.0208665 -0.0529947 0)
(-0.00883005 -0.0424625 0)
(-0.00170731 -0.0185746 0)
(-0.00165963 0.0203046 0)
(-0.00791159 0.0441854 0)
(-0.0180465 0.054397 0)
(-0.0289261 0.0557921 0)
(-0.0390941 0.0523596 0)
(-0.0481339 0.0464357 0)
(-0.0559124 0.0391359 0)
(-0.0623962 0.0309311 0)
(-0.067585 0.0219964 0)
(-0.07146 0.0123687 0)
(-0.0739454 0.00201473 0)
(-0.0748733 -0.00912391 0)
(-0.0739522 -0.0210675 0)
(-0.0707495 -0.0336831 0)
(-0.0647244 -0.0464688 0)
(-0.0553674 -0.0581888 0)
(-0.0424982 -0.0663619 0)
(-0.0268656 -0.0668134 0)
(-0.0114875 -0.0540243 0)
(-0.00221795 -0.0236475 0)
(-0.0020318 0.024898 0)
(-0.00953565 0.0537684 0)
(-0.0214924 0.0657287 0)
(-0.0340854 0.0669846 0)
(-0.0456356 0.0625564 0)
(-0.055757 0.0553362 0)
(-0.0643994 0.0466793 0)
(-0.0716212 0.0371375 0)
(-0.0775111 0.0268895 0)
(-0.0821278 0.015927 0)
(-0.0854512 0.00412856 0)
(-0.0873312 -0.00869521 0)
(-0.0874284 -0.0227347 0)
(-0.0851554 -0.0380388 0)
(-0.079663 -0.054216 0)
(-0.0699571 -0.0698839 0)
(-0.0552649 -0.0818442 0)
(-0.0359509 -0.0842838 0)
(-0.0157427 -0.0691945 0)
(-0.00308103 -0.030377 0)
(-0.00256385 0.0305133 0)
(-0.0117404 0.0652485 0)
(-0.0259896 0.0790078 0)
(-0.0405915 0.0798154 0)
(-0.0536297 0.0740258 0)
(-0.0648153 0.0652128 0)
(-0.0742415 0.0550079 0)
(-0.0821069 0.0440489 0)
(-0.088634 0.0325107 0)
(-0.0940039 0.0203239 0)
(-0.0983017 0.00725067 0)
(-0.101451 -0.00708145 0)
(-0.103118 -0.0231262 0)
(-0.102592 -0.0412695 0)
(-0.0986653 -0.061452 0)
(-0.0896381 -0.0823731 0)
(-0.0736637 -0.100139 0)
(-0.0500396 -0.106688 0)
(-0.0229275 -0.0899052 0)
(-0.00468034 -0.0399142 0)
(-0.00337088 0.0375682 0)
(-0.0148483 0.0792128 0)
(-0.0319844 0.0946434 0)
(-0.0488628 0.0944566 0)
(-0.0633661 0.0867616 0)
(-0.0754278 0.0759537 0)
(-0.0853726 0.0639659 0)
(-0.0936005 0.0515172 0)
(-0.100519 0.0387685 0)
(-0.106483 0.0255777 0)
(-0.111744 0.0115718 0)
(-0.116381 -0.00384564 0)
(-0.120176 -0.0214863 0)
(-0.122407 -0.0422718 0)
(-0.121558 -0.0668312 0)
(-0.115059 -0.0944447 0)
(-0.0993691 -0.120899 0)
(-0.0715705 -0.135368 0)
(-0.0352383 -0.119129 0)
(-0.00778457 -0.0544954 0)
(-0.00467625 0.0467617 0)
(-0.0194098 0.0964804 0)
(-0.0401213 0.11306 0)
(-0.0593607 0.110939 0)
(-0.0749804 0.100543 0)
(-0.0873645 0.0872042 0)
(-0.0971924 0.0731456 0)
(-0.105136 0.0591417 0)
(-0.111839 0.0453217 0)
(-0.117871 0.0314635 0)
(-0.123708 0.01706 0)
(-0.129671 0.00128274 0)
(-0.135804 -0.0170967 0)
(-0.141596 -0.0397313 0)
(-0.145475 -0.0684037 0)
(-0.14408 -0.10381 0)
(-0.131695 -0.142412 0)
(-0.101781 -0.170756 0)
(-0.0552309 -0.160522 0)
(-0.0136517 -0.0779946 0)
(-0.00690825 0.0593159 0)
(-0.0263233 0.118149 0)
(-0.0511562 0.134511 0)
(-0.0721807 0.12888 0)
(-0.087733 0.114649 0)
(-0.099058 0.0980899 0)
(-0.107357 0.0816248 0)
(-0.11365 0.0660169 0)
(-0.118846 0.051324 0)
(-0.123742 0.0372327 0)
(-0.129033 0.0231204 0)
(-0.135318 0.00796891 0)
(-0.143016 -0.00984266 0)
(-0.1521 -0.0328006 0)
(-0.161442 -0.0642825 0)
(-0.167512 -0.107454 0)
(-0.16269 -0.161184 0)
(-0.136071 -0.210966 0)
(-0.0830418 -0.216981 0)
(-0.023519 -0.116217 0)
(-0.0108454 0.0774373 0)
(-0.0368647 0.145438 0)
(-0.0652873 0.158464 0)
(-0.0854938 0.146736 0)
(-0.0977141 0.127128 0)
(-0.104771 0.106561 0)
(-0.108585 0.0874109 0)
(-0.110572 0.0702736 0)
(-0.111878 0.0550349 0)
(-0.113436 0.0412424 0)
(-0.116045 0.0281722 0)
(-0.120456 0.0146978 0)
(-0.127405 -0.00105462 0)
(-0.137495 -0.02229 0)
(-0.150657 -0.0541236 0)
(-0.164522 -0.10305 0)
(-0.171442 -0.172545 0)
(-0.157478 -0.250711 0)
(-0.110217 -0.288067 0)
(-0.0361102 -0.177173 0)
(-0.0177308 0.105309 0)
(-0.0520718 0.178489 0)
(-0.0792689 0.181348 0)
(-0.0905362 0.159554 0)
(-0.0916108 0.132953 0)
(-0.0878314 0.108052 0)
(-0.081827 0.0865657 0)
(-0.0752275 0.0685682 0)
(-0.0691658 0.0535631 0)
(-0.0644241 0.0408563 0)
(-0.0616032 0.0296165 0)
(-0.0612915 0.0187165 0)
(-0.0642309 0.00630121 0)
(-0.0714746 -0.0110592 0)
(-0.0843384 -0.0395921 0)
(-0.103251 -0.0889426 0)
(-0.124176 -0.168974 0)
(-0.134512 -0.276265 0)
(-0.113863 -0.360827 0)
(-0.0421721 -0.265971 0)
(-0.0285542 0.151004 0)
(-0.0686265 0.211311 0)
(-0.0749738 0.189312 0)
(-0.0572426 0.15385 0)
(-0.0328398 0.121423 0)
(-0.00851649 0.094549 0)
(0.0137944 0.0731941 0)
(0.033254 0.0565516 0)
(0.0495089 0.0435886 0)
(0.0625083 0.033334 0)
(0.0722895 0.0248997 0)
(0.0787889 0.0173122 0)
(0.0816191 0.00912721 0)
(0.0796978 -0.0023801 0)
(0.0706725 -0.022715 0)
(0.0506922 -0.0621757 0)
(0.0164994 -0.13622 0)
(-0.0280164 -0.256263 0)
(-0.0588002 -0.390068 0)
(-0.0190069 -0.356111 0)
(-0.0299398 0.219619 0)
(-0.0438506 0.218706 0)
(0.0240899 0.156429 0)
(0.0983885 0.113632 0)
(0.159095 0.0838581 0)
(0.207167 0.0617352 0)
(0.245417 0.045437 0)
(0.27567 0.0336616 0)
(0.29936 0.0251644 0)
(0.317726 0.0189339 0)
(0.331722 0.0141975 0)
(0.341923 0.0102826 0)
(0.348385 0.00638614 0)
(0.350243 0.00114595 0)
(0.344842 -0.00824529 0)
(0.326277 -0.0279119 0)
(0.283966 -0.071236 0)
(0.205439 -0.162281 0)
(0.102474 -0.305559 0)
(0.0764548 -0.352921 0)
(0.261971 0.134031 0)
(0.32495 0.11956 0)
(0.446689 0.0801983 0)
(0.545445 0.0539239 0)
(0.61033 0.0370453 0)
(0.653716 0.0254792 0)
(0.684273 0.0174797 0)
(0.706263 0.0120471 0)
(0.722212 0.00840144 0)
(0.733884 0.0059512 0)
(0.742471 0.0042726 0)
(0.748652 0.00304912 0)
(0.752593 0.00199249 0)
(0.753736 0.000729897 0)
(0.750142 -0.0014053 0)
(0.737162 -0.00580057 0)
(0.7043 -0.0158199 0)
(0.6321 -0.0393083 0)
(0.481887 -0.0967672 0)
(0.35598 -0.147008 0)
)
;

boundaryField
{
    movingWall
    {
        type            fixedValue;
        value           uniform (1 0 0);
    }
    fixedWalls
    {
        type            noSlip;
    }
    frontAndBack
    {
        type            empty;
    }
}


// ************************************************************************* //
