/*--------------------------------*- C++ -*----------------------------------*\
  =========                 |
  \\      /  F ield         | OpenFOAM: The Open Source CFD Toolbox
   \\    /   O peration     | Website:  https://openfoam.org
    \\  /    A nd           | Version:  6
     \\/     M anipulation  |
\*---------------------------------------------------------------------------*/
FoamFile
{
    version     2.0;
    format      ascii;
    class       surfaceScalarField;
    location    "0.035";
    object      phi;
}
// * * * * * * * * * * * * * * * * * * * * * * * * * * * * * * * * * * * * * //

dimensions      [0 3 -1 0 0 0 0];

internalField   nonuniform List<scalar> 
760
(
1.48277e-08
-1.48509e-08
-2.06437e-08
3.54718e-08
-1.12509e-07
9.18651e-08
-2.44603e-07
1.32095e-07
-3.96801e-07
1.52199e-07
-5.4968e-07
1.52879e-07
-6.86427e-07
1.36748e-07
-7.93723e-07
1.07297e-07
-8.62023e-07
6.82999e-08
-8.85582e-07
2.35594e-08
-8.62435e-07
-2.3147e-08
-7.94398e-07
-6.80376e-08
-6.8712e-07
-1.07279e-07
-5.50144e-07
-1.36976e-07
-3.96889e-07
-1.53256e-07
-2.44331e-07
-1.52559e-07
-1.12054e-07
-1.32276e-07
-2.02601e-08
-9.17946e-08
1.49822e-08
-3.52427e-08
1.49819e-08
-3.27814e-08
1.79302e-08
-1.77263e-07
1.79953e-07
-4.30631e-07
3.45233e-07
-7.62796e-07
4.64259e-07
-1.13357e-06
5.22969e-07
-1.50156e-06
5.2087e-07
-1.8293e-06
4.64494e-07
-2.08613e-06
3.64119e-07
-2.24953e-06
2.31706e-07
-2.30582e-06
7.98467e-08
-2.2503e-06
-7.86679e-08
-2.08738e-06
-2.30952e-07
-1.8306e-06
-3.64058e-07
-1.50244e-06
-4.65134e-07
-1.13376e-06
-5.2194e-07
-7.62309e-07
-5.2401e-07
-4.29773e-07
-4.64812e-07
-1.76492e-07
-3.45075e-07
-3.24342e-08
-1.793e-07
-1.74526e-08
-9.02239e-08
1.08154e-07
-3.5289e-07
4.4262e-07
-7.6057e-07
7.52913e-07
-1.26719e-06
9.70875e-07
-1.81754e-06
1.07333e-06
-2.35572e-06
1.05905e-06
-2.83101e-06
9.39784e-07
-3.20164e-06
7.34748e-07
-3.43682e-06
4.66887e-07
-3.51773e-06
1.60755e-07
-3.43792e-06
-1.58476e-07
-3.20348e-06
-4.65394e-07
-2.83299e-06
-7.34549e-07
-2.35721e-06
-9.40916e-07
-1.81811e-06
-1.06103e-06
-1.26679e-06
-1.07533e-06
-7.59571e-07
-9.72034e-07
-3.51888e-07
-7.52757e-07
-8.97336e-08
-4.41455e-07
-1.07186e-07
-1.42733e-07
2.50887e-07
-5.21147e-07
8.21034e-07
-1.07874e-06
1.31051e-06
-1.74921e-06
1.64134e-06
-2.46196e-06
1.78607e-06
-3.14884e-06
1.74594e-06
-3.74953e-06
1.54047e-06
-4.21492e-06
1.20014e-06
-4.50913e-06
7.61089e-07
-4.61027e-06
2.619e-07
-4.51087e-06
-2.57881e-07
-4.21792e-06
-7.58343e-07
-3.75295e-06
-1.19952e-06
-3.15178e-06
-1.54208e-06
-2.46372e-06
-1.74909e-06
-1.74958e-06
-1.78948e-06
-1.07804e-06
-1.64357e-06
-5.20118e-07
-1.31068e-06
-1.42144e-07
-8.19429e-07
-2.4933e-07
-1.91109e-07
4.41996e-07
-6.82209e-07
1.31213e-06
-1.38729e-06
2.0156e-06
-2.21705e-06
2.4711e-06
-3.0841e-06
2.65311e-06
-3.90855e-06
2.57039e-06
-4.62227e-06
2.25419e-06
-5.17131e-06
1.74918e-06
-5.51692e-06
1.1067e-06
-5.63577e-06
3.80748e-07
-5.51986e-06
-3.73793e-07
-5.1765e-06
-1.1017e-06
-4.62853e-06
-1.74749e-06
-3.91448e-06
-2.25612e-06
-3.08854e-06
-2.57504e-06
-2.21939e-06
-2.65862e-06
-1.3877e-06
-2.47526e-06
-6.81565e-07
-2.01682e-06
-1.90527e-07
-1.31047e-06
-4.39856e-07
-2.38307e-07
6.80302e-07
-8.42094e-07
1.91592e-06
-1.69513e-06
2.86863e-06
-2.6829e-06
3.45887e-06
-3.6998e-06
3.67002e-06
-4.65439e-06
3.52498e-06
-5.47217e-06
3.07197e-06
-6.09639e-06
2.3734e-06
-6.48751e-06
1.49782e-06
-6.6222e-06
5.15433e-07
-6.49242e-06
-5.03572e-07
-6.10523e-06
-1.48889e-06
-5.48321e-06
-2.36951e-06
-4.66553e-06
-3.0738e-06
-3.70908e-06
-3.53149e-06
-2.68906e-06
-3.67865e-06
-1.69797e-06
-3.46635e-06
-8.42534e-07
-2.87226e-06
-2.37934e-07
-1.91507e-06
-6.7779e-07
-2.87386e-07
9.67687e-07
-1.00784e-06
2.63638e-06
-2.01204e-06
3.87284e-06
-3.15757e-06
4.6044e-06
-4.31952e-06
4.83196e-06
-5.3955e-06
4.60096e-06
-6.30666e-06
3.98314e-06
-6.99606e-06
3.0628e-06
-7.42577e-06
1.92754e-06
-7.57409e-06
6.63755e-07
-7.43355e-06
-6.44112e-07
-7.01027e-06
-1.91217e-06
-6.32487e-06
-3.05492e-06
-5.4146e-06
-3.98407e-06
-4.33646e-06
-4.60963e-06
-3.17004e-06
-4.84506e-06
-2.01915e-06
-4.61724e-06
-1.0104e-06
-3.88101e-06
-2.87544e-07
-2.63792e-06
-9.65333e-07
-3.4123e-07
1.30892e-06
-1.18611e-06
3.48126e-06
-2.34625e-06
5.03297e-06
-3.64759e-06
5.90574e-06
-4.9452e-06
6.12957e-06
-6.12765e-06
5.78341e-06
-7.11513e-06
4.97061e-06
-7.85424e-06
3.80191e-06
-8.31198e-06
2.38528e-06
-8.47048e-06
8.22252e-07
-8.32355e-06
-7.91039e-07
-7.87562e-06
-2.3601e-06
-7.14303e-06
-3.78751e-06
-6.15779e-06
-4.96931e-06
-4.97305e-06
-5.79437e-06
-3.66938e-06
-6.14873e-06
-2.35996e-06
-5.92666e-06
-1.19217e-06
-5.0488e-06
-3.42375e-07
-3.48771e-06
-1.30771e-06
-4.02694e-07
1.71161e-06
-1.38297e-06
4.46154e-06
-2.70329e-06
6.35329e-06
-4.15295e-06
7.35541e-06
-5.56728e-06
7.5439e-06
-6.82972e-06
7.04585e-06
-7.86506e-06
6.00595e-06
-8.62906e-06
4.56591e-06
-9.09814e-06
2.85436e-06
-9.26115e-06
9.8526e-07
-9.1142e-06
-9.37984e-07
-8.65903e-06
-2.81528e-06
-7.90483e-06
-4.5417e-06
-6.87373e-06
-6.00041e-06
-5.60931e-06
-7.0588e-06
-4.18732e-06
-7.57071e-06
-2.72631e-06
-7.38767e-06
-1.39422e-06
-6.38089e-06
-4.05419e-07
-4.47651e-06
-1.71313e-06
-4.7516e-07
2.18677e-06
-1.60437e-06
5.59074e-06
-3.08545e-06
7.83437e-06
-4.66496e-06
8.93493e-06
-6.16087e-06
9.0398e-06
-7.45874e-06
8.34372e-06
-8.49661e-06
7.04381e-06
-9.24722e-06
5.31652e-06
-9.7023e-06
3.30945e-06
-9.86101e-06
1.14397e-06
-9.72302e-06
-1.07598e-06
-9.28626e-06
-3.25203e-06
-8.5493e-06
-5.27866e-06
-7.51841e-06
-7.0313e-06
-6.21959e-06
-8.35762e-06
-4.71485e-06
-9.07546e-06
-3.12053e-06
-8.98198e-06
-1.6227e-06
-7.87872e-06
-4.80189e-07
-5.61903e-06
-2.19331e-06
-5.63554e-07
2.75032e-06
-1.85716e-06
6.88435e-06
-3.49094e-06
9.46815e-06
-5.16276e-06
1.06067e-05
-6.68006e-06
1.05571e-05
-7.9429e-06
9.60656e-06
-8.91518e-06
8.01609e-06
-9.59677e-06
5.9981e-06
-1.00017e-05
3.71434e-06
-1.01433e-05
1.28559e-06
-1.00262e-05
-1.19303e-06
-9.6436e-06
-3.63466e-06
-8.97957e-06
-5.9427e-06
-8.01769e-06
-7.99318e-06
-6.75604e-06
-9.61927e-06
-5.22983e-06
-1.06017e-05
-3.54032e-06
-1.06715e-05
-1.88447e-06
-9.53458e-06
-5.7171e-07
-6.93178e-06
-2.76502e-06
-6.76032e-07
3.42636e-06
-2.15009e-06
8.35841e-06
-3.91137e-06
1.12294e-05
-5.60671e-06
1.23021e-05
-7.0485e-06
1.19989e-05
-8.17121e-06
1.07293e-05
-8.98162e-06
8.82651e-06
-9.51848e-06
6.53496e-06
-9.82499e-06
4.02085e-06
-9.93232e-06
1.39292e-06
-9.85118e-06
-1.27417e-06
-9.56914e-06
-3.9167e-06
-9.05292e-06
-6.45892e-06
-8.25667e-06
-8.78942e-06
-7.1387e-06
-1.07372e-05
-5.68993e-06
-1.20504e-05
-3.97577e-06
-1.23857e-05
-2.18779e-06
-1.13225e-05
-6.88168e-07
-8.43141e-06
-3.45319e-06
-8.26711e-07
4.25307e-06
-2.49372e-06
1.00254e-05
-4.32465e-06
1.30604e-05
-5.9251e-06
1.39025e-05
-7.1434e-06
1.32172e-05
-7.97828e-06
1.15642e-05
-8.49985e-06
9.34808e-06
-8.79679e-06
6.8319e-06
-8.94607e-06
4.17013e-06
-8.99801e-06
1.44486e-06
-8.96986e-06
-1.30232e-06
-8.84385e-06
-4.04272e-06
-8.56846e-06
-6.7343e-06
-8.06433e-06
-9.29355e-06
-7.23917e-06
-1.15624e-05
-6.01875e-06
-1.32709e-05
-4.4018e-06
-1.40026e-05
-2.54207e-06
-1.31823e-05
-8.43574e-07
-1.01299e-05
-4.29677e-06
-1.03945e-06
5.29252e-06
-2.89574e-06
1.18817e-05
-4.67679e-06
1.48414e-05
-5.98766e-06
1.52134e-05
-6.76862e-06
1.39981e-05
-7.12247e-06
1.1918e-05
-7.20237e-06
9.42798e-06
-7.15213e-06
6.78166e-06
-7.08076e-06
4.09877e-06
-7.05467e-06
1.41876e-06
-7.09642e-06
-1.26057e-06
-7.1847e-06
-3.95443e-06
-7.25348e-06
-6.66552e-06
-7.19236e-06
-9.35467e-06
-6.85384e-06
-1.19009e-05
-6.07906e-06
-1.40456e-05
-4.75934e-06
-1.53223e-05
-2.95253e-06
-1.49891e-05
-1.06139e-06
-1.2021e-05
-5.35816e-06
-1.34974e-06
6.64226e-06
-3.34023e-06
1.38722e-05
-4.83796e-06
1.63391e-05
-5.55433e-06
1.59298e-05
-5.6108e-06
1.40546e-05
-5.25669e-06
1.15639e-05
-4.73608e-06
8.90737e-06
-4.23876e-06
6.28433e-06
-3.89238e-06
3.75239e-06
-3.76918e-06
1.29557e-06
-3.89342e-06
-1.13633e-06
-4.24408e-06
-3.60377e-06
-4.75129e-06
-6.15831e-06
-5.28786e-06
-8.8181e-06
-5.66152e-06
-1.15273e-05
-5.62199e-06
-1.40852e-05
-4.91083e-06
-1.60335e-05
-3.3987e-06
-1.65012e-05
-1.37602e-06
-1.40437e-05
-6.73418e-06
-1.78875e-06
8.43101e-06
-3.71752e-06
1.5801e-05
-4.50163e-06
1.71232e-05
-4.18168e-06
1.56098e-05
-3.17441e-06
1.30473e-05
-1.89538e-06
1.02849e-05
-6.55501e-07
7.66749e-06
3.44342e-07
5.28449e-06
9.87479e-07
3.10926e-06
1.21453e-06
1.06852e-06
1.00604e-06
-9.2784e-07
3.76799e-07
-2.97453e-06
-6.18009e-07
-5.1635e-06
-1.86463e-06
-7.57148e-06
-3.16243e-06
-1.02295e-05
-4.19614e-06
-1.30515e-05
-4.53995e-06
-1.56897e-05
-3.76305e-06
-1.72781e-05
-1.81585e-06
-1.59909e-05
-8.55004e-06
-2.30285e-06
1.07339e-05
-3.62947e-06
1.71276e-05
-2.97345e-06
1.64672e-05
-1.06825e-06
1.37046e-05
1.30014e-06
1.06789e-05
3.60858e-06
7.97642e-06
5.5627e-06
5.71338e-06
7.01838e-06
3.82881e-06
7.91427e-06
2.21336e-06
8.22783e-06
7.54956e-07
7.95236e-06
-6.52366e-07
7.08992e-06
-2.1121e-06
5.65821e-06
-3.73179e-06
3.71361e-06
-5.62688e-06
1.39627e-06
-7.91213e-06
-9.99867e-07
-1.06553e-05
-2.94489e-06
-1.37447e-05
-3.63665e-06
-1.65864e-05
-2.32084e-06
-1.73067e-05
-1.08709e-05
-2.49857e-06
1.32324e-05
-1.91539e-06
1.65444e-05
1.23288e-06
1.33189e-05
5.17033e-06
9.7672e-06
8.91066e-06
6.93861e-06
1.20483e-05
4.83875e-06
1.44627e-05
3.29897e-06
1.61538e-05
2.13778e-06
1.7157e-05
1.21011e-06
1.7504e-05
4.08007e-07
1.72057e-05
-3.54116e-07
1.62485e-05
-1.15486e-06
1.45973e-05
-2.08055e-06
1.22114e-05
-3.24102e-06
9.08438e-06
-4.78511e-06
5.33027e-06
-6.90121e-06
1.35276e-06
-9.76715e-06
-1.85273e-06
-1.33809e-05
-2.48676e-06
-1.66727e-05
-1.33576e-05
-5.55434e-07
1.37879e-05
4.68484e-06
1.13041e-05
1.11372e-05
6.86659e-06
1.67194e-05
4.18502e-06
2.10443e-05
2.61369e-06
2.42225e-05
1.6606e-06
2.64607e-05
1.06068e-06
2.79401e-05
6.58408e-07
2.87874e-05
3.62852e-07
2.90755e-05
1.19903e-07
2.88282e-05
-1.06829e-07
2.80219e-05
-3.48587e-07
2.65831e-05
-6.41763e-07
2.43827e-05
-1.04061e-06
2.12345e-05
-1.6369e-06
1.69225e-05
-2.58919e-06
1.13254e-05
-4.17009e-06
4.82484e-06
-6.88027e-06
-4.90265e-07
-1.13576e-05
-1.38479e-05
1.37879e-05
2.5092e-05
3.19586e-05
3.61436e-05
3.87573e-05
4.04179e-05
4.14786e-05
4.2137e-05
4.24998e-05
4.26197e-05
4.25129e-05
4.21643e-05
4.15225e-05
4.04819e-05
3.8845e-05
3.62559e-05
3.20858e-05
2.52055e-05
1.38479e-05
)
;

boundaryField
{
    movingWall
    {
        type            calculated;
        value           uniform 0;
    }
    fixedWalls
    {
        type            calculated;
        value           uniform 0;
    }
    frontAndBack
    {
        type            empty;
        value           nonuniform 0();
    }
}


// ************************************************************************* //
