/*--------------------------------*- C++ -*----------------------------------*\
  =========                 |
  \\      /  F ield         | OpenFOAM: The Open Source CFD Toolbox
   \\    /   O peration     | Website:  https://openfoam.org
    \\  /    A nd           | Version:  6
     \\/     M anipulation  |
\*---------------------------------------------------------------------------*/
FoamFile
{
    version     2.0;
    format      ascii;
    class       volScalarField;
    location    "0.095";
    object      p;
}
// * * * * * * * * * * * * * * * * * * * * * * * * * * * * * * * * * * * * * //

dimensions      [0 2 -2 0 0 0 0];

internalField   nonuniform List<scalar> 
400
(
3.12406e-08
-0.000275089
-0.000437807
-0.000374629
-7.3378e-05
0.000455232
0.00119181
0.00211202
0.00318697
0.00438159
0.00565294
0.00694943
0.00821109
0.00937116
0.0103595
0.0111085
0.0115643
0.0117007
0.0115406
0.0112347
0.000274478
-9.23556e-06
-0.000120979
-2.31184e-05
0.000275072
0.000771613
0.00145692
0.00231305
0.0033153
0.00443155
0.00562144
0.006836
0.00801837
0.00910582
0.0100338
0.0107427
0.0111899
0.0113591
0.0112503
0.010934
0.000445868
8.09855e-05
-4.38248e-05
5.80667e-05
0.000350076
0.000829703
0.00149105
0.00231976
0.00329437
0.00438551
0.00555482
0.00675462
0.00792846
0.00901319
0.00994293
0.0106564
0.01111
0.0112839
0.011152
0.0107404
0.000388825
-6.25795e-05
-0.00022207
-0.0001294
0.000158131
0.000635206
0.00129706
0.00213143
0.00311941
0.00423384
0.00543771
0.00668328
0.00791216
0.00905689
0.0100447
0.0108057
0.0112871
0.0114607
0.0112814
0.0107624
6.40244e-05
-0.000462346
-0.00065621
-0.0005723
-0.000282753
0.000205056
0.000887426
0.00175414
0.00278879
0.00396642
0.00525114
0.00659437
0.00793407
0.00919547
0.0102944
0.0111464
0.0116843
0.0118684
0.0116397
0.0110148
-0.000553855
-0.00115338
-0.00138057
-0.00130132
-0.0010008
-0.000487982
0.000234811
0.00115982
0.00227364
0.00355408
0.00496672
0.00646212
0.00797354
0.00941617
0.0106896
0.0116878
0.0123215
0.012534
0.0122522
0.0115048
-0.00149157
-0.00217305
-0.00243505
-0.00235567
-0.00203487
-0.00148346
-0.000701957
0.000305112
0.00152845
0.00294992
0.00453801
0.0062435
0.00799507
0.00969599
0.0112243
0.0124431
0.0132294
0.0134982
0.0131545
0.0122446
-0.00278516
-0.00356543
-0.00386608
-0.00378206
-0.00343272
-0.0028316
-0.0019769
-0.00086876
0.000489348
0.0020856
0.00389416
0.005869
0.00793652
0.00998798
0.011875
0.0134182
0.0144429
0.0148152
0.0143973
0.0132561
-0.00448524
-0.00538814
-0.00573316
-0.00564015
-0.0052555
-0.00459704
-0.00366015
-0.00243912
-0.000929367
0.000866783
0.00293354
0.00523358
0.007697
0.0102071
0.0125872
0.0146022
0.0159997
0.0165604
0.0160591
0.0145746
-0.00666111
-0.00771778
-0.0081133
-0.00800546
-0.00757936
-0.00685963
-0.00583827
-0.00450221
-0.00283644
-0.000830062
0.00151694
0.00418461
0.0071181
0.0102048
0.0132459
0.0159413
0.0179269
0.0188363
0.0182645
0.0162589
-0.00940713
-0.0106571
-0.011106
-0.0109717
-0.0104959
-0.00971339
-0.00861218
-0.00717053
-0.00536122
-0.00315705
-0.000536082
0.00251018
0.00596012
0.00973015
0.0136243
0.0172852
0.0202035
0.021769
0.0212159
0.018426
-0.0128556
-0.0143468
-0.0148402
-0.014653
-0.0141111
-0.013263
-0.0120912
-0.0105645
-0.0086435
-0.00628432
-0.00343967
-6.21446e-05
0.00388298
0.00838269
0.0133027
0.0182833
0.0226702
0.0254766
0.0252418
0.0213536
-0.0172036
-0.0189867
-0.019484
-0.019185
-0.018541
-0.0176148
-0.0163789
-0.0147926
-0.0128074
-0.0103679
-0.00740551
-0.00383186
0.000463059
0.00558908
0.0115782
0.0182228
0.0248456
0.0299624
0.0308543
0.0257424
-0.0227712
-0.0248729
-0.025255
-0.024719
-0.0238973
-0.0228552
-0.0215433
-0.0199105
-0.0179065
-0.0154771
-0.01255
-0.00901234
-0.00468299
0.000707384
0.00749061
0.0159068
0.0256522
0.0348306
0.0387206
0.0332185
-0.0301307
-0.0324614
-0.0324193
-0.0313907
-0.0302432
-0.0289951
-0.0275485
-0.025838
-0.0238207
-0.0214634
-0.0187201
-0.0154939
-0.011577
-0.00655885
0.000284878
0.0100119
0.0234289
0.0389008
0.0493622
0.0468299
-0.0403916
-0.0424645
-0.0412313
-0.0392115
-0.0374675
-0.035832
-0.0341069
-0.0322035
-0.0300924
-0.0277783
-0.0252695
-0.0225297
-0.0193871
-0.0153614
-0.00935329
0.00072374
0.0175421
0.0411375
0.0633425
0.071139
-0.0558871
-0.0559502
-0.0517426
-0.047823
-0.0450104
-0.0426642
-0.0404102
-0.0381145
-0.0357503
-0.0333502
-0.0309686
-0.0286234
-0.0261793
-0.0230973
-0.0179472
-0.00769658
0.0123586
0.0453329
0.08515
0.11434
-0.0824461
-0.074124
-0.0631436
-0.0558114
-0.0511732
-0.0476989
-0.0447082
-0.0419309
-0.03927
-0.0367263
-0.0343356
-0.0320826
-0.0297411
-0.026542
-0.0205544
-0.00779664
0.018216
0.0643254
0.130664
0.198401
-0.137816
-0.0958587
-0.0692937
-0.0571302
-0.050834
-0.0467189
-0.0436416
-0.0410626
-0.0386924
-0.0364348
-0.0342619
-0.0320557
-0.0293804
-0.0250593
-0.0164131
0.00189122
0.0388627
0.106805
0.218045
0.361946
-0.262838
-0.111511
-0.0540841
-0.0414551
-0.0378376
-0.035863
-0.0348043
-0.0340952
-0.0332883
-0.0322504
-0.0309669
-0.0292969
-0.0266986
-0.0217676
-0.0114046
0.0106876
0.0564835
0.147922
0.317318
0.585646
)
;

boundaryField
{
    movingWall
    {
        type            zeroGradient;
    }
    fixedWalls
    {
        type            zeroGradient;
    }
    frontAndBack
    {
        type            empty;
    }
}


// ************************************************************************* //
