/*--------------------------------*- C++ -*----------------------------------*\
  =========                 |
  \\      /  F ield         | OpenFOAM: The Open Source CFD Toolbox
   \\    /   O peration     | Website:  https://openfoam.org
    \\  /    A nd           | Version:  6
     \\/     M anipulation  |
\*---------------------------------------------------------------------------*/
FoamFile
{
    version     2.0;
    format      ascii;
    class       volScalarField;
    location    "0.01";
    object      p;
}
// * * * * * * * * * * * * * * * * * * * * * * * * * * * * * * * * * * * * * //

dimensions      [0 2 -2 0 0 0 0];

internalField   nonuniform List<scalar> 
400
(
9.61426e-09
-0.0021275
-0.00284428
-0.00127354
0.00257073
0.00848606
0.0161873
0.0253357
0.0355586
0.0464587
0.05762
0.0686151
0.0790147
0.0883965
0.0963554
0.102517
0.106568
0.108289
0.10766
0.105558
0.00202499
-0.000176673
-0.000551796
0.00121234
0.00497546
0.0106204
0.017936
0.0266269
0.0363482
0.0467224
0.0573497
0.067818
0.0777138
0.0866349
0.0942039
0.10009
0.104052
0.105954
0.105654
0.103473
0.00275183
-3.05518e-05
-0.00049325
0.00132539
0.00510836
0.0107389
0.0180219
0.0266712
0.0363482
0.0466799
0.0572689
0.0677045
0.0775743
0.0864773
0.0940382
0.0999306
0.103923
0.105876
0.105467
0.102682
0.00137151
-0.00201349
-0.00268197
-0.000823291
0.00310975
0.00896988
0.0165466
0.0255396
0.0355984
0.0463389
0.0573526
0.0682167
0.0785049
0.0877995
0.0957057
0.101873
0.106047
0.108049
0.107421
0.104006
-0.00226541
-0.00619364
-0.0070424
-0.00506824
-0.000827248
0.00549661
0.0136638
0.0233452
0.0341647
0.0457149
0.0575649
0.0692687
0.0803733
0.0904301
0.0990073
0.105712
0.110248
0.112389
0.111574
0.10759
-0.00832203
-0.0128281
-0.013831
-0.0116304
-0.00688672
0.000169524
0.00925565
0.0199989
0.0319847
0.0447713
0.0578957
0.0708787
0.0832301
0.0944565
0.104072
0.111621
0.116743
0.119155
0.118182
0.113585
-0.0170457
-0.0222527
-0.023396
-0.0208277
-0.0153426
-0.00723765
0.00314243
0.0153644
0.028962
0.0434497
0.0583252
0.0730694
0.0871466
0.100006
0.111089
0.119854
0.125848
0.128699
0.127588
0.122238
-0.0288045
-0.0349092
-0.0361827
-0.0330622
-0.0265368
-0.0170032
-0.00489423
0.009276
0.0249766
0.0416718
0.058817
0.0758516
0.0921906
0.107217
0.120281
0.130721
0.137958
0.141478
0.140246
0.13392
-0.0441269
-0.0514077
-0.0527915
-0.0488638
-0.0409084
-0.0294753
-0.0151218
0.00153295
0.0198817
0.0393365
0.0593148
0.079221
0.0984247
0.11624
0.131908
0.144614
0.15359
0.15811
0.156794
0.14917
-0.0637543
-0.0725963
-0.0740331
-0.0689212
-0.0590054
-0.0450713
-0.0278499
-0.00809281
0.0135082
0.0363191
0.0597346
0.0831428
0.105886
0.127216
0.146257
0.162001
0.173416
0.179438
0.178131
0.168751
-0.0887385
-0.0996702
-0.101005
-0.0941168
-0.0814897
-0.0642656
-0.0434117
-0.0198395
0.00567491
0.0324712
0.0599521
0.0875271
0.114548
0.140236
0.163604
0.183414
0.198279
0.206612
0.20555
0.193773
-0.120645
-0.134361
-0.135202
-0.125567
-0.109131
-0.0875613
-0.0621283
-0.0339233
-0.00378872
0.0276283
0.0597926
0.0921977
0.124273
0.155271
0.184137
0.209394
0.229202
0.241198
0.24096
0.22594
-0.161991
-0.179263
-0.178673
-0.164649
-0.14277
-0.115423
-0.0842377
-0.0504753
-0.0149964
0.0216363
0.0590327
0.096864
0.134743
0.172071
0.207833
0.240377
0.267356
0.285319
0.28728
0.268116
-0.217222
-0.238402
-0.234194
-0.21297
-0.183195
-0.148133
-0.109757
-0.0694266
-0.0279155
0.0144117
0.0574274
0.101108
0.145398
0.190035
0.234263
0.276466
0.313904
0.341779
0.349109
0.325631
-0.294853
-0.318129
-0.30533
-0.272112
-0.230813
-0.185473
-0.138214
-0.0902952
-0.0422035
0.00606517
0.0547958
0.10442
0.155401
0.208065
0.26229
0.316987
0.369544
0.413966
0.433727
0.409065
-0.411431
-0.428163
-0.396101
-0.342983
-0.28497
-0.226127
-0.168179
-0.111827
-0.0569285
-0.00286852
0.0512233
0.106383
0.163768
0.224588
0.289878
0.359981
0.433686
0.505039
0.551687
0.538696
-0.598507
-0.581899
-0.509582
-0.42445
-0.342719
-0.266697
-0.196558
-0.131519
-0.0702265
-0.0111357
0.0473736
0.107041
0.169838
0.238109
0.314654
0.402556
0.504166
0.616695
0.716751
0.751593
-0.925439
-0.794987
-0.640375
-0.507101
-0.394649
-0.299224
-0.2173
-0.145033
-0.0790768
-0.0166984
0.0445103
0.106951
0.173375
0.247373
0.334068
0.440763
0.576163
0.74726
0.950696
1.12963
-1.56776
-1.07314
-0.744716
-0.551408
-0.413173
-0.305877
-0.219331
-0.145638
-0.0794649
-0.0172993
0.0435876
0.105813
0.172466
0.247951
0.339513
0.459376
0.626013
0.872142
1.28069
1.87019
-2.67162
-1.3371
-0.731578
-0.499867
-0.36783
-0.271966
-0.195941
-0.130427
-0.0702905
-0.0127648
0.0441444
0.10241
0.164494
0.234188
0.318563
0.431953
0.603387
0.910912
1.62238
3.06591
)
;

boundaryField
{
    movingWall
    {
        type            zeroGradient;
    }
    fixedWalls
    {
        type            zeroGradient;
    }
    frontAndBack
    {
        type            empty;
    }
}


// ************************************************************************* //
