/*--------------------------------*- C++ -*----------------------------------*\
  =========                 |
  \\      /  F ield         | OpenFOAM: The Open Source CFD Toolbox
   \\    /   O peration     | Website:  https://openfoam.org
    \\  /    A nd           | Version:  6
     \\/     M anipulation  |
\*---------------------------------------------------------------------------*/
FoamFile
{
    version     2.0;
    format      ascii;
    class       surfaceScalarField;
    location    "0.01";
    object      phi;
}
// * * * * * * * * * * * * * * * * * * * * * * * * * * * * * * * * * * * * * //

dimensions      [0 3 -1 0 0 0 0];

internalField   nonuniform List<scalar> 
760
(
-1.21154e-08
1.21154e-08
-6.86489e-08
5.65335e-08
-1.4874e-07
8.00916e-08
-2.34036e-07
8.52957e-08
-3.14505e-07
8.04689e-08
-3.84888e-07
7.03836e-08
-4.42224e-07
5.73357e-08
-4.84673e-07
4.24485e-08
-5.11026e-07
2.63536e-08
-5.20536e-07
9.50963e-09
-5.12866e-07
-7.67024e-09
-4.88096e-07
-2.47697e-08
-4.46754e-07
-4.13419e-08
-3.89891e-07
-5.68629e-08
-3.19287e-07
-7.06042e-08
-2.3797e-07
-8.13168e-08
-1.51411e-07
-8.65596e-08
-6.99827e-08
-8.14282e-08
-1.23863e-08
-5.75964e-08
-1.23865e-08
-5.65842e-08
6.86996e-08
-1.88309e-07
1.88258e-07
-3.58339e-07
2.50122e-07
-5.37479e-07
2.64436e-07
-7.06967e-07
2.49956e-07
-8.55741e-07
2.19158e-07
-9.7717e-07
1.78765e-07
-1.06706e-06
1.32341e-07
-1.12271e-06
8.20034e-08
-1.1425e-06
2.92992e-08
-1.12576e-06
-2.44154e-08
-1.07273e-06
-7.78002e-08
-9.84657e-07
-1.29411e-07
-8.63992e-07
-1.77528e-07
-7.14828e-07
-2.19768e-07
-5.43914e-07
-2.52231e-07
-3.62667e-07
-2.67806e-07
-1.90418e-07
-2.53677e-07
-5.7078e-08
-1.90937e-07
-6.94643e-08
-8.41148e-08
1.52814e-07
-2.64108e-07
3.68252e-07
-4.88505e-07
4.74518e-07
-7.21763e-07
4.97694e-07
-9.41363e-07
4.69556e-07
-1.13373e-06
4.11523e-07
-1.29054e-06
3.35576e-07
-1.40649e-06
2.4829e-07
-1.47817e-06
1.53681e-07
-1.50355e-06
5.46877e-08
-1.48182e-06
-4.61473e-08
-1.41329e-06
-1.46332e-07
-1.29953e-06
-2.43173e-07
-1.14363e-06
-3.33427e-07
-9.5078e-07
-4.12618e-07
-7.29444e-07
-4.73566e-07
-4.93648e-07
-5.03603e-07
-2.66629e-07
-4.80696e-07
-8.47619e-08
-3.72804e-07
-1.54226e-07
-9.98888e-08
2.52703e-07
-3.1264e-07
5.81003e-07
-5.74989e-07
7.36867e-07
-8.4534e-07
7.68045e-07
-1.09838e-06
7.22592e-07
-1.31913e-06
6.3228e-07
-1.49857e-06
5.15008e-07
-1.63099e-06
3.80712e-07
-1.7128e-06
2.35491e-07
-1.74188e-06
8.37665e-08
-1.71733e-06
-7.06944e-08
-1.63943e-06
-2.2423e-07
-1.50975e-06
-3.72855e-07
-1.33148e-06
-5.11694e-07
-1.11015e-06
-6.33951e-07
-8.5496e-07
-7.28757e-07
-5.81427e-07
-7.77136e-07
-3.15776e-07
-7.46347e-07
-1.00651e-07
-5.87929e-07
-2.54877e-07
-1.12512e-07
3.65215e-07
-3.53746e-07
8.22237e-07
-6.50286e-07
1.03341e-06
-9.54166e-07
1.07193e-06
-1.23698e-06
1.00541e-06
-1.48248e-06
8.77779e-07
-1.68122e-06
7.13746e-07
-1.82751e-06
5.27004e-07
-1.91788e-06
3.25867e-07
-1.95033e-06
1.16211e-07
-1.92393e-06
-9.70923e-08
-1.83881e-06
-3.09356e-07
-1.69625e-06
-5.15411e-07
-1.49918e-06
-7.08762e-07
-1.25302e-06
-8.80108e-07
-9.67386e-07
-1.01439e-06
-6.59214e-07
-1.08531e-06
-3.58136e-07
-1.04743e-06
-1.13579e-07
-8.32486e-07
-3.68456e-07
-1.26869e-07
4.92085e-07
-4.00176e-07
1.09554e-06
-7.35398e-07
1.36863e-06
-1.0771e-06
1.41362e-06
-1.39307e-06
1.32138e-06
-1.6656e-06
1.15031e-06
-1.88503e-06
9.33173e-07
-2.04598e-06
6.87961e-07
-2.14544e-06
4.25326e-07
-2.1817e-06
1.52463e-07
-2.15387e-06
-1.24922e-07
-2.06178e-06
-4.0144e-07
-1.90618e-06
-6.71013e-07
-1.6893e-06
-9.25641e-07
-1.41607e-06
-1.15334e-06
-1.09628e-06
-1.33418e-06
-7.48539e-07
-1.43305e-06
-4.0675e-07
-1.38921e-06
-1.28511e-07
-1.11073e-06
-4.96967e-07
-1.45607e-07
6.37692e-07
-4.5961e-07
1.40955e-06
-8.43229e-07
1.75225e-06
-1.23152e-06
1.80192e-06
-1.58753e-06
1.67738e-06
-1.89196e-06
1.45474e-06
-2.13524e-06
1.17645e-06
-2.31281e-06
8.65539e-07
-2.42255e-06
5.35065e-07
-2.46335e-06
1.93261e-07
-2.43445e-06
-1.53827e-07
-2.33522e-06
-5.00664e-07
-2.16546e-06
-8.40771e-07
-1.92616e-06
-1.16494e-06
-1.62114e-06
-1.45836e-06
-1.25995e-06
-1.69537e-06
-8.63025e-07
-1.82998e-06
-4.69704e-07
-1.78254e-06
-1.482e-07
-1.43223e-06
-6.45166e-07
-1.70713e-07
8.08405e-07
-5.38023e-07
1.77686e-06
-9.83686e-07
2.19791e-06
-1.43019e-06
2.24842e-06
-1.83473e-06
2.08192e-06
-2.17653e-06
1.79655e-06
-2.44686e-06
1.44678e-06
-2.64281e-06
1.06148e-06
-2.76385e-06
6.56103e-07
-2.80994e-06
2.3936e-07
-2.78061e-06
-1.83166e-07
-2.67456e-06
-6.06709e-07
-2.49008e-06
-1.02525e-06
-2.22604e-06
-1.42898e-06
-1.88409e-06
-1.80031e-06
-1.47267e-06
-2.10679e-06
-1.01381e-06
-2.28883e-06
-5.53701e-07
-2.24265e-06
-1.74846e-07
-1.81108e-06
-8.20012e-07
-2.04581e-07
1.01299e-06
-6.42331e-07
2.21461e-06
-1.16768e-06
2.72326e-06
-1.68623e-06
2.76698e-06
-2.14822e-06
2.54391e-06
-2.53212e-06
2.18045e-06
-2.83138e-06
1.74604e-06
-3.04614e-06
1.27625e-06
-3.17864e-06
7.88597e-07
-3.2306e-06
2.91324e-07
-3.20204e-06
-2.11726e-07
-3.09079e-06
-7.17964e-07
-2.89281e-06
-1.22322e-06
-2.60356e-06
-1.71824e-06
-2.22077e-06
-2.1831e-06
-1.74999e-06
-2.57757e-06
-1.21395e-06
-2.82487e-06
-6.67004e-07
-2.7896e-06
-2.11269e-07
-2.26682e-06
-1.03128e-06
-2.51019e-07
1.26401e-06
-7.82788e-07
2.74637e-06
-1.41033e-06
3.3508e-06
-2.01657e-06
3.37321e-06
-2.54405e-06
3.0714e-06
-2.97232e-06
2.60871e-06
-3.29948e-06
2.0732e-06
-3.53099e-06
1.50776e-06
-3.67345e-06
9.31052e-07
-3.73138e-06
3.49254e-07
-3.70567e-06
-2.37435e-07
-3.59297e-06
-8.3066e-07
-3.38596e-06
-1.43023e-06
-3.07477e-06
-2.02943e-06
-2.65053e-06
-2.60734e-06
-2.11268e-06
-3.11543e-06
-1.48218e-06
-3.45536e-06
-8.22333e-07
-3.44945e-06
-2.62136e-07
-2.82702e-06
-1.29342e-06
-3.16728e-07
1.58073e-06
-9.75957e-07
3.4056e-06
-1.73428e-06
4.10912e-06
-2.4445e-06
4.08344e-06
-3.04228e-06
3.66918e-06
-3.5121e-06
3.07853e-06
-3.86093e-06
2.42202e-06
-4.10281e-06
1.74965e-06
-4.25099e-06
1.07923e-06
-4.31409e-06
4.12354e-07
-4.29442e-06
-2.57104e-07
-4.18724e-06
-9.37841e-07
-3.98077e-06
-1.6367e-06
-3.65744e-06
-2.35275e-06
-3.19779e-06
-3.06699e-06
-2.58972e-06
-3.7235e-06
-1.84708e-06
-4.198e-06
-1.04073e-06
-4.25579e-06
-3.359e-07
-3.53185e-06
-1.62932e-06
-4.13893e-07
1.99463e-06
-1.24895e-06
4.24066e-06
-2.173e-06
5.03317e-06
-3.00087e-06
4.9113e-06
-3.66574e-06
4.33405e-06
-4.16466e-06
3.57746e-06
-4.52006e-06
2.77742e-06
-4.75913e-06
1.98872e-06
-4.90449e-06
1.22459e-06
-4.97035e-06
4.78218e-07
-4.96113e-06
-2.66324e-07
-4.87069e-06
-1.02828e-06
-4.68183e-06
-1.82556e-06
-4.36664e-06
-2.66794e-06
-3.88981e-06
-3.54382e-06
-3.21923e-06
-4.39409e-06
-2.35109e-06
-5.06614e-06
-1.3571e-06
-5.24979e-06
-4.48271e-07
-4.44067e-06
-2.07759e-06
-5.64615e-07
2.55924e-06
-1.64444e-06
5.32048e-06
-2.77173e-06
6.16046e-06
-3.71928e-06
5.85885e-06
-4.43056e-06
5.04532e-06
-4.92879e-06
4.07569e-06
-5.2614e-06
3.11003e-06
-5.47419e-06
2.20151e-06
-5.60176e-06
1.35216e-06
-5.66519e-06
5.4164e-07
-5.67167e-06
-2.59838e-07
-5.61413e-06
-1.08582e-06
-5.46981e-06
-1.96989e-06
-5.19855e-06
-2.93919e-06
-4.74351e-06
-3.99886e-06
-4.04073e-06
-5.09687e-06
-3.05026e-06
-6.05661e-06
-1.826e-06
-6.47405e-06
-6.27958e-07
-5.63871e-06
-2.70555e-06
-8.0708e-07
3.36632e-06
-2.2217e-06
6.7351e-06
-3.57542e-06
7.51418e-06
-4.61165e-06
6.89508e-06
-5.31317e-06
5.74684e-06
-5.75119e-06
4.51371e-06
-6.00991e-06
3.36875e-06
-6.15835e-06
2.34995e-06
-6.24423e-06
1.43804e-06
-6.29543e-06
5.92839e-07
-6.3223e-06
-2.32973e-07
-6.31799e-06
-1.09013e-06
-6.25594e-06
-2.03194e-06
-6.08465e-06
-3.11048e-06
-5.72238e-06
-4.36113e-06
-5.0603e-06
-5.75896e-06
-3.99419e-06
-7.12272e-06
-2.51955e-06
-7.94869e-06
-9.23541e-07
-7.23472e-06
-3.62909e-06
-1.1988e-06
4.56512e-06
-3.03566e-06
8.57196e-06
-4.57495e-06
9.05348e-06
-5.59014e-06
7.91028e-06
-6.15946e-06
6.31616e-06
-6.43089e-06
4.78514e-06
-6.53469e-06
3.47256e-06
-6.56269e-06
2.37796e-06
-6.57215e-06
1.4475e-06
-6.59474e-06
6.15423e-07
-6.64306e-06
-1.8465e-07
-6.71257e-06
-1.02062e-06
-6.77792e-06
-1.96658e-06
-6.7832e-06
-3.10521e-06
-6.62671e-06
-4.51763e-06
-6.14864e-06
-6.23702e-06
-5.14814e-06
-8.12322e-06
-3.48983e-06
-9.60699e-06
-1.40243e-06
-9.32212e-06
-5.03151e-06
-1.79674e-06
6.36186e-06
-4.04402e-06
1.08192e-05
-5.54783e-06
1.05573e-05
-6.273e-06
8.63544e-06
-6.48045e-06
6.52361e-06
-6.41726e-06
4.72196e-06
-6.25353e-06
3.30883e-06
-6.08971e-06
2.21414e-06
-5.97972e-06
1.33751e-06
-5.95054e-06
5.86247e-07
-6.0138e-06
-1.2139e-07
-6.16963e-06
-8.648e-07
-6.40288e-06
-1.73333e-06
-6.66967e-06
-2.83842e-06
-6.87079e-06
-4.31651e-06
-6.81388e-06
-6.29393e-06
-6.18838e-06
-8.74872e-06
-4.63191e-06
-1.11635e-05
-2.11086e-06
-1.18432e-05
-7.14237e-06
-2.56177e-06
8.92363e-06
-4.83923e-06
1.30967e-05
-5.6941e-06
1.14121e-05
-5.60496e-06
8.54631e-06
-5.09563e-06
6.01427e-06
-4.48498e-06
4.11131e-06
-3.93505e-06
2.7589e-06
-3.51524e-06
1.79433e-06
-3.24984e-06
1.07211e-06
-3.14621e-06
4.82616e-07
-3.20867e-06
-5.89331e-08
-3.4435e-06
-6.29965e-07
-3.85696e-06
-1.31987e-06
-4.44304e-06
-2.25233e-06
-5.15208e-06
-3.60747e-06
-5.82753e-06
-5.61848e-06
-6.10929e-06
-8.46696e-06
-5.35579e-06
-1.1917e-05
-2.92802e-06
-1.42709e-05
-1.00704e-05
-3.07481e-06
1.19984e-05
-4.03195e-06
1.40538e-05
-2.98801e-06
1.03682e-05
-1.33166e-06
6.88996e-06
2.54821e-07
4.42779e-06
1.5493e-06
2.81684e-06
2.51682e-06
1.79137e-06
3.18614e-06
1.12501e-06
3.59625e-06
6.62e-07
3.77514e-06
3.03724e-07
3.73253e-06
-1.63226e-08
3.457e-06
-3.54433e-07
2.91413e-06
-7.77007e-07
2.04785e-06
-1.38606e-06
7.9621e-07
-2.35583e-06
-8.50085e-07
-3.97219e-06
-2.69289e-06
-6.62416e-06
-4.00065e-06
-1.06092e-05
-3.21895e-06
-1.50526e-05
-1.32893e-05
-1.38638e-06
1.33848e-05
2.23107e-06
1.04364e-05
6.68756e-06
5.91172e-06
1.02507e-05
3.32681e-06
1.27811e-05
1.89739e-06
1.45009e-05
1.09707e-06
1.5643e-05
6.49219e-07
1.63788e-05
3.89246e-07
1.68169e-05
2.2389e-07
1.70175e-05
1.03177e-07
1.70028e-05
-1.6777e-09
1.6761e-05
-1.12644e-07
1.62401e-05
-2.56065e-07
1.53314e-05
-4.77355e-07
1.38434e-05
-8.67853e-07
1.14863e-05
-1.61506e-06
7.94909e-06
-3.08698e-06
3.28834e-06
-5.94845e-06
-8.12589e-07
-1.09517e-05
-1.41019e-05
1.33848e-05
2.38212e-05
2.97329e-05
3.30597e-05
3.49571e-05
3.60542e-05
3.67034e-05
3.70927e-05
3.73166e-05
3.74197e-05
3.74181e-05
3.73054e-05
3.70493e-05
3.6572e-05
3.57041e-05
3.40891e-05
3.10021e-05
2.50536e-05
1.41019e-05
)
;

boundaryField
{
    movingWall
    {
        type            calculated;
        value           uniform 0;
    }
    fixedWalls
    {
        type            calculated;
        value           uniform 0;
    }
    frontAndBack
    {
        type            empty;
        value           nonuniform 0();
    }
}


// ************************************************************************* //
