/*--------------------------------*- C++ -*----------------------------------*\
  =========                 |
  \\      /  F ield         | OpenFOAM: The Open Source CFD Toolbox
   \\    /   O peration     | Website:  https://openfoam.org
    \\  /    A nd           | Version:  6
     \\/     M anipulation  |
\*---------------------------------------------------------------------------*/
FoamFile
{
    version     2.0;
    format      ascii;
    class       volScalarField;
    location    "0.1";
    object      p;
}
// * * * * * * * * * * * * * * * * * * * * * * * * * * * * * * * * * * * * * //

dimensions      [0 2 -2 0 0 0 0];

internalField   nonuniform List<scalar> 
400
(
-5.28288e-09
-0.00320694
-0.00710796
-0.00999409
-0.0109344
-0.0095297
-0.00575511
0.000152199
0.00777139
0.0165453
0.0258134
0.0348458
0.0428899
0.0492363
0.0533068
0.0547643
0.0536373
0.0504436
0.0463104
0.0430822
0.00317471
-0.000131009
-0.00318104
-0.0051313
-0.00555213
-0.0041648
-0.00093224
0.00397801
0.0102483
0.0174436
0.0250386
0.0324482
0.0390709
0.0443455
0.0478238
0.0492541
0.0486735
0.0464557
0.0432009
0.0398953
0.00731082
0.00271934
-0.000582822
-0.00236229
-0.00267105
-0.00137315
0.00152928
0.0058798
0.0114095
0.0177541
0.0244683
0.0310483
0.0369678
0.0417269
0.0449128
0.0462712
0.0457895
0.0436962
0.0401297
0.0355132
0.0109365
0.00459028
0.000479206
-0.00156045
-0.00198595
-0.000790943
0.00196542
0.00610694
0.0113784
0.0174486
0.0239106
0.0302942
0.036092
0.0408023
0.0439827
0.0453181
0.044714
0.0422715
0.0377627
0.0312915
0.0131071
0.00491463
-0.000165219
-0.00259215
-0.00317668
-0.0020252
0.000746412
0.00493341
0.0102804
0.0164716
0.0231176
0.029756
0.0358679
0.0409133
0.0443808
0.0458582
0.0451462
0.042224
0.0365491
0.0280282
0.0131088
0.00304213
-0.00305141
-0.0058774
-0.00657144
-0.00534155
-0.00235759
0.00214438
0.00790216
0.0146062
0.0218721
0.0292285
0.0361228
0.0419479
0.0460878
0.0479955
0.0473368
0.0439567
0.0370086
0.0262646
0.0103008
-0.0016783
-0.00877681
-0.0119354
-0.0126157
-0.0111269
-0.00769285
-0.00258126
0.00393807
0.0115601
0.0199021
0.0284767
0.0366838
0.043826
0.0491477
0.0519221
0.0516332
0.0479528
0.0396896
0.0264903
0.00401123
-0.00994168
-0.0179914
-0.0213387
-0.0218054
-0.0198156
-0.0156518
-0.00961272
-0.00197052
0.00698203
0.0168718
0.0272009
0.03732
0.0464265
0.0535919
0.0578549
0.0584492
0.0547965
0.0452551
0.0293003
-0.0065418
-0.0225537
-0.0314469
-0.0347453
-0.0347036
-0.0318931
-0.0266667
-0.0193526
-0.0102142
0.000486215
0.0124069
0.0250606
0.0377634
0.0496068
0.0594618
0.0660706
0.0683213
0.0652599
0.0546042
0.035542
-0.0223166
-0.0404924
-0.0500297
-0.0528964
-0.0519099
-0.0478448
-0.0411449
-0.032166
-0.0211437
-0.00828006
0.00615238
0.0217181
0.0377364
0.0532149
0.0668139
0.0769171
0.0819468
0.0803858
0.0690043
0.0464756
-0.044539
-0.0649902
-0.0747946
-0.0765962
-0.0739958
-0.0680614
-0.059356
-0.0482575
-0.0349456
-0.0195176
-0.00212074
0.0169265
0.037015
0.0571272
0.0757374
0.0908292
0.100225
0.101588
0.0902662
0.0639937
-0.0748763
-0.097671
-0.107009
-0.106666
-0.101398
-0.0926935
-0.0812652
-0.0674962
-0.0514654
-0.0331029
-0.0123538
0.0106722
0.0355436
0.0613279
0.0863998
0.108357
0.124308
0.130777
0.120994
0.0909706
-0.115809
-0.140791
-0.148202
-0.143853
-0.134244
-0.121441
-0.106311
-0.0891946
-0.0699931
-0.0483824
-0.0240068
0.00335117
0.0335835
0.0660173
0.0991086
0.130196
0.155646
0.170513
0.164956
0.131877
-0.171462
-0.19766
-0.200187
-0.188632
-0.172075
-0.153263
-0.13314
-0.111874
-0.0890608
-0.0639951
-0.0358984
-0.00408723
0.0318331
0.0716911
0.114331
0.157149
0.195956
0.224137
0.227659
0.193964
-0.249423
-0.273315
-0.264903
-0.24075
-0.213363
-0.185978
-0.159312
-0.133084
-0.106345
-0.0778342
-0.0462055
-0.0101635
0.0313814
0.0790519
0.132527
0.189859
0.246914
0.295681
0.317083
0.289492
-0.36414
-0.375257
-0.343869
-0.298484
-0.254903
-0.215885
-0.181166
-0.149447
-0.118852
-0.0873225
-0.0527883
-0.0132136
0.0333572
0.0886439
0.153724
0.228271
0.309486
0.389248
0.444072
0.439012
-0.543317
-0.513782
-0.437236
-0.358136
-0.291704
-0.237981
-0.194303
-0.157338
-0.123693
-0.0902239
-0.0540065
-0.0121872
0.0381674
0.100146
0.176883
0.271008
0.383122
0.507781
0.62212
0.676703
-0.851536
-0.701975
-0.538419
-0.410221
-0.315014
-0.245276
-0.193734
-0.153509
-0.118985
-0.0857268
-0.0499663
-0.00811214
0.0436999
0.110068
0.196833
0.311249
0.460256
0.647262
0.86943
1.07583
-1.46386
-0.946867
-0.605635
-0.416923
-0.2984
-0.22081
-0.169355
-0.1326
-0.102661
-0.074216
-0.0431688
-0.00573448
0.0423053
0.106507
0.195205
0.32129
0.502407
0.767843
1.19904
1.81784
-2.53871
-1.17804
-0.553051
-0.322665
-0.211513
-0.149688
-0.114766
-0.0927918
-0.0754767
-0.0580451
-0.0371904
-0.00995824
0.0270214
0.0785504
0.152907
0.265805
0.447294
0.774777
1.51433
2.98955
)
;

boundaryField
{
    movingWall
    {
        type            zeroGradient;
    }
    fixedWalls
    {
        type            zeroGradient;
    }
    frontAndBack
    {
        type            empty;
    }
}


// ************************************************************************* //
