/*--------------------------------*- C++ -*----------------------------------*\
  =========                 |
  \\      /  F ield         | OpenFOAM: The Open Source CFD Toolbox
   \\    /   O peration     | Website:  https://openfoam.org
    \\  /    A nd           | Version:  6
     \\/     M anipulation  |
\*---------------------------------------------------------------------------*/
FoamFile
{
    version     2.0;
    format      ascii;
    class       volVectorField;
    location    "0.1";
    object      U;
}
// * * * * * * * * * * * * * * * * * * * * * * * * * * * * * * * * * * * * * //

dimensions      [0 1 -1 0 0 0 0];

internalField   nonuniform List<vector> 
400
(
(0.000222549 -0.000219987 0)
(9.64588e-05 0.000123091 0)
(-0.00114409 0.000539789 0)
(-0.0032881 0.000829236 0)
(-0.00596339 0.00097218 0)
(-0.00880979 0.000985082 0)
(-0.0115116 0.000891041 0)
(-0.0138078 0.000713003 0)
(-0.0154944 0.000471794 0)
(-0.016423 0.000187203 0)
(-0.0165032 -0.000119834 0)
(-0.015709 -0.000425282 0)
(-0.0140873 -0.000700927 0)
(-0.0117675 -0.000914604 0)
(-0.00896748 -0.00103204 0)
(-0.00599047 -0.00102078 0)
(-0.00320867 -0.00085691 0)
(-0.00102785 -0.000534612 0)
(0.000176022 -9.4509e-05 0)
(0.000245579 0.000239707 0)
(-9.41165e-05 -0.000122328 0)
(-0.00155341 0.00157771 0)
(-0.005361 0.00338802 0)
(-0.0109482 0.00467003 0)
(-0.0175677 0.00530186 0)
(-0.0244817 0.00531146 0)
(-0.0309954 0.00478006 0)
(-0.0365077 0.00380784 0)
(-0.0405379 0.00249965 0)
(-0.0427371 0.000964177 0)
(-0.0428984 -0.000681037 0)
(-0.0409718 -0.00230423 0)
(-0.0370809 -0.00375745 0)
(-0.0315368 -0.00488045 0)
(-0.0248428 -0.00551248 0)
(-0.0176775 -0.00551396 0)
(-0.0108407 -0.00479981 0)
(-0.00515953 -0.0033842 0)
(-0.00139943 -0.00147185 0)
(-4.47444e-05 0.000207743 0)
(-0.000515864 0.00107355 0)
(-0.00350896 0.00540392 0)
(-0.00991075 0.00952065 0)
(-0.0186257 0.0124028 0)
(-0.0285757 0.0137779 0)
(-0.0387746 0.0136697 0)
(-0.0482846 0.01224 0)
(-0.0562839 0.00971509 0)
(-0.0621112 0.00635007 0)
(-0.0652856 0.00241999 0)
(-0.0655229 -0.00177464 0)
(-0.0627556 -0.00590057 0)
(-0.0571538 -0.00959096 0)
(-0.0491422 -0.0124578 0)
(-0.0394041 -0.0141229 0)
(-0.0288576 -0.0142709 0)
(-0.0185806 -0.0127269 0)
(-0.00968961 -0.0095527 0)
(-0.00331033 -0.00519471 0)
(-0.000446187 -0.000877956 0)
(-0.000890963 0.00332464 0)
(-0.00536087 0.0114629 0)
(-0.0143128 0.0185305 0)
(-0.0260261 0.0233147 0)
(-0.0390549 0.0254636 0)
(-0.0521929 0.0250334 0)
(-0.0643187 0.0222974 0)
(-0.0744584 0.0176418 0)
(-0.0818313 0.0115096 0)
(-0.0858687 0.00438478 0)
(-0.0862299 -0.00320281 0)
(-0.0828242 -0.0106681 0)
(-0.075836 -0.017371 0)
(-0.0657485 -0.0226382 0)
(-0.0533548 -0.0258158 0)
(-0.0397417 -0.0263586 0)
(-0.0262127 -0.0239554 0)
(-0.0141648 -0.0186775 0)
(-0.00514674 -0.0111621 0)
(-0.000803062 -0.00298904 0)
(-0.00122545 0.00652447 0)
(-0.00710775 0.0196332 0)
(-0.0185685 0.0302543 0)
(-0.0332265 0.0371543 0)
(-0.049234 0.040019 0)
(-0.0651623 0.0390142 0)
(-0.0797335 0.0345761 0)
(-0.0918611 0.0272864 0)
(-0.100685 0.0178035 0)
(-0.105578 0.00684196 0)
(-0.106151 -0.00481855 0)
(-0.102281 -0.0163183 0)
(-0.0941328 -0.0267146 0)
(-0.0822 -0.0350091 0)
(-0.0673335 -0.0402185 0)
(-0.0507474 -0.0415 0)
(-0.0339582 -0.0383269 0)
(-0.0186741 -0.0306907 0)
(-0.00694266 -0.0193199 0)
(-0.0011277 -0.00603967 0)
(-0.00154497 0.0106207 0)
(-0.00882186 0.0298849 0)
(-0.0227921 0.0446922 0)
(-0.0403907 0.0539174 0)
(-0.0593419 0.0574128 0)
(-0.0779899 0.0555548 0)
(-0.0949185 0.0490136 0)
(-0.10896 0.0386108 0)
(-0.119209 0.0252434 0)
(-0.125001 0.00986645 0)
(-0.125908 -0.00648787 0)
(-0.121758 -0.0226814 0)
(-0.112664 -0.0374548 0)
(-0.0990803 -0.0494511 0)
(-0.0818627 -0.0572972 0)
(-0.0623145 -0.0597615 0)
(-0.042158 -0.0559844 0)
(-0.0234512 -0.0457482 0)
(-0.00882505 -0.0297561 0)
(-0.00145755 -0.0100202 0)
(-0.00187288 0.0156125 0)
(-0.0105787 0.0422397 0)
(-0.0271059 0.0618735 0)
(-0.047664 0.0736132 0)
(-0.0695246 0.0776196 0)
(-0.0908089 0.0746026 0)
(-0.109988 0.0655541 0)
(-0.125853 0.051587 0)
(-0.13749 0.033857 0)
(-0.144228 0.0135566 0)
(-0.145612 -0.00804562 0)
(-0.141407 -0.0295502 0)
(-0.131636 -0.0493858 0)
(-0.116658 -0.0658133 0)
(-0.0972667 -0.077005 0)
(-0.0747957 -0.0812259 0)
(-0.0511472 -0.0771252 0)
(-0.0287562 -0.0640985 0)
(-0.0109369 -0.0426742 0)
(-0.00183157 -0.0150061 0)
(-0.00222896 0.0215415 0)
(-0.0124439 0.0567672 0)
(-0.0316076 0.0818425 0)
(-0.0551283 0.0962252 0)
(-0.0797976 0.100556 0)
(-0.103533 0.0960284 0)
(-0.124739 0.0840626 0)
(-0.142224 0.0661199 0)
(-0.155123 0.0436295 0)
(-0.162803 0.0180029 0)
(-0.164804 -0.00929364 0)
(-0.160823 -0.0366432 0)
(-0.150756 -0.0621937 0)
(-0.134794 -0.0838209 0)
(-0.113577 -0.0991823 0)
(-0.0883686 -0.105907 0)
(-0.0611831 -0.101947 0)
(-0.0348304 -0.0860652 0)
(-0.0134207 -0.0583964 0)
(-0.00228874 -0.0211553 0)
(-0.00263246 0.0284848 0)
(-0.0144774 0.0735764 0)
(-0.0363675 0.104637 0)
(-0.062787 0.121667 0)
(-0.0900176 0.126013 0)
(-0.115816 0.119546 0)
(-0.138602 0.10424 0)
(-0.157288 0.0819691 0)
(-0.171145 0.0544405 0)
(-0.179647 0.0232473 0)
(-0.182368 -0.0100123 0)
(-0.178947 -0.0435827 0)
(-0.169117 -0.0754001 0)
(-0.152821 -0.102988 0)
(-0.130413 -0.123453 0)
(-0.10294 -0.133646 0)
(-0.0723848 -0.13057 0)
(-0.0418712 -0.112005 0)
(-0.0164177 -0.0773522 0)
(-0.00287139 -0.0287066 0)
(-0.00310983 0.0365566 0)
(-0.0167528 0.0928044 0)
(-0.0414466 0.130246 0)
(-0.0705668 0.149707 0)
(-0.0998614 0.15356 0)
(-0.127013 0.1446 0)
(-0.15058 0.125513 0)
(-0.169719 0.0986467 0)
(-0.183953 0.0659797 0)
(-0.192959 0.0292251 0)
(-0.196414 -0.00998646 0)
(-0.193925 -0.0498804 0)
(-0.185042 -0.0883026 0)
(-0.169373 -0.122514 0)
(-0.146833 -0.149081 0)
(-0.118025 -0.163961 0)
(-0.0846621 -0.162899 0)
(-0.0500134 -0.142224 0)
(-0.0200779 -0.100051 0)
(-0.00363298 -0.0379835 0)
(-0.00370901 0.0459265 0)
(-0.0193925 0.114617 0)
(-0.0469285 0.158561 0)
(-0.078322 0.179871 0)
(-0.108793 0.182411 0)
(-0.136109 0.170231 0)
(-0.159171 0.146903 0)
(-0.177557 0.115303 0)
(-0.191204 0.0776524 0)
(-0.200114 0.0356912 0)
(-0.204157 -0.00905107 0)
(-0.202964 -0.0549467 0)
(-0.195907 -0.0999335 0)
(-0.182192 -0.14118 0)
(-0.161122 -0.174812 0)
(-0.132572 -0.195835 0)
(-0.097607 -0.198429 0)
(-0.0592984 -0.176839 0)
(-0.0245774 -0.127042 0)
(-0.00465171 -0.049411 0)
(-0.00452515 0.0568701 0)
(-0.0226216 0.139221 0)
(-0.0529536 0.189303 0)
(-0.0858094 0.211299 0)
(-0.115978 0.211262 0)
(-0.141605 0.194912 0)
(-0.162225 0.166886 0)
(-0.178084 0.130614 0)
(-0.189709 0.0884839 0)
(-0.197563 0.04214 0)
(-0.201815 -0.00715666 0)
(-0.202203 -0.0581305 0)
(-0.19797 -0.109055 0)
(-0.187897 -0.157271 0)
(-0.170535 -0.198699 0)
(-0.144707 -0.227474 0)
(-0.110311 -0.235962 0)
(-0.0696067 -0.215569 0)
(-0.0301412 -0.158846 0)
(-0.00605444 -0.0635553 0)
(-0.00574662 0.0698732 0)
(-0.0268448 0.166886 0)
(-0.0597199 0.221881 0)
(-0.0925684 0.242526 0)
(-0.12007 0.238064 0)
(-0.141259 0.216367 0)
(-0.156718 0.183266 0)
(-0.167638 0.14269 0)
(-0.175309 0.0970544 0)
(-0.180764 0.0477406 0)
(-0.184563 -0.00444407 0)
(-0.18665 -0.0587978 0)
(-0.186238 -0.114213 0)
(-0.181762 -0.168564 0)
(-0.170974 -0.217968 0)
(-0.151367 -0.25601 0)
(-0.121046 -0.273214 0)
(-0.0805016 -0.25738 0)
(-0.037059 -0.195827 0)
(-0.00805652 -0.0812018 0)
(-0.00773117 0.0858194 0)
(-0.0327252 0.19791 0)
(-0.0673534 0.255111 0)
(-0.0975515 0.271112 0)
(-0.11871 0.259717 0)
(-0.131587 0.231386 0)
(-0.138335 0.193106 0)
(-0.141341 0.14908 0)
(-0.142743 0.101518 0)
(-0.144165 0.0513307 0)
(-0.146583 -0.0013046 0)
(-0.150232 -0.056452 0)
(-0.154459 -0.113892 0)
(-0.157551 -0.172441 0)
(-0.156622 -0.228993 0)
(-0.147763 -0.277248 0)
(-0.126705 -0.306313 0)
(-0.0908691 -0.299914 0)
(-0.0456446 -0.237901 0)
(-0.0110164 -0.103475 0)
(-0.011096 0.106273 0)
(-0.0411492 0.232392 0)
(-0.0753661 0.28661 0)
(-0.0981701 0.29307 0)
(-0.10746 0.271737 0)
(-0.106928 0.235753 0)
(-0.100791 0.192833 0)
(-0.0926966 0.14697 0)
(-0.0855056 0.0998002 0)
(-0.0812663 0.0515413 0)
(-0.0812709 0.00162022 0)
(-0.0860614 -0.0508831 0)
(-0.0953037 -0.106796 0)
(-0.107503 -0.166233 0)
(-0.119604 -0.227546 0)
(-0.126651 -0.285602 0)
(-0.12182 -0.329262 0)
(-0.0980779 -0.338602 0)
(-0.0559375 -0.28389 0)
(-0.0154477 -0.131949 0)
(-0.0166527 0.133912 0)
(-0.0525841 0.269452 0)
(-0.0809447 0.311566 0)
(-0.0880732 0.302034 0)
(-0.0777482 0.268026 0)
(-0.0578938 0.224478 0)
(-0.0348507 0.178728 0)
(-0.0131227 0.133736 0)
(0.00421719 0.090089 0)
(0.0151367 0.0471366 0)
(0.0183237 0.00356361 0)
(0.0130254 -0.042307 0)
(-0.000894825 -0.0922776 0)
(-0.0226312 -0.147881 0)
(-0.0497861 -0.209505 0)
(-0.0774055 -0.274491 0)
(-0.0968859 -0.333576 0)
(-0.0960892 -0.36541 0)
(-0.0665436 -0.330257 0)
(-0.0217086 -0.168799 0)
(-0.0244891 0.17348 0)
(-0.0643782 0.305043 0)
(-0.0743336 0.320074 0)
(-0.052487 0.287912 0)
(-0.0133853 0.24085 0)
(0.0307568 0.192541 0)
(0.072684 0.14794 0)
(0.108285 0.107923 0)
(0.135282 0.0716446 0)
(0.152382 0.0375864 0)
(0.158716 0.00392159 0)
(0.153555 -0.0314237 0)
(0.136258 -0.0708109 0)
(0.106514 -0.116865 0)
(0.0650347 -0.172085 0)
(0.0149744 -0.23738 0)
(-0.0357442 -0.308247 0)
(-0.071652 -0.367026 0)
(-0.0713657 -0.368637 0)
(-0.0284882 -0.217219 0)
(-0.0292551 0.230067 0)
(-0.0619102 0.325198 0)
(-0.0279646 0.292967 0)
(0.0402417 0.236555 0)
(0.114241 0.182661 0)
(0.182048 0.137301 0)
(0.239149 0.100662 0)
(0.284023 0.0709431 0)
(0.316485 0.0459951 0)
(0.336721 0.0238343 0)
(0.344749 0.00263195 0)
(0.340145 -0.0194773 0)
(0.321931 -0.0446642 0)
(0.288581 -0.0757303 0)
(0.238398 -0.116379 0)
(0.170681 -0.170908 0)
(0.0881702 -0.241916 0)
(0.00270613 -0.323292 0)
(-0.0515825 -0.378928 0)
(-0.0270953 -0.276755 0)
(0.00641619 0.275263 0)
(0.0147268 0.288829 0)
(0.127825 0.207955 0)
(0.250107 0.143323 0)
(0.348953 0.0986625 0)
(0.425195 0.0678912 0)
(0.482773 0.0464826 0)
(0.524723 0.0310795 0)
(0.553494 0.0193095 0)
(0.57081 0.00954555 0)
(0.577548 0.000581148 0)
(0.573718 -0.00866571 0)
(0.55837 -0.0194474 0)
(0.529372 -0.0335827 0)
(0.483155 -0.0540766 0)
(0.414598 -0.0859911 0)
(0.316642 -0.137143 0)
(0.184038 -0.216556 0)
(0.0501753 -0.315832 0)
(0.0238801 -0.304919 0)
(0.298034 0.144374 0)
(0.391561 0.126581 0)
(0.548608 0.0766209 0)
(0.665342 0.044881 0)
(0.735746 0.026772 0)
(0.780197 0.0162342 0)
(0.809726 0.00995917 0)
(0.829322 0.00605698 0)
(0.841776 0.00343328 0)
(0.848711 0.00146253 0)
(0.850919 -0.00023878 0)
(0.848563 -0.00196388 0)
(0.841184 -0.00403795 0)
(0.827493 -0.006978 0)
(0.804855 -0.0117895 0)
(0.768134 -0.0205589 0)
(0.705637 -0.0375678 0)
(0.592039 -0.0708311 0)
(0.423824 -0.126886 0)
(0.313467 -0.149792 0)
)
;

boundaryField
{
    movingWall
    {
        type            fixedValue;
        value           uniform (1 0 0);
    }
    fixedWalls
    {
        type            noSlip;
    }
    frontAndBack
    {
        type            empty;
    }
}


// ************************************************************************* //
