/*--------------------------------*- C++ -*----------------------------------*\
  =========                 |
  \\      /  F ield         | OpenFOAM: The Open Source CFD Toolbox
   \\    /   O peration     | Website:  https://openfoam.org
    \\  /    A nd           | Version:  6
     \\/     M anipulation  |
\*---------------------------------------------------------------------------*/
FoamFile
{
    version     2.0;
    format      ascii;
    class       volScalarField;
    location    "0.185";
    object      p;
}
// * * * * * * * * * * * * * * * * * * * * * * * * * * * * * * * * * * * * * //

dimensions      [0 2 -2 0 0 0 0];

internalField   nonuniform List<scalar> 
400
(
9.02516e-06
-0.023182
-0.0520614
-0.0743166
-0.0826376
-0.073751
-0.047412
-0.00555426
0.048399
0.110051
0.174432
0.236351
0.29074
0.333039
0.359659
0.368567
0.360023
0.337439
0.308336
0.285153
0.022994
-0.00083626
-0.0234989
-0.0388427
-0.0432727
-0.0344901
-0.0121974
0.0222118
0.0661421
0.116173
0.168378
0.218636
0.262939
0.297729
0.320271
0.329084
0.324473
0.308846
0.285988
0.262198
0.0535413
0.0205201
-0.00400131
-0.0181528
-0.0217531
-0.0135501
0.00643492
0.0368528
0.075433
0.119249
0.164955
0.209029
0.248034
0.278896
0.299186
0.307453
0.303667
0.289188
0.264415
0.231425
0.0816272
0.0359465
0.00545594
-0.0106811
-0.0150785
-0.00741142
0.011824
0.0410348
0.0779417
0.11977
0.163408
0.205584
0.243074
0.272915
0.292623
0.300453
0.295875
0.279323
0.248449
0.202711
0.100736
0.0416783
0.00403804
-0.0149435
-0.0202734
-0.0124498
0.00750946
0.0376402
0.075489
0.118254
0.162872
0.206136
0.244836
0.275924
0.296663
0.304865
0.299423
0.279939
0.241717
0.1824
0.10619
0.0334851
-0.0116114
-0.033361
-0.0389576
-0.0296814
-0.00712092
0.0262902
0.067804
0.114464
0.163125
0.210509
0.253284
0.288164
0.312013
0.32206
0.316541
0.294242
0.248301
0.174977
0.0939319
0.00717185
-0.045256
-0.068997
-0.0734755
-0.0608184
-0.0332761
0.00614631
0.0543108
0.10802
0.163969
0.218727
0.26875
0.310407
0.34003
0.354117
0.35011
0.32587
0.272284
0.184336
0.0596319
-0.0418491
-0.101092
-0.1253
-0.126468
-0.107775
-0.0722902
-0.0237059
0.0343798
0.0984937
0.165156
0.230773
0.29156
0.343483
0.382232
0.403405
0.403425
0.37896
0.318228
0.214736
-0.00203693
-0.119164
-0.184203
-0.206418
-0.201075
-0.17279
-0.125692
-0.0642889
0.00732326
0.0854248
0.166425
0.246642
0.322107
0.388389
0.440457
0.472813
0.480541
0.458641
0.391839
0.2716
-0.0980982
-0.231969
-0.300934
-0.317323
-0.300876
-0.258263
-0.194996
-0.116532
-0.0274453
0.0684177
0.167527
0.266298
0.360746
0.446151
0.516745
0.565738
0.586449
0.571469
0.500652
0.36231
-0.238216
-0.389868
-0.459316
-0.463858
-0.429681
-0.366408
-0.281324
-0.18093
-0.0701459
0.0473071
0.168276
0.289612
0.407636
0.517599
0.613114
0.685953
0.727179
0.725912
0.654924
0.497279
-0.436299
-0.606085
-0.669574
-0.652672
-0.591119
-0.4987
-0.384854
-0.257059
-0.120264
0.0223908
0.168636
0.316293
0.462522
0.603034
0.731175
0.837326
0.909827
0.932946
0.868952
0.691726
-0.71358
-0.899398
-0.944699
-0.890864
-0.787852
-0.654982
-0.503987
-0.342913
-0.17607
-0.00528128
0.168821
0.345789
0.52442
0.701705
0.871479
1.0232
1.14232
1.20671
1.16313
0.968975
-1.10504
-1.29728
-1.30074
-1.18488
-1.02002
-0.831984
-0.634161
-0.434038
-0.234063
-0.033614
0.169334
0.377062
0.591086
0.810926
1.0323
1.24505
1.43243
1.56486
1.5672
1.36721
-1.67261
-1.84051
-1.7557
-1.53745
-1.28214
-1.02083
-0.766127
-0.522483
-0.288416
-0.0592859
0.170838
0.408121
0.658103
0.924545
1.20734
1.4995
1.78483
2.02754
2.12494
1.95306
-2.52804
-2.58722
-2.32553
-1.94252
-1.55887
-1.20423
-0.884442
-0.596186
-0.3309
-0.077958
0.173769
0.435417
0.717883
1.03122
1.38288
1.77418
2.19596
2.6132
2.89778
2.84434
-3.873
-3.61305
-3.01649
-2.38085
-1.82324
-1.35641
-0.968439
-0.640395
-0.352258
-0.0853301
0.177709
0.453629
0.759661
1.11426
1.53689
2.04545
2.64948
3.33064
3.96435
4.24909
-6.1594
-5.01373
-3.78643
-2.79027
-2.01928
-1.43416
-0.988415
-0.636625
-0.342538
-0.0781306
0.179936
0.453519
0.765972
1.14533
1.62784
2.25901
3.0847
4.13978
5.42507
6.62751
-10.5695
-6.84899
-4.35763
-2.91496
-1.96811
-1.32304
-0.875103
-0.545545
-0.282404
-0.0515933
0.172438
0.41278
0.695027
1.05334
1.53993
2.23475
3.24505
4.76455
7.34526
11.1677
-17.9825
-8.6112
-4.15441
-2.37804
-1.46163
-0.918356
-0.578356
-0.344494
-0.163419
-0.0055292
0.14897
0.317275
0.519134
0.783957
1.16479
1.76026
2.7477
4.62118
9.19196
18.678
)
;

boundaryField
{
    movingWall
    {
        type            zeroGradient;
    }
    fixedWalls
    {
        type            zeroGradient;
    }
    frontAndBack
    {
        type            empty;
    }
}


// ************************************************************************* //
