/*--------------------------------*- C++ -*----------------------------------*\
  =========                 |
  \\      /  F ield         | OpenFOAM: The Open Source CFD Toolbox
   \\    /   O peration     | Website:  https://openfoam.org
    \\  /    A nd           | Version:  6
     \\/     M anipulation  |
\*---------------------------------------------------------------------------*/
FoamFile
{
    version     2.0;
    format      ascii;
    class       volScalarField;
    location    "0.045";
    object      p;
}
// * * * * * * * * * * * * * * * * * * * * * * * * * * * * * * * * * * * * * //

dimensions      [0 2 -2 0 0 0 0];

internalField   nonuniform List<scalar> 
400
(
2.22939e-05
-0.0464095
-0.104237
-0.148892
-0.165634
-0.147841
-0.0950135
-0.0110709
0.0970588
0.2205
0.349267
0.472976
0.581541
0.665924
0.719033
0.736848
0.719883
0.674899
0.616847
0.570413
0.0460516
-0.00165523
-0.0470481
-0.0778632
-0.0868055
-0.0692182
-0.0245049
0.0445032
0.132546
0.232715
0.337119
0.437516
0.525932
0.595321
0.640284
0.657901
0.648777
0.617678
0.572091
0.524423
0.107226
0.0411357
-0.00799855
-0.0364513
-0.0437368
-0.027291
0.0128381
0.0738997
0.151275
0.239038
0.330451
0.418471
0.496272
0.557777
0.598212
0.614721
0.60725
0.578469
0.529083
0.463024
0.163699
0.0722402
0.0111099
-0.0213556
-0.0302328
-0.0148087
0.0239051
0.0826473
0.156757
0.240592
0.327871
0.412053
0.486746
0.546119
0.585305
0.600892
0.591834
0.558953
0.497439
0.405922
0.202511
0.0841872
0.00866807
-0.0295276
-0.0402352
-0.0243907
0.0159247
0.0766703
0.152799
0.238585
0.327827
0.41411
0.491091
0.552793
0.593889
0.610111
0.599291
0.560594
0.484493
0.365908
0.214395
0.0685846
-0.0219676
-0.0657204
-0.076867
-0.0579221
-0.0121508
0.0554122
0.139079
0.232771
0.330104
0.42452
0.509447
0.578479
0.625538
0.645254
0.634185
0.589883
0.498487
0.352056
0.191314
0.0170991
-0.0882617
-0.13597
-0.144686
-0.118653
-0.0625239
0.0174455
0.114717
0.222678
0.334596
0.443608
0.542737
0.624941
0.683149
0.710613
0.702368
0.654161
0.547643
0.372238
0.124643
-0.0794308
-0.198577
-0.2471
-0.248844
-0.210221
-0.137619
-0.0387711
0.0787738
0.207787
0.341149
0.471666
0.591913
0.694099
0.769965
0.811067
0.81051
0.761731
0.641097
0.435009
0.00367858
-0.232238
-0.363109
-0.407368
-0.395504
-0.336916
-0.240239
-0.114978
0.0302133
0.187535
0.349603
0.509041
0.658084
0.788225
0.88987
0.95253
0.966778
0.922834
0.7902
0.551169
-0.185808
-0.455883
-0.594658
-0.626736
-0.591751
-0.503374
-0.373187
-0.212762
-0.0318358
0.161449
0.359785
0.555979
0.742266
0.909632
1.04715
1.1419
1.18115
1.15048
1.00985
0.735305
-0.463521
-0.769898
-0.909507
-0.917
-0.845205
-0.713943
-0.538581
-0.332958
-0.107648
0.129372
0.371501
0.612405
0.844956
1.06015
1.24594
1.38677
1.46561
1.46139
1.32024
1.00787
-0.857929
-1.20126
-1.32849
-1.29169
-1.16326
-0.971666
-0.736851
-0.474816
-0.196314
0.0917643
0.384552
0.677634
0.965572
1.24033
1.48944
1.69476
1.83414
1.87716
1.74942
1.39865
-1.41254
-1.78832
-1.87817
-1.76545
-1.5516
-1.27659
-0.96523
-0.634834
-0.294963
0.0500959
0.398729
0.74997
1.10163
1.44824
1.77839
2.07225
2.3022
2.42548
2.33734
1.95323
-2.1989
-2.58714
-2.59145
-2.35181
-2.01117
-1.62293
-1.21551
-0.805187
-0.397805
0.00726395
0.413735
0.826086
1.24752
1.67757
2.10855
2.5215
2.88467
3.14087
3.14235
2.74636
-3.34322
-3.68069
-3.50539
-3.0572
-2.53199
-1.99417
-1.47068
-0.97168
-0.495065
-0.032067
0.428891
0.900044
1.39258
1.91439
2.46598
3.03466
3.58988
4.06254
4.2504
3.90898
-5.07206
-5.18687
-4.65309
-3.87067
-3.08478
-2.3574
-1.70179
-1.11234
-0.572571
-0.0615869
0.442662
0.962357
1.51932
2.13385
2.82134
3.5854
4.40944
5.22607
5.78271
5.67368
-7.79204
-7.25836
-6.04831
-4.75513
-3.61714
-2.6628
-1.86938
-1.19959
-0.613738
-0.074622
0.452262
1.00037
1.60413
2.30048
3.12857
4.12466
5.30908
6.64778
7.89497
8.45346
-12.4106
-10.0882
-7.60725
-5.58663
-4.01778
-2.82472
-1.91474
-1.19698
-0.599031
-0.064912
0.451979
0.995273
1.6116
2.35692
3.30368
4.5428
6.16637
8.24591
10.7848
13.164
-21.2938
-13.7977
-8.77447
-5.85279
-3.92829
-2.61373
-1.69857
-1.02478
-0.488405
-0.0213436
0.427439
0.904034
1.45951
2.16207
3.11589
4.4802
6.46815
9.46665
14.5792
22.1773
-36.1737
-17.3692
-8.39951
-4.79897
-2.93111
-1.8188
-1.11847
-0.635053
-0.262061
0.0595295
0.369185
0.701194
1.09498
1.60936
2.35055
3.51507
5.45396
9.15163
18.2353
37.1547
)
;

boundaryField
{
    movingWall
    {
        type            zeroGradient;
    }
    fixedWalls
    {
        type            zeroGradient;
    }
    frontAndBack
    {
        type            empty;
    }
}


// ************************************************************************* //
