/*--------------------------------*- C++ -*----------------------------------*\
  =========                 |
  \\      /  F ield         | OpenFOAM: The Open Source CFD Toolbox
   \\    /   O peration     | Website:  https://openfoam.org
    \\  /    A nd           | Version:  6
     \\/     M anipulation  |
\*---------------------------------------------------------------------------*/
FoamFile
{
    version     2.0;
    format      ascii;
    class       surfaceScalarField;
    location    "0.045";
    object      phi;
}
// * * * * * * * * * * * * * * * * * * * * * * * * * * * * * * * * * * * * * //

dimensions      [0 3 -1 0 0 0 0];

internalField   nonuniform List<scalar> 
760
(
1.48134e-08
-1.48363e-08
-2.06874e-08
3.5501e-08
-1.12565e-07
9.18783e-08
-2.44643e-07
1.32078e-07
-3.96802e-07
1.52159e-07
-5.49639e-07
1.52838e-07
-6.86363e-07
1.36724e-07
-7.93666e-07
1.07303e-07
-8.62002e-07
6.83353e-08
-8.85613e-07
2.3612e-08
-8.62517e-07
-2.3096e-08
-7.9451e-07
-6.8007e-08
-6.87229e-07
-1.07281e-07
-5.50219e-07
-1.3701e-07
-3.96911e-07
-1.53309e-07
-2.44302e-07
-1.5261e-07
-1.11999e-07
-1.32304e-07
-2.02098e-08
-9.17886e-08
1.50029e-08
-3.5212e-08
1.50036e-08
-3.28245e-08
1.79881e-08
-1.77363e-07
1.80039e-07
-4.30749e-07
3.45265e-07
-7.62879e-07
4.64208e-07
-1.13358e-06
5.2286e-07
-1.5015e-06
5.20758e-07
-1.82921e-06
4.64433e-07
-2.08605e-06
3.64142e-07
-2.24952e-06
2.31811e-07
-2.30591e-06
7.99972e-08
-2.25048e-06
-7.85244e-08
-2.08762e-06
-2.30868e-07
-1.83083e-06
-3.64066e-07
-1.50261e-06
-4.65234e-07
-1.13382e-06
-5.22095e-07
-7.62271e-07
-5.24161e-07
-4.29678e-07
-4.64898e-07
-1.76401e-07
-3.45066e-07
-3.23931e-08
-1.79221e-07
-1.73887e-08
-9.02888e-08
1.08277e-07
-3.53026e-07
4.42776e-07
-7.60718e-07
7.52957e-07
-1.26728e-06
9.70765e-07
-1.81753e-06
1.07312e-06
-2.35562e-06
1.05884e-06
-2.83087e-06
9.39683e-07
-3.20153e-06
7.34804e-07
-3.43681e-06
4.67093e-07
-3.51786e-06
1.61047e-07
-3.43819e-06
-1.58198e-07
-3.20383e-06
-4.65228e-07
-2.83334e-06
-7.34556e-07
-2.35748e-06
-9.41096e-07
-1.81825e-06
-1.06133e-06
-1.26678e-06
-1.07562e-06
-7.59469e-07
-9.72214e-07
-3.51774e-07
-7.52762e-07
-8.96773e-08
-4.41318e-07
-1.07066e-07
-1.42811e-07
2.51088e-07
-5.21291e-07
8.21256e-07
-1.07887e-06
1.31053e-06
-1.74922e-06
1.64112e-06
-2.46182e-06
1.78571e-06
-3.14858e-06
1.74561e-06
-3.74923e-06
1.54033e-06
-4.2147e-06
1.20027e-06
-4.50907e-06
7.61464e-07
-4.61043e-06
2.62413e-07
-4.51124e-06
-2.5739e-07
-4.21844e-06
-7.58032e-07
-3.75351e-06
-1.19949e-06
-3.15226e-06
-1.54234e-06
-2.46403e-06
-1.74956e-06
-1.74968e-06
-1.78997e-06
-1.07798e-06
-1.64391e-06
-5.20005e-07
-1.31074e-06
-1.42076e-07
-8.19249e-07
-2.49141e-07
-1.91187e-07
4.42275e-07
-6.82309e-07
1.31238e-06
-1.38728e-06
2.01551e-06
-2.21683e-06
2.47067e-06
-3.08364e-06
2.65252e-06
-3.90793e-06
2.5699e-06
-4.62164e-06
2.25404e-06
-5.17083e-06
1.74946e-06
-5.51673e-06
1.10737e-06
-5.63595e-06
3.81633e-07
-5.5204e-06
-3.72938e-07
-5.17732e-06
-1.10112e-06
-4.62946e-06
-1.74735e-06
-3.91535e-06
-2.25645e-06
-3.08919e-06
-2.57572e-06
-2.21975e-06
-2.6594e-06
-1.3878e-06
-2.47586e-06
-6.81503e-07
-2.01703e-06
-1.90459e-07
-1.31029e-06
-4.39601e-07
-2.38359e-07
6.80634e-07
-8.42061e-07
1.91608e-06
-1.69482e-06
2.86827e-06
-2.6822e-06
3.45805e-06
-3.69875e-06
3.66906e-06
-4.65313e-06
3.52429e-06
-5.47094e-06
3.07185e-06
-6.09545e-06
2.37397e-06
-6.48708e-06
1.49899e-06
-6.62238e-06
5.16934e-07
-6.49322e-06
-5.02107e-07
-6.1065e-06
-1.48783e-06
-5.48474e-06
-2.36911e-06
-4.66705e-06
-3.07414e-06
-3.71035e-06
-3.53242e-06
-2.6899e-06
-3.67985e-06
-1.69837e-06
-3.46739e-06
-8.42611e-07
-2.87279e-06
-2.37893e-07
-1.91501e-06
-6.77493e-07
-2.87372e-07
9.68005e-07
-1.00754e-06
2.63625e-06
-2.0112e-06
3.87193e-06
-3.1561e-06
4.60294e-06
-4.31751e-06
4.83048e-06
-5.39324e-06
4.60002e-06
-6.30454e-06
3.98315e-06
-6.99444e-06
3.06388e-06
-7.42497e-06
1.92952e-06
-7.57426e-06
6.6623e-07
-7.43469e-06
-6.41678e-07
-7.01222e-06
-1.9103e-06
-6.32729e-06
-3.05403e-06
-5.41712e-06
-3.98431e-06
-4.33868e-06
-4.61087e-06
-3.17168e-06
-4.84685e-06
-2.02009e-06
-4.61899e-06
-1.01074e-06
-3.88214e-06
-2.8757e-07
-2.63818e-06
-9.65063e-07
-3.41093e-07
1.3091e-06
-1.18538e-06
3.48054e-06
-2.34459e-06
5.03113e-06
-3.64495e-06
5.9033e-06
-4.94183e-06
6.12735e-06
-6.12401e-06
5.78221e-06
-7.11177e-06
4.97091e-06
-7.85171e-06
3.80381e-06
-8.31068e-06
2.38849e-06
-8.47062e-06
8.26173e-07
-8.32514e-06
-7.87158e-07
-7.87843e-06
-2.35702e-06
-7.14665e-06
-3.78581e-06
-6.16168e-06
-4.96928e-06
-4.97664e-06
-5.79591e-06
-3.67218e-06
-6.1513e-06
-2.36173e-06
-5.92944e-06
-1.19295e-06
-5.05092e-06
-3.42524e-07
-3.48861e-06
-1.30759e-06
-4.02359e-07
1.71146e-06
-1.38159e-06
4.45978e-06
-2.70046e-06
6.35001e-06
-4.14874e-06
7.35157e-06
-5.56212e-06
7.54074e-06
-6.82432e-06
7.0444e-06
-7.86018e-06
6.00677e-06
-8.6254e-06
4.56903e-06
-9.09622e-06
2.85931e-06
-9.26123e-06
9.91187e-07
-9.1163e-06
-9.32095e-07
-8.66287e-06
-2.81045e-06
-7.90991e-06
-4.53877e-06
-6.87933e-06
-5.99985e-06
-5.61465e-06
-7.06059e-06
-4.1917e-06
-7.57426e-06
-2.72924e-06
-7.39189e-06
-1.39565e-06
-6.38451e-06
-4.05765e-07
-4.47849e-06
-1.71335e-06
-4.74538e-07
2.18599e-06
-1.60211e-06
5.58734e-06
-3.08112e-06
7.82902e-06
-4.6588e-06
8.92926e-06
-6.15361e-06
9.03554e-06
-7.45135e-06
8.34214e-06
-8.49007e-06
7.0455e-06
-9.24236e-06
5.32133e-06
-9.69973e-06
3.31667e-06
-9.86102e-06
1.15248e-06
-9.72562e-06
-1.06749e-06
-9.29117e-06
-3.2449e-06
-8.55593e-06
-5.27401e-06
-7.52593e-06
-7.02985e-06
-6.227e-06
-8.35952e-06
-4.72115e-06
-9.08011e-06
-3.12497e-06
-8.98807e-06
-1.62503e-06
-7.88446e-06
-4.80824e-07
-5.6227e-06
-2.19418e-06
-5.62541e-07
2.74854e-06
-1.85378e-06
6.87858e-06
-3.48483e-06
9.46006e-06
-5.15444e-06
1.05989e-05
-6.6706e-06
1.05517e-05
-7.93356e-06
9.6051e-06
-8.90711e-06
8.01904e-06
-9.59085e-06
6.00507e-06
-9.99851e-06
3.72432e-06
-1.01432e-05
1.29717e-06
-1.00292e-05
-1.18147e-06
-9.6494e-06
-3.62472e-06
-8.98759e-06
-5.93582e-06
-8.02705e-06
-7.99039e-06
-6.76558e-06
-9.62099e-06
-5.23827e-06
-1.06074e-05
-3.54654e-06
-1.06798e-05
-1.88791e-06
-9.54309e-06
-5.72735e-07
-6.93787e-06
-2.76691e-06
-6.74521e-07
3.42306e-06
-2.14541e-06
8.34947e-06
-3.90337e-06
1.1218e-05
-5.59634e-06
1.22918e-05
-7.03721e-06
1.19926e-05
-8.16046e-06
1.07284e-05
-8.97259e-06
8.83117e-06
-9.51199e-06
6.54447e-06
-9.82153e-06
4.03386e-06
-9.93212e-06
1.40776e-06
-9.85426e-06
-1.25932e-06
-9.57531e-06
-3.90368e-06
-9.06171e-06
-6.44941e-06
-8.26729e-06
-8.78482e-06
-7.14996e-06
-1.07383e-05
-5.70036e-06
-1.2057e-05
-3.98386e-06
-1.23963e-05
-2.19254e-06
-1.13344e-05
-6.89692e-07
-8.44072e-06
-3.4566e-06
-8.24609e-07
4.24767e-06
-2.48771e-06
1.00126e-05
-4.31503e-06
1.30453e-05
-5.91338e-06
1.38902e-05
-7.13134e-06
1.32105e-05
-7.96736e-06
1.15644e-05
-8.49105e-06
9.35487e-06
-8.79064e-06
6.84406e-06
-8.94281e-06
4.18603e-06
-8.99771e-06
1.46267e-06
-8.97254e-06
-1.2845e-06
-8.84946e-06
-4.02676e-06
-8.57681e-06
-6.72206e-06
-8.07493e-06
-9.2867e-06
-7.25105e-06
-1.15622e-05
-6.03044e-06
-1.32776e-05
-4.41147e-06
-1.40153e-05
-2.54814e-06
-1.31977e-05
-8.45688e-07
-1.01432e-05
-4.30229e-06
-1.03671e-06
5.28438e-06
-2.88867e-06
1.18645e-05
-4.66646e-06
1.48231e-05
-5.97615e-06
1.51999e-05
-6.75779e-06
1.39922e-05
-7.11348e-06
1.19201e-05
-7.19567e-06
9.43705e-06
-7.14771e-06
6.7961e-06
-7.07845e-06
4.11676e-06
-7.0543e-06
1.43852e-06
-7.09802e-06
-1.24078e-06
-7.18843e-06
-3.93635e-06
-7.25956e-06
-6.65093e-06
-7.20084e-06
-9.34542e-06
-6.86431e-06
-1.18987e-05
-6.0904e-06
-1.40515e-05
-4.76965e-06
-1.5336e-05
-2.95965e-06
-1.50077e-05
-1.06413e-06
-1.20387e-05
-5.36643e-06
-1.34644e-06
6.63082e-06
-3.33292e-06
1.3851e-05
-4.82878e-06
1.6319e-05
-5.5457e-06
1.59168e-05
-5.60419e-06
1.40507e-05
-5.25247e-06
1.15683e-05
-4.73383e-06
8.91841e-06
-4.23773e-06
6.30001e-06
-3.89189e-06
3.77093e-06
-3.76883e-06
1.31546e-06
-3.8932e-06
-1.11641e-06
-4.24439e-06
-3.58516e-06
-4.75284e-06
-6.14248e-06
-5.29143e-06
-8.80683e-06
-5.6676e-06
-1.15225e-05
-5.63027e-06
-1.40889e-05
-4.91986e-06
-1.60464e-05
-3.406e-06
-1.65216e-05
-1.3793e-06
-1.40654e-05
-6.74572e-06
-1.78534e-06
8.41616e-06
-3.71177e-06
1.57775e-05
-4.49669e-06
1.71039e-05
-4.17963e-06
1.55997e-05
-3.17559e-06
1.30466e-05
-1.89889e-06
1.02916e-05
-6.59882e-07
7.6794e-06
3.40558e-07
5.29957e-06
9.85405e-07
3.12608e-06
1.21476e-06
1.0861e-06
1.0086e-06
-9.10254e-07
3.81127e-07
-2.95768e-06
-6.13018e-07
-5.14834e-06
-1.86046e-06
-7.55938e-06
-3.16062e-06
-1.02224e-05
-4.19769e-06
-1.30518e-05
-4.54459e-06
-1.56995e-05
-3.76869e-06
-1.72975e-05
-1.81921e-06
-1.60149e-05
-8.56493e-06
-2.30056e-06
1.07167e-05
-3.62847e-06
1.71054e-05
-2.97682e-06
1.64523e-05
-1.07654e-06
1.36995e-05
1.28838e-06
1.06817e-05
3.59567e-06
7.98435e-06
5.55091e-06
5.72415e-06
7.00952e-06
3.84095e-06
7.90956e-06
2.22604e-06
8.22787e-06
7.67791e-07
7.95717e-06
-6.39553e-07
7.09895e-06
-2.09947e-06
5.67029e-06
-3.71967e-06
3.72694e-06
-5.61604e-06
1.40854e-06
-7.90399e-06
-9.91057e-07
-1.06522e-05
-2.94112e-06
-1.37495e-05
-3.63744e-06
-1.66012e-05
-2.32304e-06
-1.73293e-05
-1.0888e-05
-2.50005e-06
1.32168e-05
-1.92317e-06
1.65285e-05
1.21802e-06
1.33111e-05
5.15046e-06
9.76701e-06
8.88901e-06
6.94317e-06
1.20279e-05
4.84542e-06
1.44459e-05
3.30625e-06
1.61418e-05
2.14499e-06
1.71508e-05
1.21706e-06
1.75038e-05
4.14761e-07
1.72117e-05
-3.47397e-07
1.62602e-05
-1.148e-06
1.4614e-05
-2.07345e-06
1.22318e-05
-3.23381e-06
9.10615e-06
-4.77838e-06
5.35037e-06
-6.89642e-06
1.36787e-06
-9.76695e-06
-1.84485e-06
-1.33885e-05
-2.48529e-06
-1.66888e-05
-1.33733e-05
-5.63819e-07
1.37806e-05
4.6672e-06
1.12975e-05
1.11136e-05
6.86468e-06
1.66939e-05
4.18675e-06
2.10203e-05
2.61669e-06
2.42022e-05
1.66356e-06
2.64452e-05
1.06322e-06
2.79297e-05
6.60527e-07
2.87821e-05
3.64664e-07
2.90753e-05
1.21548e-07
2.88331e-05
-1.05204e-07
2.80319e-05
-3.46833e-07
2.65982e-05
-6.39721e-07
2.44025e-05
-1.03814e-06
2.12581e-05
-1.63393e-06
1.69477e-05
-2.58607e-06
1.13489e-05
-4.16808e-06
4.84219e-06
-6.88179e-06
-4.82363e-07
-1.13643e-05
-1.38556e-05
1.37806e-05
2.5078e-05
3.19427e-05
3.61295e-05
3.87462e-05
4.04097e-05
4.14729e-05
4.21335e-05
4.24981e-05
4.26197e-05
4.25145e-05
4.21676e-05
4.15279e-05
4.04898e-05
3.88559e-05
3.62698e-05
3.21017e-05
2.52199e-05
1.38556e-05
)
;

boundaryField
{
    movingWall
    {
        type            calculated;
        value           uniform 0;
    }
    fixedWalls
    {
        type            calculated;
        value           uniform 0;
    }
    frontAndBack
    {
        type            empty;
        value           nonuniform 0();
    }
}


// ************************************************************************* //
