/*--------------------------------*- C++ -*----------------------------------*\
  =========                 |
  \\      /  F ield         | OpenFOAM: The Open Source CFD Toolbox
   \\    /   O peration     | Website:  https://openfoam.org
    \\  /    A nd           | Version:  6
     \\/     M anipulation  |
\*---------------------------------------------------------------------------*/
FoamFile
{
    version     2.0;
    format      ascii;
    class       volVectorField;
    location    "0.045";
    object      U;
}
// * * * * * * * * * * * * * * * * * * * * * * * * * * * * * * * * * * * * * //

dimensions      [0 1 -1 0 0 0 0];

internalField   nonuniform List<vector> 
400
(
(0.00025772 -0.000254072 0)
(0.000161282 0.000105165 0)
(-0.00114233 0.000564957 0)
(-0.0034524 0.000894661 0)
(-0.0063747 0.00106164 0)
(-0.00950047 0.00107768 0)
(-0.0124606 0.00096752 0)
(-0.0149506 0.000760102 0)
(-0.0167406 0.000484313 0)
(-0.0176771 0.000167779 0)
(-0.0176826 -0.000162833 0)
(-0.0167551 -0.000480998 0)
(-0.0149688 -0.000759454 0)
(-0.012476 -0.000969566 0)
(-0.00950768 -0.00108137 0)
(-0.00637196 -0.0010652 0)
(-0.00344238 -0.000896326 0)
(-0.001131 -0.000563958 0)
(0.000168317 -0.000102565 0)
(0.00025964 0.000255485 0)
(-6.59522e-05 -0.000191177 0)
(-0.00156711 0.00161355 0)
(-0.0056232 0.00361227 0)
(-0.0116638 0.00506666 0)
(-0.0188878 0.00579971 0)
(-0.02646 0.00581671 0)
(-0.0335778 0.00520372 0)
(-0.0395494 0.00408582 0)
(-0.0438385 0.00260307 0)
(-0.0460808 0.000899486 0)
(-0.0460911 -0.000880184 0)
(-0.0438658 -0.00259042 0)
(-0.0395839 -0.00408404 0)
(-0.0336072 -0.00521288 0)
(-0.0264743 -0.00583253 0)
(-0.0188832 -0.00581497 0)
(-0.0116448 -0.00507425 0)
(-0.00560077 -0.00360889 0)
(-0.00155223 -0.00160294 0)
(-6.1527e-05 0.000198294 0)
(-0.000511185 0.00103474 0)
(-0.00364974 0.00566397 0)
(-0.0105004 0.0102124 0)
(-0.0199321 0.0134759 0)
(-0.0307789 0.0150663 0)
(-0.041922 0.014957 0)
(-0.0522813 0.0133198 0)
(-0.0609174 0.0104367 0)
(-0.0670975 0.00664192 0)
(-0.0703223 0.00229163 0)
(-0.0703371 -0.00224993 0)
(-0.0671371 -0.00661472 0)
(-0.0609687 -0.0104332 0)
(-0.0523276 -0.0133404 0)
(-0.0419492 -0.0149926 0)
(-0.0307803 -0.0151013 0)
(-0.019912 -0.0134946 0)
(-0.0104723 -0.0102069 0)
(-0.00362939 -0.00564099 0)
(-0.000504703 -0.001017 0)
(-0.000905417 0.00337734 0)
(-0.00562017 0.0121054 0)
(-0.0152185 0.0199185 0)
(-0.0278965 0.0253309 0)
(-0.042078 0.0278111 0)
(-0.0563868 0.0273392 0)
(-0.069531 0.024211 0)
(-0.0804017 0.0189092 0)
(-0.0881421 0.0120121 0)
(-0.0921716 0.0041408 0)
(-0.0921947 -0.00406588 0)
(-0.088205 -0.011962 0)
(-0.0804869 -0.0189001 0)
(-0.0696153 -0.0242444 0)
(-0.0564485 -0.0274005 0)
(-0.0421044 -0.0278743 0)
(-0.0278892 -0.0253687 0)
(-0.0151926 -0.019915 0)
(-0.00559692 -0.012069 0)
(-0.000897101 -0.00334557 0)
(-0.0012535 0.0067241 0)
(-0.00747347 0.0208104 0)
(-0.0197761 0.0325547 0)
(-0.0356384 0.0403511 0)
(-0.0530275 0.0436418 0)
(-0.0703018 0.0425 0)
(-0.0859839 0.0374103 0)
(-0.0988423 0.029106 0)
(-0.107946 0.018449 0)
(-0.112675 0.00635763 0)
(-0.112713 -0.00622803 0)
(-0.108053 -0.0183584 0)
(-0.0989928 -0.0290806 0)
(-0.0861438 -0.0374546 0)
(-0.0704368 -0.0425941 0)
(-0.0531137 -0.0437468 0)
(-0.0356699 -0.0404233 0)
(-0.0197676 -0.0325654 0)
(-0.00745289 -0.0207653 0)
(-0.00124413 -0.00667679 0)
(-0.00158568 0.0110171 0)
(-0.00929825 0.0317499 0)
(-0.0243181 0.0481238 0)
(-0.0433639 0.0585228 0)
(-0.0639045 0.0624946 0)
(-0.0840198 0.0603216 0)
(-0.102066 0.0527684 0)
(-0.116727 0.0408836 0)
(-0.127043 0.0258524 0)
(-0.13239 0.00891135 0)
(-0.132454 -0.00868866 0)
(-0.127223 -0.0256888 0)
(-0.116987 -0.0408207 0)
(-0.102355 -0.0528172 0)
(-0.0842848 -0.0604573 0)
(-0.0641023 -0.0626627 0)
(-0.0434747 -0.058657 0)
(-0.0243519 -0.0481733 0)
(-0.00929046 -0.0317106 0)
(-0.00157704 -0.0109564 0)
(-0.00193234 0.0162622 0)
(-0.0111968 0.0449649 0)
(-0.0290174 0.0666722 0)
(-0.051285 0.0798524 0)
(-0.0749257 0.0843082 0)
(-0.0977383 0.0806784 0)
(-0.117943 0.0701245 0)
(-0.134188 0.0540873 0)
(-0.145538 0.0341147 0)
(-0.151408 0.0117701 0)
(-0.151509 -0.0113944 0)
(-0.145824 -0.0338266 0)
(-0.134609 -0.0539513 0)
(-0.118427 -0.0701635 0)
(-0.0982051 -0.0808649 0)
(-0.0753034 -0.0845693 0)
(-0.0515305 -0.0800909 0)
(-0.0291296 -0.0668033 0)
(-0.0112174 -0.0449611 0)
(-0.00192748 -0.0161968 0)
(-0.00232215 0.0225249 0)
(-0.0132689 0.060573 0)
(-0.0340347 0.0882845 0)
(-0.0595625 0.10433 0)
(-0.0861853 0.108959 0)
(-0.111438 0.103356 0)
(-0.133462 0.0892232 0)
(-0.15095 0.0684813 0)
(-0.163062 0.0430741 0)
(-0.169309 0.0148835 0)
(-0.169459 -0.0142715 0)
(-0.163488 -0.0425882 0)
(-0.151588 -0.0682187 0)
(-0.134214 -0.0892267 0)
(-0.112188 -0.1036 0)
(-0.0868239 -0.109351 0)
(-0.0600121 -0.104732 0)
(-0.0342724 -0.0885623 0)
(-0.0133394 -0.0606548 0)
(-0.00232566 -0.0224732 0)
(-0.00278515 0.0299279 0)
(-0.0156133 0.0787626 0)
(-0.0395063 0.113061 0)
(-0.068274 0.13188 0)
(-0.0976021 0.13619 0)
(-0.124815 0.127968 0)
(-0.148083 0.109635 0)
(-0.166256 0.0836835 0)
(-0.178699 0.0524722 0)
(-0.185092 0.0181671 0)
(-0.185299 -0.0172135 0)
(-0.179292 -0.0516943 0)
(-0.167156 -0.0832216 0)
(-0.149165 -0.109563 0)
(-0.125926 -0.12827 0)
(-0.0985861 -0.136755 0)
(-0.0690053 -0.132523 0)
(-0.0399262 -0.113576 0)
(-0.0157615 -0.079006 0)
(-0.00280337 -0.0299214 0)
(-0.00336049 0.0386535 0)
(-0.0183438 0.0997811 0)
(-0.0455482 0.141067 0)
(-0.0773868 0.162275 0)
(-0.108858 0.165499 0)
(-0.137195 0.153842 0)
(-0.160768 0.130652 0)
(-0.178759 0.0990843 0)
(-0.190872 0.0619021 0)
(-0.19706 0.0214816 0)
(-0.197325 -0.0200688 0)
(-0.191639 -0.060723 0)
(-0.179937 -0.0983331 0)
(-0.162214 -0.130446 0)
(-0.138722 -0.154186 0)
(-0.110259 -0.166275 0)
(-0.0784749 -0.163246 0)
(-0.0462113 -0.141935 0)
(-0.0186025 -0.100291 0)
(-0.00340172 -0.0387405 0)
(-0.00411056 0.0489642 0)
(-0.0216171 0.123923 0)
(-0.0522634 0.172257 0)
(-0.0867169 0.195001 0)
(-0.119306 0.195981 0)
(-0.147398 0.179868 0)
(-0.169836 0.151171 0)
(-0.186366 0.113763 0)
(-0.197206 0.0707575 0)
(-0.202683 0.0246141 0)
(-0.202996 -0.0226294 0)
(-0.198117 -0.0690677 0)
(-0.187788 -0.112623 0)
(-0.171621 -0.150753 0)
(-0.149339 -0.180219 0)
(-0.121151 -0.196989 0)
(-0.0882148 -0.196386 0)
(-0.053226 -0.173612 0)
(-0.0220226 -0.124836 0)
(-0.00418516 -0.0492126 0)
(-0.00514612 0.0612492 0)
(-0.025675 0.151519 0)
(-0.0597347 0.206353 0)
(-0.0958346 0.229068 0)
(-0.127797 0.226132 0)
(-0.153536 0.204337 0)
(-0.172758 0.169569 0)
(-0.186062 0.126413 0)
(-0.194364 0.078193 0)
(-0.19846 0.0272612 0)
(-0.198791 -0.0246276 0)
(-0.195337 -0.075908 0)
(-0.187612 -0.124791 0)
(-0.174759 -0.168848 0)
(-0.155791 -0.204626 0)
(-0.130035 -0.227357 0)
(-0.0977422 -0.230927 0)
(-0.0610312 -0.208328 0)
(-0.026262 -0.152991 0)
(-0.0052665 -0.0617488 0)
(-0.00667057 0.0761203 0)
(-0.0308977 0.182897 0)
(-0.0679597 0.242625 0)
(-0.103849 0.262711 0)
(-0.132374 0.253579 0)
(-0.152686 0.224752 0)
(-0.165873 0.183613 0)
(-0.173694 0.135305 0)
(-0.177898 0.0831162 0)
(-0.179802 0.0290266 0)
(-0.180099 -0.025743 0)
(-0.178785 -0.0802132 0)
(-0.17515 -0.133142 0)
(-0.167833 -0.182495 0)
(-0.155009 -0.224873 0)
(-0.134817 -0.254942 0)
(-0.106067 -0.265041 0)
(-0.0695742 -0.245318 0)
(-0.0316908 -0.185093 0)
(-0.00685074 -0.0769824 0)
(-0.0090493 0.0945753 0)
(-0.0378369 0.218254 0)
(-0.0766164 0.279478 0)
(-0.108925 0.292946 0)
(-0.129704 0.274765 0)
(-0.140386 0.237693 0)
(-0.144026 0.190448 0)
(-0.143755 0.138347 0)
(-0.142158 0.0842484 0)
(-0.141008 0.0294436 0)
(-0.141199 -0.0256316 0)
(-0.142747 -0.0808107 0)
(-0.144786 -0.135657 0)
(-0.145536 -0.188864 0)
(-0.142349 -0.237505 0)
(-0.131975 -0.276103 0)
(-0.111194 -0.295634 0)
(-0.0784376 -0.282898 0)
(-0.0388336 -0.221306 0)
(-0.00930293 -0.0959275 0)
(-0.0128718 0.118216 0)
(-0.0470748 0.257249 0)
(-0.0843682 0.313706 0)
(-0.107253 0.314963 0)
(-0.114072 0.284693 0)
(-0.109885 0.238852 0)
(-0.100135 0.186808 0)
(-0.0892351 0.133326 0)
(-0.0803426 0.0803114 0)
(-0.0754236 0.0280479 0)
(-0.0754252 -0.0239877 0)
(-0.0803902 -0.0765691 0)
(-0.0894469 -0.130243 0)
(-0.100671 -0.184759 0)
(-0.110887 -0.238214 0)
(-0.115578 -0.285753 0)
(-0.109093 -0.31774 0)
(-0.0861214 -0.31769 0)
(-0.0482085 -0.261189 0)
(-0.0132047 -0.120183 0)
(-0.0187888 0.149559 0)
(-0.0583495 0.297985 0)
(-0.0869968 0.339161 0)
(-0.0909557 0.321419 0)
(-0.0757451 0.276925 0)
(-0.0511751 0.223492 0)
(-0.0248244 0.16962 0)
(-0.00169975 0.118459 0)
(0.0151589 0.0703961 0)
(0.0240849 0.0245182 0)
(0.0243322 -0.020647 0)
(0.0158415 -0.0667384 0)
(-0.000755047 -0.115271 0)
(-0.0238858 -0.167237 0)
(-0.0505609 -0.222328 0)
(-0.0757342 -0.277418 0)
(-0.091647 -0.323849 0)
(-0.0881633 -0.343301 0)
(-0.0594148 -0.302643 0)
(-0.0191734 -0.152227 0)
(-0.0263306 0.192759 0)
(-0.0675223 0.334621 0)
(-0.0729819 0.34434 0)
(-0.0442291 0.301602 0)
(0.00138972 0.244071 0)
(0.049968 0.187504 0)
(0.0935673 0.137097 0)
(0.128159 0.0932392 0)
(0.151931 0.0544946 0)
(0.164181 0.0188768 0)
(0.164672 -0.0157185 0)
(0.153346 -0.0514218 0)
(0.130324 -0.0903853 0)
(0.0961822 -0.134691 0)
(0.0526122 -0.185912 0)
(0.0035707 -0.243797 0)
(-0.0429469 -0.303175 0)
(-0.0727776 -0.34796 0)
(-0.0680548 -0.339496 0)
(-0.0266352 -0.196093 0)
(-0.0286606 0.250696 0)
(-0.057851 0.350541 0)
(-0.0142405 0.309411 0)
(0.0628943 0.242373 0)
(0.142531 0.180398 0)
(0.212305 0.130077 0)
(0.268103 0.0907813 0)
(0.309166 0.0597761 0)
(0.33607 0.0342343 0)
(0.349598 0.011748 0)
(0.350214 -0.00975137 0)
(0.337888 -0.0322206 0)
(0.312083 -0.0577595 0)
(0.271911 -0.0888485 0)
(0.216649 -0.128445 0)
(0.146878 -0.179481 0)
(0.0665784 -0.242794 0)
(-0.0118904 -0.311761 0)
(-0.0570673 -0.354666 0)
(-0.0285024 -0.254248 0)
(0.0138341 0.2888 0)
(0.030129 0.302649 0)
(0.153658 0.214044 0)
(0.282259 0.142412 0)
(0.38247 0.0940669 0)
(0.456698 0.062091 0)
(0.510155 0.0406686 0)
(0.546842 0.025649 0)
(0.569813 0.0142935 0)
(0.581071 0.00481557 0)
(0.58158 -0.00407061 0)
(0.571345 -0.0135004 0)
(0.5494 -0.0247653 0)
(0.513714 -0.0396714 0)
(0.461143 -0.0610132 0)
(0.387516 -0.0930806 0)
(0.287371 -0.141943 0)
(0.157964 -0.214729 0)
(0.0328209 -0.304742 0)
(0.0151442 -0.291066 0)
(0.304806 0.147146 0)
(0.406021 0.127687 0)
(0.569196 0.0748002 0)
(0.685789 0.0419035 0)
(0.753284 0.0239113 0)
(0.794416 0.0139866 0)
(0.820754 0.0083394 0)
(0.837498 0.00491722 0)
(0.847472 0.00261877 0)
(0.852206 0.000846191 0)
(0.852366 -0.000766443 0)
(0.847966 -0.00251797 0)
(0.838372 -0.00477007 0)
(0.822081 -0.00811296 0)
(0.796282 -0.0136427 0)
(0.755758 -0.0234301 0)
(0.688881 -0.041344 0)
(0.57252 -0.0743709 0)
(0.408471 -0.127734 0)
(0.305965 -0.147572 0)
)
;

boundaryField
{
    movingWall
    {
        type            fixedValue;
        value           uniform (1 0 0);
    }
    fixedWalls
    {
        type            noSlip;
    }
    frontAndBack
    {
        type            empty;
    }
}


// ************************************************************************* //
