/*--------------------------------*- C++ -*----------------------------------*\
  =========                 |
  \\      /  F ield         | OpenFOAM: The Open Source CFD Toolbox
   \\    /   O peration     | Website:  https://openfoam.org
    \\  /    A nd           | Version:  6
     \\/     M anipulation  |
\*---------------------------------------------------------------------------*/
FoamFile
{
    version     2.0;
    format      ascii;
    class       surfaceScalarField;
    location    "0.05";
    object      phi;
}
// * * * * * * * * * * * * * * * * * * * * * * * * * * * * * * * * * * * * * //

dimensions      [0 3 -1 0 0 0 0];

internalField   nonuniform List<scalar> 
760
(
7.67421e-09
-7.67449e-09
-2.69634e-08
3.46376e-08
-1.03751e-07
7.67873e-08
-2.07881e-07
1.0413e-07
-3.23765e-07
1.15884e-07
-4.37723e-07
1.13958e-07
-5.38655e-07
1.00932e-07
-6.18057e-07
7.94021e-08
-6.69761e-07
5.17048e-08
-6.89711e-07
1.99497e-08
-6.75917e-07
-1.37938e-08
-6.28641e-07
-4.72759e-08
-5.50756e-07
-7.78853e-08
-4.48185e-07
-1.02571e-07
-3.30254e-07
-1.17931e-07
-2.0972e-07
-1.20535e-07
-1.02146e-07
-1.07574e-07
-2.43782e-08
-7.77677e-08
9.02244e-09
-3.34006e-08
9.02251e-09
-3.29356e-08
2.52612e-08
-1.55315e-07
1.57017e-07
-3.57691e-07
2.79164e-07
-6.13477e-07
3.59916e-07
-8.91797e-07
3.94204e-07
-1.16341e-06
3.85573e-07
-1.40332e-06
3.40844e-07
-1.59168e-06
2.67754e-07
-1.71382e-06
1.7385e-07
-1.7602e-06
6.63253e-08
-1.72638e-06
-4.76131e-08
-1.61345e-06
-1.60203e-07
-1.42866e-06
-2.62674e-07
-1.18611e-06
-3.45118e-07
-9.07133e-07
-3.96912e-07
-6.1976e-07
-4.07907e-07
-3.56762e-07
-3.70572e-07
-1.51498e-07
-2.83032e-07
-3.05193e-08
-1.54379e-07
-2.14967e-08
-7.72313e-08
1.02492e-07
-2.89026e-07
3.68812e-07
-6.06277e-07
5.96415e-07
-9.90175e-07
7.43815e-07
-1.399e-06
8.03028e-07
-1.79347e-06
7.80043e-07
-2.13973e-06
6.87107e-07
-2.41064e-06
5.38656e-07
-2.58601e-06
3.49225e-07
-2.65266e-06
1.32976e-07
-2.60449e-06
-9.57856e-08
-2.44299e-06
-3.21697e-07
-2.17811e-06
-5.27564e-07
-1.82903e-06
-6.94192e-07
-1.42467e-06
-8.01272e-07
-1.00287e-06
-8.29712e-07
-6.07804e-07
-7.65635e-07
-2.85047e-07
-6.05789e-07
-7.40789e-08
-3.65346e-07
-9.55754e-08
-1.16077e-07
2.18569e-07
-4.13284e-07
6.66019e-07
-8.40352e-07
1.02348e-06
-1.34349e-06
1.24696e-06
-1.87011e-06
1.32964e-06
-2.37261e-06
1.28254e-06
-2.81072e-06
1.12522e-06
-3.15241e-06
8.80343e-07
-3.37389e-06
5.70712e-07
-3.45949e-06
2.18575e-07
-3.40168e-06
-1.53597e-07
-3.20168e-06
-5.21699e-07
-2.87051e-06
-8.58731e-07
-2.43024e-06
-1.13447e-06
-1.91475e-06
-1.31676e-06
-1.3694e-06
-1.37507e-06
-8.48578e-07
-1.28645e-06
-4.10928e-07
-1.04344e-06
-1.12449e-07
-6.63825e-07
-2.08025e-07
-1.51872e-07
3.70441e-07
-5.32821e-07
1.04697e-06
-1.06941e-06
1.56007e-06
-1.69089e-06
1.86844e-06
-2.33273e-06
1.97149e-06
-2.93927e-06
1.88907e-06
-3.4649e-06
1.65086e-06
-3.8741e-06
1.28954e-06
-4.14067e-06
8.37285e-07
-4.24711e-06
3.25018e-07
-4.18441e-06
-2.16304e-07
-3.95265e-06
-7.53457e-07
-3.56247e-06
-1.24891e-06
-3.03696e-06
-1.65998e-06
-2.41338e-06
-1.94034e-06
-1.74376e-06
-2.04468e-06
-1.0934e-06
-1.93681e-06
-5.36425e-07
-1.60042e-06
-1.48779e-07
-1.05147e-06
-3.56804e-07
-1.88177e-07
5.58618e-07
-6.56222e-07
1.51501e-06
-1.30755e-06
2.21139e-06
-2.05248e-06
2.61338e-06
-2.81327e-06
2.73227e-06
-3.52597e-06
2.60177e-06
-4.14034e-06
2.26522e-06
-4.6184e-06
1.7676e-06
-4.93254e-06
1.15143e-06
-5.06394e-06
4.5641e-07
-5.00186e-06
-2.78379e-07
-4.74432e-06
-1.011e-06
-4.29994e-06
-1.69328e-06
-3.69095e-06
-2.26897e-06
-2.95638e-06
-2.67491e-06
-2.15449e-06
-2.84657e-06
-1.36265e-06
-2.72865e-06
-6.7369e-07
-2.28938e-06
-1.87773e-07
-1.53739e-06
-5.44577e-07
-2.28409e-07
7.87027e-07
-7.92366e-07
2.07897e-06
-1.56887e-06
2.98789e-06
-2.4466e-06
3.49111e-06
-3.33318e-06
3.61885e-06
-4.15637e-06
3.42496e-06
-4.86223e-06
2.97109e-06
-5.41171e-06
2.31707e-06
-5.77697e-06
1.51669e-06
-5.93855e-06
6.17995e-07
-5.88392e-06
-3.33014e-07
-5.6079e-06
-1.28702e-06
-5.11519e-06
-2.18599e-06
-4.4247e-06
-2.95946e-06
-3.57495e-06
-3.52466e-06
-2.62917e-06
-3.79235e-06
-1.6778e-06
-3.68002e-06
-8.36014e-07
-3.13116e-06
-2.34315e-07
-2.13909e-06
-7.78891e-07
-2.75677e-07
1.0627e-06
-9.493e-07
2.75259e-06
-1.86527e-06
3.90387e-06
-2.88676e-06
4.5126e-06
-3.90539e-06
4.63747e-06
-4.84128e-06
4.36085e-06
-5.63858e-06
3.76839e-06
-6.25933e-06
2.93783e-06
-6.67746e-06
1.93482e-06
-6.87411e-06
8.14643e-07
-6.83512e-06
-3.72009e-07
-6.5511e-06
-1.57104e-06
-6.0205e-06
-2.71659e-06
-5.25549e-06
-3.72447e-06
-4.29034e-06
-4.48981e-06
-3.19035e-06
-4.89234e-06
-2.05865e-06
-4.81172e-06
-1.03656e-06
-4.15325e-06
-2.93332e-07
-2.88232e-06
-1.07222e-06
-3.32852e-07
1.39556e-06
-1.13384e-06
3.55358e-06
-2.20509e-06
4.97512e-06
-3.37905e-06
5.68656e-06
-4.53043e-06
5.78886e-06
-5.5736e-06
5.40402e-06
-6.45407e-06
4.64886e-06
-7.13856e-06
3.62231e-06
-7.60582e-06
2.40208e-06
-7.83977e-06
1.0486e-06
-7.8255e-06
-3.86284e-07
-7.54864e-06
-1.84789e-06
-6.99874e-06
-3.2665e-06
-6.17674e-06
-4.54646e-06
-5.10678e-06
-5.55977e-06
-3.85054e-06
-6.14858e-06
-2.52076e-06
-6.14151e-06
-1.28764e-06
-5.38637e-06
-3.69878e-07
-3.80008e-06
-1.4421e-06
-4.02922e-07
1.79848e-06
-1.3517e-06
4.50236e-06
-2.59203e-06
6.21544e-06
-3.91933e-06
7.01386e-06
-5.1917e-06
7.06123e-06
-6.32186e-06
6.53417e-06
-7.26219e-06
5.5892e-06
-7.9895e-06
4.34962e-06
-8.49195e-06
2.90453e-06
-8.7596e-06
1.31625e-06
-8.77862e-06
-3.67263e-07
-8.52962e-06
-2.09689e-06
-7.99069e-06
-3.80543e-06
-7.14612e-06
-5.39103e-06
-6.00161e-06
-6.70429e-06
-4.60543e-06
-7.54476e-06
-3.07205e-06
-7.67488e-06
-1.59997e-06
-6.85845e-06
-4.69442e-07
-4.93061e-06
-1.91154e-06
-4.8977e-07
2.28825e-06
-1.60819e-06
5.62078e-06
-3.02421e-06
7.63146e-06
-4.48964e-06
8.47929e-06
-5.84928e-06
8.42087e-06
-7.02195e-06
7.70684e-06
-7.9755e-06
6.54275e-06
-8.7044e-06
5.07852e-06
-9.21238e-06
3.41251e-06
-9.5002e-06
1.60407e-06
-9.55816e-06
-3.09296e-07
-9.36299e-06
-2.29206e-06
-8.87974e-06
-4.28869e-06
-8.07045e-06
-6.20032e-06
-6.91189e-06
-7.86284e-06
-5.42409e-06
-9.03256e-06
-3.70778e-06
-9.39118e-06
-1.98178e-06
-8.58445e-06
-5.98546e-07
-6.31385e-06
-2.51009e-06
-5.99694e-07
2.88794e-06
-1.90937e-06
6.93046e-06
-3.49243e-06
9.21452e-06
-5.0527e-06
1.00396e-05
-6.4312e-06
9.79937e-06
-7.56644e-06
8.84208e-06
-8.45419e-06
7.4305e-06
-9.1163e-06
5.74064e-06
-9.57912e-06
3.87532e-06
-9.8594e-06
1.88436e-06
-9.95572e-06
-2.12979e-07
-9.84374e-06
-2.40405e-06
-9.47596e-06
-4.65647e-06
-8.78821e-06
-6.88807e-06
-7.71726e-06
-8.9338e-06
-6.23499e-06
-1.05148e-05
-4.40239e-06
-1.12238e-05
-2.43691e-06
-1.05499e-05
-7.65819e-07
-7.98493e-06
-3.27591e-06
-7.44267e-07
3.63221e-06
-2.26343e-06
8.44962e-06
-3.97595e-06
1.0927e-05
-5.54173e-06
1.16053e-05
-6.81963e-06
1.10773e-05
-7.78994e-06
9.81239e-06
-8.49291e-06
8.13347e-06
-8.9883e-06
6.23602e-06
-9.33143e-06
4.21845e-06
-9.5596e-06
2.11253e-06
-9.68393e-06
-8.86503e-08
-9.68371e-06
-2.40426e-06
-9.50299e-06
-4.83719e-06
-9.05183e-06
-7.33922e-06
-8.21891e-06
-9.76672e-06
-6.90586e-06
-1.18279e-05
-5.0958e-06
-1.30338e-05
-2.96069e-06
-1.2685e-05
-9.83769e-07
-9.96186e-06
-4.25968e-06
-9.45067e-07
4.57728e-06
-2.67992e-06
1.01845e-05
-4.43014e-06
1.26773e-05
-5.83923e-06
1.30144e-05
-6.82669e-06
1.20647e-05
-7.44743e-06
1.04331e-05
-7.80485e-06
8.49089e-06
-8.00459e-06
6.43576e-06
-8.13321e-06
4.34708e-06
-8.24948e-06
2.2288e-06
-8.37969e-06
4.15613e-08
-8.51267e-06
-2.27129e-06
-8.59278e-06
-4.75708e-06
-8.51304e-06
-7.41896e-06
-8.11547e-06
-1.01643e-05
-7.21447e-06
-1.27289e-05
-5.66876e-06
-1.45796e-05
-3.52948e-06
-1.48243e-05
-1.27071e-06
-1.22206e-05
-5.53039e-06
-1.23877e-06
5.81605e-06
-3.15738e-06
1.21031e-05
-4.7514e-06
1.42713e-05
-5.7304e-06
1.39934e-05
-6.1499e-06
1.24842e-05
-6.18036e-06
1.04636e-05
-6.00203e-06
8.31255e-06
-5.76475e-06
6.19848e-06
-5.57903e-06
4.16136e-06
-5.51848e-06
2.16825e-06
-5.6227e-06
1.45777e-07
-5.89532e-06
-1.99867e-06
-6.29462e-06
-4.35777e-06
-6.71681e-06
-6.99677e-06
-6.97703e-06
-9.90408e-06
-6.80534e-06
-1.29006e-05
-5.89581e-06
-1.54891e-05
-4.07145e-06
-1.66487e-05
-1.64827e-06
-1.46438e-05
-7.17866e-06
-1.66997e-06
7.48602e-06
-3.62742e-06
1.40605e-05
-4.6833e-06
1.53271e-05
-4.80458e-06
1.41147e-05
-4.29287e-06
1.19725e-05
-3.46598e-06
9.63672e-06
-2.57276e-06
7.41933e-06
-1.78465e-06
5.41037e-06
-1.21275e-06
3.58946e-06
-9.27776e-07
1.88327e-06
-9.73514e-07
1.91516e-07
-1.37029e-06
-1.6019e-06
-2.10605e-06
-3.62201e-06
-3.11214e-06
-5.99068e-06
-4.22267e-06
-8.79354e-06
-5.12705e-06
-1.19962e-05
-5.35496e-06
-1.52612e-05
-4.38768e-06
-1.76159e-05
-2.11533e-06
-1.69162e-05
-9.29399e-06
-2.22798e-06
9.714e-06
-3.76969e-06
1.56023e-05
-3.5895e-06
1.5147e-05
-2.26414e-06
1.27894e-05
-4.39832e-07
1.01482e-05
1.44511e-06
7.75178e-06
3.13262e-06
5.73181e-06
4.48541e-06
4.05758e-06
5.43382e-06
2.64106e-06
5.9382e-06
1.37889e-06
5.96681e-06
1.62913e-07
5.48682e-06
-1.12191e-06
4.46893e-06
-2.60412e-06
2.91064e-06
-4.43239e-06
8.88751e-07
-6.77166e-06
-1.34921e-06
-9.75822e-06
-3.26612e-06
-1.33443e-05
-3.96799e-06
-1.69141e-05
-2.55156e-06
-1.83326e-05
-1.18456e-05
-2.60735e-06
1.23214e-05
-2.4959e-06
1.54908e-05
3.70944e-08
1.2614e-05
3.39769e-06
9.42877e-06
6.69999e-06
6.8459e-06
9.56822e-06
4.88355e-06
1.18742e-05
3.42584e-06
1.36007e-05
2.33106e-06
1.4768e-05
1.47374e-06
1.53946e-05
7.52279e-07
1.54773e-05
8.02921e-08
1.4981e-05
-6.25654e-07
1.38371e-05
-1.46018e-06
1.19521e-05
-2.54744e-06
9.24494e-06
-4.06449e-06
5.74287e-06
-6.25614e-06
1.78822e-06
-9.38965e-06
-1.59925e-06
-1.35266e-05
-2.4634e-06
-1.74684e-05
-1.4309e-05
-1.04055e-06
1.33619e-05
3.58399e-06
1.08663e-05
9.52391e-06
6.67404e-06
1.47648e-05
4.18784e-06
1.89207e-05
2.69006e-06
2.20609e-05
1.74338e-06
2.43528e-05
1.13386e-06
2.59567e-05
7.27212e-07
2.69931e-05
4.37316e-07
2.7536e-05
2.09379e-07
2.76112e-05
5.09714e-09
2.71939e-05
-2.08305e-07
2.62014e-05
-4.67746e-07
2.44814e-05
-8.27396e-07
2.17988e-05
-1.38196e-06
1.78521e-05
-2.30939e-06
1.24055e-05
-3.94304e-06
5.74864e-06
-6.86976e-06
-1.94651e-08
-1.17003e-05
-1.43284e-05
1.33619e-05
2.42282e-05
3.09022e-05
3.509e-05
3.77801e-05
3.95235e-05
4.06573e-05
4.13845e-05
4.18219e-05
4.20312e-05
4.20363e-05
4.1828e-05
4.13603e-05
4.05329e-05
3.91509e-05
3.68415e-05
3.28985e-05
2.60287e-05
1.43284e-05
)
;

boundaryField
{
    movingWall
    {
        type            calculated;
        value           uniform 0;
    }
    fixedWalls
    {
        type            calculated;
        value           uniform 0;
    }
    frontAndBack
    {
        type            empty;
        value           nonuniform 0();
    }
}


// ************************************************************************* //
