/*--------------------------------*- C++ -*----------------------------------*\
  =========                 |
  \\      /  F ield         | OpenFOAM: The Open Source CFD Toolbox
   \\    /   O peration     | Website:  https://openfoam.org
    \\  /    A nd           | Version:  6
     \\/     M anipulation  |
\*---------------------------------------------------------------------------*/
FoamFile
{
    version     2.0;
    format      ascii;
    class       volScalarField;
    location    "0.18";
    object      p;
}
// * * * * * * * * * * * * * * * * * * * * * * * * * * * * * * * * * * * * * //

dimensions      [0 2 -2 0 0 0 0];

internalField   nonuniform List<scalar> 
400
(
9.2351e-06
-0.0231817
-0.0520611
-0.0743162
-0.0826372
-0.0737506
-0.0474116
-0.00555388
0.0483994
0.110051
0.174432
0.236351
0.29074
0.333039
0.359659
0.368568
0.360024
0.337439
0.308336
0.285153
0.0229943
-0.000835901
-0.0234985
-0.0388424
-0.0432723
-0.0344897
-0.012197
0.0222122
0.0661425
0.116173
0.168378
0.218637
0.26294
0.29773
0.320271
0.329085
0.324474
0.308846
0.285989
0.262199
0.0535417
0.0205205
-0.00400094
-0.0181524
-0.0217527
-0.0135497
0.0064353
0.0368532
0.0754334
0.11925
0.164956
0.209029
0.248035
0.278896
0.299187
0.307453
0.303668
0.289189
0.264416
0.231425
0.0816276
0.0359469
0.00545631
-0.0106807
-0.0150781
-0.00741104
0.0118243
0.0410352
0.077942
0.119771
0.163408
0.205584
0.243075
0.272916
0.292623
0.300453
0.295875
0.279323
0.248449
0.202711
0.100736
0.0416786
0.00403841
-0.0149432
-0.020273
-0.0124494
0.00750984
0.0376406
0.0754894
0.118255
0.162873
0.206136
0.244837
0.275924
0.296664
0.304865
0.299423
0.279939
0.241717
0.182401
0.10619
0.0334855
-0.0116111
-0.0333606
-0.0389572
-0.029681
-0.00712054
0.0262906
0.0678044
0.114464
0.163125
0.210509
0.253285
0.288165
0.312014
0.32206
0.316542
0.294242
0.248301
0.174978
0.0939323
0.00717223
-0.0452556
-0.0689966
-0.0734751
-0.060818
-0.0332758
0.00614669
0.0543112
0.10802
0.163969
0.218728
0.268751
0.310408
0.34003
0.354118
0.350111
0.325871
0.272285
0.184336
0.0596323
-0.0418487
-0.101091
-0.1253
-0.126467
-0.107774
-0.0722899
-0.0237056
0.0343801
0.0984941
0.165156
0.230773
0.29156
0.343484
0.382233
0.403406
0.403425
0.37896
0.318229
0.214737
-0.00203656
-0.119164
-0.184202
-0.206417
-0.201074
-0.17279
-0.125692
-0.0642886
0.00732364
0.0854251
0.166425
0.246643
0.322107
0.388389
0.440457
0.472814
0.480542
0.458642
0.39184
0.2716
-0.0980978
-0.231968
-0.300934
-0.317322
-0.300875
-0.258263
-0.194995
-0.116532
-0.0274449
0.068418
0.167527
0.266299
0.360747
0.446151
0.516746
0.565738
0.586449
0.57147
0.500653
0.36231
-0.238216
-0.389867
-0.459315
-0.463858
-0.429681
-0.366407
-0.281324
-0.18093
-0.0701455
0.0473075
0.168276
0.289612
0.407637
0.5176
0.613115
0.685954
0.727179
0.725913
0.654924
0.49728
-0.436298
-0.606085
-0.669574
-0.652671
-0.591119
-0.498699
-0.384853
-0.257059
-0.120263
0.0223911
0.168636
0.316293
0.462522
0.603035
0.731175
0.837327
0.909828
0.932946
0.868953
0.691726
-0.71358
-0.899398
-0.944698
-0.890864
-0.787851
-0.654982
-0.503986
-0.342913
-0.176069
-0.00528091
0.168821
0.345789
0.52442
0.701705
0.871479
1.0232
1.14232
1.20671
1.16313
0.968976
-1.10503
-1.29728
-1.30074
-1.18488
-1.02002
-0.831984
-0.63416
-0.434038
-0.234063
-0.0336136
0.169334
0.377063
0.591087
0.810926
1.0323
1.24505
1.43243
1.56486
1.5672
1.36721
-1.67261
-1.84051
-1.7557
-1.53745
-1.28214
-1.02083
-0.766127
-0.522483
-0.288416
-0.0592855
0.170839
0.408121
0.658103
0.924545
1.20734
1.4995
1.78483
2.02754
2.12494
1.95306
-2.52803
-2.58722
-2.32553
-1.94252
-1.55887
-1.20423
-0.884442
-0.596185
-0.330899
-0.0779577
0.173769
0.435417
0.717884
1.03122
1.38288
1.77418
2.19596
2.6132
2.89778
2.84434
-3.873
-3.61305
-3.01649
-2.38085
-1.82324
-1.35641
-0.968438
-0.640394
-0.352258
-0.0853297
0.177709
0.45363
0.759662
1.11426
1.53689
2.04545
2.64948
3.33064
3.96436
4.24909
-6.1594
-5.01373
-3.78643
-2.79027
-2.01927
-1.43416
-0.988415
-0.636624
-0.342538
-0.0781302
0.179937
0.453519
0.765972
1.14533
1.62784
2.25901
3.0847
4.13978
5.42507
6.62751
-10.5695
-6.84899
-4.35763
-2.91496
-1.96811
-1.32304
-0.875102
-0.545544
-0.282404
-0.0515929
0.172438
0.412781
0.695027
1.05335
1.53993
2.23475
3.24505
4.76456
7.34526
11.1677
-17.9825
-8.6112
-4.15441
-2.37804
-1.46163
-0.918356
-0.578356
-0.344494
-0.163418
-0.00552883
0.14897
0.317275
0.519134
0.783958
1.16479
1.76026
2.7477
4.62118
9.19196
18.678
)
;

boundaryField
{
    movingWall
    {
        type            zeroGradient;
    }
    fixedWalls
    {
        type            zeroGradient;
    }
    frontAndBack
    {
        type            empty;
    }
}


// ************************************************************************* //
