/*--------------------------------*- C++ -*----------------------------------*\
  =========                 |
  \\      /  F ield         | OpenFOAM: The Open Source CFD Toolbox
   \\    /   O peration     | Website:  https://openfoam.org
    \\  /    A nd           | Version:  6
     \\/     M anipulation  |
\*---------------------------------------------------------------------------*/
FoamFile
{
    version     2.0;
    format      ascii;
    class       volVectorField;
    location    "0.085";
    object      U;
}
// * * * * * * * * * * * * * * * * * * * * * * * * * * * * * * * * * * * * * //

dimensions      [0 1 -1 0 0 0 0];

internalField   nonuniform List<vector> 
400
(
(0.000257253 -0.000253618 0)
(0.000160044 0.000105903 0)
(-0.0011441 0.000565439 0)
(-0.0034541 0.000894703 0)
(-0.00637538 0.00106137 0)
(-0.00949969 0.00107738 0)
(-0.0124587 0.000967458 0)
(-0.0149484 0.000760431 0)
(-0.0167391 0.000485008 0)
(-0.0176771 0.000168652 0)
(-0.0176845 -0.000162062 0)
(-0.0167584 -0.000480596 0)
(-0.0149726 -0.000759574 0)
(-0.0124792 -0.000970188 0)
(-0.00950931 -0.00108229 0)
(-0.00637174 -0.0010661 0)
(-0.00344075 -0.000896915 0)
(-0.00112902 -0.000564098 0)
(0.000169357 -0.000102416 0)
(0.000259766 0.000255547 0)
(-6.70004e-05 -0.000189806 0)
(-0.00156992 0.00161566 0)
(-0.00562707 0.0036133 0)
(-0.0116673 0.00506595 0)
(-0.0188894 0.00579777 0)
(-0.026459 0.00581469 0)
(-0.0335747 0.00520275 0)
(-0.0395459 0.00408658 0)
(-0.0438365 0.00260547 0)
(-0.0460818 0.000902808 0)
(-0.0460956 -0.00087707 0)
(-0.0438729 -0.00258861 0)
(-0.0395919 -0.00408421 0)
(-0.0336139 -0.00521498 0)
(-0.0264781 -0.00583578 0)
(-0.0188834 -0.00581811 0)
(-0.0116421 -0.00507604 0)
(-0.0055972 -0.00360876 0)
(-0.00155012 -0.00160147 0)
(-6.11245e-05 0.000199361 0)
(-0.00051265 0.00103766 0)
(-0.00365364 0.00566795 0)
(-0.0105055 0.0102138 0)
(-0.0199364 0.0134735 0)
(-0.0307802 0.0150613 0)
(-0.0419197 0.014952 0)
(-0.0522764 0.0133172 0)
(-0.0609123 0.0104379 0)
(-0.0670948 0.00664692 0)
(-0.0703239 0.00229874 0)
(-0.0703437 -0.00224313 0)
(-0.0671475 -0.00661064 0)
(-0.0609806 -0.0104333 0)
(-0.0523382 -0.0133448 0)
(-0.0419559 -0.0149995 0)
(-0.030782 -0.015108 0)
(-0.0199095 -0.0134984 0)
(-0.0104681 -0.0102064 0)
(-0.00362653 -0.00563725 0)
(-0.000504018 -0.00101397 0)
(-0.000907259 0.0033827 0)
(-0.0056247 0.0121119 0)
(-0.0152234 0.01992 0)
(-0.027899 0.025326 0)
(-0.0420756 0.0278022 0)
(-0.0563795 0.0273306 0)
(-0.0695207 0.024207 0)
(-0.0803919 0.018912 0)
(-0.0881364 0.0120212 0)
(-0.0921728 0.00415356 0)
(-0.0922037 -0.00405367 0)
(-0.0882204 -0.0119544 0)
(-0.0805055 -0.0188998 0)
(-0.069633 -0.0242515 0)
(-0.0564616 -0.0274124 0)
(-0.0421109 -0.0278865 0)
(-0.0278893 -0.0253763 0)
(-0.0151889 -0.0199153 0)
(-0.00559372 -0.0120633 0)
(-0.000896182 -0.00334032 0)
(-0.00125561 0.00673223 0)
(-0.0074777 0.0208187 0)
(-0.0197783 0.0325545 0)
(-0.0356348 0.0403412 0)
(-0.0530157 0.0436268 0)
(-0.0702828 0.0424869 0)
(-0.0859616 0.0374053 0)
(-0.0988222 0.0291121 0)
(-0.107934 0.0184653 0)
(-0.112674 0.00637961 0)
(-0.112725 -0.00620686 0)
(-0.108077 -0.0183444 0)
(-0.0990229 -0.0290782 0)
(-0.0861748 -0.0374643 0)
(-0.0704628 -0.0426124 0)
(-0.0531306 -0.0437669 0)
(-0.0356767 -0.0404375 0)
(-0.019767 -0.0325686 0)
(-0.00745028 -0.0207585 0)
(-0.00124313 -0.00666911 0)
(-0.00158776 0.0110276 0)
(-0.00930049 0.0317577 0)
(-0.0243135 0.0481178 0)
(-0.0433474 0.0585036 0)
(-0.0638745 0.0624701 0)
(-0.0839796 0.0603024 0)
(-0.102023 0.0527634 0)
(-0.116689 0.0408965 0)
(-0.127019 0.0258812 0)
(-0.132385 0.00894895 0)
(-0.132471 -0.00865211 0)
(-0.127259 -0.0256631 0)
(-0.117036 -0.0408126 0)
(-0.102408 -0.0528284 0)
(-0.0843328 -0.0604834 0)
(-0.0641381 -0.0626942 0)
(-0.043495 -0.0586824 0)
(-0.0243585 -0.0481838 0)
(-0.00929011 -0.0317053 0)
(-0.00157624 -0.0109467 0)
(-0.00193387 0.0162737 0)
(-0.0111945 0.0449674 0)
(-0.0289999 0.0666535 0)
(-0.0512462 0.0798167 0)
(-0.074866 0.0842691 0)
(-0.0976646 0.0806517 0)
(-0.117866 0.0701218 0)
(-0.134123 0.0541129 0)
(-0.145496 0.0341645 0)
(-0.151397 0.0118332 0)
(-0.151531 -0.0113325 0)
(-0.145877 -0.0337804 0)
(-0.134685 -0.0539315 0)
(-0.118513 -0.0701737 0)
(-0.0982869 -0.0809003 0)
(-0.0753695 -0.0846173 0)
(-0.0515735 -0.0801347 0)
(-0.0291494 -0.0668282 0)
(-0.0112219 -0.0449623 0)
(-0.00192739 -0.0161864 0)
(-0.00232236 0.0225344 0)
(-0.0132583 0.0605618 0)
(-0.0339964 0.0882423 0)
(-0.0594899 0.104268 0)
(-0.0860822 0.108899 0)
(-0.111317 0.10332 0)
(-0.133341 0.0892268 0)
(-0.150848 0.0685282 0)
(-0.162996 0.0431569 0)
(-0.169289 0.0149862 0)
(-0.169489 -0.0141701 0)
(-0.163564 -0.0425092 0)
(-0.151699 -0.0681781 0)
(-0.134343 -0.0892315 0)
(-0.112317 -0.103646 0)
(-0.0869337 -0.109422 0)
(-0.0600894 -0.104804 0)
(-0.0343133 -0.0886126 0)
(-0.0133524 -0.0606709 0)
(-0.00232704 -0.0224654 0)
(-0.00278296 0.02993 0)
(-0.0155899 0.0787252 0)
(-0.0394378 0.11298 0)
(-0.0681546 0.131779 0)
(-0.0974414 0.136102 0)
(-0.124634 0.127924 0)
(-0.147907 0.109651 0)
(-0.16611 0.0837635 0)
(-0.178603 0.0526036 0)
(-0.185061 0.0183266 0)
(-0.185337 -0.0170552 0)
(-0.179394 -0.0515665 0)
(-0.167309 -0.0831476 0)
(-0.149349 -0.109555 0)
(-0.126115 -0.128325 0)
(-0.0987534 -0.136855 0)
(-0.0691297 -0.132636 0)
(-0.0399976 -0.113667 0)
(-0.0157875 -0.0790497 0)
(-0.00280726 -0.0299213 0)
(-0.00335448 0.0386403 0)
(-0.0183021 0.0997001 0)
(-0.0454394 0.140928 0)
(-0.0772081 0.16212 0)
(-0.108628 0.165376 0)
(-0.136944 0.153789 0)
(-0.160529 0.130691 0)
(-0.178563 0.099212 0)
(-0.190745 0.0621 0)
(-0.197015 0.0217175 0)
(-0.19737 -0.0198337 0)
(-0.191767 -0.0605279 0)
(-0.180135 -0.0982104 0)
(-0.162458 -0.130415 0)
(-0.138979 -0.154249 0)
(-0.110495 -0.16641 0)
(-0.0786589 -0.163415 0)
(-0.0463235 -0.142086 0)
(-0.0186471 -0.10038 0)
(-0.00340945 -0.0387562 0)
(-0.00409893 0.0489243 0)
(-0.0215511 0.123776 0)
(-0.0521049 0.172038 0)
(-0.0864698 0.194778 0)
(-0.119 0.195819 0)
(-0.147076 0.179814 0)
(-0.169538 0.151243 0)
(-0.186127 0.113954 0)
(-0.197051 0.0710397 0)
(-0.202627 0.0249449 0)
(-0.203044 -0.0222988 0)
(-0.198266 -0.0687867 0)
(-0.188024 -0.112434 0)
(-0.171919 -0.150686 0)
(-0.149664 -0.180282 0)
(-0.121461 -0.197164 0)
(-0.088467 -0.196624 0)
(-0.0533883 -0.173845 0)
(-0.0220917 -0.124993 0)
(-0.0041984 -0.0492555 0)
(-0.00512669 0.0611678 0)
(-0.0255787 0.15128 0)
(-0.0595207 0.206032 0)
(-0.0955188 0.228765 0)
(-0.127424 0.225933 0)
(-0.153159 0.204291 0)
(-0.172421 0.16969 0)
(-0.185798 0.126683 0)
(-0.194194 0.0785733 0)
(-0.198397 0.0276999 0)
(-0.198838 -0.0241885 0)
(-0.195493 -0.0755268 0)
(-0.187865 -0.12452 0)
(-0.175089 -0.168729 0)
(-0.156166 -0.204677 0)
(-0.130408 -0.227566 0)
(-0.0980622 -0.231244 0)
(-0.0612494 -0.208665 0)
(-0.0263613 -0.153243 0)
(-0.00528719 -0.0618339 0)
(-0.00664077 0.0759788 0)
(-0.0307667 0.182539 0)
(-0.0676926 0.242184 0)
(-0.10348 0.262329 0)
(-0.131965 0.253355 0)
(-0.152294 0.224733 0)
(-0.165539 0.183798 0)
(-0.173442 0.135663 0)
(-0.177739 0.0835984 0)
(-0.179741 0.0295732 0)
(-0.180137 -0.0251953 0)
(-0.178922 -0.0797279 0)
(-0.175383 -0.13278 0)
(-0.168152 -0.182307 0)
(-0.155392 -0.224893 0)
(-0.135223 -0.255172 0)
(-0.106437 -0.265436 0)
(-0.0698453 -0.245775 0)
(-0.0318242 -0.185467 0)
(-0.00688094 -0.0771284 0)
(-0.00900638 0.0943526 0)
(-0.0376712 0.217754 0)
(-0.0763142 0.278916 0)
(-0.108546 0.292502 0)
(-0.129321 0.274542 0)
(-0.14005 0.237722 0)
(-0.143764 0.190708 0)
(-0.14357 0.138791 0)
(-0.142047 0.0848189 0)
(-0.140963 0.030078 0)
(-0.141216 -0.0249956 0)
(-0.142832 -0.0802354 0)
(-0.144945 -0.135205 0)
(-0.145777 -0.188596 0)
(-0.142668 -0.237471 0)
(-0.132349 -0.276325 0)
(-0.111571 -0.296086 0)
(-0.0787423 -0.283475 0)
(-0.0389999 -0.221823 0)
(-0.00934444 -0.0961554 0)
(-0.0128139 0.11789 0)
(-0.0468841 0.256601 0)
(-0.0840757 0.313047 0)
(-0.106942 0.314501 0)
(-0.113813 0.284512 0)
(-0.109706 0.238953 0)
(-0.100032 0.187143 0)
(-0.0891863 0.133835 0)
(-0.0803214 0.0809324 0)
(-0.0754104 0.0287236 0)
(-0.0754126 -0.0233102 0)
(-0.0803849 -0.0759429 0)
(-0.0894687 -0.129725 0)
(-0.100747 -0.184412 0)
(-0.111043 -0.238102 0)
(-0.11582 -0.285926 0)
(-0.109396 -0.318203 0)
(-0.0864132 -0.31836 0)
(-0.0483955 -0.261855 0)
(-0.0132576 -0.120514 0)
(-0.0187191 0.149117 0)
(-0.058166 0.297218 0)
(-0.0867994 0.338474 0)
(-0.0908328 0.321009 0)
(-0.0757354 0.276835 0)
(-0.0512647 0.223679 0)
(-0.0249688 0.170012 0)
(-0.0018467 0.118986 0)
(0.0150541 0.0710037 0)
(0.0240516 0.0251628 0)
(0.0243812 -0.0200014 0)
(0.015964 -0.066127 0)
(-0.000587216 -0.114737 0)
(-0.0237173 -0.166834 0)
(-0.0504457 -0.222126 0)
(-0.0757207 -0.277493 0)
(-0.0917543 -0.324249 0)
(-0.0883545 -0.343994 0)
(-0.0595859 -0.303429 0)
(-0.0192315 -0.152674 0)
(-0.0262687 0.192206 0)
(-0.0674207 0.333818 0)
(-0.0730105 0.343736 0)
(-0.0444337 0.301333 0)
(0.00103709 0.244108 0)
(0.0495365 0.187763 0)
(0.0931377 0.137494 0)
(0.127802 0.0937133 0)
(0.151696 0.0550064 0)
(0.164099 0.0194032 0)
(0.164753 -0.0151922 0)
(0.153582 -0.0509096 0)
(0.130687 -0.0899083 0)
(0.096624 -0.134286 0)
(0.053062 -0.18564 0)
(0.00394505 -0.243743 0)
(-0.042724 -0.30343 0)
(-0.072738 -0.348563 0)
(-0.0681301 -0.340318 0)
(-0.0266744 -0.196652 0)
(-0.0286681 0.250106 0)
(-0.0579611 0.349858 0)
(-0.0146283 0.309015 0)
(0.062285 0.242294 0)
(0.14181 0.180543 0)
(0.211582 0.130346 0)
(0.267465 0.0911029 0)
(0.308674 0.0601134 0)
(0.33576 0.0345714 0)
(0.349487 0.0120814 0)
(0.350309 -0.00941923 0)
(0.338184 -0.0318866 0)
(0.312563 -0.0574249 0)
(0.272542 -0.0885262 0)
(0.217373 -0.12817 0)
(0.147606 -0.179321 0)
(0.067197 -0.242856 0)
(-0.0114949 -0.312147 0)
(-0.0569154 -0.355358 0)
(-0.0284566 -0.254841 0)
(0.0136401 0.288402 0)
(0.0297047 0.302273 0)
(0.152938 0.213909 0)
(0.281401 0.142477 0)
(0.381623 0.0942259 0)
(0.455948 0.0622707 0)
(0.509551 0.0408376 0)
(0.546405 0.0257996 0)
(0.569548 0.0144282 0)
(0.580977 0.00494076 0)
(0.581656 -0.0039472 0)
(0.57159 -0.0133705 0)
(0.549816 -0.0246212 0)
(0.514297 -0.0395079 0)
(0.461874 -0.0608336 0)
(0.388349 -0.0929108 0)
(0.288217 -0.141852 0)
(0.158678 -0.214821 0)
(0.0332943 -0.305062 0)
(0.0153876 -0.291422 0)
(0.304632 0.147055 0)
(0.405636 0.127652 0)
(0.568646 0.0748545 0)
(0.68527 0.041989 0)
(0.752864 0.0239896 0)
(0.794097 0.0140451 0)
(0.820526 0.00837935 0)
(0.837347 0.00494386 0)
(0.847386 0.00263705 0)
(0.852177 0.000860075 0)
(0.85239 -0.000753506 0)
(0.848045 -0.00250241 0)
(0.838512 -0.00474746 0)
(0.822296 -0.00807726 0)
(0.796585 -0.0135864 0)
(0.756164 -0.0233479 0)
(0.689392 -0.0412428 0)
(0.573078 -0.0742818 0)
(0.408903 -0.127713 0)
(0.306178 -0.147622 0)
)
;

boundaryField
{
    movingWall
    {
        type            fixedValue;
        value           uniform (1 0 0);
    }
    fixedWalls
    {
        type            noSlip;
    }
    frontAndBack
    {
        type            empty;
    }
}


// ************************************************************************* //
