/*--------------------------------*- C++ -*----------------------------------*\
  =========                 |
  \\      /  F ield         | OpenFOAM: The Open Source CFD Toolbox
   \\    /   O peration     | Website:  https://openfoam.org
    \\  /    A nd           | Version:  6
     \\/     M anipulation  |
\*---------------------------------------------------------------------------*/
FoamFile
{
    version     2.0;
    format      ascii;
    class       surfaceScalarField;
    location    "0.03";
    object      phi;
}
// * * * * * * * * * * * * * * * * * * * * * * * * * * * * * * * * * * * * * //

dimensions      [0 3 -1 0 0 0 0];

internalField   nonuniform List<scalar> 
760
(
2.72466e-09
-2.72484e-09
-3.64311e-08
3.91558e-08
-1.12192e-07
7.57607e-08
-2.08614e-07
9.64222e-08
-3.11212e-07
1.02599e-07
-4.08596e-07
9.73835e-08
-4.9243e-07
8.38342e-08
-5.56939e-07
6.45088e-08
-5.98281e-07
4.13415e-08
-6.14067e-07
1.57856e-08
-6.03124e-07
-1.09422e-08
-5.65522e-07
-3.76026e-08
-5.0283e-07
-6.26921e-08
-4.18591e-07
-8.42389e-08
-3.18919e-07
-9.96716e-08
-2.13062e-07
-1.05857e-07
-1.13618e-07
-9.94436e-08
-3.6101e-08
-7.75167e-08
3.26133e-09
-3.93623e-08
3.26148e-09
-3.79009e-08
3.5176e-08
-1.59516e-07
1.60771e-07
-3.48544e-07
2.64789e-07
-5.77174e-07
3.25052e-07
-8.17146e-07
3.42571e-07
-1.04433e-06
3.24569e-07
-1.24e-06
2.79504e-07
-1.39057e-06
2.15075e-07
-1.48676e-06
1.37537e-07
-1.52286e-06
5.18819e-08
-1.49624e-06
-3.75653e-08
-1.40742e-06
-1.26417e-07
-1.26059e-06
-2.09522e-07
-1.06443e-06
-2.804e-07
-8.33125e-07
-3.30978e-07
-5.8706e-07
-3.51922e-07
-3.52568e-07
-3.33936e-07
-1.59811e-07
-2.70274e-07
-3.72631e-08
-1.6191e-07
-3.40016e-08
-7.67479e-08
1.11924e-07
-2.74335e-07
3.58359e-07
-5.58405e-07
5.48859e-07
-8.90537e-07
6.57184e-07
-1.23362e-06
6.85652e-07
-1.55586e-06
6.46813e-07
-1.83227e-06
5.55911e-07
-2.04446e-06
4.27262e-07
-2.17977e-06
2.72847e-07
-2.23035e-06
1.02468e-07
-2.19266e-06
-7.52579e-08
-2.06747e-06
-2.51606e-07
-1.86055e-06
-4.16448e-07
-1.5837e-06
-5.57241e-07
-1.25604e-06
-6.58646e-07
-9.04676e-07
-7.03282e-07
-5.64362e-07
-6.7425e-07
-2.74899e-07
-5.59737e-07
-7.58364e-08
-3.60972e-07
-1.09838e-07
-1.07539e-07
2.19463e-07
-3.72106e-07
6.22925e-07
-7.40782e-07
9.17536e-07
-1.16301e-06
1.07941e-06
-1.59333e-06
1.11598e-06
-1.99403e-06
1.04751e-06
-2.33587e-06
8.9776e-07
-2.59756e-06
6.88947e-07
-2.76445e-06
4.39733e-07
-2.82741e-06
1.65435e-07
-2.78219e-06
-1.2048e-07
-2.62941e-06
-4.04391e-07
-2.37537e-06
-6.70484e-07
-2.03346e-06
-8.99151e-07
-1.62572e-06
-1.06639e-06
-1.18405e-06
-1.14495e-06
-7.50149e-07
-1.10815e-06
-3.73358e-07
-9.36528e-07
-1.06254e-07
-6.28077e-07
-2.16092e-07
-1.34041e-07
3.53505e-07
-4.61074e-07
9.49957e-07
-9.10758e-07
1.36722e-06
-1.41919e-06
1.58784e-06
-1.9319e-06
1.62869e-06
-2.40546e-06
1.52107e-06
-2.8073e-06
1.29959e-06
-3.11421e-06
9.9586e-07
-3.3105e-06
6.36024e-07
-3.38631e-06
2.41243e-07
-3.33668e-06
-1.70113e-07
-3.16156e-06
-5.79505e-07
-2.86685e-06
-9.65194e-07
-2.46622e-06
-1.29978e-06
-1.98345e-06
-1.54915e-06
-1.45451e-06
-1.67389e-06
-9.28301e-07
-1.63436e-06
-4.65204e-07
-1.39962e-06
-1.32842e-07
-9.60439e-07
-3.48934e-07
-1.60613e-07
5.14118e-07
-5.5246e-07
1.3418e-06
-1.08729e-06
1.90205e-06
-1.68621e-06
2.18676e-06
-2.28452e-06
2.22699e-06
-2.83279e-06
2.06934e-06
-3.29551e-06
1.76231e-06
-3.6484e-06
1.34875e-06
-3.87543e-06
8.6306e-07
-3.96644e-06
3.32249e-07
-3.9157e-06
-2.20847e-07
-3.72191e-06
-7.73297e-07
-3.38944e-06
-1.29766e-06
-2.93096e-06
-1.75827e-06
-2.37087e-06
-2.10923e-06
-1.74885e-06
-2.29592e-06
-1.12195e-06
-2.26126e-06
-5.63975e-07
-1.9576e-06
-1.6067e-07
-1.36374e-06
-5.09604e-07
-1.91338e-07
7.05456e-07
-6.57666e-07
1.80813e-06
-1.28955e-06
2.53394e-06
-1.99023e-06
2.88745e-06
-2.68315e-06
2.9199e-06
-3.31253e-06
2.69872e-06
-3.84051e-06
2.2903e-06
-4.24271e-06
1.75094e-06
-4.50371e-06
1.12406e-06
-4.61359e-06
4.42129e-07
-4.56585e-06
-2.68586e-07
-4.35717e-06
-9.81979e-07
-3.98905e-06
-1.66579e-06
-3.47139e-06
-2.27593e-06
-2.82761e-06
-2.75301e-06
-2.10032e-06
-3.02321e-06
-1.35569e-06
-3.00589e-06
-6.84172e-07
-2.62912e-06
-1.94776e-07
-1.85314e-06
-7.0438e-07
-2.30177e-07
9.35634e-07
-7.87906e-07
2.36586e-06
-1.53586e-06
3.28189e-06
-2.35492e-06
3.7065e-06
-3.15466e-06
3.71965e-06
-3.87304e-06
3.4171e-06
-4.47105e-06
2.88831e-06
-4.92583e-06
2.20573e-06
-5.2241e-06
1.42233e-06
-5.35712e-06
5.75152e-07
-5.31776e-06
-3.07953e-07
-5.09985e-06
-1.19988e-06
-4.70025e-06
-2.06538e-06
-4.12353e-06
-2.85265e-06
-3.38934e-06
-3.48721e-06
-2.54128e-06
-3.87127e-06
-1.65495e-06
-3.89222e-06
-8.41289e-07
-3.44278e-06
-2.40512e-07
-2.45392e-06
-9.44893e-07
-2.81322e-07
1.21696e-06
-9.54534e-07
3.03907e-06
-1.84347e-06
4.17084e-06
-2.80024e-06
4.66327e-06
-3.71863e-06
4.63804e-06
-4.53129e-06
4.22976e-06
-5.20053e-06
3.55755e-06
-5.7078e-06
2.71299e-06
-6.04432e-06
1.75885e-06
-6.20413e-06
7.34969e-07
-6.17998e-06
-3.32108e-07
-5.96211e-06
-1.41775e-06
-5.54049e-06
-2.48701e-06
-4.91073e-06
-3.48241e-06
-4.08419e-06
-4.31375e-06
-3.10135e-06
-4.85411e-06
-2.04567e-06
-4.9479e-06
-1.05243e-06
-4.43602e-06
-3.04109e-07
-3.20224e-06
-1.249e-06
-3.49729e-07
1.56668e-06
-1.16956e-06
3.8589e-06
-2.22797e-06
5.22925e-06
-3.34015e-06
5.77545e-06
-4.38297e-06
5.68086e-06
-5.28666e-06
5.13344e-06
-6.01925e-06
4.29014e-06
-6.57086e-06
3.2646e-06
-6.9408e-06
2.12879e-06
-7.12836e-06
9.22527e-07
-7.12726e-06
-3.33204e-07
-6.92372e-06
-1.62129e-06
-6.49838e-06
-2.91235e-06
-5.83324e-06
-4.14754e-06
-4.92462e-06
-5.22237e-06
-3.80233e-06
-5.9764e-06
-2.55249e-06
-6.19774e-06
-1.33664e-06
-5.65187e-06
-3.9337e-07
-4.14551e-06
-1.64237e-06
-4.41792e-07
2.00848e-06
-1.44577e-06
4.86288e-06
-2.70116e-06
6.48464e-06
-3.97711e-06
7.0514e-06
-5.13507e-06
6.83882e-06
-6.10915e-06
6.10752e-06
-6.88033e-06
5.06132e-06
-7.45375e-06
3.83802e-06
-7.84164e-06
2.51668e-06
-8.05188e-06
1.13277e-06
-8.08114e-06
-3.0394e-07
-7.91188e-06
-1.79055e-06
-7.5135e-06
-3.31073e-06
-6.84924e-06
-4.81181e-06
-5.89137e-06
-6.18023e-06
-4.64695e-06
-7.22082e-06
-3.19306e-06
-7.65164e-06
-1.71378e-06
-7.13114e-06
-5.1832e-07
-5.34097e-06
-2.16069e-06
-5.66275e-07
2.57475e-06
-1.79607e-06
6.09267e-06
-3.26577e-06
7.95434e-06
-4.69125e-06
8.47688e-06
-5.92598e-06
8.07355e-06
-6.91987e-06
7.10141e-06
-7.67782e-06
5.81927e-06
-8.22825e-06
4.38845e-06
-8.60199e-06
2.89042e-06
-8.81941e-06
1.3502e-06
-8.8829e-06
-2.40457e-07
-8.77276e-06
-1.90069e-06
-8.44678e-06
-3.63671e-06
-7.84533e-06
-5.41325e-06
-6.90669e-06
-7.11888e-06
-5.59799e-06
-8.52952e-06
-3.96575e-06
-9.28387e-06
-2.20083e-06
-8.89607e-06
-6.91793e-07
-6.85001e-06
-2.85249e-06
-7.35938e-07
3.31069e-06
-2.23123e-06
7.58796e-06
-3.90499e-06
9.6281e-06
-5.42114e-06
9.99303e-06
-6.64477e-06
9.29717e-06
-7.56193e-06
8.01858e-06
-8.21647e-06
6.47381e-06
-8.66917e-06
4.84115e-06
-8.97459e-06
3.19583e-06
-9.16884e-06
1.54445e-06
-9.263e-06
-1.46296e-07
-9.23861e-06
-1.92508e-06
-9.04465e-06
-3.83067e-06
-8.59838e-06
-5.85952e-06
-7.79623e-06
-7.92103e-06
-6.5453e-06
-9.78045e-06
-4.82774e-06
-1.10014e-05
-2.80361e-06
-1.09202e-05
-9.30023e-07
-8.72359e-06
-3.78251e-06
-9.70499e-07
4.28119e-06
-2.75432e-06
9.37178e-06
-4.56199e-06
1.14358e-05
-6.03126e-06
1.14623e-05
-7.07997e-06
1.03459e-05
-7.76153e-06
8.70014e-06
-8.17592e-06
6.8882e-06
-8.42312e-06
5.08835e-06
-8.58277e-06
3.35549e-06
-8.70695e-06
1.66863e-06
-8.81728e-06
-3.59668e-08
-8.9014e-06
-1.84097e-06
-8.90714e-06
-3.82494e-06
-8.73607e-06
-6.03059e-06
-8.24346e-06
-8.41364e-06
-7.25983e-06
-1.07641e-05
-5.65901e-06
-1.26023e-05
-3.50039e-06
-1.30788e-05
-1.25283e-06
-1.09711e-05
-5.03534e-06
-1.30002e-06
5.58121e-06
-3.34432e-06
1.14161e-05
-5.09853e-06
1.319e-05
-6.25686e-06
1.26206e-05
-6.8644e-06
1.09534e-05
-7.08148e-06
8.91723e-06
-7.07674e-06
6.88346e-06
-6.98701e-06
4.99862e-06
-6.90954e-06
3.27801e-06
-6.90591e-06
1.665e-06
-7.00657e-06
6.4693e-08
-7.21045e-06
-1.63708e-06
-7.47714e-06
-3.55824e-06
-7.71156e-06
-5.79618e-06
-7.74586e-06
-8.37934e-06
-7.33522e-06
-1.11747e-05
-6.2044e-06
-1.37331e-05
-4.20669e-06
-1.50765e-05
-1.67923e-06
-1.34986e-05
-6.71457e-06
-1.75749e-06
7.3387e-06
-3.90051e-06
1.35591e-05
-5.20229e-06
1.44918e-05
-5.60751e-06
1.30259e-05
-5.39861e-06
1.07445e-05
-4.87384e-06
8.39246e-06
-4.26163e-06
6.27125e-06
-3.71312e-06
4.45011e-06
-3.32059e-06
2.88548e-06
-3.13868e-06
1.48308e-06
-3.19891e-06
1.24928e-07
-3.51448e-06
-1.32152e-06
-4.07286e-06
-2.99986e-06
-4.81355e-06
-5.05549e-06
-5.58935e-06
-7.60353e-06
-6.1203e-06
-1.06438e-05
-5.97797e-06
-1.38754e-05
-4.69224e-06
-1.63623e-05
-2.19978e-06
-1.59911e-05
-8.91435e-06
-2.31891e-06
9.65761e-06
-4.06675e-06
1.53069e-05
-4.17543e-06
1.46004e-05
-3.19688e-06
1.20473e-05
-1.75054e-06
9.29816e-06
-2.45898e-07
6.88782e-06
1.08768e-06
4.93767e-06
2.1392e-06
3.39859e-06
2.86138e-06
2.1633e-06
3.23237e-06
1.1121e-06
3.23329e-06
1.24001e-07
2.83879e-06
-9.27016e-07
2.02034e-06
-2.18141e-06
7.67671e-07
-3.80282e-06
-8.61015e-07
-5.97484e-06
-2.64985e-06
-8.85492e-06
-4.10749e-06
-1.24178e-05
-4.39755e-06
-1.60722e-05
-2.67918e-06
-1.77094e-05
-1.15935e-05
-2.67147e-06
1.23291e-05
-2.7348e-06
1.53703e-05
-4.73777e-07
1.23394e-05
2.54062e-06
9.03291e-06
5.45469e-06
6.38409e-06
7.92847e-06
4.41404e-06
9.86793e-06
2.99821e-06
1.12848e-05
1.98173e-06
1.22218e-05
1.22632e-06
1.27135e-05
6.20352e-07
1.27673e-05
7.02248e-08
1.23535e-05
-5.13207e-07
1.14026e-05
-1.23055e-06
9.81337e-06
-2.21357e-06
7.48719e-06
-3.64866e-06
4.42289e-06
-5.79061e-06
9.21486e-07
-8.91636e-06
-2.05147e-06
-1.30993e-05
-2.60282e-06
-1.71581e-05
-1.41963e-05
-1.05564e-06
1.33847e-05
3.46814e-06
1.08465e-05
9.21176e-06
6.59581e-06
1.418e-05
4.06464e-06
1.802e-05
2.54408e-06
2.08376e-05
1.59644e-06
2.28327e-05
1.00312e-06
2.41905e-05
6.24013e-07
2.50488e-05
3.68004e-07
2.54923e-05
1.76785e-07
2.55527e-05
9.82966e-09
2.52067e-05
-1.67215e-07
2.43691e-05
-3.92938e-07
2.28793e-05
-7.23781e-07
2.04879e-05
-1.25725e-06
1.68713e-05
-2.17403e-06
1.17644e-05
-3.80939e-06
5.41772e-06
-6.7526e-06
-1.18348e-07
-1.1622e-05
-1.43147e-05
1.33847e-05
2.42312e-05
3.0827e-05
3.48917e-05
3.74357e-05
3.90322e-05
4.00353e-05
4.06593e-05
4.10273e-05
4.12041e-05
4.12139e-05
4.10467e-05
4.06538e-05
3.993e-05
3.86727e-05
3.64987e-05
3.26893e-05
2.59367e-05
1.43147e-05
)
;

boundaryField
{
    movingWall
    {
        type            calculated;
        value           uniform 0;
    }
    fixedWalls
    {
        type            calculated;
        value           uniform 0;
    }
    frontAndBack
    {
        type            empty;
        value           nonuniform 0();
    }
}


// ************************************************************************* //
