/*--------------------------------*- C++ -*----------------------------------*\
  =========                 |
  \\      /  F ield         | OpenFOAM: The Open Source CFD Toolbox
   \\    /   O peration     | Website:  https://openfoam.org
    \\  /    A nd           | Version:  6
     \\/     M anipulation  |
\*---------------------------------------------------------------------------*/
FoamFile
{
    version     2.0;
    format      ascii;
    class       volScalarField;
    location    "0.03";
    object      p;
}
// * * * * * * * * * * * * * * * * * * * * * * * * * * * * * * * * * * * * * //

dimensions      [0 2 -2 0 0 0 0];

internalField   nonuniform List<scalar> 
400
(
5.86712e-08
-0.00346392
-0.00710443
-0.00911126
-0.00863655
-0.00540184
0.000483888
0.00865686
0.0185955
0.0296781
0.041217
0.0524841
0.0627385
0.0712678
0.0774494
0.0808433
0.0813187
0.0792017
0.075441
0.0719364
0.00341293
-0.000152388
-0.0029405
-0.00408591
-0.00322382
-0.000141991
0.00510767
0.0122569
0.0208923
0.0305
0.0404974
0.050263
0.059169
0.0666242
0.0721287
0.0753484
0.0762114
0.074968
0.0720712
0.0684732
0.00727734
0.00240791
-0.000646994
-0.00165655
-0.000723416
0.00225004
0.00719365
0.0138585
0.0218755
0.0307856
0.0400636
0.0491447
0.0574555
0.0644536
0.0696751
0.0727963
0.0737205
0.072582
0.0693761
0.0644461
0.0100786
0.00348323
-0.000379676
-0.00164559
-0.000794275
0.00215739
0.00708711
0.0137213
0.0216911
0.0305517
0.0397962
0.0488749
0.0572218
0.0642884
0.0695854
0.0727388
0.073583
0.0721367
0.0680395
0.061315
0.0110138
0.00260191
-0.00222974
-0.00385426
-0.00306889
5.27592e-06
0.00518363
0.0121485
0.0205087
0.0298106
0.0395416
0.0491416
0.0580222
0.0655948
0.0713067
0.0746981
0.0755104
0.0736505
0.0684628
0.0597945
0.00952833
-0.00082409
-0.00671313
-0.00869415
-0.00786573
-0.0044529
0.00128736
0.00897786
0.0181883
0.0284392
0.0391952
0.0498665
0.0598191
0.0683954
0.0749451
0.0788858
0.0798353
0.0775752
0.0711619
0.0603317
0.00511762
-0.00741854
-0.0144465
-0.0167105
-0.0156468
-0.0116022
-0.00492237
0.00393979
0.0145017
0.0262476
0.0386095
0.0509568
0.0625936
0.0727689
0.0806996
0.0856352
0.0870235
0.0844777
0.0767055
0.0633302
-0.00282999
-0.0179248
-0.0261679
-0.02856
-0.0269721
-0.0219127
-0.0138424
-0.00330706
0.00914992
0.0229741
0.0375659
0.0522536
0.0662747
0.0787672
0.0887802
0.0953387
0.0976491
0.0950718
0.0858214
0.0693338
-0.0151786
-0.0333301
-0.0428317
-0.0450798
-0.0425473
-0.0359732
-0.0259691
-0.0131922
0.00175034
0.018274
0.0357625
0.0535197
0.0707269
0.0864083
0.0994137
0.108476
0.112459
0.110328
0.0995513
0.0792105
-0.0331963
-0.0549936
-0.0656931
-0.067327
-0.0632301
-0.0544746
-0.04187
-0.0262022
-0.00813536
0.0117387
0.0328204
0.0544284
0.0757245
0.0956396
0.11281
0.125605
0.132409
0.131578
0.119425
0.0943692
-0.0587548
-0.0848097
-0.0963973
-0.0965979
-0.0899982
-0.0781466
-0.062104
-0.0427951
-0.0209198
0.00296438
0.0283324
0.054587
0.0809449
0.106306
0.129116
0.147327
0.158686
0.160631
0.147692
0.117063
-0.0946417
-0.125438
-0.137077
-0.134411
-0.123856
-0.10762
-0.0870612
-0.0632345
-0.0368302
-0.00830267
0.0219846
0.0536257
0.086016
0.118152
0.148384
0.174253
0.192723
0.199912
0.187643
0.150867
-0.145115
-0.180649
-0.190437
-0.182404
-0.165625
-0.143164
-0.116686
-0.0873166
-0.0556491
-0.0219285
0.0137666
0.05137
0.0906389
0.130881
0.170565
0.206959
0.236191
0.252623
0.244088
0.201494
-0.217023
-0.255864
-0.25975
-0.242035
-0.21552
-0.184237
-0.150047
-0.113985
-0.0763746
-0.0370901
0.00423891
0.0480733
0.0947692
0.144256
0.195505
0.24589
0.290907
0.322872
0.324086
0.278338
-0.322141
-0.358945
-0.348532
-0.313834
-0.272344
-0.22877
-0.184762
-0.140889
-0.0968922
-0.0520261
-0.00526586
0.0445842
0.0987436
0.158152
0.222856
0.291088
0.35846
0.415555
0.43792
0.39739
-0.481437
-0.500914
-0.459575
-0.396144
-0.332374
-0.272354
-0.216509
-0.164161
-0.113926
-0.0640909
-0.0127421
0.0422411
0.103178
0.172422
0.25183
0.34173
0.439495
0.535639
0.599694
0.585649
-0.733043
-0.695922
-0.593235
-0.484001
-0.388804
-0.308159
-0.239334
-0.178977
-0.123729
-0.0704722
-0.0162009
0.0422451
0.108428
0.186453
0.280839
0.395753
0.533002
0.686734
0.827145
0.888399
-1.16343
-0.960996
-0.739772
-0.56361
-0.428869
-0.325937
-0.245821
-0.180349
-0.123162
-0.0694264
-0.0150405
0.044079
0.112644
0.196652
0.304087
0.445091
0.629675
0.863717
1.14402
1.40255
-2.00481
-1.30454
-0.842155
-0.583418
-0.41675
-0.302934
-0.222475
-0.16094
-0.108931
-0.0604872
-0.0111612
0.0432643
0.107822
0.189615
0.299747
0.455565
0.680718
1.01499
1.56782
2.36945
-3.45498
-1.62859
-0.785149
-0.469316
-0.312621
-0.220184
-0.161416
-0.118449
-0.0815496
-0.0457127
-0.00777708
0.0351339
0.0866974
0.15281
0.244366
0.382291
0.605907
1.01789
1.97623
3.91672
)
;

boundaryField
{
    movingWall
    {
        type            zeroGradient;
    }
    fixedWalls
    {
        type            zeroGradient;
    }
    frontAndBack
    {
        type            empty;
    }
}


// ************************************************************************* //
