/*--------------------------------*- C++ -*----------------------------------*\
  =========                 |
  \\      /  F ield         | OpenFOAM: The Open Source CFD Toolbox
   \\    /   O peration     | Website:  https://openfoam.org
    \\  /    A nd           | Version:  6
     \\/     M anipulation  |
\*---------------------------------------------------------------------------*/
FoamFile
{
    version     2.0;
    format      ascii;
    class       volVectorField;
    location    "0.03";
    object      U;
}
// * * * * * * * * * * * * * * * * * * * * * * * * * * * * * * * * * * * * * //

dimensions      [0 1 -1 0 0 0 0];

internalField   nonuniform List<vector> 
400
(
(0.00013724 -0.000135593 0)
(-8.90816e-05 0.000177839 0)
(-0.0012421 0.000506788 0)
(-0.0030674 0.000710663 0)
(-0.00523115 0.000790391 0)
(-0.00744612 0.000769525 0)
(-0.00948185 0.000673122 0)
(-0.0111644 0.000523098 0)
(-0.0123703 0.00033681 0)
(-0.013018 0.000127942 0)
(-0.0130618 -9.15904e-05 0)
(-0.0124903 -0.00030953 0)
(-0.0113298 -0.000511311 0)
(-0.0096516 -0.000678557 0)
(-0.00758154 -0.000788406 0)
(-0.00530871 -0.000814381 0)
(-0.00308672 -0.000729761 0)
(-0.00122492 -0.000513729 0)
(-6.67336e-05 -0.000173 0)
(0.000146165 0.000142421 0)
(-0.000154091 6.83932e-05 0)
(-0.00152145 0.00154427 0)
(-0.00476977 0.00294509 0)
(-0.0093132 0.00383601 0)
(-0.0144993 0.00418222 0)
(-0.0197484 0.00405259 0)
(-0.0245591 0.00354395 0)
(-0.028533 0.00275358 0)
(-0.0313778 0.00176727 0)
(-0.0328983 0.000658985 0)
(-0.0329868 -0.000503435 0)
(-0.0316211 -0.00165036 0)
(-0.0288712 -0.00270266 0)
(-0.0249122 -0.00356653 0)
(-0.0200398 -0.00413309 0)
(-0.0146803 -0.00428613 0)
(-0.00937825 -0.00392188 0)
(-0.00475596 -0.00298229 0)
(-0.00148655 -0.00153158 0)
(-0.000138696 -4.2548e-05 0)
(-0.000481647 0.00117921 0)
(-0.00301986 0.00480214 0)
(-0.00821564 0.00793637 0)
(-0.0150672 0.00991579 0)
(-0.0226666 0.0106497 0)
(-0.0302517 0.0102608 0)
(-0.0371535 0.0089531 0)
(-0.0428322 0.00694738 0)
(-0.0468884 0.00444978 0)
(-0.0490535 0.00164565 0)
(-0.0491793 -0.00129114 0)
(-0.047236 -0.00418219 0)
(-0.04332 -0.00682862 0)
(-0.0376708 -0.00900107 0)
(-0.0306903 -0.0104422 0)
(-0.0229534 -0.0108887 0)
(-0.0151867 -0.01012 0)
(-0.00821324 -0.00803523 0)
(-0.00297612 -0.00478677 0)
(-0.000460348 -0.00112556 0)
(-0.000746165 0.00306926 0)
(-0.00434014 0.00969597 0)
(-0.011363 0.0150133 0)
(-0.0203472 0.0182696 0)
(-0.0301097 0.0193775 0)
(-0.0397275 0.01855 0)
(-0.0484066 0.0161298 0)
(-0.055512 0.0124919 0)
(-0.0605771 0.00799176 0)
(-0.0632883 0.00295328 0)
(-0.0634704 -0.00231774 0)
(-0.0610831 -0.00750766 0)
(-0.0562314 -0.0122685 0)
(-0.0491863 -0.0162019 0)
(-0.0404125 -0.0188641 0)
(-0.0305869 -0.0198052 0)
(-0.0205794 -0.0186491 0)
(-0.0114004 -0.0152142 0)
(-0.00429318 -0.00968973 0)
(-0.000717659 -0.00297853 0)
(-0.000971961 0.00561399 0)
(-0.00556119 0.0160748 0)
(-0.0143818 0.0240033 0)
(-0.0254773 0.028674 0)
(-0.0373577 0.0300915 0)
(-0.0489298 0.0286215 0)
(-0.0592877 0.0247907 0)
(-0.0677255 0.0191597 0)
(-0.0737349 0.0122548 0)
(-0.0769763 0.00455262 0)
(-0.0772553 -0.00349881 0)
(-0.0745161 -0.0114406 0)
(-0.0688531 -0.0187616 0)
(-0.0605411 -0.024872 0)
(-0.0500764 -0.0291088 0)
(-0.0382131 -0.0307896 0)
(-0.025959 -0.0293253 0)
(-0.0145349 -0.0243852 0)
(-0.00553607 -0.0161143 0)
(-0.000938647 -0.00548253 0)
(-0.00119609 0.00878269 0)
(-0.00681855 0.0239541 0)
(-0.0175403 0.0349703 0)
(-0.030872 0.0412034 0)
(-0.0449751 0.0428462 0)
(-0.058568 0.0405011 0)
(-0.070636 0.0349408 0)
(-0.0804197 0.0269522 0)
(-0.08739 0.0172538 0)
(-0.0911978 0.00648247 0)
(-0.0916354 -0.00477254 0)
(-0.0886239 -0.0159089 0)
(-0.0822269 -0.0262478 0)
(-0.0726935 -0.0349901 0)
(-0.0605205 -0.0412149 0)
(-0.0465197 -0.0439449 0)
(-0.0318398 -0.042294 0)
(-0.0179497 -0.0356852 0)
(-0.00686838 -0.0241286 0)
(-0.00116595 -0.0086241 0)
(-0.00145361 0.0126275 0)
(-0.0082531 0.0334789 0)
(-0.021123 0.0481085 0)
(-0.0369495 0.05605 0)
(-0.0534874 0.0577977 0)
(-0.069248 0.0542985 0)
(-0.0831158 0.0466525 0)
(-0.0943004 0.0359231 0)
(-0.102278 0.0230427 0)
(-0.106712 0.00880775 0)
(-0.107388 -0.00606388 0)
(-0.104198 -0.0208422 0)
(-0.097149 -0.0346885 0)
(-0.0864277 -0.0465816 0)
(-0.0724897 -0.0552991 0)
(-0.0561722 -0.0594877 0)
(-0.0387606 -0.0578476 0)
(-0.0220114 -0.0494209 0)
(-0.00846792 -0.0339666 0)
(-0.00144219 -0.0124897 0)
(-0.00177827 0.017278 0)
(-0.010003 0.0449268 0)
(-0.0254028 0.0637376 0)
(-0.044085 0.0734978 0)
(-0.06332 0.0751562 0)
(-0.0814018 0.0701472 0)
(-0.0971376 0.0600033 0)
(-0.109746 0.0461242 0)
(-0.118751 0.0296758 0)
(-0.123858 0.0116037 0)
(-0.124865 -0.00727525 0)
(-0.121625 -0.0261378 0)
(-0.114064 -0.0440105 0)
(-0.102253 -0.0596494 0)
(-0.0865442 -0.071487 0)
(-0.0677403 -0.0776937 0)
(-0.0472324 -0.0763984 0)
(-0.0270925 -0.0660691 0)
(-0.0105208 -0.0460399 0)
(-0.00181171 -0.0172657 0)
(-0.00220558 0.0229405 0)
(-0.012205 0.058703 0)
(-0.030627 0.0822821 0)
(-0.0525709 0.0938793 0)
(-0.0747304 0.095123 0)
(-0.0951918 0.0881309 0)
(-0.112739 0.0750022 0)
(-0.126669 0.0575416 0)
(-0.136619 0.0371623 0)
(-0.142388 0.0149324 0)
(-0.143813 -0.00828302 0)
(-0.14071 -0.0316281 0)
(-0.132888 -0.0540466 0)
(-0.12024 -0.0740943 0)
(-0.10292 -0.0898247 0)
(-0.0815953 -0.0988175 0)
(-0.057679 -0.0984233 0)
(-0.0335513 -0.0862556 0)
(-0.0132242 -0.0609407 0)
(-0.00232492 -0.0232439 0)
(-0.0027785 0.0298997 0)
(-0.015003 0.0753245 0)
(-0.0370057 0.104218 0)
(-0.0625673 0.117486 0)
(-0.087711 0.117777 0)
(-0.110369 0.108163 0)
(-0.129406 0.0914763 0)
(-0.144309 0.0700004 0)
(-0.154926 0.0453958 0)
(-0.161223 0.0188039 0)
(-0.163117 -0.00894148 0)
(-0.160399 -0.0370456 0)
(-0.152734 -0.0644594 0)
(-0.13976 -0.0895995 0)
(-0.121309 -0.110136 0)
(-0.0977457 -0.122947 0)
(-0.0703429 -0.124345 0)
(-0.0417022 -0.110687 0)
(-0.0167927 -0.0794283 0)
(-0.00304539 -0.0308322 0)
(-0.0035575 0.0385315 0)
(-0.0185613 0.0953954 0)
(-0.0446948 0.129987 0)
(-0.0740228 0.144427 0)
(-0.101841 0.142907 0)
(-0.126064 0.129817 0)
(-0.145819 0.10892 0)
(-0.160948 0.0830414 0)
(-0.171641 0.0540626 0)
(-0.178124 0.0231188 0)
(-0.180458 -0.00910083 0)
(-0.178432 -0.0419946 0)
(-0.171552 -0.0746587 0)
(-0.159132 -0.10549 0)
(-0.140531 -0.131832 0)
(-0.115579 -0.149782 0)
(-0.0851258 -0.154328 0)
(-0.0517579 -0.140018 0)
(-0.0214643 -0.102392 0)
(-0.00406128 -0.0405736 0)
(-0.00463996 0.0493321 0)
(-0.0230905 0.119567 0)
(-0.0537623 0.159843 0)
(-0.0865421 0.174406 0)
(-0.116055 0.169767 0)
(-0.140487 0.152103 0)
(-0.159514 0.126309 0)
(-0.173558 0.0957759 0)
(-0.183304 0.0625357 0)
(-0.189342 0.0275966 0)
(-0.191941 -0.0086427 0)
(-0.19094 -0.0459412 0)
(-0.185702 -0.0837289 0)
(-0.175172 -0.120578 0)
(-0.158095 -0.153664 0)
(-0.133485 -0.178324 0)
(-0.10133 -0.187959 0)
(-0.0637218 -0.174616 0)
(-0.0275064 -0.130773 0)
(-0.00550563 -0.0531805 0)
(-0.00619849 0.0629839 0)
(-0.028889 0.148466 0)
(-0.0641157 0.193606 0)
(-0.0991536 0.206379 0)
(-0.12829 0.196739 0)
(-0.150512 0.17319 0)
(-0.166467 0.141896 0)
(-0.177416 0.106747 0)
(-0.184684 0.069779 0)
(-0.189297 0.0317061 0)
(-0.191795 -0.0075308 0)
(-0.192122 -0.0482357 0)
(-0.189563 -0.0903964 0)
(-0.182729 -0.133038 0)
(-0.169681 -0.173465 0)
(-0.148336 -0.206471 0)
(-0.117249 -0.223768 0)
(-0.0771902 -0.214155 0)
(-0.0352159 -0.165398 0)
(-0.00759248 -0.0695961 0)
(-0.00854968 0.0804855 0)
(-0.0363931 0.182537 0)
(-0.0753124 0.230218 0)
(-0.109864 0.23804 0)
(-0.134902 0.220907 0)
(-0.151105 0.19012 0)
(-0.160611 0.153058 0)
(-0.165752 0.113864 0)
(-0.168547 0.0743171 0)
(-0.170451 0.0346336 0)
(-0.17227 -0.00586479 0)
(-0.174116 -0.0481848 0)
(-0.17532 -0.0930862 0)
(-0.174318 -0.140375 0)
(-0.168586 -0.187953 0)
(-0.154814 -0.230585 0)
(-0.129533 -0.258577 0)
(-0.090963 -0.25695 0)
(-0.0448727 -0.206643 0)
(-0.0106702 -0.0910912 0)
(-0.0122374 0.103358 0)
(-0.046122 0.221662 0)
(-0.0860037 0.266977 0)
(-0.114728 0.265113 0)
(-0.12969 0.237614 0)
(-0.134517 0.198651 0)
(-0.133319 0.156335 0)
(-0.129527 0.114528 0)
(-0.125689 0.0743664 0)
(-0.123507 0.0353517 0)
(-0.123945 -0.00391135 0)
(-0.127302 -0.0451921 0)
(-0.133134 -0.0901428 0)
(-0.140029 -0.139648 0)
(-0.145271 -0.19279 0)
(-0.144572 -0.245209 0)
(-0.132135 -0.286763 0)
(-0.102202 -0.298936 0)
(-0.0564632 -0.253727 0)
(-0.0152417 -0.119357 0)
(-0.0179563 0.134006 0)
(-0.0580329 0.264248 0)
(-0.0923012 0.298207 0)
(-0.105849 0.280467 0)
(-0.102194 0.240214 0)
(-0.0891989 0.193473 0)
(-0.0729462 0.147873 0)
(-0.0574961 0.10612 0)
(-0.0453905 0.068236 0)
(-0.0381353 0.0328604 0)
(-0.0365937 -0.00207293 0)
(-0.0411945 -0.0389662 0)
(-0.0519086 -0.0802727 0)
(-0.0679524 -0.128064 0)
(-0.0871897 -0.183145 0)
(-0.105259 -0.243233 0)
(-0.114587 -0.299644 0)
(-0.104542 -0.332228 0)
(-0.0685821 -0.303386 0)
(-0.0216875 -0.156641 0)
(-0.0255949 0.176608 0)
(-0.0688422 0.305009 0)
(-0.0834292 0.312676 0)
(-0.0672684 0.272932 0)
(-0.0349584 0.22021 0)
(0.00148037 0.169048 0)
(0.0353222 0.124459 0)
(0.0631749 0.0869309 0)
(0.0835058 0.055035 0)
(0.0956713 0.0266193 0)
(0.0992993 -0.000762288 0)
(0.0939772 -0.029749 0)
(0.0792042 -0.0631785 0)
(0.0546431 -0.104018 0)
(0.0208158 -0.154929 0)
(-0.0195381 -0.216811 0)
(-0.0592667 -0.285194 0)
(-0.0842008 -0.343048 0)
(-0.0752161 -0.347308 0)
(-0.0288258 -0.206194 0)
(-0.0294169 0.235195 0)
(-0.0633344 0.328353 0)
(-0.0315573 0.289938 0)
(0.0324831 0.227481 0)
(0.100183 0.169415 0)
(0.160133 0.122171 0)
(0.208701 0.0857066 0)
(0.245322 0.0577735 0)
(0.27066 0.0357364 0)
(0.285557 0.0171542 0)
(0.290453 -0.000216468 0)
(0.285136 -0.0186069 0)
(0.268643 -0.0404935 0)
(0.239326 -0.0688868 0)
(0.195282 -0.107532 0)
(0.135553 -0.160517 0)
(0.0625125 -0.230026 0)
(-0.0126316 -0.309839 0)
(-0.0575647 -0.365155 0)
(-0.0282937 -0.267965 0)
(0.00848689 0.279283 0)
(0.0180091 0.291751 0)
(0.131024 0.20705 0)
(0.250497 0.138971 0)
(0.343914 0.0923032 0)
(0.413154 0.0608943 0)
(0.463228 0.0398538 0)
(0.498106 0.0254861 0)
(0.520952 0.015156 0)
(0.533954 0.00702623 0)
(0.538232 -0.000287148 0)
(0.533837 -0.00802383 0)
(0.519694 -0.0175793 0)
(0.493418 -0.030891 0)
(0.451141 -0.0510134 0)
(0.387486 -0.0828752 0)
(0.295263 -0.133834 0)
(0.169374 -0.212352 0)
(0.0426128 -0.310474 0)
(0.0210665 -0.300524 0)
(0.300179 0.145389 0)
(0.39593 0.126979 0)
(0.553833 0.0758194 0)
(0.668811 0.0433607 0)
(0.735907 0.0250175 0)
(0.776541 0.0145653 0)
(0.802328 0.00854706 0)
(0.818664 0.0049836 0)
(0.828605 0.0027316 0)
(0.833902 0.00113295 0)
(0.835381 -0.000223396 0)
(0.833151 -0.00165846 0)
(0.826625 -0.0035295 0)
(0.814307 -0.00639306 0)
(0.793309 -0.0112982 0)
(0.758222 -0.020348 0)
(0.697075 -0.0377282 0)
(0.584851 -0.0711732 0)
(0.419302 -0.126836 0)
(0.311553 -0.149246 0)
)
;

boundaryField
{
    movingWall
    {
        type            fixedValue;
        value           uniform (1 0 0);
    }
    fixedWalls
    {
        type            noSlip;
    }
    frontAndBack
    {
        type            empty;
    }
}


// ************************************************************************* //
