/*--------------------------------*- C++ -*----------------------------------*\
  =========                 |
  \\      /  F ield         | OpenFOAM: The Open Source CFD Toolbox
   \\    /   O peration     | Website:  https://openfoam.org
    \\  /    A nd           | Version:  6
     \\/     M anipulation  |
\*---------------------------------------------------------------------------*/
FoamFile
{
    version     2.0;
    format      ascii;
    class       surfaceScalarField;
    location    "0.115";
    object      phi;
}
// * * * * * * * * * * * * * * * * * * * * * * * * * * * * * * * * * * * * * //

dimensions      [0 3 -1 0 0 0 0];

internalField   nonuniform List<scalar> 
760
(
-3.75433e-09
3.75395e-09
-4.65985e-08
4.28442e-08
-1.16026e-07
6.94274e-08
-1.96176e-07
8.01505e-08
-2.76562e-07
8.03854e-08
-3.50946e-07
7.4384e-08
-4.15506e-07
6.45606e-08
-4.67525e-07
5.20191e-08
-5.04675e-07
3.71496e-08
-5.24773e-07
2.00978e-08
-5.25828e-07
1.05498e-09
-5.06264e-07
-1.95642e-08
-4.6529e-07
-4.09732e-08
-4.03453e-07
-6.1837e-08
-3.23411e-07
-8.00427e-08
-2.3095e-07
-9.24604e-08
-1.36096e-07
-9.48536e-08
-5.39847e-08
-8.21118e-08
-4.24452e-09
-4.97403e-08
-4.24461e-09
-4.34465e-08
4.72004e-08
-1.5899e-07
1.58388e-07
-3.21055e-07
2.31492e-07
-5.0311e-07
2.62206e-07
-6.84853e-07
2.62129e-07
-8.52628e-07
2.42159e-07
-9.97352e-07
2.09285e-07
-1.11248e-06
1.67147e-07
-1.19274e-06
1.17406e-07
-1.2336e-06
6.09577e-08
-1.23129e-06
-1.24812e-09
-1.1832e-06
-6.7659e-08
-1.08852e-06
-1.3565e-07
-9.49364e-07
-2.00995e-07
-7.72155e-07
-2.57252e-07
-5.69402e-07
-2.95213e-07
-3.61313e-07
-3.02943e-07
-1.76148e-07
-2.67277e-07
-4.6752e-08
-1.79136e-07
-5.09966e-08
-7.48678e-08
1.22068e-07
-2.4724e-07
3.3076e-07
-4.75943e-07
4.60196e-07
-7.27012e-07
5.13275e-07
-9.75128e-07
5.10244e-07
-1.20292e-06
4.6995e-07
-1.39853e-06
4.04897e-07
-1.55331e-06
3.21928e-07
-1.66035e-06
2.2444e-07
-1.71382e-06
1.14427e-07
-1.70897e-06
-6.09053e-09
-1.64257e-06
-1.34061e-07
-1.51373e-06
-2.64491e-07
-1.32527e-06
-3.89451e-07
-1.08557e-06
-4.96958e-07
-8.10683e-07
-5.70098e-07
-5.2631e-07
-5.87316e-07
-2.68085e-07
-5.25501e-07
-7.83468e-08
-3.68875e-07
-1.29343e-07
-9.56248e-08
2.17693e-07
-3.10294e-07
5.45429e-07
-5.89111e-07
7.39013e-07
-8.90929e-07
8.15092e-07
-1.18677e-06
8.06082e-07
-1.45722e-06
7.40403e-07
-1.68913e-06
6.36806e-07
-1.87285e-06
5.05645e-07
-2.00057e-06
3.52167e-07
-2.06561e-06
1.79461e-07
-2.06225e-06
-9.44227e-09
-1.98629e-06
-2.10023e-07
-1.83597e-06
-4.14817e-07
-1.61366e-06
-6.11761e-07
-1.32822e-06
-7.82391e-07
-9.97847e-07
-9.00476e-07
-6.5259e-07
-9.32572e-07
-3.35249e-07
-8.42843e-07
-9.86531e-08
-6.0547e-07
-2.27996e-07
-1.10939e-07
3.28632e-07
-3.59679e-07
7.94168e-07
-6.80206e-07
1.05954e-06
-1.02457e-06
1.15946e-06
-1.36049e-06
1.142e-06
-1.66714e-06
1.04705e-06
-1.93073e-06
9.004e-07
-2.1412e-06
7.16118e-07
-2.29021e-06
5.01174e-07
-2.3702e-06
2.59451e-07
-2.37422e-06
-5.42788e-09
-2.29633e-06
-2.87913e-07
-2.13281e-06
-5.78337e-07
-1.88425e-06
-8.60316e-07
-1.55877e-06
-1.10787e-06
-1.17602e-06
-1.28323e-06
-7.70959e-07
-1.33763e-06
-3.9547e-07
-1.21833e-06
-1.15083e-07
-8.85857e-07
-3.4308e-07
-1.2515e-07
4.53782e-07
-4.06432e-07
1.07545e-06
-7.67589e-07
1.4207e-06
-1.1539e-06
1.54577e-06
-1.52978e-06
1.51789e-06
-1.87324e-06
1.39051e-06
-2.17025e-06
1.19741e-06
-2.41067e-06
9.56532e-07
-2.5858e-06
6.76308e-07
-2.68718e-06
3.60835e-07
-2.70615e-06
1.35386e-08
-2.63416e-06
-3.59905e-07
-2.46411e-06
-7.48384e-07
-2.19308e-06
-1.13135e-06
-1.82678e-06
-1.47417e-06
-1.38555e-06
-1.72446e-06
-9.1033e-07
-1.81285e-06
-4.65396e-07
-1.66327e-06
-1.33476e-07
-1.21778e-06
-4.76556e-07
-1.41192e-07
5.94974e-07
-4.58654e-07
1.39291e-06
-8.64832e-07
1.82688e-06
-1.29761e-06
1.97855e-06
-1.71796e-06
1.93823e-06
-2.1029e-06
1.77545e-06
-2.43856e-06
1.53307e-06
-2.71514e-06
1.23311e-06
-2.92392e-06
8.8509e-07
-3.05558e-06
4.92495e-07
-3.09939e-06
5.73432e-08
-3.04322e-06
-4.16074e-07
-2.87487e-06
-9.16728e-07
-2.58543e-06
-1.42079e-06
-2.17543e-06
-1.88417e-06
-1.66397e-06
-2.23592e-06
-1.09857e-06
-2.37825e-06
-5.60703e-07
-2.20113e-06
-1.58571e-07
-1.61991e-06
-6.35126e-07
-1.61038e-07
7.56012e-07
-5.21975e-07
1.75385e-06
-9.8126e-07
2.28616e-06
-1.46809e-06
2.46537e-06
-1.93972e-06
2.40987e-06
-2.37258e-06
2.20831e-06
-2.75356e-06
1.91404e-06
-3.07391e-06
1.55346e-06
-3.32551e-06
1.13669e-06
-3.49862e-06
6.65604e-07
-3.58042e-06
1.39143e-07
-3.5544e-06
-4.42092e-07
-3.40123e-06
-1.0699e-06
-3.10247e-06
-1.71956e-06
-2.64875e-06
-2.33789e-06
-2.05337e-06
-2.8313e-06
-1.36918e-06
-3.06244e-06
-7.00767e-07
-2.86955e-06
-1.95958e-07
-2.12472e-06
-8.31085e-07
-1.86288e-07
9.423e-07
-6.00875e-07
2.16844e-06
-1.12389e-06
2.80918e-06
-1.67391e-06
3.01539e-06
-2.20428e-06
2.94024e-06
-2.69149e-06
2.69552e-06
-3.12423e-06
2.34678e-06
-3.49591e-06
1.92514e-06
-3.80018e-06
1.44097e-06
-4.02795e-06
8.93368e-07
-4.16498e-06
2.76172e-07
-4.19013e-06
-4.16942e-07
-4.07496e-06
-1.18506e-06
-3.7869e-06
-2.00762e-06
-3.29905e-06
-2.82574e-06
-2.60971e-06
-3.52064e-06
-1.77102e-06
-3.90113e-06
-9.1609e-07
-3.72448e-06
-2.55049e-07
-2.78576e-06
-1.08613e-06
-2.18834e-07
1.16113e-06
-7.00184e-07
2.64979e-06
-1.29953e-06
3.40853e-06
-1.92229e-06
3.63815e-06
-2.51796e-06
3.53591e-06
-3.06424e-06
3.24181e-06
-3.55311e-06
2.83565e-06
-3.98184e-06
2.35387e-06
-4.34765e-06
1.80678e-06
-4.64402e-06
1.18974e-06
-4.85716e-06
4.89313e-07
-4.96232e-06
-3.11776e-07
-4.9209e-06
-1.22648e-06
-4.68112e-06
-2.2474e-06
-4.18773e-06
-3.31913e-06
-3.40781e-06
-4.30056e-06
-2.3773e-06
-4.93163e-06
-1.25768e-06
-4.84411e-06
-3.53594e-07
-3.68984e-06
-1.43973e-06
-2.61635e-07
1.42277e-06
-8.2667e-07
3.21482e-06
-1.51666e-06
4.09852e-06
-2.22083e-06
4.34232e-06
-2.88551e-06
4.20059e-06
-3.49152e-06
3.84782e-06
-4.03618e-06
3.38031e-06
-4.52271e-06
2.8404e-06
-4.95439e-06
2.23845e-06
-5.33024e-06
1.56559e-06
-5.64031e-06
7.99384e-07
-5.85946e-06
-9.26257e-08
-5.94026e-06
-1.14569e-06
-5.8082e-06
-2.37946e-06
-5.36721e-06
-3.76012e-06
-4.52928e-06
-5.13848e-06
-3.28373e-06
-6.17718e-06
-1.80397e-06
-6.32388e-06
-5.23771e-07
-4.97004e-06
-1.9635e-06
-3.19855e-07
1.74262e-06
-9.90891e-07
3.88586e-06
-1.78692e-06
4.89454e-06
-2.57795e-06
5.13336e-06
-3.30923e-06
4.93186e-06
-3.96762e-06
4.50621e-06
-4.55833e-06
3.97102e-06
-5.09293e-06
3.375e-06
-5.58346e-06
2.72898e-06
-6.03813e-06
2.02026e-06
-6.45574e-06
1.21699e-06
-6.8167e-06
2.68341e-07
-7.07043e-06
-8.91961e-07
-7.12142e-06
-2.32847e-06
-6.8243e-06
-4.05724e-06
-6.00957e-06
-5.95321e-06
-4.57327e-06
-7.61348e-06
-2.65186e-06
-8.24528e-06
-8.17771e-07
-6.80413e-06
-2.78127e-06
-4.02778e-07
2.1454e-06
-1.20951e-06
4.69259e-06
-2.12564e-06
5.81068e-06
-3.00051e-06
6.00822e-06
-3.78326e-06
5.71462e-06
-4.47135e-06
5.19429e-06
-5.08081e-06
4.58048e-06
-5.6337e-06
3.92789e-06
-6.15306e-06
3.24834e-06
-6.65952e-06
2.52673e-06
-7.16577e-06
1.72324e-06
-7.66588e-06
7.68457e-07
-8.11717e-06
-4.40679e-07
-8.41513e-06
-2.03051e-06
-8.37129e-06
-4.10107e-06
-7.72163e-06
-6.60288e-06
-6.21825e-06
-9.11686e-06
-3.86677e-06
-1.05968e-05
-1.30586e-06
-9.36504e-06
-4.08713e-06
-5.2732e-07
2.67272e-06
-1.50789e-06
5.67315e-06
-2.54905e-06
6.85184e-06
-3.48387e-06
6.94304e-06
-4.27655e-06
6.5073e-06
-4.94231e-06
5.86005e-06
-5.51154e-06
5.14971e-06
-6.01833e-06
4.43468e-06
-6.49748e-06
3.72749e-06
-6.98297e-06
3.01221e-06
-7.50414e-06
2.24441e-06
-8.07592e-06
1.34023e-06
-8.67855e-06
1.61947e-07
-9.22397e-06
-1.48508e-06
-9.51406e-06
-3.81098e-06
-9.21607e-06
-6.90087e-06
-7.91668e-06
-1.04163e-05
-5.36513e-06
-1.31483e-05
-2.04837e-06
-1.26818e-05
-6.1355e-06
-7.24527e-07
3.39725e-06
-1.92138e-06
6.87001e-06
-3.06078e-06
7.99124e-06
-3.98201e-06
7.86427e-06
-4.68825e-06
7.21354e-06
-5.22466e-06
6.39646e-06
-5.64108e-06
5.56614e-06
-5.98497e-06
4.77857e-06
-6.30146e-06
4.04398e-06
-6.63468e-06
3.34543e-06
-7.02756e-06
2.63729e-06
-7.51715e-06
1.82982e-06
-8.1196e-06
7.64396e-07
-8.79776e-06
-8.06929e-07
-9.40711e-06
-3.20163e-06
-9.62962e-06
-6.67836e-06
-8.93943e-06
-1.11064e-05
-6.73693e-06
-1.53508e-05
-3.00411e-06
-1.64146e-05
-9.13961e-06
-1.05049e-06
4.44774e-06
-2.48693e-06
8.30646e-06
-3.60502e-06
9.10932e-06
-4.32554e-06
8.58479e-06
-4.74029e-06
7.6283e-06
-4.94502e-06
6.60118e-06
-5.01674e-06
5.63785e-06
-5.01713e-06
4.77896e-06
-4.99764e-06
4.02449e-06
-5.00444e-06
3.35223e-06
-5.08354e-06
2.71639e-06
-5.28474e-06
2.03103e-06
-5.66056e-06
1.14022e-06
-6.25037e-06
-2.17122e-07
-7.03376e-06
-2.41824e-06
-7.83387e-06
-5.87825e-06
-8.1636e-06
-1.07767e-05
-7.11872e-06
-1.63957e-05
-3.85764e-06
-1.96757e-05
-1.29973e-05
-1.59882e-06
6.04656e-06
-3.17839e-06
9.88603e-06
-3.90642e-06
9.83735e-06
-4.00081e-06
8.67918e-06
-3.73212e-06
7.3596e-06
-3.27118e-06
6.14024e-06
-2.72363e-06
5.09031e-06
-2.15837e-06
4.2137e-06
-1.622e-06
3.48812e-06
-1.14925e-06
2.87948e-06
-7.73359e-07
2.3405e-06
-5.38635e-07
1.7963e-06
-5.15576e-07
1.11716e-06
-8.12708e-07
8.00091e-08
-1.56373e-06
-1.66722e-06
-2.8417e-06
-4.60028e-06
-4.41864e-06
-9.19977e-06
-5.34083e-06
-1.54735e-05
-3.89892e-06
-2.11176e-05
-1.68962e-05
-2.47277e-06
8.51933e-06
-3.52549e-06
1.09387e-05
-2.88693e-06
9.19879e-06
-1.54169e-06
7.33394e-06
-8.55127e-09
5.82647e-06
1.50924e-06
4.62245e-06
2.92641e-06
3.67314e-06
4.20518e-06
2.93493e-06
5.33253e-06
2.36077e-06
6.3062e-06
1.90582e-06
7.12167e-06
1.52502e-06
7.75657e-06
1.1614e-06
8.14694e-06
7.26791e-07
8.15328e-06
7.36649e-08
7.52836e-06
-1.04229e-06
5.93605e-06
-3.00797e-06
3.15381e-06
-6.41752e-06
-2.83531e-07
-1.20362e-05
-2.17426e-06
-1.92269e-05
-1.90704e-05
-2.84071e-06
1.136e-05
-4.65818e-07
8.56385e-06
3.38912e-06
5.34386e-06
6.94155e-06
3.7815e-06
9.96829e-06
2.79973e-06
1.25146e-05
2.07613e-06
1.46383e-05
1.54942e-06
1.63999e-05
1.17338e-06
1.78582e-05
9.02446e-07
1.90626e-05
7.01466e-07
2.00452e-05
5.42408e-07
2.08103e-05
3.96307e-07
2.13127e-05
2.24301e-07
2.14201e-05
-3.36433e-08
2.08531e-05
-4.75308e-07
1.91199e-05
-1.27481e-06
1.55248e-05
-2.82241e-06
9.58015e-06
-6.09152e-06
2.59323e-06
-1.224e-05
-1.64772e-05
1.136e-05
1.99239e-05
2.52678e-05
2.90493e-05
3.1849e-05
3.39251e-05
3.54745e-05
3.66479e-05
3.75504e-05
3.82518e-05
3.87942e-05
3.91906e-05
3.94149e-05
3.93812e-05
3.89059e-05
3.76311e-05
3.48087e-05
2.87172e-05
1.64772e-05
)
;

boundaryField
{
    movingWall
    {
        type            calculated;
        value           uniform 0;
    }
    fixedWalls
    {
        type            calculated;
        value           uniform 0;
    }
    frontAndBack
    {
        type            empty;
        value           nonuniform 0();
    }
}


// ************************************************************************* //
