/*--------------------------------*- C++ -*----------------------------------*\
  =========                 |
  \\      /  F ield         | OpenFOAM: The Open Source CFD Toolbox
   \\    /   O peration     | Website:  https://openfoam.org
    \\  /    A nd           | Version:  6
     \\/     M anipulation  |
\*---------------------------------------------------------------------------*/
FoamFile
{
    version     2.0;
    format      ascii;
    class       volVectorField;
    location    "0.115";
    object      U;
}
// * * * * * * * * * * * * * * * * * * * * * * * * * * * * * * * * * * * * * //

dimensions      [0 1 -1 0 0 0 0];

internalField   nonuniform List<vector> 
400
(
(2.66181e-05 -2.79971e-05 0)
(-0.000386017 0.000283734 0)
(-0.0015515 0.000509966 0)
(-0.00310121 0.000601632 0)
(-0.00474151 0.000606429 0)
(-0.00631021 0.000563036 0)
(-0.00771352 0.00049189 0)
(-0.00888976 0.000401235 0)
(-0.00979026 0.000293088 0)
(-0.0103704 0.000167521 0)
(-0.010588 2.51506e-05 0)
(-0.0104065 -0.00013144 0)
(-0.00980049 -0.00029654 0)
(-0.0087652 -0.000459874 0)
(-0.00732952 -0.000604564 0)
(-0.00557411 -0.000704741 0)
(-0.00365219 -0.000723884 0)
(-0.00181441 -0.000615353 0)
(-0.000445617 -0.000338792 0)
(3.18102e-05 2.76849e-05 0)
(-0.000288157 0.000381337 0)
(-0.00175652 0.00172681 0)
(-0.00463444 0.00264855 0)
(-0.008203 0.00303752 0)
(-0.0119214 0.00304794 0)
(-0.0154666 0.00282243 0)
(-0.018626 0.00244803 0)
(-0.0212503 0.00196731 0)
(-0.0232251 0.00139756 0)
(-0.0244536 0.000746875 0)
(-0.0248521 2.45006e-05 0)
(-0.0243545 -0.000752498 0)
(-0.0229231 -0.00155368 0)
(-0.0205659 -0.00232884 0)
(-0.0173616 -0.00300012 0)
(-0.0134925 -0.00345429 0)
(-0.00927476 -0.00354131 0)
(-0.00518482 -0.0030894 0)
(-0.00192159 -0.00197588 0)
(-0.000300511 -0.000416247 0)
(-0.000548939 0.00158786 0)
(-0.00286087 0.00465654 0)
(-0.00701902 0.00662516 0)
(-0.011991 0.00745049 0)
(-0.0170883 0.00743279 0)
(-0.0219134 0.00685997 0)
(-0.0261938 0.00592167 0)
(-0.0297325 0.00471983 0)
(-0.0323786 0.00330339 0)
(-0.0340063 0.00170029 0)
(-0.0345093 -6.0591e-05 0)
(-0.033805 -0.00193425 0)
(-0.0318473 -0.00384639 0)
(-0.028649 -0.00567888 0)
(-0.0243135 -0.00725315 0)
(-0.0190762 -0.00831647 0)
(-0.0133394 -0.00854514 0)
(-0.00769846 -0.00758978 0)
(-0.00305053 -0.00521811 0)
(-0.000556015 -0.00169272 0)
(-0.000713648 0.00332413 0)
(-0.00362866 0.00859482 0)
(-0.00875134 0.0117854 0)
(-0.0147678 0.0130717 0)
(-0.0208655 0.0129638 0)
(-0.0266027 0.0119254 0)
(-0.0316784 0.010265 0)
(-0.0358741 0.00815324 0)
(-0.0390206 0.00567651 0)
(-0.0409749 0.00288627 0)
(-0.0416126 -0.000166014 0)
(-0.0408315 -0.0034037 0)
(-0.038566 -0.00670208 0)
(-0.0348139 -0.00986288 0)
(-0.0296763 -0.0125863 0)
(-0.0234122 -0.0144497 0)
(-0.0164832 -0.0149162 0)
(-0.00959113 -0.0134126 0)
(-0.00383512 -0.00953787 0)
(-0.000706214 -0.00349134 0)
(-0.000828095 0.00540212 0)
(-0.00421258 0.0132518 0)
(-0.0101297 0.0178035 0)
(-0.0170205 0.0195573 0)
(-0.0239567 0.0193028 0)
(-0.0304614 0.0177133 0)
(-0.0362184 0.01523 0)
(-0.0410007 0.0120962 0)
(-0.0446306 0.0084349 0)
(-0.0469519 0.00431765 0)
(-0.0478192 -0.000186332 0)
(-0.0471005 -0.00497358 0)
(-0.0446922 -0.00987082 0)
(-0.0405515 -0.0145942 0)
(-0.03475 -0.0187045 0)
(-0.0275483 -0.0215742 0)
(-0.0194647 -0.0224004 0)
(-0.0113344 -0.0203208 0)
(-0.00450499 -0.0146986 0)
(-0.000813721 -0.00563045 0)
(-0.000932028 0.00776077 0)
(-0.00475923 0.018545 0)
(-0.0114435 0.0246101 0)
(-0.019191 0.0268525 0)
(-0.0269578 0.0264085 0)
(-0.0342332 0.0242008 0)
(-0.0406931 0.0208198 0)
(-0.0461098 0.0165846 0)
(-0.0503029 0.0116507 0)
(-0.053105 0.00610105 0)
(-0.0543452 1.04303e-05 0)
(-0.0538483 -0.00650375 0)
(-0.0514493 -0.0132292 0)
(-0.0470325 -0.0197951 0)
(-0.0406035 -0.0256011 0)
(-0.0323964 -0.0297623 0)
(-0.0229844 -0.0311266 0)
(-0.0133796 -0.0284424 0)
(-0.00526948 -0.0207603 0)
(-0.000927503 -0.00809517 0)
(-0.00105108 0.0104127 0)
(-0.00537332 0.0245074 0)
(-0.012908 0.0322541 0)
(-0.021604 0.0350149 0)
(-0.0302917 0.0343447 0)
(-0.0384279 0.0314599 0)
(-0.0456878 0.0271207 0)
(-0.0518515 0.0217257 0)
(-0.0567443 0.015456 0)
(-0.0601918 0.00839196 0)
(-0.0619954 0.000594315 0)
(-0.0619243 -0.00782891 0)
(-0.0597257 -0.0166476 0)
(-0.055168 -0.0254124 0)
(-0.0481351 -0.0333391 0)
(-0.0387814 -0.0392151 0)
(-0.0277125 -0.0414117 0)
(-0.0161644 -0.0381286 0)
(-0.00631568 -0.0279868 0)
(-0.00108256 -0.0109731 0)
(-0.00120191 0.0134168 0)
(-0.00612695 0.0312532 0)
(-0.0146734 0.0408666 0)
(-0.0244801 0.0441731 0)
(-0.0342325 0.0432324 0)
(-0.0433598 0.0396096 0)
(-0.0515473 0.034259 0)
(-0.0585976 0.0276632 0)
(-0.0643553 0.0200208 0)
(-0.0686504 0.0113905 0)
(-0.0712623 0.00179072 0)
(-0.071898 -0.00871721 0)
(-0.0701899 -0.0199258 0)
(-0.0657356 -0.0313355 0)
(-0.0582122 -0.0419691 0)
(-0.0475922 -0.0502015 0)
(-0.0344364 -0.0537415 0)
(-0.0202308 -0.0499733 0)
(-0.00787394 -0.0368675 0)
(-0.00131763 -0.0144446 0)
(-0.00139839 0.0168654 0)
(-0.00707889 0.0389589 0)
(-0.0168574 0.0506383 0)
(-0.0279797 0.0544996 0)
(-0.038962 0.053221 0)
(-0.049215 0.0487856 0)
(-0.0584539 0.0423724 0)
(-0.0665253 0.0345547 0)
(-0.0733167 0.0255393 0)
(-0.0786859 0.0153417 0)
(-0.0824092 0.00390021 0)
(-0.0841385 -0.00882519 0)
(-0.0833733 -0.022719 0)
(-0.0794777 -0.0373 0)
(-0.071799 -0.0514265 0)
(-0.0599489 -0.0629841 0)
(-0.0442584 -0.068763 0)
(-0.0264077 -0.0648844 0)
(-0.0103253 -0.0482175 0)
(-0.00170264 -0.0188268 0)
(-0.00165839 0.0208834 0)
(-0.00829665 0.0478561 0)
(-0.0195816 0.0618036 0)
(-0.0322503 0.0661865 0)
(-0.044621 0.0644578 0)
(-0.0561058 0.0591075 0)
(-0.0664794 0.0515778 0)
(-0.0756648 0.0425418 0)
(-0.0836269 0.0322074 0)
(-0.0902895 0.0205242 0)
(-0.0954658 0.0073075 0)
(-0.0987854 -0.00765744 0)
(-0.0996213 -0.0244557 0)
(-0.097051 -0.042758 0)
(-0.0899389 -0.0613704 0)
(-0.0772572 -0.0776737 0)
(-0.0587422 -0.087232 0)
(-0.0360153 -0.0841816 0)
(-0.0143579 -0.0633737 0)
(-0.00238524 -0.0246904 0)
(-0.00201241 0.0256416 0)
(-0.00988155 0.0582413 0)
(-0.0230084 0.0746335 0)
(-0.0374633 0.0794234 0)
(-0.0513406 0.0770558 0)
(-0.0640913 0.0706415 0)
(-0.0755925 0.0619296 0)
(-0.0858851 0.0517052 0)
(-0.0950565 0.0401749 0)
(-0.10315 0.0272063 0)
(-0.110082 0.0124498 0)
(-0.115529 -0.00456917 0)
(-0.118795 -0.0242872 0)
(-0.118662 -0.0467518 0)
(-0.113366 -0.0709747 0)
(-0.100881 -0.0939784 0)
(-0.079755 -0.109833 0)
(-0.0509332 -0.109638 0)
(-0.0211481 -0.0844787 0)
(-0.00366777 -0.033091 0)
(-0.00251739 0.0313882 0)
(-0.0120022 0.0705017 0)
(-0.0273779 0.0894309 0)
(-0.0438365 0.0943659 0)
(-0.0592395 0.0910472 0)
(-0.0731444 0.0833422 0)
(-0.0855904 0.0733512 0)
(-0.0967832 0.0619836 0)
(-0.106981 0.0494496 0)
(-0.11641 0.0355321 0)
(-0.125173 0.0196916 0)
(-0.133109 0.00111313 0)
(-0.139576 -0.0211701 0)
(-0.143157 -0.047904 0)
(-0.141415 -0.0787649 0)
(-0.130995 -0.110857 0)
(-0.108507 -0.136736 0)
(-0.0731299 -0.143224 0)
(-0.0324328 -0.114702 0)
(-0.00611697 -0.0459397 0)
(-0.00328254 0.0385111 0)
(-0.0149456 0.0851552 0)
(-0.0330435 0.106509 0)
(-0.0516194 0.11107 0)
(-0.0683449 0.106294 0)
(-0.0830068 0.0969493 0)
(-0.0958843 0.0855151 0)
(-0.107395 0.0730291 0)
(-0.118009 0.0597167 0)
(-0.128183 0.0452942 0)
(-0.138289 0.029038 0)
(-0.148461 0.00974858 0)
(-0.158309 -0.0142359 0)
(-0.166463 -0.0447333 0)
(-0.170026 -0.0827297 0)
(-0.164269 -0.126235 0)
(-0.143264 -0.166816 0)
(-0.103038 -0.186135 0)
(-0.0501039 -0.157927 0)
(-0.0106617 -0.0664214 0)
(-0.0045196 0.0476542 0)
(-0.0191967 0.102892 0)
(-0.0404822 0.126106 0)
(-0.0609707 0.129336 0)
(-0.0783222 0.122304 0)
(-0.0927764 0.110788 0)
(-0.104961 0.0976272 0)
(-0.115548 0.0839671 0)
(-0.125237 0.0700557 0)
(-0.134731 0.0555766 0)
(-0.144696 0.0396691 0)
(-0.155649 0.0207741 0)
(-0.167669 -0.00353817 0)
(-0.179848 -0.0364563 0)
(-0.189435 -0.0809526 0)
(-0.190939 -0.137069 0)
(-0.176014 -0.196718 0)
(-0.136486 -0.236872 0)
(-0.0746132 -0.217123 0)
(-0.0184524 -0.0991129 0)
(-0.0066407 0.0599345 0)
(-0.0255571 0.124571 0)
(-0.0502002 0.148134 0)
(-0.0715292 0.148347 0)
(-0.0877202 0.137845 0)
(-0.0998839 0.123392 0)
(-0.109159 0.108068 0)
(-0.116525 0.0930546 0)
(-0.122905 0.0785995 0)
(-0.129194 0.0643765 0)
(-0.13628 0.0494604 0)
(-0.14502 0.0320512 0)
(-0.156076 0.00907252 0)
(-0.16945 -0.0240406 0)
(-0.183528 -0.072626 0)
(-0.19354 -0.139875 0)
(-0.190177 -0.220257 0)
(-0.161312 -0.288953 0)
(-0.101482 -0.291057 0)
(-0.0297884 -0.149386 0)
(-0.0104304 0.0773904 0)
(-0.0352586 0.151035 0)
(-0.0622229 0.171511 0)
(-0.0811032 0.165887 0)
(-0.0920255 0.150201 0)
(-0.0977419 0.131863 0)
(-0.100138 0.113896 0)
(-0.100563 0.0973441 0)
(-0.100123 0.0823517 0)
(-0.0997767 0.0685433 0)
(-0.100436 0.054984 0)
(-0.103077 0.039834 0)
(-0.1088 0.0197615 0)
(-0.11871 -0.0106451 0)
(-0.133246 -0.0587294 0)
(-0.150386 -0.1314 0)
(-0.162809 -0.228442 0)
(-0.156826 -0.32913 0)
(-0.117326 -0.369849 0)
(-0.0412091 -0.221594 0)
(-0.0172442 0.104147 0)
(-0.0496561 0.182163 0)
(-0.0738566 0.192233 0)
(-0.0816792 0.176422 0)
(-0.0788264 0.153646 0)
(-0.0707631 0.13084 0)
(-0.0602108 0.110314 0)
(-0.0487741 0.0925993 0)
(-0.0375459 0.0775042 0)
(-0.0272982 0.0644778 0)
(-0.018675 0.0525794 0)
(-0.0124257 0.040149 0)
(-0.00969473 0.0241879 0)
(-0.0123269 -0.000465071 0)
(-0.0228789 -0.0417087 0)
(-0.0434519 -0.109326 0)
(-0.0723056 -0.210473 0)
(-0.0991535 -0.336616 0)
(-0.100669 -0.429515 0)
(-0.0418182 -0.311813 0)
(-0.0283609 0.148845 0)
(-0.0665956 0.212549 0)
(-0.0693674 0.196676 0)
(-0.0467304 0.166266 0)
(-0.0161112 0.13698 0)
(0.0152052 0.111698 0)
(0.0449134 0.0908676 0)
(0.0720348 0.0740906 0)
(0.0961494 0.0606348 0)
(0.117158 0.0496884 0)
(0.135037 0.040323 0)
(0.149556 0.0312304 0)
(0.159905 0.0202488 0)
(0.164145 0.00364494 0)
(0.158559 -0.0247922 0)
(0.137526 -0.0746115 0)
(0.0951939 -0.158753 0)
(0.0316234 -0.287182 0)
(-0.0283605 -0.427585 0)
(-0.0118725 -0.38671 0)
(-0.0304124 0.217209 0)
(-0.0444562 0.217688 0)
(0.0252791 0.159016 0)
(0.103809 0.11928 0)
(0.17099 0.0914662 0)
(0.226799 0.0703353 0)
(0.273309 0.0542928 0)
(0.311953 0.0422877 0)
(0.343931 0.0332952 0)
(0.370337 0.0264362 0)
(0.392008 0.0209397 0)
(0.409332 0.0159623 0)
(0.421938 0.0103245 0)
(0.428171 0.00213935 0)
(0.4242 -0.0117258 0)
(0.402972 -0.0366198 0)
(0.35297 -0.083128 0)
(0.259444 -0.173773 0)
(0.132093 -0.31704 0)
(0.0847739 -0.363086 0)
(0.261258 0.132781 0)
(0.322832 0.118197 0)
(0.444244 0.0796317 0)
(0.544564 0.0542921 0)
(0.612825 0.0381633 0)
(0.66063 0.0270783 0)
(0.695966 0.0193034 0)
(0.72269 0.0138934 0)
(0.743103 0.0101386 0)
(0.758857 0.0075037 0)
(0.771058 0.00558456 0)
(0.780252 0.0040311 0)
(0.786301 0.00245869 0)
(0.788114 0.000346466 0)
(0.78301 -0.00309548 0)
(0.76584 -0.0091663 0)
(0.726355 -0.0205694 0)
(0.646858 -0.0442593 0)
(0.48899 -0.100839 0)
(0.357882 -0.148909 0)
)
;

boundaryField
{
    movingWall
    {
        type            fixedValue;
        value           uniform (1 0 0);
    }
    fixedWalls
    {
        type            noSlip;
    }
    frontAndBack
    {
        type            empty;
    }
}


// ************************************************************************* //
