/*--------------------------------*- C++ -*----------------------------------*\
  =========                 |
  \\      /  F ield         | OpenFOAM: The Open Source CFD Toolbox
   \\    /   O peration     | Website:  https://openfoam.org
    \\  /    A nd           | Version:  6
     \\/     M anipulation  |
\*---------------------------------------------------------------------------*/
FoamFile
{
    version     2.0;
    format      ascii;
    class       volVectorField;
    location    "0.025";
    object      U;
}
// * * * * * * * * * * * * * * * * * * * * * * * * * * * * * * * * * * * * * //

dimensions      [0 1 -1 0 0 0 0];

internalField   nonuniform List<vector> 
400
(
(0.000256891 -0.000253031 0)
(0.000159667 0.000105974 0)
(-0.00114283 0.000564774 0)
(-0.00344953 0.000893483 0)
(-0.0063664 0.00105984 0)
(-0.00948584 0.00107577 0)
(-0.0124401 0.000965968 0)
(-0.0149257 0.000759236 0)
(-0.0167135 0.000484235 0)
(-0.01765 0.000168378 0)
(-0.0176574 -0.000161804 0)
(-0.0167328 -0.000479832 0)
(-0.0149501 -0.000758382 0)
(-0.0124606 -0.000968695 0)
(-0.0094955 -0.00108067 0)
(-0.0063628 -0.00106456 0)
(-0.00343622 -0.00089568 0)
(-0.00112783 -0.000563404 0)
(0.000168818 -0.000102418 0)
(0.000259293 0.000255072 0)
(-6.69002e-05 -0.000189107 0)
(-0.00156765 0.00161371 0)
(-0.00561881 0.00360818 0)
(-0.0116499 0.00505838 0)
(-0.0188607 0.0057888 0)
(-0.0264181 0.00580546 0)
(-0.0335222 0.00519432 0)
(-0.0394835 0.00407985 0)
(-0.0437669 0.00260114 0)
(-0.0460085 0.000901307 0)
(-0.0460223 -0.000875591 0)
(-0.0438034 -0.00258429 0)
(-0.0395297 -0.00407747 0)
(-0.0335616 -0.00520653 0)
(-0.0264374 -0.00582652 0)
(-0.0188548 -0.00580912 0)
(-0.0116249 -0.00506844 0)
(-0.0055891 -0.0036036 0)
(-0.001548 -0.00159942 0)
(-6.10952e-05 0.000198831 0)
(-0.000511835 0.00103645 0)
(-0.00364808 0.00565988 0)
(-0.0104897 0.0101986 0)
(-0.0199063 0.0134528 0)
(-0.0307335 0.0150376 0)
(-0.0418555 0.0149279 0)
(-0.0521956 0.0132954 0)
(-0.0608175 0.0104206 0)
(-0.0669899 0.00663582 0)
(-0.0702138 0.00229495 0)
(-0.0702336 -0.00223926 0)
(-0.0670429 -0.00659948 0)
(-0.0608862 -0.010416 0)
(-0.0522579 -0.0133229 0)
(-0.0418921 -0.0149754 0)
(-0.0307358 -0.0150843 0)
(-0.0198798 -0.0134777 0)
(-0.0104525 -0.0101912 0)
(-0.00362112 -0.00562916 0)
(-0.00050324 -0.00101269 0)
(-0.000905849 0.00337786 0)
(-0.00561647 0.0120942 0)
(-0.0152016 0.0198903 0)
(-0.0278592 0.0252875 0)
(-0.0420154 0.027759 0)
(-0.0562983 0.0272874 0)
(-0.0694199 0.0241681 0)
(-0.0802746 0.0188812 0)
(-0.0880073 0.0120015 0)
(-0.0920376 0.00414689 0)
(-0.0920686 -0.0040467 0)
(-0.0880916 -0.0119345 0)
(-0.0803888 -0.0188688 0)
(-0.0695329 -0.0242124 0)
(-0.0563813 -0.0273691 0)
(-0.0420515 -0.0278434 0)
(-0.0278501 -0.0253379 0)
(-0.0151675 -0.0198859 0)
(-0.00558568 -0.0120458 0)
(-0.000894813 -0.00333552 0)
(-0.00125384 0.00672254 0)
(-0.00746786 0.0207891 0)
(-0.019753 0.0325077 0)
(-0.0355894 0.0402821 0)
(-0.0529482 0.0435616 0)
(-0.0701927 0.0424221 0)
(-0.0858507 0.0373472 0)
(-0.0986939 0.0290664 0)
(-0.107793 0.0184362 0)
(-0.112527 0.00636983 0)
(-0.112579 -0.00619644 0)
(-0.107936 -0.0183148 0)
(-0.0988954 -0.0290321 0)
(-0.0860649 -0.0374061 0)
(-0.0703738 -0.0425475 0)
(-0.0530641 -0.0437018 0)
(-0.0356323 -0.0403788 0)
(-0.0197422 -0.0325223 0)
(-0.0074407 -0.0207293 0)
(-0.00124141 -0.00665961 0)
(-0.00158588 0.0110126 0)
(-0.00929024 0.031715 0)
(-0.0242874 0.0480528 0)
(-0.0433013 0.058423 0)
(-0.0638065 0.0623822 0)
(-0.0838895 0.0602158 0)
(-0.101912 0.0526861 0)
(-0.116562 0.0408358 0)
(-0.12688 0.0258427 0)
(-0.13224 0.00893608 0)
(-0.132326 -0.0086382 0)
(-0.12712 -0.0256237 0)
(-0.116909 -0.0407513 0)
(-0.102299 -0.0527508 0)
(-0.0842439 -0.0603967 0)
(-0.0640712 -0.0626066 0)
(-0.0434498 -0.0586024 0)
(-0.0243331 -0.0481195 0)
(-0.00928017 -0.0316634 0)
(-0.00157443 -0.010932 0)
(-0.00193211 0.0162533 0)
(-0.011185 0.0449121 0)
(-0.028976 0.066571 0)
(-0.0512042 0.0797158 0)
(-0.0748043 0.08416 0)
(-0.0975832 0.0805446 0)
(-0.117767 0.0700267 0)
(-0.134009 0.0540384 0)
(-0.145371 0.0341173 0)
(-0.151266 0.0118175 0)
(-0.151402 -0.0113153 0)
(-0.145753 -0.0337319 0)
(-0.134571 -0.0538561 0)
(-0.118414 -0.0700781 0)
(-0.0982066 -0.0807932 0)
(-0.0753088 -0.0845085 0)
(-0.0515324 -0.0800346 0)
(-0.0291261 -0.0667467 0)
(-0.0112127 -0.044908 0)
(-0.00192571 -0.0161666 0)
(-0.00232094 0.0225094 0)
(-0.0132507 0.0604956 0)
(-0.0339772 0.0881447 0)
(-0.0594563 0.104149 0)
(-0.086033 0.108772 0)
(-0.111252 0.103196 0)
(-0.133262 0.0891168 0)
(-0.150757 0.0684422 0)
(-0.162897 0.0431025 0)
(-0.169186 0.0149681 0)
(-0.169386 -0.0141503 0)
(-0.163466 -0.0424532 0)
(-0.151609 -0.0680909 0)
(-0.134265 -0.0891208 0)
(-0.112252 -0.103521 0)
(-0.0868851 -0.109295 0)
(-0.0600563 -0.104687 0)
(-0.0342946 -0.0885163 0)
(-0.013345 -0.060606 0)
(-0.00232568 -0.022441 0)
(-0.00278203 0.0299016 0)
(-0.015585 0.0786511 0)
(-0.0394254 0.112871 0)
(-0.0681328 0.131648 0)
(-0.0974094 0.135962 0)
(-0.124592 0.127787 0)
(-0.147855 0.109531 0)
(-0.166051 0.0836691 0)
(-0.178539 0.0525439 0)
(-0.184994 0.0183067 0)
(-0.18527 -0.0170335 0)
(-0.17933 -0.0515051 0)
(-0.167251 -0.0830519 0)
(-0.149298 -0.109433 0)
(-0.126073 -0.128189 0)
(-0.0987216 -0.136715 0)
(-0.0691079 -0.132507 0)
(-0.0399852 -0.11356 0)
(-0.0157826 -0.0789769 0)
(-0.00280635 -0.0298936 0)
(-0.00335415 0.0386101 0)
(-0.0183003 0.0996217 0)
(-0.0454349 0.140814 0)
(-0.0772003 0.161982 0)
(-0.108617 0.165228 0)
(-0.136929 0.153646 0)
(-0.160511 0.130564 0)
(-0.178542 0.099113 0)
(-0.190722 0.0620374 0)
(-0.196991 0.0216967 0)
(-0.197345 -0.019811 0)
(-0.191744 -0.0604637 0)
(-0.180113 -0.0981102 0)
(-0.162439 -0.130288 0)
(-0.138963 -0.154105 0)
(-0.110483 -0.166263 0)
(-0.0786506 -0.163278 0)
(-0.0463187 -0.141973 0)
(-0.0186452 -0.100303 0)
(-0.0034091 -0.0387268 0)
(-0.00409924 0.0488941 0)
(-0.0215527 0.123698 0)
(-0.0521089 0.171923 0)
(-0.0864768 0.19464 0)
(-0.119011 0.195671 0)
(-0.147089 0.17967 0)
(-0.169554 0.151116 0)
(-0.186145 0.113855 0)
(-0.197071 0.0709769 0)
(-0.202647 0.024924 0)
(-0.203064 -0.0222762 0)
(-0.198285 -0.0687225 0)
(-0.188041 -0.112334 0)
(-0.171934 -0.150558 0)
(-0.149676 -0.180138 0)
(-0.12147 -0.197016 0)
(-0.088473 -0.196487 0)
(-0.0533917 -0.173731 0)
(-0.022093 -0.124915 0)
(-0.00419863 -0.0492259 0)
(-0.00512762 0.0611393 0)
(-0.0255836 0.151206 0)
(-0.0595329 0.205923 0)
(-0.09554 0.228634 0)
(-0.127455 0.225792 0)
(-0.153199 0.204153 0)
(-0.172469 0.169568 0)
(-0.185854 0.126588 0)
(-0.194255 0.0785129 0)
(-0.19846 0.0276796 0)
(-0.198901 -0.024167 0)
(-0.195553 -0.0754654 0)
(-0.18792 -0.124424 0)
(-0.175136 -0.168606 0)
(-0.156204 -0.204539 0)
(-0.130438 -0.227425 0)
(-0.0980819 -0.231113 0)
(-0.0612605 -0.208557 0)
(-0.0263657 -0.153169 0)
(-0.00528798 -0.0618058 0)
(-0.0066422 0.0759538 0)
(-0.0307744 0.182473 0)
(-0.0677117 0.242086 0)
(-0.103514 0.26221 0)
(-0.132014 0.253226 0)
(-0.152358 0.224607 0)
(-0.165617 0.183687 0)
(-0.173531 0.135576 0)
(-0.177836 0.0835429 0)
(-0.179842 0.0295544 0)
(-0.180238 -0.0251758 0)
(-0.179018 -0.0796719 0)
(-0.175471 -0.132692 0)
(-0.168228 -0.182196 0)
(-0.155454 -0.224768 0)
(-0.135269 -0.255043 0)
(-0.106469 -0.265317 0)
(-0.0698632 -0.245677 0)
(-0.0318312 -0.1854 0)
(-0.00688222 -0.0771033 0)
(-0.00900817 0.0943322 0)
(-0.0376807 0.217699 0)
(-0.0763383 0.278833 0)
(-0.108588 0.2924 0)
(-0.129382 0.274431 0)
(-0.140131 0.237613 0)
(-0.143862 0.190611 0)
(-0.143684 0.138715 0)
(-0.142171 0.0847704 0)
(-0.141092 0.0300614 0)
(-0.141345 -0.0249788 0)
(-0.142955 -0.0801869 0)
(-0.145058 -0.135129 0)
(-0.145874 -0.188499 0)
(-0.142747 -0.237362 0)
(-0.132409 -0.276214 0)
(-0.111612 -0.295984 0)
(-0.0787651 -0.283392 0)
(-0.0390089 -0.221767 0)
(-0.00934608 -0.0961346 0)
(-0.0128158 0.117875 0)
(-0.0468945 0.256558 0)
(-0.084102 0.312982 0)
(-0.106988 0.314419 0)
(-0.113881 0.284422 0)
(-0.109796 0.238864 0)
(-0.100143 0.187064 0)
(-0.0893139 0.133773 0)
(-0.0804611 0.0808925 0)
(-0.0755563 0.0287099 0)
(-0.0755583 -0.0232967 0)
(-0.0805242 -0.0759034 0)
(-0.0895957 -0.129664 0)
(-0.100857 -0.184333 0)
(-0.111132 -0.238014 0)
(-0.115887 -0.285837 0)
(-0.109441 -0.318121 0)
(-0.0864386 -0.318293 0)
(-0.0484054 -0.261811 0)
(-0.0132594 -0.120498 0)
(-0.0187209 0.149107 0)
(-0.058176 0.297188 0)
(-0.0868251 0.338427 0)
(-0.0908786 0.320949 0)
(-0.0758036 0.276768 0)
(-0.0513556 0.223612 0)
(-0.0250808 0.169952 0)
(-0.00197642 0.118939 0)
(0.0149116 0.0709734 0)
(0.0239025 0.0251523 0)
(0.0242322 -0.0199913 0)
(0.0158216 -0.0660973 0)
(-0.000716868 -0.11469 0)
(-0.0238293 -0.166775 0)
(-0.0505365 -0.22206 0)
(-0.0757887 -0.277426 0)
(-0.0917998 -0.324189 0)
(-0.0883798 -0.343945 0)
(-0.0595958 -0.303398 0)
(-0.0192332 -0.152663 0)
(-0.0262701 0.192201 0)
(-0.067429 0.333801 0)
(-0.0730325 0.343706 0)
(-0.0444738 0.301293 0)
(0.000976199 0.244064 0)
(0.0494542 0.187718 0)
(0.0930354 0.137453 0)
(0.127682 0.0936812 0)
(0.151565 0.0549859 0)
(0.163961 0.0193961 0)
(0.164615 -0.0151853 0)
(0.153451 -0.0508895 0)
(0.130568 -0.0898769 0)
(0.0965211 -0.134246 0)
(0.0529791 -0.185595 0)
(0.00388351 -0.243699 0)
(-0.0427647 -0.30339 0)
(-0.0727603 -0.348532 0)
(-0.0681385 -0.340299 0)
(-0.0266758 -0.196646 0)
(-0.0286689 0.250105 0)
(-0.0579666 0.34985 0)
(-0.0146441 0.309 0)
(0.0622548 0.242273 0)
(0.141763 0.180519 0)
(0.211517 0.13032 0)
(0.267382 0.0910802 0)
(0.308577 0.0600954 0)
(0.335652 0.0345599 0)
(0.349374 0.0120774 0)
(0.350196 -0.00941533 0)
(0.338076 -0.0318752 0)
(0.312465 -0.0574073 0)
(0.272459 -0.0885041 0)
(0.217306 -0.128145 0)
(0.147557 -0.179297 0)
(0.0671656 -0.242834 0)
(-0.0115115 -0.312131 0)
(-0.0569213 -0.355349 0)
(-0.0284575 -0.25484 0)
(0.0136402 0.288403 0)
(0.0297027 0.302271 0)
(0.15293 0.213904 0)
(0.281384 0.142469 0)
(0.381593 0.0942165 0)
(0.455906 0.062261 0)
(0.509497 0.0408287 0)
(0.546341 0.0257926 0)
(0.569477 0.0144238 0)
(0.580902 0.00493928 0)
(0.58158 -0.00394562 0)
(0.571518 -0.013366 0)
(0.549751 -0.0246143 0)
(0.514242 -0.0394993 0)
(0.461831 -0.0608242 0)
(0.388319 -0.0929016 0)
(0.288199 -0.141844 0)
(0.158669 -0.214816 0)
(0.0332918 -0.30506 0)
(0.0153875 -0.291423 0)
(0.304632 0.147055 0)
(0.405637 0.127652 0)
(0.568645 0.0748538 0)
(0.685265 0.0419877 0)
(0.752855 0.023988 0)
(0.794083 0.0140434 0)
(0.820507 0.00837779 0)
(0.837324 0.00494264 0)
(0.84736 0.00263629 0)
(0.852149 0.000859844 0)
(0.852362 -0.000753192 0)
(0.848019 -0.00250159 0)
(0.838489 -0.00474622 0)
(0.822277 -0.00807574 0)
(0.79657 -0.0135848 0)
(0.756154 -0.0233464 0)
(0.689387 -0.0412415 0)
(0.573077 -0.074281 0)
(0.408904 -0.127713 0)
(0.306178 -0.147622 0)
)
;

boundaryField
{
    movingWall
    {
        type            fixedValue;
        value           uniform (1 0 0);
    }
    fixedWalls
    {
        type            noSlip;
    }
    frontAndBack
    {
        type            empty;
    }
}


// ************************************************************************* //
