/*--------------------------------*- C++ -*----------------------------------*\
  =========                 |
  \\      /  F ield         | OpenFOAM: The Open Source CFD Toolbox
   \\    /   O peration     | Website:  https://openfoam.org
    \\  /    A nd           | Version:  6
     \\/     M anipulation  |
\*---------------------------------------------------------------------------*/
FoamFile
{
    version     2.0;
    format      ascii;
    class       volScalarField;
    location    "0.025";
    object      p;
}
// * * * * * * * * * * * * * * * * * * * * * * * * * * * * * * * * * * * * * //

dimensions      [0 2 -2 0 0 0 0];

internalField   nonuniform List<scalar> 
400
(
5.21115e-06
-0.0464185
-0.104219
-0.148848
-0.165571
-0.147766
-0.094937
-0.0109995
0.0971179
0.220543
0.349291
0.472982
0.581532
0.665905
0.719012
0.736835
0.719886
0.674925
0.616896
0.570479
0.046007
-0.00168114
-0.0470514
-0.0778457
-0.086772
-0.0691738
-0.0244555
0.0445528
0.132591
0.232753
0.337148
0.437536
0.525944
0.595328
0.640291
0.657916
0.648806
0.617725
0.572156
0.524506
0.107153
0.0410905
-0.00802071
-0.0364546
-0.0437249
-0.0272677
0.0128688
0.0739344
0.15131
0.239071
0.330481
0.418498
0.496295
0.5578
0.598238
0.614754
0.607295
0.578531
0.529166
0.463133
0.163601
0.0721773
0.011073
-0.0213736
-0.030235
-0.0147984
0.0239241
0.0826722
0.156785
0.240621
0.327899
0.412082
0.486776
0.54615
0.58534
0.600935
0.591889
0.559026
0.497536
0.406054
0.202394
0.084112
0.00862113
-0.0295553
-0.0402465
-0.024389
0.0159359
0.0766883
0.152822
0.23861
0.327854
0.41414
0.491123
0.552828
0.59393
0.61016
0.599353
0.560672
0.484598
0.366056
0.214272
0.0685063
-0.0220178
-0.0657515
-0.0768823
-0.0579249
-0.0121442
0.055426
0.139097
0.232794
0.33013
0.424549
0.509479
0.578515
0.625581
0.645305
0.634248
0.589962
0.498593
0.352206
0.191202
0.017028
-0.088307
-0.135998
-0.1447
-0.118656
-0.0625185
0.0174574
0.114734
0.222699
0.33462
0.443634
0.542766
0.624974
0.683188
0.71066
0.702426
0.654234
0.547741
0.372377
0.124556
-0.0794855
-0.198611
-0.24712
-0.248852
-0.210221
-0.137613
-0.0387602
0.0787888
0.207806
0.341171
0.471689
0.591938
0.694128
0.769998
0.811107
0.810559
0.761792
0.641178
0.435124
0.00362731
-0.232268
-0.363125
-0.407375
-0.395504
-0.336911
-0.24023
-0.114966
0.0302276
0.187551
0.349622
0.509061
0.658105
0.788247
0.889896
0.95256
0.966813
0.922878
0.790257
0.551248
-0.185815
-0.455882
-0.594653
-0.626728
-0.59174
-0.503361
-0.373173
-0.212748
-0.0318213
0.161465
0.359801
0.555995
0.742283
0.909649
1.04716
1.14192
1.18117
1.1505
1.00988
0.73534
-0.463482
-0.769865
-0.90948
-0.916976
-0.845183
-0.713924
-0.538563
-0.332942
-0.107634
0.129386
0.371514
0.612417
0.844967
1.06016
1.24595
1.38677
1.46561
1.46139
1.32024
1.00786
-0.857847
-1.2012
-1.32845
-1.29166
-1.16323
-0.971641
-0.736831
-0.474799
-0.1963
0.0917767
0.384562
0.677642
0.965577
1.24033
1.48944
1.69476
1.83413
1.87713
1.74938
1.39859
-1.41242
-1.78824
-1.87811
-1.7654
-1.55156
-1.27656
-0.96521
-0.634818
-0.29495
0.0501061
0.398737
0.749974
1.10163
1.44824
1.77838
2.07223
2.30217
2.42543
2.33728
1.95314
-2.19876
-2.58704
-2.59138
-2.35175
-2.01113
-1.62291
-1.21549
-0.805174
-0.397795
0.00727094
0.413739
0.826087
1.24752
1.67756
2.10853
2.52147
2.88463
3.14082
3.14226
2.74624
-3.34308
-3.68059
-3.50532
-3.05715
-2.53196
-1.99415
-1.47066
-0.971672
-0.49506
-0.0320648
0.428891
0.900041
1.39258
1.91437
2.46596
3.03463
3.58983
4.06247
4.25031
3.90884
-5.07192
-5.18678
-4.65303
-3.87063
-3.08476
-2.35739
-1.70178
-1.11235
-0.572574
-0.0615906
0.442657
0.962351
1.51931
2.13384
2.82132
3.58536
4.40939
5.226
5.78262
5.67355
-7.79193
-7.25829
-6.04827
-4.75511
-3.61713
-2.6628
-1.86939
-1.19961
-0.613749
-0.0746314
0.452255
1.00037
1.60412
2.30047
3.12855
4.12463
5.30904
6.64772
7.89488
8.45334
-12.4105
-10.0882
-7.60722
-5.58663
-4.01779
-2.82474
-1.91476
-1.197
-0.59905
-0.0649263
0.45197
0.995269
1.61159
2.35692
3.30367
4.54278
6.16634
8.24586
10.7848
13.1639
-21.2937
-13.7976
-8.77446
-5.85281
-3.92832
-2.61377
-1.69861
-1.02481
-0.488435
-0.0213626
0.427432
0.904037
1.45952
2.16208
3.11589
4.4802
6.46814
9.46662
14.5791
22.1772
-36.1737
-17.3692
-8.39952
-4.79901
-2.93118
-1.81887
-1.11854
-0.635115
-0.262106
0.0595048
0.369181
0.701211
1.09501
1.6094
2.35059
3.5151
5.45397
9.15162
18.2353
37.1546
)
;

boundaryField
{
    movingWall
    {
        type            zeroGradient;
    }
    fixedWalls
    {
        type            zeroGradient;
    }
    frontAndBack
    {
        type            empty;
    }
}


// ************************************************************************* //
