/*--------------------------------*- C++ -*----------------------------------*\
  =========                 |
  \\      /  F ield         | OpenFOAM: The Open Source CFD Toolbox
   \\    /   O peration     | Website:  https://openfoam.org
    \\  /    A nd           | Version:  6
     \\/     M anipulation  |
\*---------------------------------------------------------------------------*/
FoamFile
{
    version     2.0;
    format      ascii;
    class       surfaceScalarField;
    location    "0.025";
    object      phi;
}
// * * * * * * * * * * * * * * * * * * * * * * * * * * * * * * * * * * * * * //

dimensions      [0 3 -1 0 0 0 0];

internalField   nonuniform List<scalar> 
760
(
1.48138e-08
-1.4819e-08
-2.06845e-08
3.54977e-08
-1.12535e-07
9.18521e-08
-2.4457e-07
1.32035e-07
-3.96679e-07
1.52108e-07
-5.49464e-07
1.52786e-07
-6.86141e-07
1.36677e-07
-7.93406e-07
1.07265e-07
-8.61717e-07
6.8311e-08
-8.8532e-07
2.36033e-08
-8.62232e-07
-2.30882e-08
-7.94248e-07
-6.79831e-08
-6.87004e-07
-1.07243e-07
-5.50042e-07
-1.36962e-07
-3.96787e-07
-1.53255e-07
-2.44229e-07
-1.52557e-07
-1.11969e-07
-1.32259e-07
-2.02096e-08
-9.17595e-08
1.49948e-08
-3.52035e-08
1.49953e-08
-3.28097e-08
1.79914e-08
-1.77298e-07
1.79986e-07
-4.30596e-07
3.4515e-07
-7.62607e-07
4.64047e-07
-1.13317e-06
5.22675e-07
-1.50096e-06
5.20571e-07
-1.82855e-06
4.64265e-07
-2.08529e-06
3.64008e-07
-2.2487e-06
2.31725e-07
-2.30507e-06
7.99677e-08
-2.24966e-06
-7.84949e-08
-2.08686e-06
-2.30783e-07
-1.83017e-06
-3.63932e-07
-1.50207e-06
-4.65064e-07
-1.13342e-06
-5.21906e-07
-7.62e-07
-5.23972e-07
-4.29527e-07
-4.64732e-07
-1.76341e-07
-3.44946e-07
-3.23828e-08
-1.79161e-07
-1.7387e-08
-9.02506e-08
1.08242e-07
-3.52887e-07
4.42622e-07
-7.60427e-07
7.5269e-07
-1.2668e-06
9.70417e-07
-1.81685e-06
1.07273e-06
-2.35474e-06
1.05846e-06
-2.82981e-06
9.39335e-07
-3.20033e-06
7.3453e-07
-3.43552e-06
4.66918e-07
-3.51654e-06
1.60987e-07
-3.4369e-06
-1.58137e-07
-3.20263e-06
-4.65051e-07
-2.83228e-06
-7.3428e-07
-2.35659e-06
-9.40746e-07
-1.81757e-06
-1.06093e-06
-1.26631e-06
-1.07523e-06
-7.59181e-07
-9.7186e-07
-3.51638e-07
-7.52489e-07
-8.96411e-08
-4.41159e-07
-1.07028e-07
-1.42751e-07
2.50995e-07
-5.21088e-07
8.20959e-07
-1.07846e-06
1.31006e-06
-1.74858e-06
1.64053e-06
-2.46092e-06
1.78507e-06
-3.14743e-06
1.74498e-06
-3.74786e-06
1.53976e-06
-4.21316e-06
1.19983e-06
-4.50742e-06
7.61181e-07
-4.60875e-06
2.62316e-07
-4.5096e-06
-2.57291e-07
-4.2169e-06
-7.57746e-07
-3.75214e-06
-1.19904e-06
-3.15111e-06
-1.54177e-06
-2.46313e-06
-1.74892e-06
-1.74904e-06
-1.78932e-06
-1.07758e-06
-1.64331e-06
-5.19805e-07
-1.31027e-06
-1.42018e-07
-8.18947e-07
-2.49046e-07
-1.91114e-07
4.42109e-07
-6.82065e-07
1.31191e-06
-1.3868e-06
2.0148e-06
-2.21608e-06
2.46981e-06
-3.08261e-06
2.65159e-06
-3.90663e-06
2.569e-06
-4.6201e-06
2.25324e-06
-5.16911e-06
1.74883e-06
-5.51489e-06
1.10697e-06
-5.63408e-06
3.81497e-07
-5.51857e-06
-3.72798e-07
-5.1756e-06
-1.10071e-06
-4.62793e-06
-1.74672e-06
-3.91406e-06
-2.25564e-06
-3.08816e-06
-2.57481e-06
-2.21901e-06
-2.65847e-06
-1.38732e-06
-2.475e-06
-6.81263e-07
-2.01633e-06
-1.90388e-07
-1.30982e-06
-4.39434e-07
-2.38281e-07
6.8039e-07
-8.41805e-07
1.91543e-06
-1.69433e-06
2.86732e-06
-2.68143e-06
3.45691e-06
-3.69769e-06
3.66785e-06
-4.65181e-06
3.52312e-06
-5.46939e-06
3.07082e-06
-6.09372e-06
2.37317e-06
-6.48524e-06
1.49848e-06
-6.6205e-06
5.16761e-07
-6.49138e-06
-5.01926e-07
-6.10478e-06
-1.48731e-06
-5.4832e-06
-2.3683e-06
-4.66574e-06
-3.0731e-06
-3.70931e-06
-3.53124e-06
-2.68914e-06
-3.67864e-06
-1.69788e-06
-3.46626e-06
-8.42359e-07
-2.87185e-06
-2.37817e-07
-1.91437e-06
-6.77251e-07
-2.87299e-07
9.67689e-07
-1.00731e-06
2.63544e-06
-2.01075e-06
3.87076e-06
-3.15539e-06
4.60156e-06
-4.31655e-06
4.82901e-06
-5.39204e-06
4.59861e-06
-6.30313e-06
3.98191e-06
-6.99287e-06
3.06291e-06
-7.4233e-06
1.92891e-06
-7.57256e-06
6.66026e-07
-7.43303e-06
-6.4146e-07
-7.01065e-06
-1.90968e-06
-6.3259e-06
-3.05306e-06
-5.41593e-06
-3.98306e-06
-4.33773e-06
-4.60945e-06
-3.17098e-06
-4.84539e-06
-2.01964e-06
-4.6176e-06
-1.01051e-06
-3.88098e-06
-2.87499e-07
-2.63738e-06
-9.6475e-07
-3.41033e-07
1.30872e-06
-1.18519e-06
3.4796e-06
-2.34422e-06
5.02979e-06
-3.64438e-06
5.90172e-06
-4.94105e-06
6.12569e-06
-6.12305e-06
5.7806e-06
-7.11065e-06
4.96951e-06
-7.85045e-06
3.80272e-06
-8.30935e-06
2.3878e-06
-8.46927e-06
8.25944e-07
-8.32381e-06
-7.86912e-07
-7.87718e-06
-2.35631e-06
-7.14554e-06
-3.78471e-06
-6.16073e-06
-4.96787e-06
-4.97587e-06
-5.7943e-06
-3.67162e-06
-6.14964e-06
-2.36137e-06
-5.92786e-06
-1.19276e-06
-5.04958e-06
-3.42467e-07
-3.48767e-06
-1.30722e-06
-4.02321e-07
1.71104e-06
-1.38146e-06
4.45874e-06
-2.70022e-06
6.34855e-06
-4.14837e-06
7.34986e-06
-5.56162e-06
7.53894e-06
-6.82369e-06
7.04268e-06
-7.85945e-06
6.00526e-06
-8.62459e-06
4.56786e-06
-9.09536e-06
2.85857e-06
-9.26036e-06
9.90941e-07
-9.11544e-06
-9.31829e-07
-8.66206e-06
-2.80969e-06
-7.90918e-06
-4.53758e-06
-6.87872e-06
-5.99833e-06
-5.61416e-06
-7.05886e-06
-4.19133e-06
-7.57246e-06
-2.72901e-06
-7.39019e-06
-1.39553e-06
-6.38306e-06
-4.05728e-07
-4.47747e-06
-1.71294e-06
-4.74524e-07
2.18557e-06
-1.60206e-06
5.58628e-06
-3.08103e-06
7.82752e-06
-4.65867e-06
8.9275e-06
-6.15342e-06
9.0337e-06
-7.45112e-06
8.34037e-06
-8.4898e-06
7.04395e-06
-9.24207e-06
5.32013e-06
-9.69942e-06
3.31591e-06
-9.86071e-06
1.15223e-06
-9.72531e-06
-1.06722e-06
-9.29088e-06
-3.24413e-06
-8.55567e-06
-5.2728e-06
-7.52571e-06
-7.02829e-06
-6.22682e-06
-8.35774e-06
-4.72102e-06
-9.07826e-06
-3.12489e-06
-8.98632e-06
-1.62498e-06
-7.88297e-06
-4.8081e-07
-5.62164e-06
-2.19375e-06
-5.62554e-07
2.74812e-06
-1.85382e-06
6.87755e-06
-3.4849e-06
9.4586e-06
-5.15455e-06
1.05972e-05
-6.67076e-06
1.05499e-05
-7.93376e-06
9.60337e-06
-8.90734e-06
8.01752e-06
-9.59111e-06
6.0039e-06
-9.99878e-06
3.72358e-06
-1.01435e-05
1.29692e-06
-1.00295e-05
-1.1812e-06
-9.64965e-06
-3.62397e-06
-8.98782e-06
-5.93463e-06
-8.02724e-06
-7.98887e-06
-6.76573e-06
-9.61925e-06
-5.23838e-06
-1.06056e-05
-3.54662e-06
-1.06781e-05
-1.88795e-06
-9.54164e-06
-5.72747e-07
-6.93685e-06
-2.7665e-06
-6.74559e-07
3.42268e-06
-2.14553e-06
8.34852e-06
-3.90361e-06
1.12167e-05
-5.5967e-06
1.22902e-05
-7.03769e-06
1.19909e-05
-8.16107e-06
1.07267e-05
-8.9733e-06
8.82976e-06
-9.51277e-06
6.54337e-06
-9.82236e-06
4.03317e-06
-9.93297e-06
1.40753e-06
-9.85509e-06
-1.25908e-06
-9.57608e-06
-3.90297e-06
-9.06241e-06
-6.4483e-06
-8.26788e-06
-8.7834e-06
-7.15044e-06
-1.07367e-05
-5.70071e-06
-1.20553e-05
-3.98409e-06
-1.23947e-05
-2.19266e-06
-1.13331e-05
-6.89728e-07
-8.43978e-06
-3.45623e-06
-8.24667e-07
4.24735e-06
-2.4879e-06
1.00118e-05
-4.31539e-06
1.30442e-05
-5.91394e-06
1.38888e-05
-7.1321e-06
1.32091e-05
-7.96831e-06
1.15629e-05
-8.49216e-06
9.35361e-06
-8.79187e-06
6.84309e-06
-8.94412e-06
4.18541e-06
-8.99905e-06
1.46246e-06
-8.97384e-06
-1.28428e-06
-8.85069e-06
-4.02613e-06
-8.57791e-06
-6.72108e-06
-8.07587e-06
-9.28544e-06
-7.2518e-06
-1.15608e-05
-6.03099e-06
-1.32762e-05
-4.41183e-06
-1.40139e-05
-2.54833e-06
-1.31966e-05
-8.45744e-07
-1.01424e-05
-4.30197e-06
-1.03678e-06
5.28413e-06
-2.88891e-06
1.18639e-05
-4.66692e-06
1.48222e-05
-5.97686e-06
1.51987e-05
-6.75875e-06
1.3991e-05
-7.11468e-06
1.19189e-05
-7.19707e-06
9.436e-06
-7.14927e-06
6.79529e-06
-7.08011e-06
4.11625e-06
-7.05599e-06
1.43835e-06
-7.09967e-06
-1.2406e-06
-7.18998e-06
-3.93582e-06
-7.26095e-06
-6.65011e-06
-7.20202e-06
-9.34437e-06
-6.86525e-06
-1.18975e-05
-6.09109e-06
-1.40503e-05
-4.7701e-06
-1.53349e-05
-2.95988e-06
-1.50068e-05
-1.0642e-06
-1.2038e-05
-5.36618e-06
-1.34652e-06
6.63065e-06
-3.33318e-06
1.38505e-05
-4.82928e-06
1.63183e-05
-5.54647e-06
1.59159e-05
-5.60524e-06
1.40497e-05
-5.25379e-06
1.15674e-05
-4.73538e-06
8.91759e-06
-4.23947e-06
6.29937e-06
-3.89374e-06
3.77052e-06
-3.77071e-06
1.31532e-06
-3.89504e-06
-1.11627e-06
-4.24612e-06
-3.58475e-06
-4.75439e-06
-6.14184e-06
-5.29275e-06
-8.80601e-06
-5.66864e-06
-1.15216e-05
-5.63104e-06
-1.40879e-05
-4.92035e-06
-1.60455e-05
-3.40625e-06
-1.65209e-05
-1.37937e-06
-1.40649e-05
-6.74555e-06
-1.78541e-06
8.41606e-06
-3.71202e-06
1.57772e-05
-4.49717e-06
1.71034e-05
-4.18038e-06
1.55991e-05
-3.17663e-06
1.3046e-05
-1.9002e-06
1.0291e-05
-6.61431e-07
7.67882e-06
3.38825e-07
5.29911e-06
9.83554e-07
3.12579e-06
1.21287e-06
1.086e-06
1.00675e-06
-9.10152e-07
3.79396e-07
-2.95739e-06
-6.14564e-07
-5.14788e-06
-1.86177e-06
-7.55881e-06
-3.16165e-06
-1.02217e-05
-4.19844e-06
-1.30511e-05
-4.54507e-06
-1.56989e-05
-3.76893e-06
-1.7297e-05
-1.81928e-06
-1.60146e-05
-8.56483e-06
-2.30062e-06
1.07167e-05
-3.62867e-06
1.71052e-05
-2.97723e-06
1.6452e-05
-1.0772e-06
1.36991e-05
1.28747e-06
1.06813e-05
3.59451e-06
7.98395e-06
5.54953e-06
5.7238e-06
7.00797e-06
3.84067e-06
7.9079e-06
2.22587e-06
8.22617e-06
7.67731e-07
7.9555e-06
-6.3949e-07
7.0974e-06
-2.09929e-06
5.66891e-06
-3.71939e-06
3.72578e-06
-5.61568e-06
1.40763e-06
-7.90359e-06
-9.91712e-07
-1.06518e-05
-2.94153e-06
-1.37491e-05
-3.63765e-06
-1.66009e-05
-2.3231e-06
-1.73291e-05
-1.08879e-05
-2.50009e-06
1.32168e-05
-1.9233e-06
1.65284e-05
1.21773e-06
1.3311e-05
5.14998e-06
9.76685e-06
8.88832e-06
6.94297e-06
1.20271e-05
4.84522e-06
1.44448e-05
3.30607e-06
1.61406e-05
2.14485e-06
1.71495e-05
1.21698e-06
1.75025e-05
4.14733e-07
1.72104e-05
-3.47366e-07
1.6259e-05
-1.14791e-06
1.46129e-05
-2.07332e-06
1.22309e-05
-3.23364e-06
9.10545e-06
-4.77818e-06
5.34989e-06
-6.89623e-06
1.36757e-06
-9.76679e-06
-1.84499e-06
-1.33883e-05
-2.48533e-06
-1.66888e-05
-1.33733e-05
-5.63827e-07
1.37806e-05
4.66714e-06
1.12975e-05
1.11134e-05
6.86465e-06
1.66936e-05
4.1867e-06
2.10199e-05
2.61663e-06
2.42016e-05
1.6635e-06
2.64446e-05
1.06317e-06
2.79289e-05
6.60489e-07
2.87812e-05
3.6464e-07
2.90744e-05
1.21541e-07
2.88323e-05
-1.05195e-07
2.80312e-05
-3.46807e-07
2.65975e-05
-6.39683e-07
2.4402e-05
-1.03809e-06
2.12577e-05
-1.63388e-06
1.69475e-05
-2.58601e-06
1.13487e-05
-4.16804e-06
4.84212e-06
-6.88176e-06
-4.82375e-07
-1.13643e-05
-1.38556e-05
1.37806e-05
2.50781e-05
3.19427e-05
3.61294e-05
3.8746e-05
4.04095e-05
4.14727e-05
4.21332e-05
4.24978e-05
4.26194e-05
4.25142e-05
4.21674e-05
4.15277e-05
4.04896e-05
3.88557e-05
3.62697e-05
3.21017e-05
2.52199e-05
1.38556e-05
)
;

boundaryField
{
    movingWall
    {
        type            calculated;
        value           uniform 0;
    }
    fixedWalls
    {
        type            calculated;
        value           uniform 0;
    }
    frontAndBack
    {
        type            empty;
        value           nonuniform 0();
    }
}


// ************************************************************************* //
