/*--------------------------------*- C++ -*----------------------------------*\
  =========                 |
  \\      /  F ield         | OpenFOAM: The Open Source CFD Toolbox
   \\    /   O peration     | Website:  https://openfoam.org
    \\  /    A nd           | Version:  6
     \\/     M anipulation  |
\*---------------------------------------------------------------------------*/
FoamFile
{
    version     2.0;
    format      ascii;
    class       volVectorField;
    location    "0.005";
    object      U;
}
// * * * * * * * * * * * * * * * * * * * * * * * * * * * * * * * * * * * * * //

dimensions      [0 1 -1 0 0 0 0];

internalField   nonuniform List<vector> 
400
(
(-0.000310787 0.000307419 0)
(-0.000991461 0.000367748 0)
(-0.00172386 0.000355473 0)
(-0.00241555 0.000328264 0)
(-0.00304251 0.000292351 0)
(-0.00358933 0.000249192 0)
(-0.00404288 0.000200085 0)
(-0.00439258 0.000146369 0)
(-0.00463052 8.93822e-05 0)
(-0.00475143 3.04231e-05 0)
(-0.00475263 -2.924e-05 0)
(-0.00463401 -8.83245e-05 0)
(-0.00439804 -0.000145528 0)
(-0.00404979 -0.000199536 0)
(-0.00359702 -0.000249008 0)
(-0.00305027 -0.000292581 0)
(-0.00242266 -0.000328945 0)
(-0.00172909 -0.0003567 0)
(-0.000994597 -0.000370128 0)
(-0.000310717 -0.000309462 0)
(-0.000388245 0.00100395 0)
(-0.00123415 0.00119419 0)
(-0.00213651 0.00115236 0)
(-0.00298823 0.00106371 0)
(-0.00375956 0.000946972 0)
(-0.0044319 0.000806885 0)
(-0.00498919 0.00064768 0)
(-0.00541857 0.00047368 0)
(-0.00571053 0.00028918 0)
(-0.00585877 9.83646e-05 0)
(-0.0058601 -9.46738e-05 0)
(-0.00571441 -0.000285854 0)
(-0.00542462 -0.000471034 0)
(-0.00499676 -0.000645968 0)
(-0.00444022 -0.000806298 0)
(-0.00376779 -0.000947611 0)
(-0.00299547 -0.00106558 0)
(-0.00214169 -0.00115539 0)
(-0.00123649 -0.00119872 0)
(-0.000388059 -0.00100699 0)
(-0.00041101 0.00180333 0)
(-0.00130925 0.00213832 0)
(-0.00226748 0.00206152 0)
(-0.00317008 0.00190216 0)
(-0.00398605 0.00169252 0)
(-0.00469619 0.00144134 0)
(-0.0052839 0.00115635 0)
(-0.00573613 0.000845328 0)
(-0.00604334 0.000515907 0)
(-0.00619929 0.000175454 0)
(-0.00620084 -0.000168879 0)
(-0.00604787 -0.000509981 0)
(-0.00574321 -0.00084063 0)
(-0.00529279 -0.00115335 0)
(-0.00470597 -0.00144038 0)
(-0.00399578 -0.00169374 0)
(-0.00317871 -0.00190552 0)
(-0.00227402 -0.00206674 0)
(-0.00131315 -0.00214493 0)
(-0.000411998 -0.00180869 0)
(-0.000441072 0.00265759 0)
(-0.00140569 0.00314572 0)
(-0.00243396 0.00303034 0)
(-0.00340061 0.00279395 0)
(-0.0042723 0.00248387 0)
(-0.00502893 0.00211337 0)
(-0.00565354 0.00169412 0)
(-0.00613311 0.00123766 0)
(-0.00645841 0.000755075 0)
(-0.00662351 0.000256894 0)
(-0.00662546 -0.000246762 0)
(-0.00646409 -0.000745918 0)
(-0.00614199 -0.00123038 0)
(-0.0056647 -0.00168946 0)
(-0.00504129 -0.00211182 0)
(-0.00428466 -0.00248567 0)
(-0.00341166 -0.00279899 0)
(-0.00244246 -0.00303813 0)
(-0.00141091 -0.00315523 0)
(-0.000442664 -0.00266557 0)
(-0.000483694 0.0035831 0)
(-0.00154123 0.00423704 0)
(-0.00266676 0.00407797 0)
(-0.00372192 0.00375566 0)
(-0.00466998 0.00333457 0)
(-0.00548969 0.00283345 0)
(-0.00616381 0.00226863 0)
(-0.00667973 0.00165581 0)
(-0.0070289 0.00100965 0)
(-0.00720604 0.000343739 0)
(-0.00720856 -0.000329126 0)
(-0.00703627 -0.000996412 0)
(-0.00669128 -0.00164523 0)
(-0.0061784 -0.00226179 0)
(-0.00550591 -0.00283112 0)
(-0.00468626 -0.00333708 0)
(-0.00373655 -0.00376287 0)
(-0.00267812 -0.00408918 0)
(-0.00154824 -0.00425073 0)
(-0.00048591 -0.00359519 0)
(-0.00054083 0.00460826 0)
(-0.00172231 0.00544426 0)
(-0.00297669 0.00523363 0)
(-0.00414792 0.00481232 0)
(-0.00519489 0.00426494 0)
(-0.00609508 0.00361725 0)
(-0.00683141 0.00289125 0)
(-0.00739233 0.0021074 0)
(-0.00777073 0.00128405 0)
(-0.00796255 0.000437544 0)
(-0.00796587 -0.000417149 0)
(-0.00778045 -0.00126554 0)
(-0.00740761 -0.00209253 0)
(-0.00685081 -0.00288153 0)
(-0.00611679 -0.00361378 0)
(-0.00521678 -0.0042683 0)
(-0.00416771 -0.00482237 0)
(-0.00299215 -0.0052494 0)
(-0.00173186 -0.00546361 0)
(-0.00054388 -0.00462578 0)
(-0.000615175 0.00576465 0)
(-0.0019573 0.00680323 0)
(-0.00337721 0.00652929 0)
(-0.00469543 0.00599029 0)
(-0.00586532 0.00529535 0)
(-0.00686341 0.00447954 0)
(-0.00767368 0.00357206 0)
(-0.00828695 0.0025988 0)
(-0.00869877 0.00158179 0)
(-0.00890725 0.000539601 0)
(-0.00891165 -0.000511555 0)
(-0.00871166 -0.00155625 0)
(-0.00830728 -0.00257813 0)
(-0.00769966 -0.00355833 0)
(-0.0068927 -0.00447436 0)
(-0.00589511 -0.00529964 0)
(-0.00472254 -0.00600399 0)
(-0.00339853 -0.00655115 0)
(-0.00197052 -0.0068303 0)
(-0.000619433 -0.00578953 0)
(-0.000710755 0.00709037 0)
(-0.00225841 0.00835656 0)
(-0.00388756 0.00800172 0)
(-0.00538787 0.00731834 0)
(-0.00670596 0.00644646 0)
(-0.00781839 0.00543396 0)
(-0.00871215 0.00431929 0)
(-0.0093826 0.00313454 0)
(-0.00982993 0.00190513 0)
(-0.0100559 0.000650782 0)
(-0.0100617 -0.000612545 0)
(-0.00984702 -0.00187014 0)
(-0.00940969 -0.00310595 0)
(-0.00874704 -0.00429995 0)
(-0.0078581 -0.0054262 0)
(-0.00674674 -0.00645175 0)
(-0.00542533 -0.00733684 0)
(-0.00391729 -0.00803189 0)
(-0.00227694 -0.00839433 0)
(-0.000716762 -0.00712549 0)
(-0.000833636 0.00863334 0)
(-0.00264377 0.0101568 0)
(-0.00453561 0.00969425 0)
(-0.00625806 0.00882792 0)
(-0.0077501 0.00773842 0)
(-0.00899061 0.00649151 0)
(-0.0099731 0.00513768 0)
(-0.0107011 0.00371589 0)
(-0.0111825 0.00225405 0)
(-0.0114249 0.000771172 0)
(-0.0114326 -0.000719476 0)
(-0.0112051 -0.0022065 0)
(-0.0107371 -0.00367657 0)
(-0.0100199 -0.00511048 0)
(-0.00904452 -0.00647981 0)
(-0.00780614 -0.00774457 0)
(-0.00631019 -0.00885263 0)
(-0.00457746 -0.00973579 0)
(-0.00267004 -0.0102096 0)
(-0.000842192 -0.00868294 0)
(-0.00099317 0.0104565 0)
(-0.00314086 0.0122709 0)
(-0.00536245 0.0116587 0)
(-0.00735264 0.0105527 0)
(-0.00904285 0.00918864 0)
(-0.0104192 0.00765778 0)
(-0.0114878 0.00602582 0)
(-0.0122662 0.00433874 0)
(-0.0127747 0.00262496 0)
(-0.0130294 0.000899641 0)
(-0.0130394 -0.000830316 0)
(-0.0128041 -0.00256079 0)
(-0.0123137 -0.00428488 0)
(-0.0115503 -0.00598748 0)
(-0.0104922 -0.00763981 0)
(-0.00912005 -0.00919492 0)
(-0.0074257 -0.0105851 0)
(-0.00542206 -0.0117157 0)
(-0.00317872 -0.0123449 0)
(-0.00100557 -0.0105268 0)
(-0.00120436 0.0126461 0)
(-0.00379284 0.0147872 0)
(-0.00643032 0.0139576 0)
(-0.0087389 0.0125265 0)
(-0.0106456 0.0108078 0)
(-0.0121535 0.00892827 0)
(-0.0132922 0.006972 0)
(-0.014102 0.00499049 0)
(-0.0146216 0.00300882 0)
(-0.0148802 0.0010332 0)
(-0.014893 -0.000941134 0)
(-0.0146596 -0.00292282 0)
(-0.0141638 -0.00491696 0)
(-0.0133748 -0.00691771 0)
(-0.012252 -0.00890023 0)
(-0.010752 -0.0108124 0)
(-0.00884202 -0.0125679 0)
(-0.00651637 -0.0140353 0)
(-0.00384848 -0.0148915 0)
(-0.00122277 -0.0127467 0)
(-0.00149241 0.0153269 0)
(-0.00467012 0.0178261 0)
(-0.00783606 0.0166661 0)
(-0.0105154 0.0147791 0)
(-0.0126418 0.0125923 0)
(-0.014255 0.0102807 0)
(-0.0154256 0.00794785 0)
(-0.0162294 0.00564558 0)
(-0.016732 0.00338843 0)
(-0.0169794 0.00116611 0)
(-0.0169954 -0.00104529 0)
(-0.0167799 -0.00327433 0)
(-0.0163085 -0.00554566 0)
(-0.0155335 -0.00787072 0)
(-0.0143869 -0.0102364 0)
(-0.0127885 -0.0125912 0)
(-0.0106621 -0.01483 0)
(-0.00796226 -0.0167714 0)
(-0.00475391 -0.017974 0)
(-0.00152058 -0.015473 0)
(-0.00190211 0.0186895 0)
(-0.00589282 0.0215577 0)
(-0.00973473 0.0198717 0)
(-0.0128284 0.0173249 0)
(-0.0151448 0.0145102 0)
(-0.016798 0.0116628 0)
(-0.0179273 0.00889933 0)
(-0.0186614 0.00625981 0)
(-0.0191011 0.00373548 0)
(-0.0193139 0.00128882 0)
(-0.0193335 -0.00113256 0)
(-0.01916 -0.00358589 0)
(-0.0187602 -0.00612486 0)
(-0.0180656 -0.00878958 0)
(-0.0169725 -0.0115922 0)
(-0.0153464 -0.0144952 0)
(-0.0130385 -0.0173824 0)
(-0.00992337 -0.0200118 0)
(-0.00602317 -0.0217689 0)
(-0.00194705 -0.018906 0)
(-0.0025185 0.0230452 0)
(-0.00767647 0.0262276 0)
(-0.0123818 0.0236647 0)
(-0.0158959 0.0201382 0)
(-0.0183049 0.0164769 0)
(-0.019866 0.0129739 0)
(-0.0208286 0.00973515 0)
(-0.0213933 0.00676379 0)
(-0.0217029 0.00400747 0)
(-0.0218474 0.00138704 0)
(-0.0218701 -0.00118857 0)
(-0.0217722 -0.00381428 0)
(-0.0215122 -0.00658327 0)
(-0.0210008 -0.00957915 0)
(-0.0200926 -0.0128605 0)
(-0.0185797 -0.0164318 0)
(-0.0161985 -0.0201924 0)
(-0.0126701 -0.0238451 0)
(-0.00788816 -0.026531 0)
(-0.00259463 -0.0233764 0)
(-0.00351571 0.0289394 0)
(-0.0104301 0.0321921 0)
(-0.0162082 0.0281035 0)
(-0.0200394 0.0231015 0)
(-0.0223101 0.0183125 0)
(-0.0235395 0.0140383 0)
(-0.0241371 0.0103134 0)
(-0.0243887 0.00705743 0)
(-0.0244775 0.00414566 0)
(-0.0245096 0.00144106 0)
(-0.0245344 -0.00119493 0)
(-0.0245544 -0.0039013 0)
(-0.0245247 -0.00681955 0)
(-0.0243425 -0.0100931 0)
(-0.0238249 -0.0138572 0)
(-0.0226791 -0.0182074 0)
(-0.020476 -0.0231263 0)
(-0.0166591 -0.0283196 0)
(-0.0107928 -0.0326261 0)
(-0.00365529 -0.0294664 0)
(-0.00527639 0.0374016 0)
(-0.0149706 0.0399408 0)
(-0.0219466 0.0331087 0)
(-0.0257097 0.0258991 0)
(-0.0273628 0.0196753 0)
(-0.027858 0.0145742 0)
(-0.0278022 0.0104312 0)
(-0.0275536 0.00700936 0)
(-0.0273118 0.00407705 0)
(-0.0271804 0.0014265 0)
(-0.0272048 -0.00113063 0)
(-0.0273891 -0.00377653 0)
(-0.0276962 -0.00670273 0)
(-0.0280305 -0.0101246 0)
(-0.0281988 -0.0142885 0)
(-0.027842 -0.0194572 0)
(-0.0263329 -0.0258339 0)
(-0.0226623 -0.0333205 0)
(-0.0156263 -0.0405372 0)
(-0.00555324 -0.0382703 0)
(-0.00866503 0.0507806 0)
(-0.0229518 0.0500634 0)
(-0.0307465 0.0381709 0)
(-0.0333814 0.0278091 0)
(-0.0335033 0.0199652 0)
(-0.0326469 0.0141657 0)
(-0.0315632 0.00982706 0)
(-0.0306028 0.00646747 0)
(-0.029919 0.00372302 0)
(-0.0295749 0.00131715 0)
(-0.029594 -0.000976363 0)
(-0.0299819 -0.00336797 0)
(-0.0307268 -0.00608598 0)
(-0.0317807 -0.00941324 0)
(-0.0330074 -0.0137291 0)
(-0.0340725 -0.0195502 0)
(-0.0342191 -0.0275286 0)
(-0.0318447 -0.0382427 0)
(-0.0241407 -0.050808 0)
(-0.00920893 -0.0523874 0)
(-0.0152525 0.0755049 0)
(-0.0369969 0.0626889 0)
(-0.0429446 0.0414146 0)
(-0.041784 0.0272523 0)
(-0.0387797 0.0181893 0)
(-0.0357392 0.012255 0)
(-0.0332252 0.00820733 0)
(-0.0313695 0.005284 0)
(-0.0301636 0.00301345 0)
(-0.029572 0.00108629 0)
(-0.0295726 -0.00072636 0)
(-0.0301706 -0.00262884 0)
(-0.0313997 -0.00484949 0)
(-0.0333134 -0.00769876 0)
(-0.0359483 -0.0116578 0)
(-0.0392131 -0.0175253 0)
(-0.0425737 -0.0266492 0)
(-0.0441904 -0.0412295 0)
(-0.0386813 -0.0637243 0)
(-0.0157574 -0.0792412 0)
(-0.0177445 0.114823 0)
(-0.0459026 0.0705542 0)
(-0.0377614 0.036919 0)
(-0.0265785 0.0212571 0)
(-0.0181956 0.0130549 0)
(-0.0122118 0.00832284 0)
(-0.0080531 0.00538228 0)
(-0.00527015 0.0033966 0)
(-0.00355037 0.00192493 0)
(-0.002706 0.000712691 0)
(-0.00264936 -0.000412239 0)
(-0.00337847 -0.00159754 0)
(-0.00497782 -0.00301262 0)
(-0.00763531 -0.00490866 0)
(-0.0116722 -0.00773068 0)
(-0.0175599 -0.0123644 0)
(-0.0258687 -0.0207241 0)
(-0.0369098 -0.0373341 0)
(-0.0444221 -0.0725153 0)
(-0.0114484 -0.117946 0)
(0.177262 0.0697927 0)
(0.173531 0.0374053 0)
(0.214147 0.0168488 0)
(0.23884 0.00866454 0)
(0.251222 0.00494983 0)
(0.258476 0.00301126 0)
(0.263049 0.00189497 0)
(0.265946 0.00118278 0)
(0.267695 0.00067643 0)
(0.268568 0.000271813 0)
(0.268688 -9.60856e-05 0)
(0.268067 -0.000480089 0)
(0.266607 -0.000940149 0)
(0.264066 -0.0015686 0)
(0.25994 -0.00254154 0)
(0.253206 -0.00424671 0)
(0.241494 -0.00763383 0)
(0.217798 -0.0153633 0)
(0.175695 -0.0354558 0)
(0.182191 -0.068412 0)
)
;

boundaryField
{
    movingWall
    {
        type            fixedValue;
        value           uniform (1 0 0);
    }
    fixedWalls
    {
        type            noSlip;
    }
    frontAndBack
    {
        type            empty;
    }
}


// ************************************************************************* //
