/*--------------------------------*- C++ -*----------------------------------*\
  =========                 |
  \\      /  F ield         | OpenFOAM: The Open Source CFD Toolbox
   \\    /   O peration     | Website:  https://openfoam.org
    \\  /    A nd           | Version:  6
     \\/     M anipulation  |
\*---------------------------------------------------------------------------*/
FoamFile
{
    version     2.0;
    format      ascii;
    class       volScalarField;
    location    "0.005";
    object      p;
}
// * * * * * * * * * * * * * * * * * * * * * * * * * * * * * * * * * * * * * //

dimensions      [0 2 -2 0 0 0 0];

internalField   nonuniform List<scalar> 
400
(
1.60578e-08
-0.00151231
-0.000611463
0.00324306
0.00978956
0.0187167
0.0296824
0.0422957
0.056126
0.0707133
0.085579
0.100235
0.114198
0.126996
0.138185
0.147359
0.154167
0.158298
0.159457
0.158101
0.00120673
-0.000372736
0.000733461
0.0046672
0.0111254
0.0198753
0.0306166
0.042976
0.0565338
0.0708386
0.0854189
0.0997936
0.113485
0.126029
0.136993
0.145985
0.15269
0.156863
0.158183
0.15675
-1.42669e-05
-0.00191655
-0.000783072
0.00328436
0.00988826
0.0188054
0.0297404
0.0423166
0.0561093
0.0706613
0.085495
0.100122
0.114058
0.126832
0.138001
0.147168
0.154014
0.158295
0.159591
0.157788
-0.0041248
-0.00631985
-0.00516363
-0.000850855
0.00613941
0.0155602
0.0270958
0.0403478
0.0548702
0.0701865
0.0857994
0.101201
0.115885
0.129359
0.141154
0.150847
0.15809
0.162608
0.163897
0.161758
-0.0111297
-0.013595
-0.0123523
-0.00764035
-1.49467e-05
0.0102379
0.0227653
0.037131
0.0528535
0.0694239
0.0863145
0.102986
0.1189
0.133526
0.146355
0.156919
0.164827
0.169757
0.171124
0.168693
-0.0212565
-0.0240306
-0.0226283
-0.017329
-0.00878227
0.00266929
0.0166174
0.0325706
0.0499974
0.0683446
0.0870439
0.105516
0.123178
0.13945
0.153767
0.165595
0.174478
0.180029
0.181564
0.178809
-0.0348754
-0.038036
-0.0363894
-0.0302728
-0.0204653
-0.00739124
0.00846224
0.0265287
0.0462119
0.0669035
0.0879875
0.108838
0.12882
0.147292
0.163615
0.177168
0.187402
0.193832
0.195635
0.192481
-0.0524977
-0.0561519
-0.054153
-0.0469287
-0.035445
-0.0202461
-0.00192911
0.0188414
0.0413895
0.0650443
0.0891386
0.112999
0.135934
0.157235
0.17617
0.192003
0.204053
0.211692
0.213892
0.210232
-0.0748149
-0.0791031
-0.0766007
-0.0678841
-0.0541965
-0.0362602
-0.0148241
0.00932191
0.0354091
0.0627015
0.0904847
0.118044
0.144639
0.169487
0.191752
0.210548
0.225013
0.234305
0.237084
0.232773
-0.102753
-0.107859
-0.104623
-0.0938776
-0.0772916
-0.0558516
-0.0305142
-0.00222488
0.0281465
0.0598051
0.0920045
0.124007
0.155041
0.184262
0.210716
0.233338
0.251014
0.262582
0.266215
0.261067
-0.137569
-0.143729
-0.139381
-0.125825
-0.105395
-0.079473
-0.0492917
-0.0159822
0.019486
0.0562811
0.0936566
0.13089
0.167213
0.201746
0.233428
0.26098
0.282957
0.297717
0.302662
0.29643
-0.181027
-0.188529
-0.182404
-0.164844
-0.139251
-0.107577
-0.0714111
-0.0320901
0.00933934
0.0520535
0.0953635
0.138624
0.181134
0.222036
0.260195
0.294112
0.32192
0.341283
0.348349
0.340739
-0.235749
-0.244862
-0.235719
-0.212272
-0.17963
-0.14054
-0.0970162
-0.0505861
-0.00231565
0.0470605
0.0970013
0.147034
0.196627
0.245042
0.291163
0.333308
0.369136
0.395341
0.406046
0.396822
-0.305988
-0.316613
-0.302008
-0.269615
-0.227201
-0.17852
-0.12601
-0.0713056
-0.0153673
0.0412894
0.0984013
0.155801
0.213269
0.270354
0.32613
0.37889
0.425872
0.462563
0.479911
0.469359
-0.399376
-0.409788
-0.384701
-0.338338
-0.282244
-0.221191
-0.157854
-0.0937411
-0.0294823
0.0348213
0.0993534
0.164417
0.230289
0.29704
0.364243
0.430534
0.493084
0.546237
0.57639
0.566963
-0.530391
-0.533554
-0.487783
-0.41936
-0.344155
-0.267352
-0.191293
-0.116868
-0.0439984
0.0278924
0.0996308
0.172162
0.246462
0.323416
0.403563
0.48659
0.570572
0.649653
0.704956
0.705937
-0.727634
-0.700999
-0.614922
-0.51222
-0.410707
-0.314369
-0.223992
-0.138912
-0.0577681
0.0210225
0.0991138
0.178227
0.260199
0.347022
0.440793
0.543398
0.655653
0.774076
0.877647
0.9175
-1.06158
-0.93098
-0.764474
-0.610749
-0.475093
-0.356324
-0.251462
-0.15675
-0.0687922
0.015284
0.0980383
0.181973
0.269805
0.364805
0.471219
0.594606
0.741183
0.915834
1.11419
1.28068
-1.72225
-1.2414
-0.903375
-0.683781
-0.515334
-0.378763
-0.264541
-0.164711
-0.0736716
0.0125093
0.0969824
0.182707
0.27296
0.372016
0.486321
0.626108
0.806426
1.05557
1.45074
2.00939
-2.86551
-1.55667
-0.942621
-0.67537
-0.501458
-0.366412
-0.255408
-0.158697
-0.0702315
0.013789
0.0962756
0.179957
0.267911
0.364346
0.476252
0.616619
0.810503
1.12786
1.82419
3.22585
)
;

boundaryField
{
    movingWall
    {
        type            zeroGradient;
    }
    fixedWalls
    {
        type            zeroGradient;
    }
    frontAndBack
    {
        type            empty;
    }
}


// ************************************************************************* //
