/*--------------------------------*- C++ -*----------------------------------*\
  =========                 |
  \\      /  F ield         | OpenFOAM: The Open Source CFD Toolbox
   \\    /   O peration     | Website:  https://openfoam.org
    \\  /    A nd           | Version:  6
     \\/     M anipulation  |
\*---------------------------------------------------------------------------*/
FoamFile
{
    version     2.0;
    format      ascii;
    class       surfaceScalarField;
    location    "0.005";
    object      phi;
}
// * * * * * * * * * * * * * * * * * * * * * * * * * * * * * * * * * * * * * //

dimensions      [0 3 -1 0 0 0 0];

internalField   nonuniform List<scalar> 
760
(
-2.59713e-08
2.59712e-08
-9.03893e-08
6.4418e-08
-1.66665e-07
7.62756e-08
-2.41135e-07
7.44698e-08
-3.08603e-07
6.74684e-08
-3.66542e-07
5.79395e-08
-4.13296e-07
4.67532e-08
-4.47659e-07
3.43628e-08
-4.68782e-07
2.11239e-08
-4.76147e-07
7.36398e-09
-4.69549e-07
-6.59772e-09
-4.4911e-07
-2.04386e-08
-4.15282e-07
-3.38278e-08
-3.68858e-07
-4.6424e-08
-3.11002e-07
-5.7856e-08
-2.43357e-07
-6.76456e-08
-1.68472e-07
-7.48847e-08
-9.15944e-08
-7.68776e-08
-2.62362e-08
-6.53583e-08
-2.62361e-08
-6.6102e-08
9.20732e-08
-1.89177e-07
1.87493e-07
-3.28765e-07
2.15864e-07
-4.65312e-07
2.11017e-07
-5.89477e-07
1.91633e-07
-6.96259e-07
1.64722e-07
-7.8243e-07
1.32924e-07
-8.45708e-07
9.76411e-08
-8.84518e-07
5.99335e-08
-8.97911e-07
2.07566e-08
-8.85533e-07
-1.89752e-08
-8.47619e-07
-5.83524e-08
-7.85007e-07
-9.64396e-08
-6.99185e-07
-1.32247e-07
-5.92378e-07
-1.64663e-07
-4.67802e-07
-1.92222e-07
-3.30496e-07
-2.12191e-07
-1.89913e-07
-2.1746e-07
-6.6087e-08
-1.89184e-07
-9.23233e-08
-8.26255e-08
1.74699e-07
-2.32749e-07
3.37616e-07
-4.00565e-07
3.8368e-07
-5.63725e-07
3.74177e-07
-7.11729e-07
3.39637e-07
-8.38815e-07
2.91807e-07
-9.4123e-07
2.3534e-07
-1.01635e-06
1.72757e-07
-1.06237e-06
1.05956e-07
-1.07823e-06
3.66152e-08
-1.06353e-06
-3.36771e-08
-1.01852e-06
-1.03354e-07
-9.44164e-07
-1.70799e-07
-8.42139e-07
-2.34272e-07
-7.15021e-07
-2.91781e-07
-5.66562e-07
-3.4068e-07
-4.02603e-07
-3.7615e-07
-2.33844e-07
-3.86219e-07
-8.30351e-08
-3.39993e-07
-1.75358e-07
-9.15153e-08
2.66214e-07
-2.58748e-07
5.04849e-07
-4.4504e-07
5.69973e-07
-6.25321e-07
5.54458e-07
-7.88234e-07
5.0255e-07
-9.2768e-07
4.31252e-07
-1.03976e-06
3.47421e-07
-1.12181e-06
2.54802e-07
-1.17203e-06
1.5618e-07
-1.18938e-06
5.39671e-08
-1.17346e-06
-4.95946e-08
-1.12451e-06
-1.52308e-07
-1.04342e-06
-2.51891e-07
-9.31851e-07
-3.4584e-07
-7.92405e-07
-4.31227e-07
-6.28975e-07
-5.0411e-07
-4.47753e-07
-5.57372e-07
-2.60319e-07
-5.73653e-07
-9.21027e-08
-5.0821e-07
-2.67461e-07
-1.00648e-07
3.66862e-07
-2.85468e-07
6.89669e-07
-4.91046e-07
7.75551e-07
-6.89197e-07
7.52608e-07
-8.67435e-07
6.80788e-07
-1.01931e-06
5.83131e-07
-1.14091e-06
4.69015e-07
-1.22966e-06
3.43551e-07
-1.28392e-06
2.10448e-07
-1.30277e-06
7.2813e-08
-1.28582e-06
-6.65413e-08
-1.23325e-06
-2.04885e-07
-1.14579e-06
-3.39351e-07
-1.02492e-06
-4.66708e-07
-8.73093e-07
-5.83052e-07
-6.94216e-07
-6.82988e-07
-4.94838e-07
-7.56749e-07
-2.87715e-07
-7.80776e-07
-1.01469e-07
-6.94456e-07
-3.68929e-07
-1.12704e-07
4.79567e-07
-3.19899e-07
8.96863e-07
-5.49795e-07
1.00545e-06
-7.70294e-07
9.73108e-07
-9.67434e-07
8.77928e-07
-1.13437e-06
7.50071e-07
-1.26728e-06
6.0192e-07
-1.36388e-06
4.4015e-07
-1.42285e-06
2.69418e-07
-1.44347e-06
9.34339e-08
-1.42543e-06
-8.4579e-08
-1.36878e-06
-2.61539e-07
-1.27397e-06
-4.34157e-07
-1.14211e-06
-5.98565e-07
-9.75316e-07
-7.4985e-07
-7.77355e-07
-8.8095e-07
-5.55182e-07
-9.78921e-07
-3.23114e-07
-1.01284e-06
-1.13856e-07
-9.03714e-07
-4.82785e-07
-1.28857e-07
6.08424e-07
-3.65411e-07
1.13342e-06
-6.26738e-07
1.26677e-06
-8.7564e-07
1.22201e-06
-1.0963e-06
1.09859e-06
-1.28155e-06
9.35317e-07
-1.42788e-06
7.48251e-07
-1.53361e-06
5.45881e-07
-1.59799e-06
3.33798e-07
-1.62069e-06
1.16136e-07
-1.60152e-06
-1.03747e-07
-1.54034e-06
-3.22727e-07
-1.43712e-06
-5.3737e-07
-1.29232e-06
-7.43362e-07
-1.10738e-06
-9.34797e-07
-8.85657e-07
-1.10267e-06
-6.34449e-07
-1.23013e-06
-3.70029e-07
-1.27726e-06
-1.30484e-07
-1.14326e-06
-6.13269e-07
-1.50231e-07
7.58656e-07
-4.25104e-07
1.40829e-06
-7.26695e-07
1.56837e-06
-1.01107e-06
1.50639e-06
-1.26022e-06
1.34774e-06
-1.46688e-06
1.14198e-06
-1.62837e-06
9.09745e-07
-1.7441e-06
6.61613e-07
-1.81431e-06
4.04e-07
-1.83931e-06
1.4114e-07
-1.81913e-06
-1.23929e-07
-1.75332e-06
-3.88533e-07
-1.64113e-06
-6.49558e-07
-1.4819e-06
-9.02594e-07
-1.27583e-06
-1.14086e-06
-1.02536e-06
-1.35315e-06
-7.37807e-07
-1.51768e-06
-4.31794e-07
-1.58328e-06
-1.52562e-07
-1.42249e-06
-7.65831e-07
-1.78467e-07
9.37123e-07
-5.03256e-07
1.73308e-06
-8.55992e-07
1.9211e-06
-1.18384e-06
1.83423e-06
-1.46635e-06
1.63025e-06
-1.69682e-06
1.37244e-06
-1.87426e-06
1.08719e-06
-1.99998e-06
7.87336e-07
-2.07583e-06
4.79846e-07
-2.10317e-06
1.6848e-07
-2.08235e-06
-1.44742e-07
-2.01253e-06
-4.58352e-07
-1.8918e-06
-7.70289e-07
-1.71773e-06
-1.07667e-06
-1.4884e-06
-1.37019e-06
-1.20433e-06
-1.63722e-06
-8.72161e-07
-1.84985e-06
-5.13089e-07
-1.94235e-06
-1.81881e-07
-1.7537e-06
-9.47712e-07
-2.1624e-07
1.15336e-06
-6.06511e-07
2.12335e-06
-1.02398e-06
2.33857e-06
-1.40407e-06
2.21432e-06
-1.72409e-06
1.95028e-06
-1.97922e-06
1.62757e-06
-2.17165e-06
1.27962e-06
-2.30586e-06
9.21541e-07
-2.38619e-06
5.60175e-07
-2.41558e-06
1.97876e-07
-2.39493e-06
-1.65398e-07
-2.3228e-06
-5.30484e-07
-2.19561e-06
-8.97476e-07
-2.00823e-06
-1.26405e-06
-1.75527e-06
-1.62315e-06
-1.43365e-06
-1.95884e-06
-1.04781e-06
-2.23569e-06
-6.21256e-07
-2.3689e-06
-2.21398e-07
-2.15356e-06
-1.16911e-06
-2.68162e-07
1.42153e-06
-7.4568e-07
2.60087e-06
-1.24499e-06
2.83787e-06
-1.68634e-06
2.65567e-06
-2.04606e-06
2.31e-06
-2.32375e-06
1.90526e-06
-2.52725e-06
1.48312e-06
-2.66603e-06
1.06033e-06
-2.74817e-06
6.42306e-07
-2.77884e-06
2.28546e-07
-2.75969e-06
-1.84546e-07
-2.68857e-06
-6.01599e-07
-2.55962e-06
-1.02643e-06
-2.36375e-06
-1.45991e-06
-2.09013e-06
-1.89678e-06
-1.72934e-06
-2.31963e-06
-1.28065e-06
-2.68438e-06
-7.68358e-07
-2.88119e-06
-2.76258e-07
-2.64566e-06
-1.44537e-06
-3.42618e-07
1.76414e-06
-9.38984e-07
3.19723e-06
-1.54144e-06
3.44033e-06
-2.05174e-06
3.16597e-06
-2.4489e-06
2.70716e-06
-2.74177e-06
2.19813e-06
-2.94763e-06
1.68898e-06
-3.08346e-06
1.19616e-06
-3.16248e-06
7.2133e-07
-3.19288e-06
2.58941e-07
-3.17733e-06
-2.00092e-07
-3.11285e-06
-6.66078e-07
-2.99067e-06
-1.14862e-06
-2.79638e-06
-1.6542e-06
-2.51103e-06
-2.18213e-06
-2.11464e-06
-2.71602e-06
-1.59574e-06
-3.20329e-06
-9.74952e-07
-3.50197e-06
-3.55952e-07
-3.26466e-06
-1.80132e-06
-4.55662e-07
2.21981e-06
-1.21792e-06
3.95949e-06
-1.94845e-06
4.17086e-06
-2.53e-06
3.74752e-06
-2.95331e-06
3.13047e-06
-3.2449e-06
2.48972e-06
-3.43701e-06
1.88108e-06
-3.55712e-06
1.31627e-06
-3.62504e-06
7.8925e-07
-3.65252e-06
2.86421e-07
-3.64353e-06
-2.09084e-07
-3.59428e-06
-7.15329e-07
-3.49277e-06
-1.25012e-06
-3.31808e-06
-1.8289e-06
-3.04009e-06
-2.46011e-06
-2.6222e-06
-3.13392e-06
-2.03244e-06
-3.79305e-06
-1.27692e-06
-4.25749e-06
-4.78974e-07
-4.0626e-06
-2.28029e-06
-6.39003e-07
2.85881e-06
-1.63662e-06
4.9571e-06
-2.5183e-06
5.05254e-06
-3.15837e-06
4.38759e-06
-3.57894e-06
3.55104e-06
-3.83783e-06
2.74861e-06
-3.98921e-06
2.03247e-06
-4.07384e-06
1.4009e-06
-4.11873e-06
8.34136e-07
-4.13918e-06
3.06871e-07
-4.14049e-06
-2.07771e-07
-4.11844e-06
-7.37379e-07
-4.0583e-06
-1.31026e-06
-3.93244e-06
-1.95475e-06
-3.69724e-06
-2.69531e-06
-3.29208e-06
-3.53908e-06
-2.64899e-06
-4.43614e-06
-1.73611e-06
-5.17037e-06
-6.82275e-07
-5.11643e-06
-2.96257e-06
-9.5334e-07
3.81215e-06
-2.27977e-06
6.28353e-06
-3.31315e-06
6.08592e-06
-3.96204e-06
5.03648e-06
-4.31821e-06
3.90721e-06
-4.48957e-06
2.91997e-06
-4.55855e-06
2.10145e-06
-4.57945e-06
1.4218e-06
-4.5849e-06
8.3959e-07
-4.59232e-06
3.14288e-07
-4.60788e-06
-1.92205e-07
-4.62781e-06
-7.17455e-07
-4.63671e-06
-1.30136e-06
-4.60282e-06
-1.98864e-06
-4.46985e-06
-2.82828e-06
-4.14755e-06
-3.86139e-06
-3.51139e-06
-5.0723e-06
-2.44696e-06
-6.2348e-06
-1.03587e-06
-6.52753e-06
-3.99844e-06
-1.49588e-06
5.30803e-06
-3.23344e-06
8.0211e-06
-4.33491e-06
7.18738e-06
-4.86047e-06
5.56204e-06
-5.03357e-06
4.08032e-06
-5.0293e-06
2.9157e-06
-4.9569e-06
2.02905e-06
-4.87758e-06
1.34247e-06
-4.82327e-06
7.85286e-07
-4.80943e-06
3.00451e-07
-4.84176e-06
-1.59883e-07
-4.91832e-06
-6.40888e-07
-5.02758e-06
-1.1921e-06
-5.14116e-06
-1.87507e-06
-5.19915e-06
-2.77029e-06
-5.08629e-06
-3.97424e-06
-4.60578e-06
-5.55281e-06
-3.49241e-06
-7.34816e-06
-1.64502e-06
-8.37492e-06
-5.64346e-06
-2.34224e-06
7.65027e-06
-4.3835e-06
1.00624e-05
-5.22843e-06
8.03231e-06
-5.33504e-06
5.66866e-06
-5.12117e-06
3.86645e-06
-4.81673e-06
2.61126e-06
-4.53208e-06
1.74439e-06
-4.31393e-06
1.12432e-06
-4.17955e-06
6.5091e-07
-4.13474e-06
2.55642e-07
-4.18192e-06
-1.12702e-07
-4.32269e-06
-5.00116e-07
-4.55619e-06
-9.58601e-07
-4.87157e-06
-1.55969e-06
-5.22913e-06
-2.41272e-06
-5.52066e-06
-3.68272e-06
-5.49946e-06
-5.57401e-06
-4.69364e-06
-8.15398e-06
-2.56152e-06
-1.0507e-05
-8.20498e-06
-3.22239e-06
1.08727e-05
-4.66043e-06
1.15004e-05
-4.36475e-06
7.73664e-06
-3.51342e-06
4.81732e-06
-2.64118e-06
2.99421e-06
-1.91598e-06
1.88606e-06
-1.3718e-06
1.20021e-06
-9.98626e-07
7.51146e-07
-7.77987e-07
4.30271e-07
-6.96307e-07
1.73962e-07
-7.49119e-07
-5.98904e-08
-9.42292e-07
-3.06942e-07
-1.29216e-06
-6.08736e-07
-1.82309e-06
-1.02875e-06
-2.55604e-06
-1.67977e-06
-3.471e-06
-2.76776e-06
-4.4044e-06
-4.64062e-06
-4.79387e-06
-7.76451e-06
-3.38022e-06
-1.19207e-05
-1.15852e-05
-2.04103e-06
1.29137e-05
2.04722e-07
9.25463e-06
3.165e-06
4.77636e-06
5.46743e-06
2.51489e-06
7.06778e-06
1.39386e-06
8.14738e-06
8.06459e-07
8.86315e-06
4.84446e-07
9.32076e-06
2.93535e-07
9.58458e-06
1.66448e-07
9.68919e-06
6.93526e-08
9.64661e-06
-1.73092e-08
9.44859e-06
-1.08927e-07
9.06378e-06
-2.23929e-07
8.42879e-06
-3.93753e-07
7.43234e-06
-6.83323e-07
5.90061e-06
-1.23603e-06
3.63041e-06
-2.37042e-06
6.44483e-07
-4.77859e-06
-1.74918e-06
-9.52703e-06
-1.33344e-05
1.29137e-05
2.21683e-05
2.69447e-05
2.94596e-05
3.08534e-05
3.16599e-05
3.21443e-05
3.24379e-05
3.26043e-05
3.26737e-05
3.26564e-05
3.25474e-05
3.23235e-05
3.19298e-05
3.12464e-05
3.00104e-05
2.764e-05
2.28614e-05
1.33344e-05
)
;

boundaryField
{
    movingWall
    {
        type            calculated;
        value           uniform 0;
    }
    fixedWalls
    {
        type            calculated;
        value           uniform 0;
    }
    frontAndBack
    {
        type            empty;
        value           nonuniform 0();
    }
}


// ************************************************************************* //
