/*--------------------------------*- C++ -*----------------------------------*\
  =========                 |
  \\      /  F ield         | OpenFOAM: The Open Source CFD Toolbox
   \\    /   O peration     | Website:  https://openfoam.org
    \\  /    A nd           | Version:  6
     \\/     M anipulation  |
\*---------------------------------------------------------------------------*/
FoamFile
{
    version     2.0;
    format      ascii;
    class       volScalarField;
    location    "0.18";
    object      p;
}
// * * * * * * * * * * * * * * * * * * * * * * * * * * * * * * * * * * * * * //

dimensions      [0 2 -2 0 0 0 0];

internalField   nonuniform List<scalar> 
400
(
-7.87956e-09
-0.000282698
-0.000521877
-0.000587444
-0.000441295
-7.70506e-05
0.000497004
0.00126509
0.00220535
0.00328699
0.00446612
0.00568269
0.00686018
0.00791003
0.00874203
0.00928144
0.00949104
0.00939193
0.00907842
0.00874835
0.000282115
-9.83281e-06
-0.000182862
-0.00018778
-1.98879e-05
0.000328117
0.000855055
0.00155165
0.00240129
0.00337758
0.00444133
0.00553847
0.00660066
0.00754982
0.00830807
0.00881312
0.00903768
0.00900194
0.00876076
0.00842494
0.000533158
0.000142921
-4.34185e-05
-3.5247e-05
0.000134442
0.000466885
0.000962688
0.00161664
0.00241726
0.00334339
0.00436058
0.00541866
0.00645174
0.00738235
0.00813102
0.00863225
0.0088553
0.00881405
0.00853323
0.00808094
0.00060806
0.00010124
-0.000131705
-0.000136763
2.22777e-05
0.000340052
0.000817475
0.00145266
0.00223934
0.00316202
0.00419089
0.00527794
0.00635551
0.00733918
0.0081374
0.00866958
0.00889192
0.00880998
0.00843325
0.00782622
0.000432803
-0.00018146
-0.000465859
-0.000491891
-0.000347484
-4.27087e-05
0.000424548
0.00105653
0.00185311
0.00280547
0.00388919
0.00505827
0.00624111
0.00734144
0.00824745
0.00885317
0.00909244
0.00895936
0.00845804
0.00767451
-4.4077e-05
-0.000759146
-0.00109578
-0.00114567
-0.00101715
-0.000723541
-0.000260391
0.000379926
0.00120502
0.00221472
0.00339219
0.00469508
0.00604785
0.00733878
0.00842729
0.00916881
0.00946041
0.0092754
0.00861411
0.00760467
-0.000864626
-0.00168173
-0.00207273
-0.00214871
-0.00203808
-0.00175699
-0.00129785
-0.000646198
0.000215569
0.00129923
0.00259993
0.00408383
0.00567511
0.00724615
0.00861925
0.00959315
0.010004
0.00978196
0.00891069
0.0075785
-0.00207049
-0.00299855
-0.0034486
-0.00355417
-0.0034669
-0.00320679
-0.00276286
-0.00211252
-0.00122546
-7.33013e-05
0.00135821
0.00305347
0.00494701
0.00690226
0.0087001
0.0100601
0.0107174
0.0105129
0.00937116
0.00755319
-0.00370959
-0.00476457
-0.0052808
-0.00542135
-0.00536799
-0.00514738
-0.00474602
-0.0041327
-0.00326226
-0.00208467
-0.000557011
0.00133911
0.00357037
0.00601394
0.00841942
0.0104064
0.0115493
0.01151
0.0100527
0.00750037
-0.00584059
-0.00704477
-0.00763473
-0.00781521
-0.00781008
-0.0076578
-0.00734503
-0.00683351
-0.00606333
-0.00495992
-0.00344231
-0.0014375
0.00108971
0.00408025
0.00729771
0.0102651
0.0123216
0.0127927
0.0110678
0.00744489
-0.00853802
-0.00991934
-0.0105852
-0.0108027
-0.0108573
-0.0108074
-0.0106446
-0.0103285
-0.00978938
-0.00893142
-0.0076323
-0.00574515
-0.0031181
0.000339601
0.00451523
0.00891048
0.0125802
0.0142737
0.0125968
0.00754783
-0.0119025
-0.0134925
-0.014218
-0.0144459
-0.0145537
-0.0146311
-0.0146812
-0.0146693
-0.0145275
-0.0141526
-0.0133912
-0.0120168
-0.00971537
-0.0061324
-0.00106556
0.005178
0.0114432
0.0156291
0.0148837
0.00828863
-0.0160843
-0.0179099
-0.0186326
-0.0187896
-0.0188991
-0.0190935
-0.0193913
-0.0197731
-0.0201894
-0.0205536
-0.0207089
-0.0203672
-0.0190327
-0.0159831
-0.0104607
-0.00220929
0.00773443
0.0162931
0.0182949
0.0108562
-0.0213375
-0.0233921
-0.0239437
-0.0238405
-0.0238141
-0.0240418
-0.0245522
-0.0253446
-0.0264027
-0.0276822
-0.0290581
-0.0302181
-0.0305039
-0.0287826
-0.0235558
-0.0135833
0.000820155
0.015927
0.0236417
0.0177865
-0.0281444
-0.0302957
-0.030272
-0.0295241
-0.0290878
-0.0291536
-0.0297322
-0.0308308
-0.0324669
-0.0346485
-0.0373008
-0.0401142
-0.0423057
-0.0423695
-0.0380494
-0.0268995
-0.00788868
0.015538
0.0328314
0.0334293
-0.0374979
-0.0392078
-0.0376842
-0.0355899
-0.0342955
-0.0338817
-0.0342747
-0.0354559
-0.0374526
-0.0403013
-0.0439512
-0.0480731
-0.0517614
-0.0531996
-0.0495164
-0.0372078
-0.0137081
0.0189427
0.0497292
0.0637563
-0.0516124
-0.0510796
-0.0460692
-0.0414999
-0.038731
-0.0374395
-0.0373536
-0.0383663
-0.0404568
-0.0436242
-0.0477621
-0.0524335
-0.0565383
-0.0579408
-0.053275
-0.0382885
-0.00923126
0.0337938
0.081967
0.117787
-0.0764235
-0.06727
-0.0548601
-0.0462371
-0.0412543
-0.0387207
-0.0379936
-0.0387525
-0.0408223
-0.0440674
-0.0482244
-0.0526407
-0.0559174
-0.0555171
-0.0475246
-0.0269116
0.0112288
0.0691398
0.143016
0.215377
-0.13055
-0.0876079
-0.059087
-0.0451104
-0.0381598
-0.0348808
-0.0341041
-0.0351698
-0.0376333
-0.0411664
-0.0453259
-0.0492383
-0.0512251
-0.0483872
-0.0362493
-0.00863524
0.0418804
0.12284
0.241538
0.38818
-0.255585
-0.10318
-0.0434657
-0.0286193
-0.0239968
-0.0225961
-0.0236481
-0.0264383
-0.0303283
-0.0349045
-0.0396855
-0.0437495
-0.0453626
-0.0415723
-0.0277609
0.00301123
0.0613177
0.164992
0.341669
0.612272
)
;

boundaryField
{
    movingWall
    {
        type            zeroGradient;
    }
    fixedWalls
    {
        type            zeroGradient;
    }
    frontAndBack
    {
        type            empty;
    }
}


// ************************************************************************* //
