/*--------------------------------*- C++ -*----------------------------------*\
  =========                 |
  \\      /  F ield         | OpenFOAM: The Open Source CFD Toolbox
   \\    /   O peration     | Website:  https://openfoam.org
    \\  /    A nd           | Version:  6
     \\/     M anipulation  |
\*---------------------------------------------------------------------------*/
FoamFile
{
    version     2.0;
    format      ascii;
    class       volVectorField;
    location    "0.18";
    object      U;
}
// * * * * * * * * * * * * * * * * * * * * * * * * * * * * * * * * * * * * * //

dimensions      [0 1 -1 0 0 0 0];

internalField   nonuniform List<vector> 
400
(
(6.5099e-05 -6.66612e-05 0)
(-0.000252469 0.000223598 0)
(-0.00133585 0.000470577 0)
(-0.00288467 0.000597732 0)
(-0.00461723 0.000635216 0)
(-0.0063495 0.000615098 0)
(-0.007958 0.000557233 0)
(-0.00935249 0.000470522 0)
(-0.0104566 0.000356529 0)
(-0.0111963 0.00021392 0)
(-0.0114983 4.25299e-05 0)
(-0.0112976 -0.00015313 0)
(-0.0105521 -0.000360904 0)
(-0.0092639 -0.000558906 0)
(-0.00750339 -0.000715321 0)
(-0.00542856 -0.000791549 0)
(-0.00329045 -0.000749613 0)
(-0.00141853 -0.000562328 0)
(-0.000191381 -0.000234122 0)
(0.000105811 9.82774e-05 0)
(-0.000228387 0.000246696 0)
(-0.00158739 0.00155495 0)
(-0.00444749 0.00259231 0)
(-0.0081861 0.0031497 0)
(-0.0122703 0.00331225 0)
(-0.0163263 0.00319086 0)
(-0.0200717 0.00286568 0)
(-0.0232865 0.00238029 0)
(-0.0257868 0.0017513 0)
(-0.0274062 0.000984267 0)
(-0.027993 9.01267e-05 0)
(-0.027424 -0.000900098 0)
(-0.0256332 -0.001923 0)
(-0.0226507 -0.00287509 0)
(-0.018646 -0.00361405 0)
(-0.0139611 -0.00397491 0)
(-0.00910998 -0.00380499 0)
(-0.0047334 -0.00301398 0)
(-0.00155033 -0.00165329 0)
(-0.000175608 -0.000158761 0)
(-0.000514918 0.00137591 0)
(-0.0028295 0.00447401 0)
(-0.00718944 0.00675227 0)
(-0.0126318 0.00797679 0)
(-0.0184499 0.00830751 0)
(-0.0241694 0.00796124 0)
(-0.0294186 0.00710837 0)
(-0.0339003 0.00585147 0)
(-0.0373651 0.00423998 0)
(-0.0395897 0.0023011 0)
(-0.0403736 7.41064e-05 0)
(-0.039556 -0.0023576 0)
(-0.0370512 -0.00483954 0)
(-0.0328985 -0.00712985 0)
(-0.0273192 -0.00890385 0)
(-0.0207616 -0.00979259 0)
(-0.0139001 -0.0094642 0)
(-0.00757402 -0.00774134 0)
(-0.00276168 -0.00475397 0)
(-0.000433228 -0.00121987 0)
(-0.000725172 0.00313547 0)
(-0.00381126 0.0086256 0)
(-0.00942581 0.0124048 0)
(-0.0162684 0.0143775 0)
(-0.0234729 0.0148437 0)
(-0.0304978 0.0141571 0)
(-0.036923 0.0125954 0)
(-0.0424112 0.0103306 0)
(-0.0466762 0.0074507 0)
(-0.0494568 0.00400846 0)
(-0.0505104 7.55175e-05 0)
(-0.0496304 -0.00420442 0)
(-0.0466874 -0.00856941 0)
(-0.0416909 -0.0126096 0)
(-0.0348665 -0.0157723 0)
(-0.0267249 -0.0174258 0)
(-0.0180771 -0.0169979 0)
(-0.00997332 -0.014178 0)
(-0.00369518 -0.0091485 0)
(-0.00059538 -0.00285784 0)
(-0.000883939 0.00536048 0)
(-0.00460631 0.0137537 0)
(-0.011301 0.0192479 0)
(-0.0193608 0.0220139 0)
(-0.0277703 0.0225718 0)
(-0.0359362 0.0214536 0)
(-0.0434136 0.0190632 0)
(-0.0498487 0.0156462 0)
(-0.0549368 0.0113261 0)
(-0.0583867 0.00617214 0)
(-0.0599078 0.000277335 0)
(-0.0592253 -0.00616375 0)
(-0.056125 -0.0127821 0)
(-0.0505319 -0.0189812 0)
(-0.0426187 -0.0239331 0)
(-0.0329203 -0.026664 0)
(-0.0223923 -0.0262634 0)
(-0.0123667 -0.0222009 0)
(-0.00453929 -0.0146749 0)
(-0.00070725 -0.00490791 0)
(-0.00102032 0.00797142 0)
(-0.00531659 0.019743 0)
(-0.0130121 0.0271733 0)
(-0.0222165 0.0307913 0)
(-0.0317743 0.0314171 0)
(-0.0410518 0.0298102 0)
(-0.049597 0.0265224 0)
(-0.0570585 0.0218763 0)
(-0.0631277 0.0160201 0)
(-0.0674889 0.00901918 0)
(-0.0697944 0.00096027 0)
(-0.0696716 -0.00793949 0)
(-0.0667679 -0.0172222 0)
(-0.0608474 -0.0260952 0)
(-0.0519446 -0.0333968 0)
(-0.0405551 -0.0376911 0)
(-0.0277805 -0.0375616 0)
(-0.0153407 -0.0321033 0)
(-0.00554694 -0.0214841 0)
(-0.000821426 -0.00735841 0)
(-0.00115697 0.0109474 0)
(-0.00603115 0.0265654 0)
(-0.0147389 0.0361618 0)
(-0.0251072 0.0407055 0)
(-0.0358444 0.0413982 0)
(-0.0462894 0.0392817 0)
(-0.0560021 0.0350815 0)
(-0.0646547 0.0291995 0)
(-0.0719542 0.0217923 0)
(-0.077572 0.0128892 0)
(-0.0811003 0.00252485 0)
(-0.0820411 -0.00911472 0)
(-0.0798409 -0.0215301 0)
(-0.0739995 -0.0337464 0)
(-0.0642795 -0.0442096 0)
(-0.0510094 -0.0508546 0)
(-0.0353891 -0.051487 0)
(-0.0196441 -0.0445409 0)
(-0.00703128 -0.0300436 0)
(-0.000994333 -0.0103421 0)
(-0.00131084 0.0143113 0)
(-0.00682023 0.0342669 0)
(-0.016624 0.046268 0)
(-0.0282388 0.051816 0)
(-0.0402343 0.0525881 0)
(-0.0519383 0.049972 0)
(-0.062947 0.0448982 0)
(-0.0729857 0.0378512 0)
(-0.0818068 0.0289762 0)
(-0.0890953 0.0182244 0)
(-0.0943972 0.00551253 0)
(-0.0970751 -0.00909165 0)
(-0.0963135 -0.0251414 0)
(-0.0912203 -0.0415442 0)
(-0.0810889 -0.0563239 0)
(-0.0658533 -0.0665829 0)
(-0.0466492 -0.0689334 0)
(-0.02628 -0.0606249 0)
(-0.00942903 -0.0412442 0)
(-0.00130462 -0.0141708 0)
(-0.00149584 0.0181204 0)
(-0.00774063 0.0429539 0)
(-0.0187768 0.0576019 0)
(-0.0317532 0.06422 0)
(-0.0450911 0.0650787 0)
(-0.0581273 0.0619907 0)
(-0.0705272 0.0561304 0)
(-0.0821077 0.0480727 0)
(-0.0927109 0.0379328 0)
(-0.102082 0.0255361 0)
(-0.109762 0.0105974 0)
(-0.11499 -0.00706071 0)
(-0.11665 -0.0272041 0)
(-0.113326 -0.0487743 0)
(-0.103595 -0.0694232 0)
(-0.0866506 -0.0852266 0)
(-0.0632158 -0.0910312 0)
(-0.0365698 -0.0820033 0)
(-0.0133848 -0.0565596 0)
(-0.00188204 -0.0194198 0)
(-0.00172799 0.0224621 0)
(-0.0088504 0.0527811 0)
(-0.0212941 0.0703043 0)
(-0.0357485 0.0780138 0)
(-0.0504694 0.0789299 0)
(-0.0648295 0.0753898 0)
(-0.0786022 0.0688613 0)
(-0.0917422 0.0600251 0)
(-0.104236 0.0489549 0)
(-0.115957 0.0353051 0)
(-0.126511 0.0184938 0)
(-0.13508 -0.00206402 0)
(-0.14026 -0.0265819 0)
(-0.140035 -0.0543061 0)
(-0.132034 -0.0827128 0)
(-0.114285 -0.106763 0)
(-0.0865264 -0.118886 0)
(-0.0520338 -0.110801 0)
(-0.0198265 -0.0782069 0)
(-0.0029521 -0.027065 0)
(-0.00203384 0.0274617 0)
(-0.0102323 0.0639509 0)
(-0.024292 0.0845257 0)
(-0.0403077 0.0932501 0)
(-0.056349 0.0941071 0)
(-0.0718609 0.0900821 0)
(-0.0867678 0.0829947 0)
(-0.101206 0.073655 0)
(-0.115359 0.0620954 0)
(-0.129301 0.0477691 0)
(-0.142807 0.0297102 0)
(-0.155113 0.00674869 0)
(-0.164654 -0.0220675 0)
(-0.16887 -0.056679 0)
(-0.16436 -0.0947791 0)
(-0.147642 -0.130377 0)
(-0.116733 -0.152993 0)
(-0.0738686 -0.149202 0)
(-0.029974 -0.109184 0)
(-0.00490711 -0.0386851 0)
(-0.00246518 0.0333092 0)
(-0.0120301 0.0767295 0)
(-0.0279484 0.100406 0)
(-0.0455278 0.109884 0)
(-0.0626402 0.110401 0)
(-0.078858 0.105734 0)
(-0.0943 0.0981136 0)
(-0.109312 0.0885032 0)
(-0.124309 0.0769098 0)
(-0.139618 0.0625821 0)
(-0.155284 0.0441188 0)
(-0.170778 0.0196214 0)
(-0.18462 -0.0128819 0)
(-0.194016 -0.0544717 0)
(-0.194784 -0.103642 0)
(-0.181907 -0.154014 0)
(-0.15103 -0.192265 0)
(-0.101797 -0.198382 0)
(-0.0451188 -0.152913 0)
(-0.008394 -0.0567223 0)
(-0.00312721 0.0403188 0)
(-0.0145091 0.0914821 0)
(-0.0325564 0.118045 0)
(-0.0515343 0.12769 0)
(-0.0691486 0.127312 0)
(-0.0851993 0.121627 0)
(-0.100049 0.113307 0)
(-0.114259 0.103482 0)
(-0.128464 0.092158 0)
(-0.143257 0.0784149 0)
(-0.159022 0.0604375 0)
(-0.175661 0.0355644 0)
(-0.19216 0.000648911 0)
(-0.206081 -0.0468943 0)
(-0.213182 -0.107038 0)
(-0.207453 -0.174045 0)
(-0.181995 -0.232834 0)
(-0.132292 -0.256642 0)
(-0.065758 -0.211963 0)
(-0.0142948 -0.0846389 0)
(-0.00423554 0.0490503 0)
(-0.0181585 0.108722 0)
(-0.0385816 0.137421 0)
(-0.0584348 0.146112 0)
(-0.0754239 0.143876 0)
(-0.0897822 0.136475 0)
(-0.102195 0.126989 0)
(-0.113434 0.11669 0)
(-0.12431 0.105603 0)
(-0.135633 0.092709 0)
(-0.148136 0.0759072 0)
(-0.162291 0.0519261 0)
(-0.177951 0.0165517 0)
(-0.193791 -0.0344042 0)
(-0.206619 -0.10297 0)
(-0.210661 -0.185448 0)
(-0.197214 -0.26732 0)
(-0.156888 -0.317264 0)
(-0.0896199 -0.285321 0)
(-0.0232557 -0.126457 0)
(-0.00623023 0.0605502 0)
(-0.0238643 0.129151 0)
(-0.0466739 0.158184 0)
(-0.0660672 0.163957 0)
(-0.0802772 0.158372 0)
(-0.0903953 0.148192 0)
(-0.0975884 0.136758 0)
(-0.102864 0.125386 0)
(-0.107168 0.114101 0)
(-0.111444 0.101877 0)
(-0.116687 0.0865411 0)
(-0.123934 0.0645703 0)
(-0.1341 0.0311306 0)
(-0.147547 -0.0192323 0)
(-0.163264 -0.0907869 0)
(-0.177432 -0.18323 0)
(-0.181479 -0.285873 0)
(-0.162158 -0.36785 0)
(-0.109208 -0.365124 0)
(-0.0343228 -0.185236 0)
(-0.00997673 0.0768851 0)
(-0.0331233 0.153597 0)
(-0.0573636 0.179146 0)
(-0.0730272 0.178815 0)
(-0.0803177 0.167827 0)
(-0.081989 0.153572 0)
(-0.079953 0.139304 0)
(-0.0755313 0.12617 0)
(-0.0697868 0.114107 0)
(-0.0636987 0.102121 0)
(-0.0583526 0.0881811 0)
(-0.0551285 0.0689671 0)
(-0.0558016 0.0397248 0)
(-0.062409 -0.00544181 0)
(-0.0766351 -0.0724842 0)
(-0.0981719 -0.165057 0)
(-0.121482 -0.279487 0)
(-0.132746 -0.392671 0)
(-0.111473 -0.435568 0)
(-0.0427754 -0.260679 0)
(-0.0169801 0.102505 0)
(-0.0478249 0.182364 0)
(-0.0690346 0.196688 0)
(-0.0730129 0.185498 0)
(-0.065515 0.166843 0)
(-0.0520592 0.147585 0)
(-0.0354324 0.130183 0)
(-0.0172144 0.11523 0)
(0.00154007 0.10237 0)
(0.0199957 0.0905797 0)
(0.0372251 0.0780929 0)
(0.0518696 0.0621511 0)
(0.0618169 0.038771 0)
(0.0640098 0.0027042 0)
(0.0545983 -0.0522794 0)
(0.0300047 -0.132703 0)
(-0.00993836 -0.243216 0)
(-0.0561598 -0.376189 0)
(-0.0814589 -0.473597 0)
(-0.0385789 -0.344031 0)
(-0.0286188 0.146752 0)
(-0.0663225 0.211017 0)
(-0.0671144 0.198093 0)
(-0.0413601 0.1711 0)
(-0.00637401 0.144903 0)
(0.0304381 0.122256 0)
(0.0666177 0.103658 0)
(0.101128 0.0887311 0)
(0.133496 0.0766427 0)
(0.163454 0.0662911 0)
(0.190579 0.0562332 0)
(0.213903 0.0444715 0)
(0.231506 0.0282323 0)
(0.240117 0.00380285 0)
(0.234856 -0.0336337 0)
(0.209414 -0.0906489 0)
(0.1573 -0.177467 0)
(0.077154 -0.305684 0)
(-0.00483199 -0.447448 0)
(-0.00568165 -0.403758 0)
(-0.0311332 0.215522 0)
(-0.0460727 0.215526 0)
(0.0236933 0.158194 0)
(0.103463 0.120273 0)
(0.173457 0.0941811 0)
(0.233509 0.0745362 0)
(0.285445 0.059718 0)
(0.330509 0.0486642 0)
(0.36972 0.0403033 0)
(0.403896 0.0336288 0)
(0.433418 0.027636 0)
(0.457941 0.021162 0)
(0.476061 0.0127377 0)
(0.484917 0.000472025 0)
(0.479675 -0.0181112 0)
(0.453064 -0.0467556 0)
(0.394422 -0.0937842 0)
(0.289405 -0.181607 0)
(0.147691 -0.322688 0)
(0.089207 -0.367386 0)
(0.260802 0.132189 0)
(0.321373 0.117177 0)
(0.441876 0.0787618 0)
(0.541991 0.0538311 0)
(0.611148 0.0381773 0)
(0.660894 0.0275414 0)
(0.698991 0.0201495 0)
(0.729085 0.0150363 0)
(0.753277 0.011474 0)
(0.772973 0.00889571 0)
(0.788937 0.00684157 0)
(0.801224 0.00488405 0)
(0.809061 0.00256771 0)
(0.810682 -0.000630569 0)
(0.802963 -0.00534286 0)
(0.780959 -0.0125015 0)
(0.735624 -0.024251 0)
(0.651125 -0.0473043 0)
(0.489937 -0.102865 0)
(0.357922 -0.149534 0)
)
;

boundaryField
{
    movingWall
    {
        type            fixedValue;
        value           uniform (1 0 0);
    }
    fixedWalls
    {
        type            noSlip;
    }
    frontAndBack
    {
        type            empty;
    }
}


// ************************************************************************* //
