/*--------------------------------*- C++ -*----------------------------------*\
  =========                 |
  \\      /  F ield         | OpenFOAM: The Open Source CFD Toolbox
   \\    /   O peration     | Website:  https://openfoam.org
    \\  /    A nd           | Version:  6
     \\/     M anipulation  |
\*---------------------------------------------------------------------------*/
FoamFile
{
    version     2.0;
    format      ascii;
    class       volScalarField;
    location    "0.075";
    object      p;
}
// * * * * * * * * * * * * * * * * * * * * * * * * * * * * * * * * * * * * * //

dimensions      [0 2 -2 0 0 0 0];

internalField   nonuniform List<scalar> 
400
(
1.38765e-05
-0.0231732
-0.0520505
-0.0743041
-0.0826241
-0.0737373
-0.0473986
-0.00554178
0.0484103
0.11006
0.17444
0.236357
0.290744
0.333042
0.359662
0.368571
0.360029
0.337445
0.308344
0.285161
0.0230008
-0.000828011
-0.0234893
-0.0388321
-0.0432612
-0.0344783
-0.0121858
0.0222227
0.0661522
0.116182
0.168386
0.218644
0.262946
0.297735
0.320276
0.32909
0.32448
0.308854
0.285997
0.262208
0.0535474
0.0205275
-0.00399288
-0.0181435
-0.0217429
-0.0135395
0.00644554
0.036863
0.0754425
0.119258
0.164964
0.209037
0.248042
0.278903
0.299193
0.30746
0.303675
0.289197
0.264425
0.231436
0.0816321
0.0359531
0.00546362
-0.0106726
-0.0150693
-0.00740164
0.011834
0.0410447
0.077951
0.119779
0.163416
0.205592
0.243082
0.272924
0.292631
0.300461
0.295883
0.279332
0.248459
0.202723
0.10074
0.0416843
0.0040453
-0.0149356
-0.0202649
-0.0124407
0.00751899
0.0376499
0.0754985
0.118263
0.162881
0.206144
0.244845
0.275933
0.296672
0.304874
0.299432
0.279949
0.241728
0.182414
0.106193
0.033491
-0.0116043
-0.0333532
-0.0389493
-0.0296728
-0.0071119
0.0262996
0.0678136
0.114473
0.163134
0.210517
0.253292
0.288173
0.312023
0.32207
0.316551
0.294252
0.248313
0.174991
0.0939358
0.00717784
-0.0452487
-0.068989
-0.0734671
-0.0608098
-0.0332674
0.00615539
0.0543203
0.10803
0.163978
0.218736
0.268759
0.310416
0.340039
0.354127
0.350121
0.325881
0.272296
0.184349
0.0596368
-0.0418426
-0.101084
-0.125292
-0.126459
-0.107766
-0.0722814
-0.023697
0.034389
0.0985034
0.165166
0.230783
0.291569
0.343492
0.382241
0.403415
0.403435
0.378971
0.31824
0.214749
-0.00203038
-0.119157
-0.184195
-0.206409
-0.201065
-0.172781
-0.125683
-0.0642797
0.00733245
0.0854342
0.166435
0.246652
0.322116
0.388398
0.440466
0.472823
0.480551
0.458651
0.39185
0.271612
-0.0980896
-0.23196
-0.300926
-0.317314
-0.300866
-0.258254
-0.194986
-0.116522
-0.0274357
0.0684271
0.167536
0.266308
0.360756
0.446161
0.516755
0.565747
0.586458
0.571479
0.500662
0.36232
-0.238205
-0.389858
-0.459306
-0.463849
-0.429672
-0.366398
-0.281314
-0.18092
-0.0701358
0.0473169
0.168285
0.289621
0.407646
0.517609
0.613124
0.685963
0.727188
0.725921
0.654933
0.497288
-0.436286
-0.606074
-0.669563
-0.652661
-0.591109
-0.49869
-0.384843
-0.257049
-0.120253
0.0224011
0.168646
0.316302
0.462532
0.603044
0.731185
0.837336
0.909837
0.932954
0.86896
0.691733
-0.713566
-0.899386
-0.944687
-0.890853
-0.787841
-0.654973
-0.503977
-0.342903
-0.176059
-0.00527068
0.168831
0.345799
0.524429
0.701714
0.871488
1.02321
1.14233
1.20671
1.16314
0.968981
-1.10502
-1.29727
-1.30073
-1.18486
-1.02001
-0.831974
-0.634151
-0.434029
-0.234053
-0.0336036
0.169345
0.377073
0.591096
0.810936
1.03231
1.24506
1.43244
1.56487
1.56721
1.36721
-1.6726
-1.8405
-1.75569
-1.53744
-1.28213
-1.02082
-0.766118
-0.522474
-0.288407
-0.0592759
0.170849
0.408131
0.658113
0.924555
1.20735
1.49951
1.78483
2.02755
2.12494
1.95307
-2.52802
-2.58721
-2.32552
-1.94251
-1.55886
-1.20422
-0.884433
-0.596177
-0.33089
-0.0779485
0.173779
0.435427
0.717894
1.03123
1.38289
1.77419
2.19597
2.61321
2.89778
2.84435
-3.87299
-3.61303
-3.01649
-2.38085
-1.82323
-1.3564
-0.96843
-0.640386
-0.35225
-0.0853208
0.177719
0.453639
0.759672
1.11427
1.5369
2.04546
2.64949
3.33064
3.96436
4.24909
-6.15939
-5.01372
-3.78643
-2.79026
-2.01927
-1.43416
-0.988408
-0.636617
-0.34253
-0.0781214
0.179946
0.453529
0.765983
1.14534
1.62785
2.25902
3.08471
4.13979
5.42508
6.62752
-10.5695
-6.84898
-4.35762
-2.91495
-1.9681
-1.32304
-0.875097
-0.545538
-0.282396
-0.0515843
0.172448
0.412791
0.695038
1.05336
1.53994
2.23476
3.24506
4.76456
7.34527
11.1677
-17.9825
-8.61119
-4.1544
-2.37804
-1.46162
-0.918353
-0.578352
-0.344489
-0.163412
-0.00552058
0.14898
0.317287
0.519146
0.783971
1.16481
1.76027
2.74771
4.62119
9.19197
18.678
)
;

boundaryField
{
    movingWall
    {
        type            zeroGradient;
    }
    fixedWalls
    {
        type            zeroGradient;
    }
    frontAndBack
    {
        type            empty;
    }
}


// ************************************************************************* //
