/*--------------------------------*- C++ -*----------------------------------*\
  =========                 |
  \\      /  F ield         | OpenFOAM: The Open Source CFD Toolbox
   \\    /   O peration     | Website:  https://openfoam.org
    \\  /    A nd           | Version:  6
     \\/     M anipulation  |
\*---------------------------------------------------------------------------*/
FoamFile
{
    version     2.0;
    format      ascii;
    class       volScalarField;
    location    "0.23";
    object      p;
}
// * * * * * * * * * * * * * * * * * * * * * * * * * * * * * * * * * * * * * //

dimensions      [0 2 -2 0 0 0 0];

internalField   nonuniform List<scalar> 
400
(
7.62109e-06
-0.0231843
-0.0520639
-0.0743191
-0.0826401
-0.0737535
-0.0474145
-0.00555675
0.0483965
0.110048
0.174429
0.236348
0.290737
0.333036
0.359656
0.368565
0.360021
0.337436
0.308333
0.28515
0.0229918
-0.000838652
-0.0235013
-0.0388452
-0.0432752
-0.0344926
-0.0121999
0.0222093
0.0661396
0.11617
0.168376
0.218634
0.262937
0.297727
0.320269
0.329082
0.324471
0.308843
0.285986
0.262196
0.0535389
0.0205177
-0.00400376
-0.0181553
-0.0217556
-0.0135526
0.00643242
0.0368504
0.0754306
0.119247
0.164953
0.209026
0.248032
0.278893
0.299184
0.30745
0.303665
0.289186
0.264413
0.231423
0.0816247
0.0359441
0.00545351
-0.0106835
-0.015081
-0.00741397
0.0118214
0.0410323
0.0779392
0.119768
0.163405
0.205581
0.243072
0.272913
0.29262
0.30045
0.295872
0.279321
0.248446
0.202708
0.100733
0.0416758
0.00403561
-0.014946
-0.0202759
-0.0124523
0.00750689
0.0376377
0.0754865
0.118252
0.16287
0.206133
0.244834
0.275921
0.296661
0.304862
0.29942
0.279937
0.241714
0.182398
0.106187
0.0334826
-0.0116139
-0.0333634
-0.03896
-0.0296839
-0.00712345
0.0262876
0.0678014
0.114461
0.163123
0.210507
0.253282
0.288162
0.312011
0.322057
0.316539
0.294239
0.248299
0.174975
0.0939293
0.0071693
-0.0452585
-0.0689995
-0.0734779
-0.0608208
-0.0332786
0.00614377
0.0543082
0.108017
0.163966
0.218725
0.268748
0.310405
0.340027
0.354115
0.350108
0.325868
0.272282
0.184333
0.0596294
-0.0418516
-0.101094
-0.125302
-0.12647
-0.107777
-0.0722927
-0.0237084
0.0343772
0.0984911
0.165153
0.230771
0.291558
0.343481
0.38223
0.403403
0.403422
0.378957
0.318226
0.214734
-0.00203938
-0.119167
-0.184205
-0.20642
-0.201077
-0.172793
-0.125694
-0.0642913
0.00732081
0.0854222
0.166422
0.24664
0.322104
0.388386
0.440454
0.472811
0.480539
0.458639
0.391837
0.271597
-0.0981006
-0.231971
-0.300937
-0.317325
-0.300878
-0.258266
-0.194998
-0.116535
-0.0274477
0.0684152
0.167524
0.266296
0.360744
0.446148
0.516743
0.565735
0.586447
0.571467
0.50065
0.362307
-0.238218
-0.38987
-0.459318
-0.463861
-0.429684
-0.36641
-0.281327
-0.180933
-0.0701483
0.0473047
0.168273
0.289609
0.407634
0.517597
0.613112
0.685951
0.727176
0.72591
0.654921
0.497277
-0.436301
-0.606087
-0.669576
-0.652674
-0.591122
-0.498702
-0.384856
-0.257062
-0.120266
0.0223883
0.168634
0.31629
0.462519
0.603032
0.731173
0.837324
0.909825
0.932943
0.86895
0.691723
-0.713583
-0.899401
-0.944701
-0.890866
-0.787854
-0.654985
-0.503989
-0.342916
-0.176072
-0.00528379
0.168819
0.345786
0.524417
0.701702
0.871476
1.0232
1.14232
1.2067
1.16313
0.968973
-1.10504
-1.29728
-1.30074
-1.18488
-1.02003
-0.831987
-0.634163
-0.434041
-0.234066
-0.0336166
0.169332
0.37706
0.591084
0.810924
1.0323
1.24505
1.43243
1.56486
1.5672
1.3672
-1.67261
-1.84051
-1.75571
-1.53746
-1.28215
-1.02083
-0.766129
-0.522485
-0.288419
-0.0592885
0.170836
0.408118
0.658101
0.924542
1.20734
1.4995
1.78482
2.02754
2.12493
1.95306
-2.52804
-2.58723
-2.32553
-1.94252
-1.55887
-1.20424
-0.884445
-0.596188
-0.330902
-0.0779606
0.173766
0.435414
0.717881
1.03122
1.38288
1.77418
2.19596
2.6132
2.89777
2.84434
-3.873
-3.61305
-3.0165
-2.38086
-1.82324
-1.35641
-0.968441
-0.640397
-0.352261
-0.0853325
0.177706
0.453627
0.759659
1.11425
1.53689
2.04545
2.64948
3.33063
3.96435
4.24909
-6.15941
-5.01373
-3.78644
-2.79027
-2.01928
-1.43416
-0.988418
-0.636627
-0.342541
-0.0781331
0.179934
0.453516
0.765969
1.14533
1.62783
2.259
3.0847
4.13978
5.42507
6.62751
-10.5695
-6.84899
-4.35763
-2.91496
-1.96811
-1.32305
-0.875105
-0.545547
-0.282406
-0.0515957
0.172435
0.412778
0.695024
1.05334
1.53993
2.23475
3.24505
4.76455
7.34526
11.1677
-17.9825
-8.6112
-4.15441
-2.37805
-1.46163
-0.918359
-0.578359
-0.344497
-0.163421
-0.00553172
0.148967
0.317272
0.519131
0.783955
1.16479
1.76026
2.7477
4.62118
9.19196
18.678
)
;

boundaryField
{
    movingWall
    {
        type            zeroGradient;
    }
    fixedWalls
    {
        type            zeroGradient;
    }
    frontAndBack
    {
        type            empty;
    }
}


// ************************************************************************* //
