/*--------------------------------*- C++ -*----------------------------------*\
  =========                 |
  \\      /  F ield         | OpenFOAM: The Open Source CFD Toolbox
   \\    /   O peration     | Website:  https://openfoam.org
    \\  /    A nd           | Version:  6
     \\/     M anipulation  |
\*---------------------------------------------------------------------------*/
FoamFile
{
    version     2.0;
    format      ascii;
    class       volScalarField;
    location    "0.025";
    object      p;
}
// * * * * * * * * * * * * * * * * * * * * * * * * * * * * * * * * * * * * * //

dimensions      [0 2 -2 0 0 0 0];

internalField   nonuniform List<scalar> 
400
(
-4.4895e-10
-0.00153059
-0.00256786
-0.00239888
-0.000867635
0.00198318
0.00600525
0.0109934
0.0167129
0.0229094
0.0293118
0.0356348
0.0415836
0.0468605
0.0511766
0.0542731
0.0559637
0.0561967
0.0551511
0.0535866
0.00150674
-7.13333e-05
-0.00080299
-0.000399314
0.00114987
0.00383423
0.00755939
0.0121633
0.0174435
0.023169
0.0290878
0.0349327
0.0404291
0.0453057
0.0493085
0.0522252
0.0539257
0.0543907
0.0536512
0.0520383
0.00262015
0.000554683
-0.000264335
0.000178286
0.00172866
0.00436015
0.00798925
0.0124669
0.0176034
0.0231789
0.0289501
0.0346567
0.0400311
0.0448085
0.0487424
0.051627
0.0533378
0.0538365
0.0529925
0.0508731
0.0026811
5.83655e-05
-0.000992533
-0.000591401
0.000982378
0.00367242
0.007385
0.0119657
0.0172234
0.0229376
0.0288632
0.0347366
0.0402837
0.0452299
0.0493147
0.0523129
0.0540781
0.0545366
0.053437
0.0507312
0.00146412
-0.00167943
-0.00297154
-0.00260147
-0.000943065
0.00191854
0.00587267
0.010751
0.0163523
0.0224474
0.0287819
0.0350802
0.0410517
0.0463999
0.050835
0.0540967
0.0560031
0.0564425
0.0550732
0.0518031
-0.00117695
-0.0048568
-0.00639052
-0.00601104
-0.00417856
-0.00100918
0.0033632
0.00874904
0.0149297
0.0216611
0.0286732
0.0356715
0.0423405
0.0483502
0.0533669
0.0570782
0.0592512
0.0597268
0.0580788
0.0542023
-0.00539412
-0.00969739
-0.0114861
-0.0110382
-0.00891584
-0.00527549
-0.000283057
0.00584255
0.0128591
0.0205029
0.0284844
0.0364857
0.0441599
0.0511332
0.0570123
0.0614114
0.0640232
0.0646201
0.0626679
0.0580533
-0.0113981
-0.0164815
-0.0185508
-0.0179535
-0.0153936
-0.0110864
-0.00524281
0.0018799
0.0100107
0.0188639
0.0281302
0.0374682
0.046497
0.054791
0.0618806
0.0672797
0.0705716
0.0714204
0.0691248
0.0635439
-0.0195016
-0.0255968
-0.0279784
-0.027115
-0.0239235
-0.0187089
-0.0117443
-0.00333637
0.00621137
0.0165928
0.0274836
0.038525
0.0493064
0.0593477
0.068088
0.0749077
0.07923
0.0805421
0.0778644
0.0709724
-0.0301665
-0.0375925
-0.0403057
-0.0389943
-0.0349041
-0.0284758
-0.0200686
-0.0100497
0.00124322
0.0134901
0.0263638
0.0395038
0.0524851
0.064782
0.0757343
0.084552
0.0904296
0.0925667
0.0895067
0.0808119
-0.0440832
-0.0532586
-0.0562674
-0.0542041
-0.0488287
-0.0407834
-0.0305406
-0.0185395
-0.00514932
0.00930904
0.0245275
0.0401729
0.0558386
0.0709828
0.0848563
0.0964703
0.104705
0.108306
0.104996
0.0938377
-0.0623284
-0.0737559
-0.0768704
-0.0735263
-0.0662849
-0.0560727
-0.0435021
-0.0290912
-0.0132318
0.00377598
0.0216768
0.0402108
0.0590477
0.0776922
0.0953571
0.110859
0.122682
0.12888
0.125793
0.111397
-0.0866815
-0.100829
-0.103488
-0.0979258
-0.0879224
-0.0747727
-0.0592419
-0.0419219
-0.0232073
-0.0033447
0.0175097
0.0392341
0.0616618
0.0844569
0.106916
0.127747
0.145012
0.155796
0.154188
0.135955
-0.120262
-0.137146
-0.137941
-0.128496
-0.114333
-0.097149
-0.0778326
-0.0570169
-0.0350584
-0.0121019
0.0118556
0.03691
0.0631741
0.0906404
0.118918
0.146855
0.172242
0.190981
0.193771
0.172191
-0.168799
-0.18679
-0.182444
-0.16618
-0.145698
-0.122938
-0.0987832
-0.0738127
-0.0482596
-0.0220898
0.00493253
0.0332075
0.0632527
0.0955975
0.130509
0.16748
0.204569
0.23666
0.250005
0.228937
-0.242839
-0.255726
-0.23914
-0.211051
-0.181026
-0.150647
-0.120453
-0.0907268
-0.0613961
-0.0321174
-0.00232773
0.028756
0.0621587
0.099141
0.141037
0.18876
0.241771
0.295023
0.330499
0.321764
-0.361597
-0.351624
-0.308845
-0.26108
-0.217051
-0.176695
-0.139482
-0.104838
-0.0720104
-0.0401338
-0.008206
0.0249976
0.061063
0.102111
0.15092
0.210737
0.284061
0.368353
0.445307
0.476807
-0.567
-0.482335
-0.386031
-0.308194
-0.245771
-0.194178
-0.150445
-0.112078
-0.0770842
-0.0438614
-0.010923
0.0233742
0.0611446
0.105405
0.160662
0.233372
0.330927
0.45801
0.610733
0.748871
-0.971028
-0.6483
-0.439192
-0.324033
-0.247009
-0.189795
-0.145018
-0.107454
-0.0737511
-0.0418103
-0.00998884
0.0234414
0.0607779
0.105578
0.163832
0.245585
0.365607
0.546963
0.844102
1.26637
-1.68377
-0.800356
-0.408232
-0.270505
-0.200656
-0.154151
-0.11943
-0.0899548
-0.0623201
-0.0349714
-0.00690101
0.023027
0.0565333
0.0966135
0.149014
0.225303
0.348533
0.574346
1.07932
2.07548
)
;

boundaryField
{
    movingWall
    {
        type            zeroGradient;
    }
    fixedWalls
    {
        type            zeroGradient;
    }
    frontAndBack
    {
        type            empty;
    }
}


// ************************************************************************* //
