/*--------------------------------*- C++ -*----------------------------------*\
  =========                 |
  \\      /  F ield         | OpenFOAM: The Open Source CFD Toolbox
   \\    /   O peration     | Website:  https://openfoam.org
    \\  /    A nd           | Version:  6
     \\/     M anipulation  |
\*---------------------------------------------------------------------------*/
FoamFile
{
    version     2.0;
    format      ascii;
    class       volVectorField;
    location    "0.025";
    object      U;
}
// * * * * * * * * * * * * * * * * * * * * * * * * * * * * * * * * * * * * * //

dimensions      [0 1 -1 0 0 0 0];

internalField   nonuniform List<vector> 
400
(
(3.04966e-05 -3.10556e-05 0)
(-0.000424702 0.00031564 0)
(-0.00172543 0.000574468 0)
(-0.00346885 0.000680823 0)
(-0.00531481 0.000680327 0)
(-0.00705639 0.000615182 0)
(-0.00856716 0.000512286 0)
(-0.00976933 0.000386986 0)
(-0.0106143 0.000247539 0)
(-0.0110709 9.8795e-05 0)
(-0.0111198 -5.54895e-05 0)
(-0.0107526 -0.000211384 0)
(-0.00997299 -0.000363878 0)
(-0.00880123 -0.000505662 0)
(-0.00728182 -0.000625003 0)
(-0.0054975 -0.000702566 0)
(-0.00358854 -0.000707995 0)
(-0.00178152 -0.000597642 0)
(-0.000436804 -0.000328029 0)
(3.23696e-05 3.06977e-05 0)
(-0.000306855 0.000410985 0)
(-0.00190831 0.00190421 0)
(-0.00508889 0.00295542 0)
(-0.00906438 0.00340441 0)
(-0.0132087 0.00339361 0)
(-0.0171174 0.00307754 0)
(-0.0205158 0.0025688 0)
(-0.0232226 0.00193928 0)
(-0.025121 0.00123263 0)
(-0.0261367 0.000477336 0)
(-0.0262264 -0.000303957 0)
(-0.0253749 -0.00108837 0)
(-0.0235975 -0.00184806 0)
(-0.0209483 -0.00254442 0)
(-0.017537 -0.00311958 0)
(-0.0135535 -0.00348564 0)
(-0.00929673 -0.00351636 0)
(-0.00520586 -0.00305179 0)
(-0.00194156 -0.00195787 0)
(-0.000308184 -0.000417585 0)
(-0.000583105 0.00170998 0)
(-0.00309911 0.00511636 0)
(-0.00769337 0.00736472 0)
(-0.0132354 0.0083196 0)
(-0.0189225 0.00825473 0)
(-0.0242524 0.00748204 0)
(-0.0288738 0.00624553 0)
(-0.0325482 0.00471054 0)
(-0.0351204 0.00298365 0)
(-0.0364917 0.00113765 0)
(-0.0366053 -0.000768798 0)
(-0.035442 -0.00267729 0)
(-0.0330234 -0.00451801 0)
(-0.0294226 -0.00619639 0)
(-0.0247851 -0.00757538 0)
(-0.0193597 -0.00845538 0)
(-0.0135285 -0.00856335 0)
(-0.0078383 -0.00757576 0)
(-0.00313778 -0.00523642 0)
(-0.000583593 -0.00173039 0)
(-0.000759338 0.00357897 0)
(-0.00394804 0.00944583 0)
(-0.00964929 0.0131093 0)
(-0.01641 0.0146082 0)
(-0.0232666 0.0144141 0)
(-0.0296468 0.0130333 0)
(-0.0351545 0.0108653 0)
(-0.039522 0.00818586 0)
(-0.0425763 0.00517676 0)
(-0.0442077 0.00196395 0)
(-0.0443522 -0.00135098 0)
(-0.042986 -0.00466743 0)
(-0.0401288 -0.00786566 0)
(-0.0358575 -0.010784 0)
(-0.0303313 -0.0131905 0)
(-0.0238289 -0.0147519 0)
(-0.0167848 -0.0150194 0)
(-0.00982999 -0.0134657 0)
(-0.00399069 -0.00964748 0)
(-0.000756794 -0.00361126 0)
(-0.000888789 0.00583027 0)
(-0.00463762 0.0146165 0)
(-0.0113177 0.019884 0)
(-0.0191731 0.0219436 0)
(-0.0270736 0.0215401 0)
(-0.0343762 0.0194186 0)
(-0.0406496 0.0161593 0)
(-0.0456107 0.0121619 0)
(-0.0490812 0.00768964 0)
(-0.0509491 0.00292385 0)
(-0.0511467 -0.00199093 0)
(-0.0496426 -0.00691245 0)
(-0.0464465 -0.01167 0)
(-0.0416254 -0.0160302 0)
(-0.0353356 -0.0196549 0)
(-0.0278712 -0.0220569 0)
(-0.0197118 -0.022578 0)
(-0.0115811 -0.0204365 0)
(-0.00470065 -0.0149273 0)
(-0.000885172 -0.00587482 0)
(-0.00101676 0.00842181 0)
(-0.00534027 0.0205935 0)
(-0.0130451 0.0276813 0)
(-0.0220553 0.030329 0)
(-0.031052 0.0296309 0)
(-0.0393107 0.0266271 0)
(-0.0463671 0.0221126 0)
(-0.051931 0.0166282 0)
(-0.0558292 0.0105245 0)
(-0.0579549 0.00403679 0)
(-0.0582392 -0.00265247 0)
(-0.05664 -0.0093655 0)
(-0.0531469 -0.0158847 0)
(-0.0478022 -0.0219027 0)
(-0.0407431 -0.0269625 0)
(-0.0322667 -0.0303947 0)
(-0.0228984 -0.0312835 0)
(-0.0134753 -0.0285248 0)
(-0.00545533 -0.0210738 0)
(-0.00101669 -0.00849012 0)
(-0.00117453 0.0113986 0)
(-0.00618979 0.027486 0)
(-0.0151139 0.0366434 0)
(-0.0254845 0.0399061 0)
(-0.035753 0.0388058 0)
(-0.0451008 0.0347488 0)
(-0.0530336 0.0287898 0)
(-0.0592657 0.0216331 0)
(-0.0636419 0.0137224 0)
(-0.0660712 0.00534225 0)
(-0.0664875 -0.00329816 0)
(-0.0648345 -0.0119984 0)
(-0.0610696 -0.0205041 0)
(-0.0551904 -0.028436 0)
(-0.0472917 -0.0352039 0)
(-0.0376547 -0.0399174 0)
(-0.0268469 -0.0413359 0)
(-0.0158435 -0.0379397 0)
(-0.00640779 -0.0282485 0)
(-0.0011855 -0.011521 0)
(-0.00138707 0.0148687 0)
(-0.00729989 0.0355225 0)
(-0.0177674 0.0470359 0)
(-0.0298192 0.0509197 0)
(-0.0416168 0.0492604 0)
(-0.0522364 0.0439254 0)
(-0.0611653 0.0362889 0)
(-0.0681434 0.0272466 0)
(-0.0730554 0.0173401 0)
(-0.0758425 0.00689266 0)
(-0.0764498 -0.00387883 0)
(-0.0748034 -0.0147739 0)
(-0.070813 -0.0255214 0)
(-0.0644039 -0.0356794 0)
(-0.0555912 -0.0445115 0)
(-0.0446034 -0.0508582 0)
(-0.0320305 -0.0530599 0)
(-0.0190076 -0.0490467 0)
(-0.00770526 -0.036762 0)
(-0.00142222 -0.0151059 0)
(-0.00168228 0.0190001 0)
(-0.00879417 0.0450483 0)
(-0.0212596 0.0592404 0)
(-0.0354118 0.0636986 0)
(-0.0490425 0.0612362 0)
(-0.0611213 0.0543149 0)
(-0.0711457 0.0447068 0)
(-0.0789189 0.0335321 0)
(-0.0844013 0.0214314 0)
(-0.0875931 0.0087483 0)
(-0.0884647 -0.00432362 0)
(-0.0869241 -0.0176201 0)
(-0.0828143 -0.030889 0)
(-0.0759498 -0.0436489 0)
(-0.0662084 -0.0550128 0)
(-0.0536994 -0.0634954 0)
(-0.0389823 -0.0668906 0)
(-0.0233555 -0.0623766 0)
(-0.00953384 -0.0470932 0)
(-0.0017671 -0.0194651 0)
(-0.00210263 0.0240369 0)
(-0.0108429 0.0565447 0)
(-0.025911 0.0737539 0)
(-0.0426681 0.0786314 0)
(-0.0584405 0.0749803 0)
(-0.0721138 0.0660437 0)
(-0.0832545 0.0540927 0)
(-0.0917926 0.0405078 0)
(-0.0978186 0.0260223 0)
(-0.101432 0.010968 0)
(-0.102651 -0.00453107 0)
(-0.10137 -0.0204023 0)
(-0.097347 -0.0364701 0)
(-0.0902363 -0.0522632 0)
(-0.0796953 -0.0667595 0)
(-0.0656023 -0.0780945 0)
(-0.0483738 -0.0833486 0)
(-0.0294246 -0.0786461 0)
(-0.0121765 -0.0599411 0)
(-0.0022882 -0.0249379 0)
(-0.00272156 0.0303394 0)
(-0.0137066 0.0706725 0)
(-0.0321592 0.091195 0)
(-0.0520763 0.0961321 0)
(-0.0702258 0.0906847 0)
(-0.0854839 0.0791375 0)
(-0.0975939 0.0643836 0)
(-0.106711 0.0480942 0)
(-0.113134 0.0310728 0)
(-0.117115 0.0135894 0)
(-0.118756 -0.00436737 0)
(-0.117951 -0.022895 0)
(-0.114359 -0.0419834 0)
(-0.107423 -0.0612589 0)
(-0.0964726 -0.0796243 0)
(-0.0809862 -0.0948087 0)
(-0.061027 -0.102983 0)
(-0.0379682 -0.098777 0)
(-0.0160832 -0.0763152 0)
(-0.0031087 -0.0320601 0)
(-0.00366868 0.0384599 0)
(-0.0177859 0.0883316 0)
(-0.0405777 0.112285 0)
(-0.0641521 0.116557 0)
(-0.084678 0.108373 0)
(-0.101198 0.0934057 0)
(-0.113817 0.0753019 0)
(-0.123056 0.056031 0)
(-0.12952 0.0364155 0)
(-0.13368 0.0165889 0)
(-0.135763 -0.00368262 0)
(-0.135691 -0.0247682 0)
(-0.133032 -0.0469457 0)
(-0.126979 -0.0700828 0)
(-0.116424 -0.0931417 0)
(-0.100222 -0.113494 0)
(-0.0777363 -0.126217 0)
(-0.0499318 -0.123854 0)
(-0.0219364 -0.0976397 0)
(-0.00444694 -0.0416972 0)
(-0.00516802 0.0492635 0)
(-0.0236626 0.110707 0)
(-0.0517989 0.137744 0)
(-0.079182 0.140005 0)
(-0.101516 0.127677 0)
(-0.11837 0.108239 0)
(-0.130493 0.0861907 0)
(-0.138954 0.0637497 0)
(-0.144766 0.0416581 0)
(-0.148678 0.0198074 0)
(-0.151087 -0.00236181 0)
(-0.151984 -0.0256052 0)
(-0.150885 -0.0506384 0)
(-0.146753 -0.0777744 0)
(-0.137976 -0.106283 0)
(-0.122552 -0.133382 0)
(-0.0986663 -0.152994 0)
(-0.0661732 -0.154893 0)
(-0.0306544 -0.125788 0)
(-0.00666689 -0.0552376 0)
(-0.00759055 0.064101 0)
(-0.0320857 0.139205 0)
(-0.066188 0.167954 0)
(-0.0965293 0.165876 0)
(-0.11892 0.147422 0)
(-0.134106 0.122278 0)
(-0.143868 0.095772 0)
(-0.150005 0.0702011 0)
(-0.153999 0.0460529 0)
(-0.15689 0.0228409 0)
(-0.159258 -0.00042346 0)
(-0.161211 -0.0249836 0)
(-0.162307 -0.0521389 0)
(-0.161397 -0.0828923 0)
(-0.15644 -0.117199 0)
(-0.144474 -0.152581 0)
(-0.121986 -0.18208 0)
(-0.086628 -0.192167 0)
(-0.043185 -0.162821 0)
(-0.0103154 -0.0748004 0)
(-0.0114997 0.084997 0)
(-0.0437699 0.175062 0)
(-0.0829566 0.202142 0)
(-0.113104 0.192023 0)
(-0.131629 0.164957 0)
(-0.141473 0.132964 0)
(-0.145848 0.101874 0)
(-0.147343 0.073695 0)
(-0.147831 0.0483886 0)
(-0.14854 0.0249371 0)
(-0.150171 0.0018537 0)
(-0.152973 -0.0226306 0)
(-0.156683 -0.0504751 0)
(-0.160303 -0.083584 0)
(-0.161715 -0.123061 0)
(-0.157244 -0.167505 0)
(-0.141454 -0.209962 0)
(-0.108502 -0.233809 0)
(-0.059767 -0.210017 0)
(-0.016047 -0.103296 0)
(-0.0175536 0.114848 0)
(-0.0585991 0.218181 0)
(-0.0980635 0.236675 0)
(-0.120423 0.213339 0)
(-0.127823 0.175278 0)
(-0.12659 0.136126 0)
(-0.121441 0.10132 0)
(-0.115444 0.0719333 0)
(-0.110491 0.0470559 0)
(-0.107681 0.025021 0)
(-0.107644 0.00386858 0)
(-0.110724 -0.0185987 0)
(-0.116983 -0.0449072 0)
(-0.12597 -0.0778975 0)
(-0.136183 -0.120198 0)
(-0.144137 -0.172483 0)
(-0.14312 -0.229539 0)
(-0.123096 -0.273541 0)
(-0.0780106 -0.265763 0)
(-0.0240962 -0.144261 0)
(-0.0256962 0.158004 0)
(-0.0730652 0.264396 0)
(-0.0995154 0.261668 0)
(-0.0995434 0.219587 0)
(-0.0849748 0.170204 0)
(-0.0657058 0.126003 0)
(-0.0469328 0.0903307 0)
(-0.0311632 0.0625065 0)
(-0.0194848 0.040488 0)
(-0.012316 0.0220065 0)
(-0.00988293 0.00483623 0)
(-0.0124805 -0.0133442 0)
(-0.0205616 -0.0352622 0)
(-0.034621 -0.064354 0)
(-0.054696 -0.104719 0)
(-0.0791248 -0.159898 0)
(-0.1022 -0.228904 0)
(-0.111305 -0.297469 0)
(-0.0888421 -0.321623 0)
(-0.0323678 -0.201512 0)
(-0.0309386 0.218889 0)
(-0.0721325 0.298575 0)
(-0.0570242 0.256101 0)
(-0.0131756 0.194237 0)
(0.0341534 0.139438 0)
(0.0755623 0.0970489 0)
(0.108672 0.0662743 0)
(0.133476 0.0443034 0)
(0.1508 0.0281945 0)
(0.161509 0.0154913 0)
(0.166102 0.00416052 0)
(0.164515 -0.00773108 0)
(0.155993 -0.0224632 0)
(0.13899 -0.0432092 0)
(0.111285 -0.0745757 0)
(0.0708597 -0.12258 0)
(0.0181942 -0.192465 0)
(-0.0381478 -0.281029 0)
(-0.0687303 -0.353254 0)
(-0.0303288 -0.272345 0)
(0.00260506 0.270426 0)
(0.00386868 0.27771 0)
(0.101748 0.193086 0)
(0.204193 0.126651 0)
(0.281532 0.081713 0)
(0.336743 0.0521488 0)
(0.375539 0.0331902 0)
(0.402144 0.0210502 0)
(0.419712 0.0129625 0)
(0.43037 0.00706461 0)
(0.43525 0.00206699 0)
(0.43456 -0.00310546 0)
(0.427519 -0.0096862 0)
(0.412068 -0.0195527 0)
(0.384401 -0.0359717 0)
(0.338531 -0.064695 0)
(0.265673 -0.114997 0)
(0.157544 -0.19801 0)
(0.0426907 -0.306345 0)
(0.0253684 -0.306696 0)
(0.295506 0.144354 0)
(0.385586 0.126086 0)
(0.535772 0.0756949 0)
(0.644641 0.0432536 0)
(0.706432 0.024622 0)
(0.742214 0.0139657 0)
(0.764044 0.00796776 0)
(0.777548 0.00460459 0)
(0.785818 0.00264232 0)
(0.790587 0.00137015 0)
(0.792675 0.000374098 0)
(0.792258 -0.000634376 0)
(0.78891 -0.0019582 0)
(0.781382 -0.00408464 0)
(0.767012 -0.00798974 0)
(0.740457 -0.015773 0)
(0.689689 -0.0319302 0)
(0.587946 -0.065187 0)
(0.426955 -0.123508 0)
(0.317016 -0.150398 0)
)
;

boundaryField
{
    movingWall
    {
        type            fixedValue;
        value           uniform (1 0 0);
    }
    fixedWalls
    {
        type            noSlip;
    }
    frontAndBack
    {
        type            empty;
    }
}


// ************************************************************************* //
