/*--------------------------------*- C++ -*----------------------------------*\
  =========                 |
  \\      /  F ield         | OpenFOAM: The Open Source CFD Toolbox
   \\    /   O peration     | Website:  https://openfoam.org
    \\  /    A nd           | Version:  6
     \\/     M anipulation  |
\*---------------------------------------------------------------------------*/
FoamFile
{
    version     2.0;
    format      ascii;
    class       surfaceScalarField;
    location    "0.01";
    object      phi;
}
// * * * * * * * * * * * * * * * * * * * * * * * * * * * * * * * * * * * * * //

dimensions      [0 3 -1 0 0 0 0];

internalField   nonuniform List<scalar> 
760
(
1.45669e-08
-1.45666e-08
-2.04368e-08
3.50028e-08
-1.10967e-07
9.05296e-08
-2.4103e-07
1.30063e-07
-3.90794e-07
1.49764e-07
-5.41151e-07
1.50357e-07
-6.75586e-07
1.34435e-07
-7.81033e-07
1.05447e-07
-8.48141e-07
6.71082e-08
-8.71289e-07
2.31484e-08
-8.48555e-07
-2.27345e-08
-7.81712e-07
-6.68422e-08
-6.76289e-07
-1.05423e-07
-5.41636e-07
-1.34654e-07
-3.90912e-07
-1.50724e-07
-2.40793e-07
-1.50119e-07
-1.10548e-07
-1.30245e-07
-2.00863e-08
-9.0463e-08
1.47078e-08
-3.47952e-08
1.47071e-08
-3.23413e-08
1.77753e-08
-1.74653e-07
1.77315e-07
-4.24075e-07
3.39952e-07
-7.50903e-07
4.56892e-07
-1.11554e-06
5.144e-07
-1.47728e-06
5.12099e-07
-1.79934e-06
4.56494e-07
-2.05163e-06
3.57739e-07
-2.21213e-06
2.27603e-07
-2.26741e-06
7.84354e-08
-2.2129e-06
-7.72438e-08
-2.05291e-06
-2.26832e-07
-1.80068e-06
-3.57656e-07
-1.47822e-06
-4.57109e-07
-1.1158e-06
-5.13149e-07
-7.50482e-07
-5.15434e-07
-4.23271e-07
-4.57457e-07
-1.73906e-07
-3.39827e-07
-3.19924e-08
-1.76707e-07
-1.72855e-08
-8.88654e-08
1.0664e-07
-3.47557e-07
4.36005e-07
-7.48931e-07
7.41326e-07
-1.24751e-06
9.55469e-07
-1.7889e-06
1.05579e-06
-2.3181e-06
1.0413e-06
-2.7853e-06
9.23688e-07
-3.14951e-06
7.21953e-07
-3.38058e-06
4.58675e-07
-3.46009e-06
1.5794e-07
-3.38172e-06
-1.55614e-07
-3.15142e-06
-4.57131e-07
-2.78738e-06
-7.21699e-07
-2.31972e-06
-9.24767e-07
-1.78962e-06
-1.04325e-06
-1.24726e-06
-1.0578e-06
-7.48045e-07
-9.56667e-07
-3.46626e-07
-7.41247e-07
-8.84048e-08
-4.34926e-07
-1.0569e-07
-1.40642e-07
2.47283e-07
-5.13585e-07
8.08948e-07
-1.06302e-06
1.29076e-06
-1.72346e-06
1.61591e-06
-2.42528e-06
1.75761e-06
-3.10138e-06
1.7174e-06
-3.69242e-06
1.51473e-06
-4.15022e-06
1.17976e-06
-4.43958e-06
7.48033e-07
-4.53908e-06
2.57438e-07
-4.44138e-06
-2.53315e-07
-4.15333e-06
-7.45182e-07
-3.696e-06
-1.17903e-06
-3.10451e-06
-1.51625e-06
-2.42726e-06
-1.7205e-06
-1.72403e-06
-1.76103e-06
-1.06248e-06
-1.61822e-06
-5.12659e-07
-1.29107e-06
-1.40092e-07
-8.07493e-07
-2.45783e-07
-1.88556e-07
4.35838e-07
-6.73245e-07
1.29364e-06
-1.36905e-06
1.98656e-06
-2.18766e-06
2.43453e-06
-3.04276e-06
2.61271e-06
-3.85555e-06
2.53019e-06
-4.55894e-06
2.21812e-06
-5.09987e-06
1.72069e-06
-5.44032e-06
1.08849e-06
-5.55742e-06
3.74539e-07
-5.44333e-06
-3.67414e-07
-5.10519e-06
-1.08332e-06
-4.56537e-06
-1.71884e-06
-3.86171e-06
-2.21992e-06
-3.04744e-06
-2.53477e-06
-2.19023e-06
-2.61823e-06
-1.36964e-06
-2.4388e-06
-6.72717e-07
-1.98799e-06
-1.88018e-07
-1.29219e-06
-4.33802e-07
-2.35596e-07
6.71435e-07
-8.32696e-07
1.89074e-06
-1.67621e-06
2.83007e-06
-2.65269e-06
3.41101e-06
-3.65763e-06
3.61765e-06
-4.60064e-06
3.4732e-06
-5.40821e-06
3.02569e-06
-6.02446e-06
2.33694e-06
-6.41053e-06
1.47456e-06
-6.5435e-06
5.07507e-07
-6.41549e-06
-4.95422e-07
-6.03341e-06
-1.46541e-06
-5.4194e-06
-2.33285e-06
-4.61196e-06
-3.02736e-06
-3.66712e-06
-3.47962e-06
-2.65904e-06
-3.62631e-06
-1.67921e-06
-3.41864e-06
-8.33243e-07
-2.83396e-06
-2.35266e-07
-1.89017e-06
-6.69068e-07
-2.84821e-07
9.56255e-07
-9.98995e-07
2.60491e-06
-1.99433e-06
3.82541e-06
-3.12945e-06
4.54612e-06
-4.28043e-06
4.76864e-06
-5.34586e-06
4.53863e-06
-6.24776e-06
3.92759e-06
-6.92994e-06
3.01912e-06
-7.35508e-06
1.8997e-06
-7.50184e-06
6.54269e-07
-7.36288e-06
-6.34381e-07
-6.94421e-06
-1.88408e-06
-6.26604e-06
-3.01102e-06
-5.36506e-06
-3.92834e-06
-4.29748e-06
-4.5472e-06
-3.14203e-06
-4.78176e-06
-2.00154e-06
-4.55913e-06
-1.00162e-06
-3.83387e-06
-2.85009e-07
-2.60678e-06
-9.54077e-07
-3.39084e-07
1.29534e-06
-1.17874e-06
3.44457e-06
-2.33152e-06
4.97819e-06
-3.62427e-06
5.83887e-06
-4.91288e-06
6.05724e-06
-6.08669e-06
5.71244e-06
-7.0666e-06
4.9075e-06
-7.79982e-06
3.75235e-06
-8.25383e-06
2.3537e-06
-8.41104e-06
8.11477e-07
-8.26537e-06
-7.80045e-07
-7.82115e-06
-2.32831e-06
-7.09444e-06
-3.73773e-06
-6.11676e-06
-4.90601e-06
-4.94067e-06
-5.72329e-06
-3.64603e-06
-6.0764e-06
-2.34523e-06
-5.85993e-06
-1.1848e-06
-4.9943e-06
-3.40238e-07
-3.45135e-06
-1.29431e-06
-4.01198e-07
1.69654e-06
-1.37784e-06
4.4212e-06
-2.69305e-06
6.29341e-06
-4.13676e-06
7.28259e-06
-5.54485e-06
7.46534e-06
-6.80132e-06
6.9689e-06
-7.83142e-06
5.9376e-06
-8.59134e-06
4.51227e-06
-9.05782e-06
2.82019e-06
-9.21991e-06
9.73564e-07
-9.0738e-06
-9.26159e-07
-8.62114e-06
-2.78096e-06
-7.87097e-06
-4.48791e-06
-6.84507e-06
-5.93191e-06
-5.58662e-06
-6.98173e-06
-4.17091e-06
-7.49211e-06
-2.71592e-06
-7.31492e-06
-1.389e-06
-6.32122e-06
-4.03902e-07
-4.43645e-06
-1.69822e-06
-4.74481e-07
2.17102e-06
-1.60204e-06
5.54876e-06
-3.0808e-06
7.77216e-06
-4.65759e-06
8.85938e-06
-6.15063e-06
8.95838e-06
-7.44574e-06
8.26401e-06
-8.48118e-06
6.97303e-06
-9.22988e-06
5.26097e-06
-9.68372e-06
3.27403e-06
-9.84196e-06
1.1318e-06
-9.70429e-06
-1.06383e-06
-9.26864e-06
-3.21661e-06
-8.53347e-06
-5.22307e-06
-7.50495e-06
-6.96043e-06
-6.20888e-06
-8.2778e-06
-4.70705e-06
-8.99394e-06
-3.11557e-06
-8.9064e-06
-1.6202e-06
-7.81659e-06
-4.79454e-07
-5.57719e-06
-2.17767e-06
-5.63782e-07
2.7348e-06
-1.85794e-06
6.84292e-06
-3.49246e-06
9.40668e-06
-5.1651e-06
1.0532e-05
-6.68323e-06
1.04765e-05
-7.94683e-06
9.52761e-06
-8.91973e-06
7.94594e-06
-9.60178e-06
5.94301e-06
-1.00069e-05
3.67917e-06
-1.01486e-05
1.27344e-06
-1.00313e-05
-1.18109e-06
-9.64823e-06
-3.59967e-06
-8.98359e-06
-5.88771e-06
-8.02098e-06
-7.92304e-06
-6.75855e-06
-9.54024e-06
-5.23157e-06
-1.05209e-05
-3.54137e-06
-1.05966e-05
-1.88497e-06
-9.47299e-06
-5.71847e-07
-6.89031e-06
-2.74952e-06
-6.77165e-07
3.41196e-06
-2.15396e-06
8.31971e-06
-3.91903e-06
1.11718e-05
-5.61873e-06
1.22317e-05
-7.06502e-06
1.19228e-05
-8.19201e-06
1.06546e-05
-9.00613e-06
8.76006e-06
-9.54583e-06
6.48271e-06
-9.85409e-06
3.98743e-06
-9.96195e-06
1.3813e-06
-9.88007e-06
-1.26297e-06
-9.59607e-06
-3.88366e-06
-9.07684e-06
-6.40694e-06
-8.27677e-06
-8.72311e-06
-7.15447e-06
-1.06625e-05
-5.70124e-06
-1.19742e-05
-3.98286e-06
-1.2315e-05
-2.19132e-06
-1.12645e-05
-6.89183e-07
-8.39245e-06
-3.4387e-06
-8.2865e-07
4.24061e-06
-2.50034e-06
9.9914e-06
-4.33777e-06
1.30092e-05
-5.94577e-06
1.38397e-05
-7.17192e-06
1.31489e-05
-8.01428e-06
1.1497e-05
-8.54239e-06
9.28816e-06
-8.84437e-06
6.78469e-06
-8.99681e-06
4.13988e-06
-9.04978e-06
1.43426e-06
-9.02042e-06
-1.29233e-06
-8.89107e-06
-4.01301e-06
-8.61048e-06
-6.68753e-06
-8.0997e-06
-9.23389e-06
-7.26698e-06
-1.14953e-05
-6.03874e-06
-1.32024e-05
-4.41436e-06
-1.39393e-05
-2.54833e-06
-1.31306e-05
-8.45384e-07
-1.00954e-05
-4.28409e-06
-1.042e-06
5.28261e-06
-2.90444e-06
1.18538e-05
-4.6941e-06
1.47988e-05
-6.01502e-06
1.51606e-05
-6.8065e-06
1.39404e-05
-7.17045e-06
1.18609e-05
-7.25919e-06
9.3769e-06
-7.21582e-06
6.74133e-06
-7.14881e-06
4.07286e-06
-7.12416e-06
1.40962e-06
-7.16436e-06
-1.25214e-06
-7.24819e-06
-3.92919e-06
-7.30998e-06
-6.62574e-06
-7.2399e-06
-9.30397e-06
-6.89121e-06
-1.18439e-05
-6.1059e-06
-1.39877e-05
-4.7762e-06
-1.5269e-05
-2.96093e-06
-1.49458e-05
-1.06382e-06
-1.19925e-05
-5.34791e-06
-1.3526e-06
6.63522e-06
-3.35007e-06
1.38513e-05
-4.85763e-06
1.63064e-05
-5.5856e-06
1.58886e-05
-5.65432e-06
1.40091e-05
-5.31206e-06
1.15187e-05
-4.8019e-06
8.86673e-06
-4.31273e-06
6.25216e-06
-3.97155e-06
3.73168e-06
-3.85014e-06
1.28821e-06
-3.9726e-06
-1.12967e-06
-4.31806e-06
-3.58373e-06
-4.81707e-06
-6.12672e-06
-5.34315e-06
-8.77789e-06
-5.7049e-06
-1.14822e-05
-5.65306e-06
-1.40395e-05
-4.93029e-06
-1.59918e-05
-3.40837e-06
-1.64678e-05
-1.37882e-06
-1.40221e-05
-6.72672e-06
-1.79158e-06
8.42679e-06
-3.72733e-06
1.57871e-05
-4.52148e-06
1.71006e-05
-4.21354e-06
1.55807e-05
-3.21911e-06
1.30147e-05
-1.95262e-06
1.02522e-05
-7.23879e-07
7.63799e-06
2.6721e-07
5.26107e-06
9.04738e-07
3.09415e-06
1.12982e-06
1.06313e-06
9.23172e-07
-9.23027e-07
2.99435e-07
-2.95999e-06
-6.86685e-07
-5.1406e-06
-1.92218e-06
-7.54239e-06
-3.2074e-06
-1.0197e-05
-4.22819e-06
-1.30188e-05
-4.5599e-06
-1.56601e-05
-3.77289e-06
-1.72548e-05
-1.81867e-06
-1.59763e-05
-8.5454e-06
-2.30524e-06
1.0732e-05
-3.63803e-06
1.71198e-05
-2.99116e-06
1.64537e-05
-1.09717e-06
1.36867e-05
1.25901e-06
1.06585e-05
3.55541e-06
7.95577e-06
5.49873e-06
5.69467e-06
6.94587e-06
3.81393e-06
7.83627e-06
2.20375e-06
8.14787e-06
7.51529e-07
7.87415e-06
-6.49306e-07
7.01702e-06
-2.10286e-06
5.59369e-06
-3.71727e-06
3.6598e-06
-5.60849e-06
1.35451e-06
-7.89169e-06
-1.02935e-06
-1.06349e-05
-2.96302e-06
-1.37264e-05
-3.64545e-06
-1.65723e-05
-2.32331e-06
-1.72984e-05
-1.08687e-05
-2.50016e-06
1.32322e-05
-1.92159e-06
1.65413e-05
1.21941e-06
1.33127e-05
5.14761e-06
9.75848e-06
8.87764e-06
6.9285e-06
1.2005e-05
4.82843e-06
1.44101e-05
3.28959e-06
1.60937e-05
2.1303e-06
1.70922e-05
1.20529e-06
1.74374e-05
4.06299e-07
1.71406e-05
-3.52561e-07
1.6188e-05
-1.1502e-06
1.4544e-05
-2.07326e-06
1.21673e-05
-3.23182e-06
9.05055e-06
-4.77494e-06
5.30679e-06
-6.89115e-06
1.33868e-06
-9.75832e-06
-1.85931e-06
-1.33743e-05
-2.48849e-06
-1.66692e-05
-1.33572e-05
-5.55986e-07
1.37882e-05
4.68172e-06
1.13036e-05
1.11294e-05
6.86497e-06
1.67053e-05
4.18258e-06
2.10231e-05
2.61078e-06
2.41939e-05
1.65761e-06
2.64255e-05
1.05795e-06
2.78996e-05
6.56238e-07
2.87434e-05
3.61459e-07
2.90303e-05
1.1942e-07
2.87841e-05
-1.06361e-07
2.79811e-05
-3.47222e-07
2.65475e-05
-6.39638e-07
2.43536e-05
-1.03794e-06
2.12126e-05
-1.63397e-06
1.69078e-05
-2.58632e-06
1.13171e-05
-4.16764e-06
4.82135e-06
-6.87859e-06
-4.90957e-07
-1.13569e-05
-1.38482e-05
1.37882e-05
2.50917e-05
3.19567e-05
3.61393e-05
3.87501e-05
4.04077e-05
4.14656e-05
4.21219e-05
4.24833e-05
4.26028e-05
4.24964e-05
4.21492e-05
4.15095e-05
4.04716e-05
3.88376e-05
3.62513e-05
3.20837e-05
2.52051e-05
1.38482e-05
)
;

boundaryField
{
    movingWall
    {
        type            calculated;
        value           uniform 0;
    }
    fixedWalls
    {
        type            calculated;
        value           uniform 0;
    }
    frontAndBack
    {
        type            empty;
        value           nonuniform 0();
    }
}


// ************************************************************************* //
