/*--------------------------------*- C++ -*----------------------------------*\
  =========                 |
  \\      /  F ield         | OpenFOAM: The Open Source CFD Toolbox
   \\    /   O peration     | Website:  https://openfoam.org
    \\  /    A nd           | Version:  6
     \\/     M anipulation  |
\*---------------------------------------------------------------------------*/
FoamFile
{
    version     2.0;
    format      ascii;
    class       surfaceScalarField;
    location    "0.01";
    object      phi;
}
// * * * * * * * * * * * * * * * * * * * * * * * * * * * * * * * * * * * * * //

dimensions      [0 3 -1 0 0 0 0];

internalField   nonuniform List<scalar> 
760
(
1.31326e-08
-1.31314e-08
-2.07425e-08
3.38757e-08
-1.06528e-07
8.57858e-08
-2.28851e-07
1.22324e-07
-3.69039e-07
1.40189e-07
-5.09317e-07
1.40277e-07
-6.34452e-07
1.25135e-07
-7.32477e-07
9.80253e-08
-7.94868e-07
6.23903e-08
-8.16496e-07
2.16288e-08
-7.95575e-07
-2.0921e-08
-7.33657e-07
-6.19176e-08
-6.35717e-07
-9.79387e-08
-5.10271e-07
-1.25446e-07
-3.69422e-07
-1.40849e-07
-2.28648e-07
-1.40775e-07
-1.05982e-07
-1.22665e-07
-2.02341e-08
-8.57476e-08
1.334e-08
-3.35733e-08
1.33409e-08
-3.12377e-08
1.81055e-08
-1.66069e-07
1.68707e-07
-4.00838e-07
3.20553e-07
-7.07085e-07
4.2857e-07
-1.04758e-06
4.80679e-07
-1.38445e-06
4.7715e-07
-1.68377e-06
4.24459e-07
-1.91798e-06
3.32237e-07
-2.06698e-06
2.1139e-07
-2.11854e-06
7.31824e-08
-2.0684e-06
-7.10624e-08
-1.92037e-06
-2.09946e-07
-1.68639e-06
-3.31911e-07
-1.38654e-06
-4.25299e-07
-1.04862e-06
-4.78773e-07
-7.06999e-07
-4.82394e-07
-4.00015e-07
-4.2965e-07
-1.65172e-07
-3.20592e-07
-3.0803e-08
-1.67944e-07
-1.74617e-08
-8.41825e-08
1.02288e-07
-3.2802e-07
4.12546e-07
-7.05026e-07
6.97558e-07
-1.17186e-06
8.95401e-07
-1.67738e-06
9.86199e-07
-2.17037e-06
9.70144e-07
-2.60484e-06
8.58929e-07
-2.9432e-06
6.70596e-07
-3.1579e-06
4.26089e-07
-3.23211e-06
1.47396e-07
-3.15999e-06
-1.43181e-07
-2.94679e-06
-4.23148e-07
-2.60892e-06
-6.69777e-07
-2.17386e-06
-8.6036e-07
-1.67948e-06
-9.73156e-07
-1.17234e-06
-9.89533e-07
-7.04306e-07
-8.97681e-07
-3.26961e-07
-6.97936e-07
-8.35965e-08
-4.11309e-07
-1.01059e-07
-1.32737e-07
2.35024e-07
-4.84119e-07
7.63928e-07
-1.00068e-06
1.21411e-06
-1.62013e-06
1.51485e-06
-2.27689e-06
1.64296e-06
-2.90832e-06
1.60157e-06
-3.45946e-06
1.41007e-06
-3.88601e-06
1.09714e-06
-4.15571e-06
6.95795e-07
-4.24897e-06
2.40654e-07
-4.15894e-06
-2.33209e-07
-3.89166e-06
-6.90433e-07
-3.46614e-06
-1.09529e-06
-2.91446e-06
-1.41204e-06
-2.28123e-06
-1.60638e-06
-1.62212e-06
-1.64865e-06
-1.00066e-06
-1.51914e-06
-4.83158e-07
-1.21544e-06
-1.32043e-07
-7.62425e-07
-2.33102e-07
-1.78233e-07
4.13257e-07
-6.36208e-07
1.2219e-06
-1.29272e-06
1.87063e-06
-2.06368e-06
2.28581e-06
-2.86743e-06
2.44671e-06
-3.63007e-06
2.36422e-06
-4.28919e-06
2.06919e-06
-4.79577e-06
1.60372e-06
-5.11487e-06
1.01489e-06
-5.22543e-06
3.51215e-07
-5.12007e-06
-3.38562e-07
-4.80505e-06
-1.00545e-06
-4.30055e-06
-1.5998e-06
-3.64117e-06
-2.07142e-06
-2.8762e-06
-2.37135e-06
-2.06897e-06
-2.45588e-06
-1.29461e-06
-2.29351e-06
-6.35932e-07
-1.87411e-06
-1.77576e-07
-1.22078e-06
-4.10677e-07
-2.23837e-07
6.37093e-07
-7.91177e-07
1.78924e-06
-1.59178e-06
2.67123e-06
-2.51714e-06
3.21116e-06
-3.46784e-06
3.39742e-06
-4.35858e-06
3.25496e-06
-5.12055e-06
2.83116e-06
-5.70182e-06
2.185e-06
-6.06649e-06
1.37956e-06
-6.19334e-06
4.78059e-07
-6.07484e-06
-4.57058e-07
-5.71692e-06
-1.36337e-06
-5.13953e-06
-2.17719e-06
-4.37795e-06
-2.833e-06
-3.48431e-06
-3.26499e-06
-2.52848e-06
-3.41171e-06
-1.5975e-06
-3.22448e-06
-7.92611e-07
-2.679e-06
-2.23506e-07
-1.78989e-06
-6.34183e-07
-2.72686e-07
9.09779e-07
-9.56487e-07
2.47304e-06
-1.90857e-06
3.62331e-06
-2.99281e-06
4.29541e-06
-4.09055e-06
4.49515e-06
-5.10533e-06
4.26974e-06
-5.96362e-06
3.68945e-06
-6.61286e-06
2.83424e-06
-7.01835e-06
1.78504e-06
-7.16019e-06
6.19898e-07
-7.03122e-06
-5.86026e-07
-6.63641e-06
-1.75818e-06
-5.99384e-06
-2.81975e-06
-5.13717e-06
-3.68967e-06
-4.11896e-06
-4.2832e-06
-3.01396e-06
-4.51672e-06
-1.92088e-06
-4.31756e-06
-9.61166e-07
-3.63872e-06
-2.73155e-07
-2.4779e-06
-9.07338e-07
-3.27652e-07
1.23743e-06
-1.13887e-06
3.28426e-06
-2.25154e-06
4.73598e-06
-3.4977e-06
5.54157e-06
-4.73823e-06
5.73569e-06
-5.86703e-06
5.39854e-06
-6.80886e-06
4.63128e-06
-7.514e-06
3.53938e-06
-7.95198e-06
2.22303e-06
-8.10628e-06
7.74194e-07
-7.97078e-06
-7.21524e-07
-7.54873e-06
-2.18023e-06
-6.85422e-06
-3.51427e-06
-5.91605e-06
-4.62783e-06
-4.78359e-06
-5.41567e-06
-3.53327e-06
-5.76704e-06
-2.27402e-06
-5.57681e-06
-1.14888e-06
-4.76385e-06
-3.29602e-07
-3.29718e-06
-1.23694e-06
-3.91482e-07
1.62891e-06
-1.34407e-06
4.23685e-06
-2.62575e-06
6.01766e-06
-4.03118e-06
6.947e-06
-5.4006e-06
7.1051e-06
-6.62173e-06
6.61967e-06
-7.62284e-06
5.63239e-06
-8.3623e-06
4.27883e-06
-8.8182e-06
2.67893e-06
-8.98014e-06
9.36131e-07
-8.84402e-06
-8.57638e-07
-8.41046e-06
-2.61379e-06
-7.68674e-06
-4.23799e-06
-6.69239e-06
-5.62219e-06
-5.46801e-06
-6.64004e-06
-4.08626e-06
-7.14879e-06
-2.66261e-06
-7.00045e-06
-1.36205e-06
-6.06442e-06
-3.95826e-07
-4.2634e-06
-1.63277e-06
-4.67335e-07
2.09625e-06
-1.57736e-06
5.34687e-06
-3.03224e-06
7.47254e-06
-4.58273e-06
8.49749e-06
-6.0504e-06
8.57277e-06
-7.3236e-06
7.89288e-06
-8.34236e-06
6.65115e-06
-9.08068e-06
5.01715e-06
-9.53093e-06
3.12918e-06
-9.69233e-06
1.09753e-06
-9.56407e-06
-9.85899e-07
-9.1431e-06
-3.03476e-06
-8.42652e-06
-4.95457e-06
-7.4188e-06
-6.6299e-06
-6.14395e-06
-7.91489e-06
-4.66207e-06
-8.63067e-06
-3.08791e-06
-8.57462e-06
-1.60634e-06
-7.54598e-06
-4.75219e-07
-5.39452e-06
-2.10799e-06
-5.5977e-07
2.65602e-06
-1.84445e-06
6.63156e-06
-3.46714e-06
9.09523e-06
-5.12846e-06
1.01588e-05
-6.63771e-06
1.0082e-05
-7.89585e-06
9.15102e-06
-8.86693e-06
7.62222e-06
-9.55049e-06
5.70071e-06
-9.96001e-06
3.5387e-06
-1.01083e-05
1.2458e-06
-9.99924e-06
-1.09494e-06
-9.62524e-06
-3.40876e-06
-8.96961e-06
-5.6102e-06
-8.01501e-06
-7.58451e-06
-6.75861e-06
-9.17129e-06
-5.235e-06
-1.01543e-05
-3.54539e-06
-1.02642e-05
-1.88756e-06
-9.20382e-06
-5.72552e-07
-6.70953e-06
-2.68054e-06
-6.76448e-07
3.33247e-06
-2.15258e-06
8.10769e-06
-3.91935e-06
1.0862e-05
-5.62468e-06
1.18641e-05
-7.08074e-06
1.15381e-05
-8.22063e-06
1.02909e-05
-9.04915e-06
8.45074e-06
-9.60304e-06
6.2546e-06
-9.92378e-06
3.85945e-06
-1.00413e-05
1.36335e-06
-9.96564e-06
-1.17062e-06
-9.68398e-06
-3.69042e-06
-9.16302e-06
-6.13116e-06
-8.35703e-06
-8.39049e-06
-7.22461e-06
-1.03037e-05
-5.75727e-06
-1.16216e-05
-4.02179e-06
-1.19997e-05
-2.21241e-06
-1.10132e-05
-6.95598e-07
-8.22634e-06
-3.37614e-06
-8.30889e-07
4.16336e-06
-2.51063e-06
9.78743e-06
-4.36374e-06
1.27151e-05
-5.99513e-06
1.34955e-05
-7.25041e-06
1.27934e-05
-8.12436e-06
1.11649e-05
-8.68293e-06
9.00932e-06
-9.01112e-06
6.58278e-06
-9.18314e-06
4.03147e-06
-9.24766e-06
1.42786e-06
-9.2213e-06
-1.19698e-06
-9.08659e-06
-3.82513e-06
-8.79295e-06
-6.42479e-06
-8.26233e-06
-8.92111e-06
-7.40393e-06
-1.11621e-05
-6.14523e-06
-1.28803e-05
-4.48734e-06
-1.36576e-05
-2.58799e-06
-1.29126e-05
-8.57784e-07
-9.95654e-06
-4.23392e-06
-1.04635e-06
5.20971e-06
-2.92472e-06
1.16658e-05
-4.74356e-06
1.45339e-05
-6.10511e-06
1.48571e-05
-6.94406e-06
1.36323e-05
-7.35665e-06
1.15774e-05
-7.4898e-06
9.14247e-06
-7.48231e-06
6.57529e-06
-7.43969e-06
3.98886e-06
-7.42649e-06
1.41466e-06
-7.465e-06
-1.15847e-06
-7.53496e-06
-3.75518e-06
-7.5724e-06
-6.38735e-06
-7.46958e-06
-9.02393e-06
-7.08179e-06
-1.15499e-05
-6.25289e-06
-1.37092e-05
-4.8771e-06
-1.50334e-05
-3.01658e-06
-1.47731e-05
-1.0818e-06
-1.18913e-05
-5.31572e-06
-1.35793e-06
6.56763e-06
-3.37811e-06
1.3686e-05
-4.92721e-06
1.6083e-05
-5.71099e-06
1.56409e-05
-5.84235e-06
1.37637e-05
-5.56173e-06
1.12968e-05
-5.10557e-06
8.6863e-06
-4.65785e-06
6.12757e-06
-4.34246e-06
3.67347e-06
-4.22986e-06
1.30206e-06
-4.34444e-06
-1.04389e-06
-4.66703e-06
-3.43259e-06
-5.131e-06
-5.92338e-06
-5.61325e-06
-8.54168e-06
-5.92576e-06
-1.12374e-05
-5.822e-06
-1.3813e-05
-5.04667e-06
-1.58087e-05
-3.47394e-06
-1.63458e-05
-1.40099e-06
-1.39643e-05
-6.71671e-06
-1.79707e-06
8.36471e-06
-3.76179e-06
1.56507e-05
-4.60792e-06
1.69292e-05
-4.36688e-06
1.53998e-05
-3.44428e-06
1.28411e-05
-2.24565e-06
1.00982e-05
-1.07398e-06
7.51463e-06
-1.24454e-07
5.17804e-06
4.89854e-07
3.05916e-06
7.11127e-07
1.08079e-06
5.1946e-07
-8.52224e-07
-7.27878e-08
-2.84034e-06
-1.0146e-06
-4.98157e-06
-2.19763e-06
-7.35865e-06
-3.42711e-06
-1.00079e-05
-4.39291e-06
-1.28472e-05
-4.67275e-06
-1.55289e-05
-3.83789e-06
-1.71807e-05
-1.84216e-06
-1.596e-05
-8.55887e-06
-2.31191e-06
1.06766e-05
-3.68027e-06
1.70191e-05
-3.09215e-06
1.63411e-05
-1.26871e-06
1.35764e-05
1.01584e-06
1.05565e-05
3.24753e-06
7.86651e-06
5.13868e-06
5.62348e-06
6.54993e-06
3.76679e-06
7.42305e-06
2.18605e-06
7.73692e-06
7.66914e-07
7.48442e-06
-5.99724e-07
6.66518e-06
-2.02109e-06
5.2924e-06
-3.6088e-06
3.41629e-06
-5.48253e-06
1.16975e-06
-7.76138e-06
-1.16023e-06
-1.05172e-05
-3.04857e-06
-1.36405e-05
-3.69449e-06
-1.65348e-05
-2.34262e-06
-1.73119e-05
-1.09015e-05
-2.51276e-06
1.31894e-05
-1.97554e-06
1.64818e-05
1.10807e-06
1.32575e-05
4.97406e-06
9.71038e-06
8.645e-06
6.88558e-06
1.17213e-05
4.7902e-06
1.40866e-05
3.25815e-06
1.57444e-05
2.10908e-06
1.67327e-05
1.19769e-06
1.70848e-05
4.1486e-07
1.68117e-05
-3.26654e-07
1.5898e-05
-1.10736e-06
1.43048e-05
-2.01562e-06
1.19857e-05
-3.16346e-06
8.92661e-06
-4.70229e-06
5.23315e-06
-6.82374e-06
1.30189e-06
-9.70927e-06
-1.87485e-06
-1.3358e-05
-2.49446e-06
-1.66923e-05
-1.3396e-05
-5.81241e-07
1.37706e-05
4.61789e-06
1.12827e-05
1.10245e-05
6.85087e-06
1.65612e-05
4.17363e-06
2.08441e-05
2.6027e-06
2.39853e-05
1.64903e-06
2.61937e-05
1.04977e-06
2.76527e-05
6.50042e-07
2.84917e-05
3.58701e-07
2.87854e-05
1.21153e-07
2.85583e-05
-9.95552e-08
2.77862e-05
-3.35226e-07
2.63933e-05
-6.2277e-07
2.42468e-05
-1.01694e-06
2.11547e-05
-1.61014e-06
1.68932e-05
-2.56226e-06
1.13325e-05
-4.14863e-06
4.84747e-06
-6.87294e-06
-4.74093e-07
-1.13707e-05
-1.387e-05
1.37706e-05
2.50533e-05
3.19042e-05
3.60778e-05
3.86805e-05
4.03295e-05
4.13793e-05
4.20294e-05
4.23881e-05
4.25092e-05
4.24097e-05
4.20744e-05
4.14517e-05
4.04347e-05
3.88246e-05
3.62623e-05
3.21137e-05
2.52407e-05
1.387e-05
)
;

boundaryField
{
    movingWall
    {
        type            calculated;
        value           uniform 0;
    }
    fixedWalls
    {
        type            calculated;
        value           uniform 0;
    }
    frontAndBack
    {
        type            empty;
        value           nonuniform 0();
    }
}


// ************************************************************************* //
