/*--------------------------------*- C++ -*----------------------------------*\
  =========                 |
  \\      /  F ield         | OpenFOAM: The Open Source CFD Toolbox
   \\    /   O peration     | Website:  https://openfoam.org
    \\  /    A nd           | Version:  6
     \\/     M anipulation  |
\*---------------------------------------------------------------------------*/
FoamFile
{
    version     2.0;
    format      ascii;
    class       volVectorField;
    location    "0.01";
    object      U;
}
// * * * * * * * * * * * * * * * * * * * * * * * * * * * * * * * * * * * * * //

dimensions      [0 1 -1 0 0 0 0];

internalField   nonuniform List<vector> 
400
(
(0.000232464 -0.000228701 0)
(0.000126471 0.000109379 0)
(-0.00109874 0.00053387 0)
(-0.00324602 0.000834087 0)
(-0.00594475 0.000982953 0)
(-0.00881839 0.000993314 0)
(-0.0115307 0.000888969 0)
(-0.0138067 0.000696977 0)
(-0.0154408 0.000443817 0)
(-0.0162962 0.000154305 0)
(-0.0163037 -0.000147937 0)
(-0.0154608 -0.000439453 0)
(-0.0138327 -0.000695895 0)
(-0.0115541 -0.000891259 0)
(-0.0088323 -0.000997807 0)
(-0.00594618 -0.000987532 0)
(-0.00323746 -0.000836486 0)
(-0.00108711 -0.000532999 0)
(0.000134166 -0.000106409 0)
(0.000234696 0.000230602 0)
(-7.07409e-05 -0.000155301 0)
(-0.00148124 0.00152719 0)
(-0.00525094 0.00336592 0)
(-0.0108342 0.00468742 0)
(-0.0174817 0.00533945 0)
(-0.0244245 0.00533552 0)
(-0.0309319 0.00476023 0)
(-0.0363801 0.00373093 0)
(-0.0402887 0.00237564 0)
(-0.0423331 0.000823583 0)
(-0.0423482 -0.000797001 0)
(-0.0403292 -0.00235743 0)
(-0.0364335 -0.0037265 0)
(-0.030982 -0.00477009 0)
(-0.0244573 -0.00535481 0)
(-0.0174906 -0.00535953 0)
(-0.0108229 -0.00469927 0)
(-0.00523118 -0.00336479 0)
(-0.00146642 -0.0015166 0)
(-6.60995e-05 0.000163404 0)
(-0.000480847 0.000993258 0)
(-0.00340088 0.00529105 0)
(-0.00974815 0.00946971 0)
(-0.018456 0.0124327 0)
(-0.0284361 0.0138448 0)
(-0.0386577 0.0137003 0)
(-0.0481362 0.0121706 0)
(-0.056023 0.0095205 0)
(-0.0616611 0.00605593 0)
(-0.0646051 0.00209622 0)
(-0.0646274 -0.00203561 0)
(-0.0617217 -0.00601394 0)
(-0.0561046 -0.00950939 0)
(-0.0482164 -0.0121918 0)
(-0.0387161 -0.0137436 0)
(-0.0284616 -0.0138913 0)
(-0.0184507 -0.0124626 0)
(-0.00972659 -0.0094714 0)
(-0.00338188 -0.0052703 0)
(-0.00047427 -0.000974763 0)
(-0.000844197 0.00317115 0)
(-0.00522558 0.0112641 0)
(-0.0141291 0.0184447 0)
(-0.0258612 0.0233624 0)
(-0.0389486 0.0255612 0)
(-0.0521189 0.0250542 0)
(-0.0641892 0.0221365 0)
(-0.0741544 0.0172624 0)
(-0.0812438 0.0109615 0)
(-0.0849379 0.00379162 0)
(-0.0849721 -0.00368041 0)
(-0.0813378 -0.0108826 0)
(-0.0742847 -0.0172376 0)
(-0.0643242 -0.0221696 0)
(-0.0522282 -0.0251288 0)
(-0.0390127 -0.0256458 0)
(-0.0258778 -0.0234221 0)
(-0.0141142 -0.0184568 0)
(-0.00520468 -0.0112341 0)
(-0.000835663 -0.00313919 0)
(-0.00117013 0.0062827 0)
(-0.0069719 0.0193545 0)
(-0.0184392 0.0301695 0)
(-0.0331985 0.0372679 0)
(-0.0493413 0.0401818 0)
(-0.0653398 0.0390242 0)
(-0.0798327 0.0342758 0)
(-0.0916968 0.0266286 0)
(-0.100091 0.0168738 0)
(-0.104457 0.00583708 0)
(-0.104512 -0.00564602 0)
(-0.100243 -0.0167339 0)
(-0.0919135 -0.0265755 0)
(-0.0800678 -0.0343179 0)
(-0.0655464 -0.0391391 0)
(-0.049485 -0.0403223 0)
(-0.0332674 -0.0373781 0)
(-0.0184483 -0.0302089 0)
(-0.00695533 -0.0193229 0)
(-0.00116046 -0.00623621 0)
(-0.00149013 0.0102951 0)
(-0.00873834 0.0295844 0)
(-0.0228498 0.0447127 0)
(-0.0407178 0.054211 0)
(-0.0599487 0.0577224 0)
(-0.0787402 0.0555706 0)
(-0.0955651 0.0485099 0)
(-0.109214 0.0375325 0)
(-0.118813 0.0237295 0)
(-0.123798 0.00821589 0)
(-0.123885 -0.00789516 0)
(-0.119058 -0.0234866 0)
(-0.10957 -0.0374235 0)
(-0.0959649 -0.0485527 0)
(-0.079112 -0.0557374 0)
(-0.0602338 -0.0579462 0)
(-0.0408869 -0.054407 0)
(-0.0229123 -0.0448113 0)
(-0.00873783 -0.02957 0)
(-0.0014813 -0.010237 0)
(-0.00183477 0.0152418 0)
(-0.0106317 0.0420563 0)
(-0.0275479 0.062202 0)
(-0.0486566 0.0742891 0)
(-0.0710238 0.0782155 0)
(-0.0925627 0.0746575 0)
(-0.111603 0.0647566 0)
(-0.126892 0.0498809 0)
(-0.137572 0.0314613 0)
(-0.143111 0.0109115 0)
(-0.143244 -0.0103852 0)
(-0.137951 -0.0310502 0)
(-0.127451 -0.0496713 0)
(-0.112248 -0.0647823 0)
(-0.0931869 -0.0748879 0)
(-0.0715332 -0.0785606 0)
(-0.0489929 -0.0746244 0)
(-0.0277069 -0.0624133 0)
(-0.0106656 -0.042096 0)
(-0.00183033 -0.0151827 0)
(-0.00223245 0.0212172 0)
(-0.0127522 0.0569541 0)
(-0.0326979 0.0828112 0)
(-0.0571845 0.0975929 0)
(-0.0826746 0.10164 0)
(-0.106806 0.0961672 0)
(-0.127816 0.0828448 0)
(-0.144481 0.063504 0)
(-0.156024 0.03995 0)
(-0.162001 0.0138901 0)
(-0.162195 -0.0130536 0)
(-0.156579 -0.0392792 0)
(-0.14531 -0.0631272 0)
(-0.128794 -0.082822 0)
(-0.107782 -0.0964707 0)
(-0.0835075 -0.102155 0)
(-0.0577727 -0.0981425 0)
(-0.0330108 -0.0832162 0)
(-0.0128466 -0.0571095 0)
(-0.00223788 -0.0211792 0)
(-0.00271244 0.0283715 0)
(-0.0151953 0.0745323 0)
(-0.0384294 0.10673 0)
(-0.0663685 0.12415 0)
(-0.0948065 0.127845 0)
(-0.121151 0.119813 0)
(-0.143645 0.10243 0)
(-0.161202 0.0780853 0)
(-0.17323 0.0489796 0)
(-0.179441 0.0170828 0)
(-0.179707 -0.0158049 0)
(-0.173993 -0.0479312 0)
(-0.162359 -0.077451 0)
(-0.145036 -0.102309 0)
(-0.122578 -0.12019 0)
(-0.0960688 -0.128582 0)
(-0.0673055 -0.125009 0)
(-0.0389664 -0.107442 0)
(-0.0153844 -0.0748967 0)
(-0.00273549 -0.0283924 0)
(-0.00331231 0.0369121 0)
(-0.0180669 0.0950977 0)
(-0.0448391 0.134106 0)
(-0.076145 0.153825 0)
(-0.107059 0.156422 0)
(-0.134868 0.145011 0)
(-0.157987 0.122884 0)
(-0.175632 0.0930764 0)
(-0.187532 0.0581815 0)
(-0.193649 0.020365 0)
(-0.193989 -0.0184981 0)
(-0.188513 -0.0566191 0)
(-0.17714 -0.0920722 0)
(-0.159835 -0.122593 0)
(-0.136815 -0.145445 0)
(-0.108842 -0.15743 0)
(-0.0775276 -0.155105 0)
(-0.0456789 -0.135269 0)
(-0.0183926 -0.0958015 0)
(-0.00336346 -0.0370508 0)
(-0.00409183 0.0471206 0)
(-0.0215102 0.118992 0)
(-0.0519985 0.164961 0)
(-0.0862766 0.186183 0)
(-0.118708 0.18655 0)
(-0.146681 0.170731 0)
(-0.169046 0.143167 0)
(-0.18555 0.107605 0)
(-0.196408 0.0669799 0)
(-0.201941 0.0235332 0)
(-0.202341 -0.0209359 0)
(-0.197573 -0.0647658 0)
(-0.187366 -0.106106 0)
(-0.171323 -0.142608 0)
(-0.149154 -0.171176 0)
(-0.121056 -0.187858 0)
(-0.088178 -0.187992 0)
(-0.0532165 -0.166743 0)
(-0.0220204 -0.120205 0)
(-0.00418464 -0.0474614 0)
(-0.00515797 0.059397 0)
(-0.0257485 0.146574 0)
(-0.0599469 0.199059 0)
(-0.0962618 0.220286 0)
(-0.128505 0.216778 0)
(-0.154571 0.195313 0)
(-0.174131 0.161701 0)
(-0.187752 0.120396 0)
(-0.196316 0.0745458 0)
(-0.200597 0.0262869 0)
(-0.201021 -0.022861 0)
(-0.197561 -0.0715726 0)
(-0.189734 -0.118284 0)
(-0.176688 -0.160758 0)
(-0.157449 -0.195683 0)
(-0.131359 -0.218366 0)
(-0.0986911 -0.222701 0)
(-0.0615947 -0.201631 0)
(-0.0264917 -0.148496 0)
(-0.0053093 -0.0600534 0)
(-0.00670924 0.0743526 0)
(-0.0311395 0.178175 0)
(-0.0686312 0.235681 0)
(-0.105125 0.254387 0)
(-0.134371 0.244754 0)
(-0.155454 0.216279 0)
(-0.169387 0.176264 0)
(-0.177857 0.129725 0)
(-0.182554 0.0797849 0)
(-0.184758 0.0282218 0)
(-0.18514 -0.0239645 0)
(-0.183694 -0.0760216 0)
(-0.179725 -0.126922 0)
(-0.171901 -0.174815 0)
(-0.158434 -0.216436 0)
(-0.137503 -0.24652 0)
(-0.107967 -0.257407 0)
(-0.0706991 -0.239172 0)
(-0.0321537 -0.181021 0)
(-0.00693883 -0.0754687 0)
(-0.00910555 0.0929717 0)
(-0.0382119 0.213972 0)
(-0.077679 0.273214 0)
(-0.110946 0.285484 0)
(-0.132846 0.266902 0)
(-0.144698 0.230185 0)
(-0.149442 0.183973 0)
(-0.150104 0.133472 0)
(-0.149192 0.0813934 0)
(-0.148424 0.0288514 0)
(-0.14867 -0.0239148 0)
(-0.149954 -0.0769429 0)
(-0.151439 -0.129992 0)
(-0.151395 -0.181926 0)
(-0.147237 -0.229945 0)
(-0.135782 -0.268636 0)
(-0.11388 -0.288966 0)
(-0.0800352 -0.277642 0)
(-0.0395016 -0.217921 0)
(-0.00943355 -0.0947169 0)
(-0.0129316 0.11683 0)
(-0.0475301 0.25358 0)
(-0.0857156 0.308401 0)
(-0.109843 0.308711 0)
(-0.118099 0.278159 0)
(-0.115387 0.232653 0)
(-0.107003 0.181495 0)
(-0.0972352 0.129363 0)
(-0.0891455 0.0780444 0)
(-0.0846414 0.0276794 0)
(-0.0846468 -0.0224189 0)
(-0.0892166 -0.0731975 0)
(-0.0975244 -0.125373 0)
(-0.107717 -0.178845 0)
(-0.11671 -0.231829 0)
(-0.120077 -0.279533 0)
(-0.112256 -0.312309 0)
(-0.0880134 -0.313565 0)
(-0.0490168 -0.258687 0)
(-0.0133684 -0.119376 0)
(-0.0188379 0.14841 0)
(-0.0588312 0.295047 0)
(-0.0885106 0.335024 0)
(-0.0938945 0.316629 0)
(-0.0803035 0.271974 0)
(-0.0573672 0.218826 0)
(-0.0325024 0.165644 0)
(-0.0105839 0.115519 0)
(0.0054453 0.0687594 0)
(0.0139795 0.0243451 0)
(0.0142949 -0.0193212 0)
(0.00631511 -0.0640141 0)
(-0.00938358 -0.111385 0)
(-0.0313186 -0.162553 0)
(-0.0566123 -0.217315 0)
(-0.0803382 -0.272609 0)
(-0.094844 -0.319778 0)
(-0.0900741 -0.340399 0)
(-0.06025 -0.301105 0)
(-0.0193493 -0.151882 0)
(-0.0263677 0.191836 0)
(-0.0680057 0.332479 0)
(-0.0745617 0.341483 0)
(-0.0472698 0.298392 0)
(-0.00326488 0.240796 0)
(0.0437188 0.18443 0)
(0.0858925 0.134481 0)
(0.119348 0.0913163 0)
(0.142363 0.053453 0)
(0.154293 0.0188357 0)
(0.154925 -0.0147255 0)
(0.144185 -0.0494557 0)
(0.122135 -0.0876049 0)
(0.0892564 -0.13135 0)
(0.047113 -0.182352 0)
(-0.000479574 -0.240427 0)
(-0.0456571 -0.300425 0)
(-0.0743498 -0.346194 0)
(-0.0687414 -0.338846 0)
(-0.0267797 -0.196203 0)
(-0.0287264 0.249999 0)
(-0.0583705 0.349218 0)
(-0.0158002 0.307819 0)
(0.060046 0.240666 0)
(0.138314 0.178674 0)
(0.206761 0.128448 0)
(0.261384 0.089381 0)
(0.30152 0.0587422 0)
(0.327822 0.0336836 0)
(0.341127 0.0117588 0)
(0.341927 -0.00914984 0)
(0.33018 -0.031054 0)
(0.305303 -0.0561103 0)
(0.266323 -0.0868568 0)
(0.212394 -0.12631 0)
(0.14395 -0.177461 0)
(0.0648195 -0.241195 0)
(-0.0127633 -0.310879 0)
(-0.0573723 -0.354628 0)
(-0.028527 -0.254679 0)
(0.0136364 0.288437 0)
(0.0295339 0.3021 0)
(0.152299 0.213488 0)
(0.280042 0.141861 0)
(0.379376 0.0934997 0)
(0.452747 0.0615261 0)
(0.505434 0.0401602 0)
(0.541505 0.0252611 0)
(0.564077 0.0140816 0)
(0.575199 0.00481797 0)
(0.575863 -0.00383658 0)
(0.566075 -0.0130389 0)
(0.544843 -0.0241018 0)
(0.510078 -0.0388522 0)
(0.458548 -0.0601081 0)
(0.385967 -0.0921932 0)
(0.286731 -0.141226 0)
(0.157944 -0.214369 0)
(0.0330747 -0.304847 0)
(0.0153714 -0.291431 0)
(0.304666 0.147089 0)
(0.40567 0.127649 0)
(0.568536 0.0747951 0)
(0.684886 0.041886 0)
(0.752121 0.0238621 0)
(0.79296 0.0139125 0)
(0.819008 0.00825863 0)
(0.835504 0.00484857 0)
(0.845308 0.00257676 0)
(0.849975 0.000840253 0)
(0.850186 -0.00073151 0)
(0.84596 -0.0024412 0)
(0.836655 -0.00465329 0)
(0.820752 -0.00795963 0)
(0.795409 -0.0134576 0)
(0.755371 -0.0232226 0)
(0.688956 -0.0411378 0)
(0.572925 -0.0742149 0)
(0.408915 -0.127699 0)
(0.306207 -0.147651 0)
)
;

boundaryField
{
    movingWall
    {
        type            fixedValue;
        value           uniform (1 0 0);
    }
    fixedWalls
    {
        type            noSlip;
    }
    frontAndBack
    {
        type            empty;
    }
}


// ************************************************************************* //
