/*--------------------------------*- C++ -*----------------------------------*\
  =========                 |
  \\      /  F ield         | OpenFOAM: The Open Source CFD Toolbox
   \\    /   O peration     | Website:  https://openfoam.org
    \\  /    A nd           | Version:  6
     \\/     M anipulation  |
\*---------------------------------------------------------------------------*/
FoamFile
{
    version     2.0;
    format      ascii;
    class       volVectorField;
    location    "0.1";
    object      U;
}
// * * * * * * * * * * * * * * * * * * * * * * * * * * * * * * * * * * * * * //

dimensions      [0 1 -1 0 0 0 0];

internalField   nonuniform List<vector> 
400
(
(3.51516e-05 -3.61786e-05 0)
(-0.000369959 0.000280375 0)
(-0.00155294 0.000518153 0)
(-0.00314798 0.000619168 0)
(-0.00485075 0.000627655 0)
(-0.00648404 0.000582376 0)
(-0.00794157 0.000505509 0)
(-0.00915397 0.000407237 0)
(-0.0100692 0.000291052 0)
(-0.0106422 0.000158015 0)
(-0.0108327 9.4219e-06 0)
(-0.0106074 -0.000151614 0)
(-0.00994564 -0.0003189 0)
(-0.00884889 -0.000481674 0)
(-0.00735367 -0.000622588 0)
(-0.00554959 -0.000715543 0)
(-0.00359893 -0.000724632 0)
(-0.00175837 -0.000605558 0)
(-0.000409496 -0.000322717 0)
(4.26732e-05 3.87612e-05 0)
(-0.000281648 0.000363134 0)
(-0.00176273 0.00173857 0)
(-0.00471077 0.00271164 0)
(-0.0084052 0.00314193 0)
(-0.012283 0.00316946 0)
(-0.0159915 0.00293606 0)
(-0.0192925 0.00253528 0)
(-0.0220193 0.00201774 0)
(-0.0240484 0.00140733 0)
(-0.0252801 0.000716886 0)
(-0.0256326 -4.08845e-05 0)
(-0.0250452 -0.000846061 0)
(-0.0234891 -0.00166546 0)
(-0.0209849 -0.00244603 0)
(-0.0176279 -0.00310714 0)
(-0.01362 -0.00353414 0)
(-0.00929801 -0.00357952 0)
(-0.00515357 -0.00308135 0)
(-0.0018854 -0.00193544 0)
(-0.000286714 -0.000382146 0)
(-0.000551083 0.00157835 0)
(-0.00291241 0.00473485 0)
(-0.0072093 0.0068232 0)
(-0.0123944 0.00774178 0)
(-0.017745 0.00776193 0)
(-0.0228243 0.00716933 0)
(-0.0273256 0.00616715 0)
(-0.0310286 0.00487483 0)
(-0.0337689 0.00335633 0)
(-0.0354158 0.00165074 0)
(-0.0358641 -0.000204567 0)
(-0.0350373 -0.00215729 0)
(-0.032901 -0.00412593 0)
(-0.0294844 -0.00598472 0)
(-0.0249135 -0.00754781 0)
(-0.0194509 -0.00855849 0)
(-0.0135273 -0.0086983 0)
(-0.00776008 -0.00763876 0)
(-0.0030526 -0.0051851 0)
(-0.000550231 -0.00164575 0)
(-0.00072594 0.00334996 0)
(-0.00373324 0.0088021 0)
(-0.00907248 0.0122031 0)
(-0.0153958 0.0136448 0)
(-0.0218422 0.0135949 0)
(-0.0279213 0.0125156 0)
(-0.0332915 0.0107381 0)
(-0.0377063 0.00846221 0)
(-0.0409808 0.00579929 0)
(-0.0429657 0.00281986 0)
(-0.0435373 -0.000409749 0)
(-0.0426007 -0.00379975 0)
(-0.0401041 -0.00721209 0)
(-0.0360656 -0.0104344 0)
(-0.0306145 -0.0131537 0)
(-0.0240431 -0.01494 0)
(-0.0168478 -0.0152645 0)
(-0.00975741 -0.0135869 0)
(-0.00388285 -0.00956346 0)
(-0.000710549 -0.00345636 0)
(-0.000850334 0.00549159 0)
(-0.00437188 0.0136547 0)
(-0.0105881 0.0185287 0)
(-0.0178833 0.0205066 0)
(-0.025265 0.0203255 0)
(-0.0321971 0.0186613 0)
(-0.0383168 0.0159903 0)
(-0.043366 0.0125986 0)
(-0.0471495 0.00864552 0)
(-0.0495044 0.00423054 0)
(-0.0502867 -0.00055496 0)
(-0.0493728 -0.00558728 0)
(-0.0466756 -0.0106722 0)
(-0.0421775 -0.0155038 0)
(-0.0359845 -0.0196225 0)
(-0.028398 -0.0223897 0)
(-0.0199774 -0.023015 0)
(-0.0115879 -0.0206825 0)
(-0.00459101 -0.0148315 0)
(-0.000826571 -0.00563233 0)
(-0.000964191 0.00794207 0)
(-0.0049758 0.0192129 0)
(-0.0120477 0.0257352 0)
(-0.0203043 0.0282762 0)
(-0.028618 0.0279138 0)
(-0.0364079 0.0255819 0)
(-0.0432971 0.0219224 0)
(-0.0490237 0.0173133 0)
(-0.0533896 0.0119593 0)
(-0.0562204 0.0059807 0)
(-0.0573472 -0.000517224 0)
(-0.0566048 -0.0073885 0)
(-0.0538483 -0.0143905 0)
(-0.0489929 -0.0211201 0)
(-0.0420874 -0.0269476 0)
(-0.0334172 -0.030974 0)
(-0.0236052 -0.0320664 0)
(-0.0136954 -0.0290384 0)
(-0.00538456 -0.0210371 0)
(-0.000947603 -0.00815355 0)
(-0.00109457 0.0107162 0)
(-0.0056559 0.0255165 0)
(-0.0136804 0.0338809 0)
(-0.0230046 0.0370204 0)
(-0.0323524 0.0364301 0)
(-0.041098 0.0333525 0)
(-0.0488571 0.0286204 0)
(-0.0553736 0.0227102 0)
(-0.0604546 0.0158666 0)
(-0.063919 0.00821737 0)
(-0.0655707 -0.00013741 0)
(-0.06519 -0.0090514 0)
(-0.0625472 -0.0182521 0)
(-0.0574492 -0.0272439 0)
(-0.0498355 -0.0352014 0)
(-0.0399284 -0.040894 0)
(-0.0283982 -0.0427253 0)
(-0.0165159 -0.0389891 0)
(-0.00645341 -0.0284309 0)
(-0.00111092 -0.0111048 0)
(-0.00126023 0.0138793 0)
(-0.00649367 0.0326955 0)
(-0.0156565 0.043116 0)
(-0.026235 0.0468854 0)
(-0.036781 0.046009 0)
(-0.0466263 0.0421007 0)
(-0.0553907 0.0362143 0)
(-0.0628393 0.0289328 0)
(-0.0687987 0.0205333 0)
(-0.0730927 0.0111324 0)
(-0.0755025 0.000796574 0)
(-0.0757454 -0.0103633 0)
(-0.073479 -0.0220816 0)
(-0.068347 -0.0337927 0)
(-0.0600995 -0.0444588 0)
(-0.0488049 -0.0524306 0)
(-0.0351187 -0.0554699 0)
(-0.0205722 -0.0511068 0)
(-0.00802437 -0.0374855 0)
(-0.00135741 -0.0146675 0)
(-0.00147773 0.017536 0)
(-0.00755956 0.0409527 0)
(-0.0181177 0.0536617 0)
(-0.0301909 0.0580709 0)
(-0.0421269 0.0568203 0)
(-0.0532236 0.0519751 0)
(-0.0631257 0.0448485 0)
(-0.0716432 0.0361399 0)
(-0.0786473 0.0261501 0)
(-0.0839898 0.0149615 0)
(-0.0874458 0.0025682 0)
(-0.0886735 -0.0110084 0)
(-0.0871945 -0.0255744 0)
(-0.0824249 -0.0405519 0)
(-0.0738085 -0.054705 0)
(-0.061099 -0.0658776 0)
(-0.044783 -0.070942 0)
(-0.0266224 -0.0662602 0)
(-0.0104508 -0.0489786 0)
(-0.00175563 -0.0191575 0)
(-0.00176859 0.0218306 0)
(-0.00893588 0.050559 0)
(-0.0212141 0.0657943 0)
(-0.0350567 0.0708035 0)
(-0.0485701 0.0690347 0)
(-0.0610387 0.0631084 0)
(-0.0721654 0.0546446 0)
(-0.0818408 0.0444719 0)
(-0.0900183 0.0329066 0)
(-0.0966156 0.0199708 0)
(-0.101439 0.00553934 0)
(-0.104113 -0.0105307 0)
(-0.104021 -0.0282202 0)
(-0.10029 -0.0470575 0)
(-0.0919088 -0.0656919 0)
(-0.0780647 -0.0814142 0)
(-0.0587669 -0.0898987 0)
(-0.0358173 -0.0856898 0)
(-0.0143366 -0.0641519 0)
(-0.00244037 -0.0251242 0)
(-0.00216891 0.0269628 0)
(-0.010744 0.0618652 0)
(-0.0251415 0.0798377 0)
(-0.0410406 0.0853104 0)
(-0.0562713 0.0827849 0)
(-0.0701462 0.0755713 0)
(-0.0824765 0.0656517 0)
(-0.0932821 0.0539985 0)
(-0.102648 0.0409382 0)
(-0.110614 0.026409 0)
(-0.117079 0.0101165 0)
(-0.121694 -0.00833773 0)
(-0.123743 -0.0292578 0)
(-0.122043 -0.0524804 0)
(-0.114978 -0.0767499 0)
(-0.100838 -0.0988826 0)
(-0.0786439 -0.113052 0)
(-0.049736 -0.111032 0)
(-0.020669 -0.0849317 0)
(-0.00367249 -0.0335383 0)
(-0.0027447 0.0332235 0)
(-0.0131797 0.0753293 0)
(-0.030176 0.0961529 0)
(-0.048385 0.101777 0)
(-0.0653464 0.0981043 0)
(-0.0804796 0.0892991 0)
(-0.0937774 0.0777623 0)
(-0.105448 0.0646242 0)
(-0.115767 0.0502195 0)
(-0.124962 0.0343884 0)
(-0.133108 0.0166268 0)
(-0.139988 -0.00381313 0)
(-0.144893 -0.0277405 0)
(-0.146396 -0.0555979 0)
(-0.142214 -0.0866134 0)
(-0.129425 -0.117454 0)
(-0.105377 -0.140668 0)
(-0.0700046 -0.144095 0)
(-0.0308623 -0.114092 0)
(-0.00591975 -0.0460819 0)
(-0.00361971 0.0410643 0)
(-0.0165642 0.0915549 0)
(-0.0366954 0.115101 0)
(-0.0573188 0.120256 0)
(-0.0757331 0.114809 0)
(-0.0916128 0.103958 0)
(-0.105235 0.0905656 0)
(-0.117066 0.0759217 0)
(-0.127626 0.0603704 0)
(-0.137393 0.0436552 0)
(-0.146708 0.0250464 0)
(-0.155613 0.00337935 0)
(-0.163595 -0.0228369 0)
(-0.169203 -0.0550075 0)
(-0.169651 -0.0934165 0)
(-0.160716 -0.135263 0)
(-0.137451 -0.17182 0)
(-0.0970435 -0.186034 0)
(-0.0464609 -0.155011 0)
(-0.00992808 -0.0654787 0)
(-0.00502822 0.0512213 0)
(-0.0214177 0.111318 0)
(-0.0451526 0.136921 0)
(-0.067857 0.140459 0)
(-0.0868084 0.132257 0)
(-0.102213 0.118698 0)
(-0.114784 0.103092 0)
(-0.125319 0.0868663 0)
(-0.134626 0.0703644 0)
(-0.143465 0.0532458 0)
(-0.15249 0.0345776 0)
(-0.162115 0.0127756 0)
(-0.172251 -0.0144299 0)
(-0.181819 -0.0497111 0)
(-0.188068 -0.0950543 0)
(-0.185932 -0.149226 0)
(-0.168075 -0.203363 0)
(-0.127647 -0.235645 0)
(-0.0680205 -0.210384 0)
(-0.016641 -0.0956085 0)
(-0.0074135 0.0649374 0)
(-0.0285531 0.135513 0)
(-0.0558873 0.161385 0)
(-0.0792125 0.1613 0)
(-0.0964395 0.148883 0)
(-0.108823 0.131713 0)
(-0.117736 0.113428 0)
(-0.124392 0.0954944 0)
(-0.129899 0.0782107 0)
(-0.135263 0.0611551 0)
(-0.141401 0.0432451 0)
(-0.149107 0.0225734 0)
(-0.158878 -0.0038218 0)
(-0.17048 -0.0399389 0)
(-0.182112 -0.0899201 0)
(-0.189118 -0.155277 0)
(-0.182799 -0.229103 0)
(-0.151935 -0.287109 0)
(-0.0925413 -0.279488 0)
(-0.0265139 -0.141021 0)
(-0.0115797 0.0844021 0)
(-0.0390986 0.164844 0)
(-0.0683955 0.186968 0)
(-0.088202 0.179968 0)
(-0.0987896 0.16137 0)
(-0.103365 0.139597 0)
(-0.104239 0.118266 0)
(-0.103091 0.0986486 0)
(-0.101259 0.0808624 0)
(-0.0998464 0.0643545 0)
(-0.0998412 0.0479523 0)
(-0.102229 0.0296244 0)
(-0.108032 0.00606795 0)
(-0.118136 -0.0276313 0)
(-0.132629 -0.0776337 0)
(-0.149136 -0.149033 0)
(-0.16011 -0.239708 0)
(-0.151699 -0.328128 0)
(-0.109768 -0.354331 0)
(-0.0374147 -0.205638 0)
(-0.0187533 0.113903 0)
(-0.0538447 0.198573 0)
(-0.0785576 0.208555 0)
(-0.084866 0.189837 0)
(-0.0794243 0.163171 0)
(-0.0684568 0.136501 0)
(-0.0551986 0.112612 0)
(-0.0415564 0.0921205 0)
(-0.028782 0.0747002 0)
(-0.0177347 0.0595584 0)
(-0.00912776 0.045478 0)
(-0.00378051 0.0305631 0)
(-0.00288125 0.0117471 0)
(-0.00820593 -0.0158366 0)
(-0.0220078 -0.0592367 0)
(-0.0457633 -0.126776 0)
(-0.0766589 -0.223615 0)
(-0.102879 -0.338871 0)
(-0.100484 -0.414544 0)
(-0.0410078 -0.288186 0)
(-0.0292002 0.161882 0)
(-0.0683845 0.22975 0)
(-0.0675519 0.210857 0)
(-0.0400553 0.176207 0)
(-0.00475517 0.142768 0)
(0.0304728 0.114 0)
(0.0630518 0.0905202 0)
(0.0919521 0.071816 0)
(0.116817 0.0569326 0)
(0.137618 0.0448081 0)
(0.154351 0.0342713 0)
(0.166728 0.0238133 0)
(0.173827 0.0111742 0)
(0.173606 -0.00728281 0)
(0.162393 -0.0374144 0)
(0.134911 -0.0881641 0)
(0.0864457 -0.17142 0)
(0.0191875 -0.294263 0)
(-0.0390173 -0.420747 0)
(-0.0187366 -0.364133 0)
(-0.0234961 0.227672 0)
(-0.0356625 0.230612 0)
(0.0397826 0.168109 0)
(0.124661 0.123942 0)
(0.196254 0.0928133 0)
(0.25459 0.0694938 0)
(0.302095 0.0521294 0)
(0.340526 0.0393802 0)
(0.37138 0.0299809 0)
(0.395963 0.022864 0)
(0.415205 0.0171104 0)
(0.429478 0.0117722 0)
(0.43832 0.00562923 0)
(0.439952 -0.00315521 0)
(0.430488 -0.0176 0)
(0.402833 -0.0430896 0)
(0.345788 -0.0908908 0)
(0.244746 -0.182546 0)
(0.114437 -0.321325 0)
(0.0698217 -0.354905 0)
(0.268568 0.135143 0)
(0.335185 0.120323 0)
(0.46312 0.079739 0)
(0.567044 0.0530174 0)
(0.635973 0.03615 0)
(0.682936 0.0247896 0)
(0.716662 0.0170415 0)
(0.741375 0.0118144 0)
(0.759619 0.00829312 0)
(0.773166 0.00587675 0)
(0.783149 0.00412239 0)
(0.790072 0.00266157 0)
(0.793756 0.00111323 0)
(0.793095 -0.00101112 0)
(0.785556 -0.00445165 0)
(0.765993 -0.0105004 0)
(0.724689 -0.0221705 0)
(0.640183 -0.0480029 0)
(0.479082 -0.107077 0)
(0.349273 -0.151307 0)
)
;

boundaryField
{
    movingWall
    {
        type            fixedValue;
        value           uniform (1 0 0);
    }
    fixedWalls
    {
        type            noSlip;
    }
    frontAndBack
    {
        type            empty;
    }
}


// ************************************************************************* //
