/*--------------------------------*- C++ -*----------------------------------*\
  =========                 |
  \\      /  F ield         | OpenFOAM: The Open Source CFD Toolbox
   \\    /   O peration     | Website:  https://openfoam.org
    \\  /    A nd           | Version:  6
     \\/     M anipulation  |
\*---------------------------------------------------------------------------*/
FoamFile
{
    version     2.0;
    format      ascii;
    class       volScalarField;
    location    "0.04";
    object      p;
}
// * * * * * * * * * * * * * * * * * * * * * * * * * * * * * * * * * * * * * //

dimensions      [0 2 -2 0 0 0 0];

internalField   nonuniform List<scalar> 
400
(
2.20238e-05
-0.046408
-0.104233
-0.148886
-0.165626
-0.147831
-0.0950047
-0.0110637
0.0970635
0.220502
0.349265
0.472971
0.581534
0.665916
0.719024
0.736841
0.719877
0.674895
0.616844
0.570411
0.0460492
-0.00165543
-0.0470465
-0.0778602
-0.0868014
-0.0692133
-0.0245
0.0445074
0.132549
0.232716
0.337119
0.437514
0.525928
0.595316
0.640278
0.657897
0.648775
0.617678
0.572091
0.524424
0.107221
0.0411336
-0.0079986
-0.0364501
-0.0437347
-0.0272885
0.0128408
0.073902
0.151276
0.239039
0.330451
0.41847
0.49627
0.557774
0.598209
0.614718
0.607249
0.57847
0.529087
0.463029
0.163692
0.0722363
0.0111084
-0.0213556
-0.0302319
-0.0148072
0.0239068
0.0826488
0.156758
0.240592
0.32787
0.412052
0.486745
0.546118
0.585303
0.60089
0.591833
0.558955
0.497444
0.40593
0.202502
0.084182
0.00866549
-0.0295286
-0.0402352
-0.02439
0.0159259
0.0766716
0.1528
0.238585
0.327826
0.41411
0.491091
0.552793
0.593889
0.610111
0.599292
0.560596
0.484498
0.365918
0.214385
0.068579
-0.0219707
-0.0657219
-0.0768676
-0.057922
-0.0121501
0.0554134
0.13908
0.232771
0.330104
0.424519
0.509447
0.57848
0.62554
0.645256
0.634188
0.589886
0.498493
0.352066
0.191306
0.0170939
-0.0882646
-0.135972
-0.144687
-0.118653
-0.0625237
0.0174463
0.114718
0.22268
0.334597
0.443608
0.542737
0.624941
0.683151
0.710616
0.702372
0.654165
0.547649
0.372247
0.124637
-0.0794349
-0.19858
-0.247101
-0.248844
-0.21022
-0.137619
-0.0387706
0.0787749
0.207789
0.341151
0.471668
0.591913
0.6941
0.769966
0.81107
0.810514
0.761735
0.641102
0.435017
0.0036748
-0.23224
-0.363111
-0.407368
-0.395504
-0.336915
-0.240239
-0.114977
0.030214
0.187536
0.349605
0.509043
0.658086
0.788226
0.889871
0.952532
0.966781
0.922837
0.790204
0.551175
-0.185808
-0.455883
-0.594658
-0.626736
-0.59175
-0.503372
-0.373185
-0.21276
-0.0318348
0.16145
0.359786
0.555981
0.742268
0.909634
1.04715
1.1419
1.18115
1.15048
1.00986
0.735309
-0.463518
-0.769896
-0.909505
-0.916998
-0.845203
-0.713941
-0.538579
-0.332956
-0.107647
0.129373
0.371502
0.612407
0.844959
1.06015
1.24594
1.38677
1.46561
1.46139
1.32024
1.00787
-0.857923
-1.20126
-1.32849
-1.29169
-1.16326
-0.971664
-0.736848
-0.474813
-0.196312
0.0917666
0.384553
0.677636
0.965574
1.24033
1.48944
1.69477
1.83414
1.87716
1.74942
1.39864
-1.41253
-1.78832
-1.87817
-1.76544
-1.5516
-1.27659
-0.965229
-0.634831
-0.29496
0.0500988
0.398732
0.749972
1.10163
1.44825
1.77839
2.07225
2.3022
2.42547
2.33734
1.95322
-2.19889
-2.58713
-2.59145
-2.3518
-2.01116
-1.62293
-1.21551
-0.805185
-0.397802
0.00726689
0.413738
0.826089
1.24753
1.67757
2.10855
2.5215
2.88467
3.14087
3.14234
2.74636
-3.34321
-3.68068
-3.50539
-3.0572
-2.53199
-1.99417
-1.47067
-0.971678
-0.495063
-0.0320646
0.428894
0.900047
1.39259
1.91439
2.46598
3.03466
3.58988
4.06254
4.2504
3.90897
-5.07205
-5.18686
-4.65309
-3.87067
-3.08478
-2.3574
-1.70179
-1.11234
-0.57257
-0.0615851
0.442664
0.96236
1.51932
2.13386
2.82134
3.5854
4.40944
5.22607
5.78271
5.67367
-7.79203
-7.25836
-6.04831
-4.75513
-3.61714
-2.6628
-1.86938
-1.19959
-0.613737
-0.0746204
0.452265
1.00038
1.60414
2.30048
3.12857
4.12466
5.30908
6.64778
7.89497
8.45346
-12.4106
-10.0882
-7.60725
-5.58663
-4.01778
-2.82473
-1.91474
-1.19698
-0.59903
-0.0649104
0.451981
0.995277
1.6116
2.35693
3.30368
4.54281
6.16638
8.24591
10.7848
13.164
-21.2938
-13.7977
-8.77447
-5.85279
-3.9283
-2.61374
-1.69857
-1.02478
-0.488406
-0.0213422
0.427443
0.904039
1.45952
2.16208
3.11589
4.48021
6.46816
9.46666
14.5792
22.1773
-36.1737
-17.3692
-8.39951
-4.79897
-2.93112
-1.81881
-1.11847
-0.635058
-0.262063
0.05953
0.369188
0.701201
1.09499
1.60937
2.35056
3.51508
5.45397
9.15163
18.2353
37.1547
)
;

boundaryField
{
    movingWall
    {
        type            zeroGradient;
    }
    fixedWalls
    {
        type            zeroGradient;
    }
    frontAndBack
    {
        type            empty;
    }
}


// ************************************************************************* //
