/*--------------------------------*- C++ -*----------------------------------*\
  =========                 |
  \\      /  F ield         | OpenFOAM: The Open Source CFD Toolbox
   \\    /   O peration     | Website:  https://openfoam.org
    \\  /    A nd           | Version:  6
     \\/     M anipulation  |
\*---------------------------------------------------------------------------*/
FoamFile
{
    version     2.0;
    format      ascii;
    class       surfaceScalarField;
    location    "0.04";
    object      phi;
}
// * * * * * * * * * * * * * * * * * * * * * * * * * * * * * * * * * * * * * //

dimensions      [0 3 -1 0 0 0 0];

internalField   nonuniform List<scalar> 
760
(
1.48128e-08
-1.48354e-08
-2.06868e-08
3.54998e-08
-1.12562e-07
9.18748e-08
-2.44634e-07
1.32073e-07
-3.96787e-07
1.52154e-07
-5.49619e-07
1.52832e-07
-6.86337e-07
1.36719e-07
-7.93636e-07
1.07299e-07
-8.61968e-07
6.83325e-08
-8.85579e-07
2.36109e-08
-8.62484e-07
-2.30955e-08
-7.94479e-07
-6.80047e-08
-6.87203e-07
-1.07277e-07
-5.50199e-07
-1.37004e-07
-3.96897e-07
-1.53303e-07
-2.44294e-07
-1.52604e-07
-1.11995e-07
-1.32299e-07
-2.02088e-08
-9.17864e-08
1.50027e-08
-3.52122e-08
1.50022e-08
-3.28235e-08
1.79879e-08
-1.77356e-07
1.80033e-07
-4.30733e-07
3.45252e-07
-7.62851e-07
4.6419e-07
-1.13354e-06
5.22839e-07
-1.50144e-06
5.20737e-07
-1.82914e-06
4.64415e-07
-2.08596e-06
3.64127e-07
-2.24943e-06
2.31801e-07
-2.30582e-06
7.99941e-08
-2.25039e-06
-7.85209e-08
-2.08754e-06
-2.30859e-07
-1.83076e-06
-3.64052e-07
-1.50255e-06
-4.65215e-07
-1.13378e-06
-5.22074e-07
-7.62244e-07
-5.2414e-07
-4.29663e-07
-4.6488e-07
-1.76395e-07
-3.45054e-07
-3.23911e-08
-1.79215e-07
-1.73893e-08
-9.02858e-08
1.08273e-07
-3.53013e-07
4.4276e-07
-7.6069e-07
7.52929e-07
-1.26723e-06
9.70728e-07
-1.81747e-06
1.07308e-06
-2.35553e-06
1.0588e-06
-2.83076e-06
9.39645e-07
-3.20141e-06
7.34774e-07
-3.43668e-06
4.67074e-07
-3.51773e-06
1.6104e-07
-3.43806e-06
-1.58191e-07
-3.20371e-06
-4.65208e-07
-2.83323e-06
-7.34526e-07
-2.35739e-06
-9.41059e-07
-1.81818e-06
-1.06128e-06
-1.26674e-06
-1.07558e-06
-7.59443e-07
-9.72177e-07
-3.51762e-07
-7.52734e-07
-8.96734e-08
-4.41303e-07
-1.07063e-07
-1.42806e-07
2.51079e-07
-5.21274e-07
8.21227e-07
-1.07883e-06
1.31049e-06
-1.74916e-06
1.64106e-06
-2.46173e-06
1.78565e-06
-3.14847e-06
1.74554e-06
-3.7491e-06
1.54027e-06
-4.21455e-06
1.20022e-06
-4.50891e-06
7.61434e-07
-4.61027e-06
2.62403e-07
-4.51108e-06
-2.57379e-07
-4.21829e-06
-7.58001e-07
-3.75337e-06
-1.19944e-06
-3.15215e-06
-1.54228e-06
-2.46394e-06
-1.74949e-06
-1.74962e-06
-1.7899e-06
-1.07795e-06
-1.64385e-06
-5.19988e-07
-1.31069e-06
-1.42071e-07
-8.1922e-07
-2.49133e-07
-1.91182e-07
4.4226e-07
-6.82289e-07
1.31233e-06
-1.38724e-06
2.01544e-06
-2.21676e-06
2.47058e-06
-3.08354e-06
2.65243e-06
-3.90781e-06
2.56981e-06
-4.6215e-06
2.25395e-06
-5.17067e-06
1.7494e-06
-5.51656e-06
1.10732e-06
-5.63577e-06
3.81618e-07
-5.52023e-06
-3.72923e-07
-5.17716e-06
-1.10107e-06
-4.62931e-06
-1.74728e-06
-3.91523e-06
-2.25637e-06
-3.08909e-06
-2.57563e-06
-2.21969e-06
-2.65931e-06
-1.38776e-06
-2.47578e-06
-6.81484e-07
-2.01697e-06
-1.90454e-07
-1.31025e-06
-4.39586e-07
-2.38353e-07
6.80612e-07
-8.4204e-07
1.91602e-06
-1.69478e-06
2.86818e-06
-2.68213e-06
3.45794e-06
-3.69865e-06
3.66894e-06
-4.65301e-06
3.52417e-06
-5.4708e-06
3.07175e-06
-6.0953e-06
2.37389e-06
-6.48691e-06
1.49894e-06
-6.62221e-06
5.16916e-07
-6.49305e-06
-5.02089e-07
-6.10635e-06
-1.48777e-06
-5.4846e-06
-2.36903e-06
-4.66693e-06
-3.07404e-06
-3.71026e-06
-3.5323e-06
-2.68983e-06
-3.67973e-06
-1.69833e-06
-3.46729e-06
-8.4259e-07
-2.87271e-06
-2.37887e-07
-1.91495e-06
-6.77473e-07
-2.87366e-07
9.67978e-07
-1.00752e-06
2.63618e-06
-2.01117e-06
3.87182e-06
-3.15603e-06
4.60281e-06
-4.31742e-06
4.83033e-06
-5.39313e-06
4.59988e-06
-6.30441e-06
3.98302e-06
-6.9943e-06
3.06378e-06
-7.42481e-06
1.92945e-06
-7.57411e-06
6.66209e-07
-7.43454e-06
-6.41656e-07
-7.01207e-06
-1.91024e-06
-6.32717e-06
-3.05393e-06
-5.41702e-06
-3.98419e-06
-4.3386e-06
-4.61072e-06
-3.17162e-06
-4.84671e-06
-2.02005e-06
-4.61885e-06
-1.01072e-06
-3.88203e-06
-2.87564e-07
-2.63811e-06
-9.65037e-07
-3.41088e-07
1.30907e-06
-1.18537e-06
3.48046e-06
-2.34456e-06
5.03101e-06
-3.6449e-06
5.90315e-06
-4.94176e-06
6.12719e-06
-6.12392e-06
5.78205e-06
-7.11167e-06
4.97077e-06
-7.8516e-06
3.8037e-06
-8.31056e-06
2.38842e-06
-8.4705e-06
8.2615e-07
-8.32502e-06
-7.87133e-07
-7.87832e-06
-2.35695e-06
-7.14655e-06
-3.7857e-06
-6.1616e-06
-4.96914e-06
-4.97657e-06
-5.79575e-06
-3.67214e-06
-6.15114e-06
-2.3617e-06
-5.92929e-06
-1.19294e-06
-5.0508e-06
-3.42519e-07
-3.48853e-06
-1.30756e-06
-4.02356e-07
1.71142e-06
-1.38158e-06
4.45968e-06
-2.70044e-06
6.34987e-06
-4.14871e-06
7.35141e-06
-5.56208e-06
7.54056e-06
-6.82427e-06
7.04423e-06
-7.86012e-06
6.00662e-06
-8.62533e-06
4.56891e-06
-9.09615e-06
2.85923e-06
-9.26116e-06
9.91162e-07
-9.11622e-06
-9.32068e-07
-8.66279e-06
-2.81037e-06
-7.90984e-06
-4.53865e-06
-6.87928e-06
-5.9997e-06
-5.61461e-06
-7.06042e-06
-4.19166e-06
-7.57409e-06
-2.72922e-06
-7.39173e-06
-1.39564e-06
-6.38438e-06
-4.05762e-07
-4.4784e-06
-1.71332e-06
-4.74537e-07
2.18596e-06
-1.6021e-06
5.58725e-06
-3.08111e-06
7.82888e-06
-4.65879e-06
8.92909e-06
-6.15359e-06
9.03537e-06
-7.45133e-06
8.34197e-06
-8.49005e-06
7.04534e-06
-9.24234e-06
5.32121e-06
-9.6997e-06
3.31659e-06
-9.861e-06
1.15246e-06
-9.7256e-06
-1.06747e-06
-9.29114e-06
-3.24482e-06
-8.55591e-06
-5.27389e-06
-7.52591e-06
-7.0297e-06
-6.22699e-06
-8.35935e-06
-4.72114e-06
-9.07993e-06
-3.12497e-06
-8.98791e-06
-1.62502e-06
-7.88433e-06
-4.80823e-07
-5.6226e-06
-2.19414e-06
-5.62542e-07
2.7485e-06
-1.85378e-06
6.87849e-06
-3.48483e-06
9.45993e-06
-5.15445e-06
1.05987e-05
-6.67062e-06
1.05515e-05
-7.93358e-06
9.60493e-06
-8.90713e-06
8.01889e-06
-9.59088e-06
6.00496e-06
-9.99853e-06
3.72425e-06
-1.01432e-05
1.29714e-06
-1.00292e-05
-1.18144e-06
-9.64942e-06
-3.62465e-06
-8.98761e-06
-5.9357e-06
-8.02707e-06
-7.99024e-06
-6.76559e-06
-9.62082e-06
-5.23828e-06
-1.06072e-05
-3.54655e-06
-1.06796e-05
-1.88791e-06
-9.54296e-06
-5.72737e-07
-6.93778e-06
-2.76688e-06
-6.74525e-07
3.42303e-06
-2.14542e-06
8.34939e-06
-3.90339e-06
1.12179e-05
-5.59637e-06
1.22917e-05
-7.03725e-06
1.19924e-05
-8.16052e-06
1.07282e-05
-8.97266e-06
8.83103e-06
-9.51206e-06
6.54436e-06
-9.8216e-06
4.03379e-06
-9.9322e-06
1.40774e-06
-9.85434e-06
-1.2593e-06
-9.57538e-06
-3.90361e-06
-9.06177e-06
-6.4493e-06
-8.26734e-06
-8.78468e-06
-7.15001e-06
-1.07382e-05
-5.70039e-06
-1.20569e-05
-3.98388e-06
-1.23961e-05
-2.19255e-06
-1.13343e-05
-6.89695e-07
-8.44064e-06
-3.45657e-06
-8.24614e-07
4.24764e-06
-2.48773e-06
1.00125e-05
-4.31506e-06
1.30452e-05
-5.91342e-06
1.389e-05
-7.13141e-06
1.32104e-05
-7.96744e-06
1.15642e-05
-8.49115e-06
9.35474e-06
-8.79076e-06
6.84396e-06
-8.94293e-06
4.18596e-06
-8.99783e-06
1.46264e-06
-8.97266e-06
-1.28448e-06
-8.84957e-06
-4.0267e-06
-8.57691e-06
-6.72196e-06
-8.07501e-06
-9.28658e-06
-7.25112e-06
-1.1562e-05
-6.03049e-06
-1.32775e-05
-4.4115e-06
-1.40151e-05
-2.54816e-06
-1.31976e-05
-8.45692e-07
-1.01431e-05
-4.30226e-06
-1.03672e-06
5.28436e-06
-2.88869e-06
1.18645e-05
-4.6665e-06
1.4823e-05
-5.97622e-06
1.51998e-05
-6.75787e-06
1.39921e-05
-7.11359e-06
1.19199e-05
-7.19579e-06
9.43694e-06
-7.14785e-06
6.79602e-06
-7.0786e-06
4.11671e-06
-7.05445e-06
1.4385e-06
-7.09817e-06
-1.24076e-06
-7.18857e-06
-3.9363e-06
-7.25968e-06
-6.65085e-06
-7.20094e-06
-9.34532e-06
-6.86439e-06
-1.18986e-05
-6.09046e-06
-1.40514e-05
-4.76969e-06
-1.53359e-05
-2.95967e-06
-1.50077e-05
-1.06414e-06
-1.20386e-05
-5.3664e-06
-1.34645e-06
6.6308e-06
-3.33294e-06
1.3851e-05
-4.82882e-06
1.63189e-05
-5.54577e-06
1.59167e-05
-5.60428e-06
1.40506e-05
-5.25259e-06
1.15682e-05
-4.73397e-06
8.91833e-06
-4.23789e-06
6.29994e-06
-3.89206e-06
3.77088e-06
-3.769e-06
1.31544e-06
-3.89337e-06
-1.1164e-06
-4.24455e-06
-3.58512e-06
-4.75298e-06
-6.14242e-06
-5.29155e-06
-8.80674e-06
-5.66769e-06
-1.15225e-05
-5.63034e-06
-1.40888e-05
-4.91991e-06
-1.60463e-05
-3.40602e-06
-1.65215e-05
-1.3793e-06
-1.40654e-05
-6.74571e-06
-1.78534e-06
8.41615e-06
-3.71179e-06
1.57774e-05
-4.49673e-06
1.71039e-05
-4.1797e-06
1.55997e-05
-3.17569e-06
1.30466e-05
-1.89901e-06
1.02916e-05
-6.60026e-07
7.67934e-06
3.40396e-07
5.29952e-06
9.85231e-07
3.12605e-06
1.21458e-06
1.08609e-06
1.00843e-06
-9.10244e-07
3.80965e-07
-2.95765e-06
-6.13161e-07
-5.14829e-06
-1.86058e-06
-7.55932e-06
-3.16071e-06
-1.02223e-05
-4.19776e-06
-1.30517e-05
-4.54463e-06
-1.56995e-05
-3.76871e-06
-1.72975e-05
-1.81921e-06
-1.60148e-05
-8.56492e-06
-2.30056e-06
1.07167e-05
-3.62849e-06
1.71054e-05
-2.97686e-06
1.64522e-05
-1.0766e-06
1.36994e-05
1.28829e-06
1.06817e-05
3.59556e-06
7.98431e-06
5.55078e-06
5.72412e-06
7.00938e-06
3.84092e-06
7.9094e-06
2.22602e-06
8.2277e-06
7.67784e-07
7.95701e-06
-6.39547e-07
7.0988e-06
-2.09945e-06
5.67016e-06
-3.71964e-06
3.72683e-06
-5.616e-06
1.40846e-06
-7.90395e-06
-9.91118e-07
-1.06522e-05
-2.94116e-06
-1.37494e-05
-3.63746e-06
-1.66012e-05
-2.32305e-06
-1.73293e-05
-1.0888e-05
-2.50006e-06
1.32168e-05
-1.92318e-06
1.65285e-05
1.21799e-06
1.33111e-05
5.15041e-06
9.767e-06
8.88895e-06
6.94315e-06
1.20279e-05
4.8454e-06
1.44457e-05
3.30623e-06
1.61417e-05
2.14497e-06
1.71507e-05
1.21705e-06
1.75037e-05
4.14758e-07
1.72115e-05
-3.47394e-07
1.62601e-05
-1.14799e-06
1.46139e-05
-2.07344e-06
1.22317e-05
-3.23379e-06
9.10608e-06
-4.77835e-06
5.35033e-06
-6.8964e-06
1.36784e-06
-9.76693e-06
-1.84486e-06
-1.33885e-05
-2.48529e-06
-1.66888e-05
-1.33733e-05
-5.6382e-07
1.37806e-05
4.66719e-06
1.12975e-05
1.11136e-05
6.86468e-06
1.66938e-05
4.18674e-06
2.10203e-05
2.61668e-06
2.42021e-05
1.66355e-06
2.64452e-05
1.06321e-06
2.79296e-05
6.60523e-07
2.8782e-05
3.64662e-07
2.90752e-05
1.21547e-07
2.8833e-05
-1.05204e-07
2.80319e-05
-3.4683e-07
2.65981e-05
-6.39717e-07
2.44025e-05
-1.03813e-06
2.1258e-05
-1.63393e-06
1.69477e-05
-2.58606e-06
1.13489e-05
-4.16808e-06
4.84218e-06
-6.88178e-06
-4.82365e-07
-1.13643e-05
-1.38556e-05
1.37806e-05
2.5078e-05
3.19427e-05
3.61295e-05
3.87461e-05
4.04097e-05
4.14729e-05
4.21334e-05
4.24981e-05
4.26196e-05
4.25144e-05
4.21676e-05
4.15279e-05
4.04898e-05
3.88558e-05
3.62698e-05
3.21017e-05
2.52199e-05
1.38556e-05
)
;

boundaryField
{
    movingWall
    {
        type            calculated;
        value           uniform 0;
    }
    fixedWalls
    {
        type            calculated;
        value           uniform 0;
    }
    frontAndBack
    {
        type            empty;
        value           nonuniform 0();
    }
}


// ************************************************************************* //
