/*--------------------------------*- C++ -*----------------------------------*\
  =========                 |
  \\      /  F ield         | OpenFOAM: The Open Source CFD Toolbox
   \\    /   O peration     | Website:  https://openfoam.org
    \\  /    A nd           | Version:  6
     \\/     M anipulation  |
\*---------------------------------------------------------------------------*/
FoamFile
{
    version     2.0;
    format      ascii;
    class       surfaceScalarField;
    location    "0.275";
    object      phi;
}
// * * * * * * * * * * * * * * * * * * * * * * * * * * * * * * * * * * * * * //

dimensions      [0 3 -1 0 0 0 0];

internalField   nonuniform List<scalar> 
760
(
2.18398e-09
-2.18424e-09
-3.51532e-08
3.73372e-08
-1.05918e-07
7.07648e-08
-1.95886e-07
8.99683e-08
-2.9355e-07
9.7664e-08
-3.90405e-07
9.68549e-08
-4.79847e-07
8.94422e-08
-5.56042e-07
7.61949e-08
-6.1315e-07
5.7108e-08
-6.45179e-07
3.20284e-08
-6.46545e-07
1.3667e-09
-6.13301e-07
-3.32438e-08
-5.44805e-07
-6.84963e-08
-4.45418e-07
-9.93873e-08
-3.25562e-07
-1.19856e-07
-2.01372e-07
-1.2419e-07
-9.23949e-08
-1.08977e-07
-1.74897e-08
-7.49052e-08
1.09136e-08
-2.84033e-08
1.09136e-08
-3.82363e-08
3.6052e-08
-1.56364e-07
1.55465e-07
-3.37306e-07
2.51706e-07
-5.56582e-07
3.09245e-07
-7.91367e-07
3.32448e-07
-1.02257e-06
3.28063e-07
-1.23417e-06
3.01043e-07
-1.41181e-06
2.53832e-07
-1.54181e-06
1.87102e-07
-1.61113e-06
1.01355e-07
-1.60862e-06
-1.14189e-09
-1.5273e-06
-1.14563e-07
-1.36745e-06
-2.28351e-07
-1.13957e-06
-3.2727e-07
-8.66092e-07
-3.93331e-07
-5.80393e-07
-4.09888e-07
-3.22008e-07
-3.67362e-07
-1.28081e-07
-2.68833e-07
-2.20103e-08
-1.34474e-07
-1.10966e-08
-7.87491e-08
1.14801e-07
-2.74072e-07
3.50788e-07
-5.50416e-07
5.2805e-07
-8.74006e-07
6.32834e-07
-1.21493e-06
6.73375e-07
-1.54784e-06
6.60971e-07
-1.85093e-06
6.04129e-07
-2.10443e-06
5.07337e-07
-2.2896e-06
3.72273e-07
-2.38877e-06
2.00524e-07
-2.38686e-06
-3.05832e-09
-2.27425e-06
-2.27171e-07
-2.05072e-06
-4.51882e-07
-1.72942e-06
-6.4857e-07
-1.33953e-06
-7.83221e-07
-9.25557e-07
-8.23858e-07
-5.4153e-07
-7.51389e-07
-2.39721e-07
-5.70642e-07
-5.63132e-08
-3.17881e-07
-6.74098e-08
-1.12269e-07
2.2707e-07
-3.76233e-07
6.14752e-07
-7.37085e-07
8.88903e-07
-1.15081e-06
1.04656e-06
-1.58163e-06
1.10419e-06
-2.00021e-06
1.07955e-06
-2.38155e-06
9.85466e-07
-2.70278e-06
8.28573e-07
-2.9418e-06
6.1129e-07
-3.07707e-06
3.35794e-07
-3.08912e-06
8.99269e-09
-2.96377e-06
-3.5252e-07
-2.69695e-06
-7.18708e-07
-2.30032e-06
-1.0452e-06
-1.80612e-06
-1.27742e-06
-1.2683e-06
-1.36168e-06
-7.5684e-07
-1.26285e-06
-3.43783e-07
-9.83699e-07
-8.40242e-08
-5.77639e-07
-1.51434e-07
-1.40465e-07
3.67535e-07
-4.65096e-07
9.39383e-07
-9.01934e-07
1.32574e-06
-1.39705e-06
1.54168e-06
-1.90962e-06
1.61676e-06
-2.40792e-06
1.57786e-06
-2.8656e-06
1.44314e-06
-3.2584e-06
1.22137e-06
-3.56188e-06
9.14774e-07
-3.7506e-06
5.24515e-07
-3.79912e-06
5.75096e-08
-3.68535e-06
-4.66291e-07
-3.39651e-06
-1.00754e-06
-2.93739e-06
-1.50432e-06
-2.33904e-06
-1.87577e-06
-1.66421e-06
-2.03652e-06
-1.00348e-06
-1.92357e-06
-4.57993e-07
-1.52918e-06
-1.10898e-07
-9.24734e-07
-2.62332e-07
-1.65312e-07
5.32847e-07
-5.44929e-07
1.319e-06
-1.05191e-06
1.83272e-06
-1.62343e-06
2.1132e-06
-2.21466e-06
2.20799e-06
-2.79295e-06
2.15615e-06
-3.33232e-06
1.98251e-06
-3.80867e-06
1.69772e-06
-4.19621e-06
1.30231e-06
-4.46532e-06
7.93621e-07
-4.58259e-06
1.7478e-07
-4.51388e-06
-5.34993e-07
-4.23147e-06
-1.28996e-06
-3.72567e-06
-2.01011e-06
-3.01978e-06
-2.58166e-06
-2.1829e-06
-2.8734e-06
-1.33159e-06
-2.77488e-06
-6.09885e-07
-2.25089e-06
-1.45628e-07
-1.38899e-06
-4.0796e-07
-1.88314e-07
7.21161e-07
-6.1945e-07
1.75014e-06
-1.19291e-06
2.40619e-06
-1.83798e-06
2.75827e-06
-2.5071e-06
2.87711e-06
-3.16829e-06
2.81734e-06
-3.79781e-06
2.61203e-06
-4.37357e-06
2.27348e-06
-4.86973e-06
1.79847e-06
-5.25273e-06
1.17662e-06
-5.47963e-06
4.01684e-07
-5.50014e-06
-5.14488e-07
-5.26444e-06
-1.52566e-06
-4.73872e-06
-2.53583e-06
-3.92795e-06
-3.39243e-06
-2.90045e-06
-3.9009e-06
-1.80123e-06
-3.87411e-06
-8.34178e-07
-3.21794e-06
-1.98919e-07
-2.02425e-06
-6.06879e-07
-2.10467e-07
9.31628e-07
-6.91188e-07
2.23086e-06
-1.32848e-06
3.04348e-06
-2.04441e-06
3.4742e-06
-2.78987e-06
3.62256e-06
-3.5353e-06
3.56277e-06
-4.26131e-06
3.33804e-06
-4.95008e-06
2.96224e-06
-5.57776e-06
2.42615e-06
-6.1082e-06
1.70706e-06
-6.48877e-06
7.82254e-07
-6.65039e-06
-3.52861e-07
-6.51506e-06
-1.661e-06
-6.01424e-06
-3.03664e-06
-5.12006e-06
-4.28662e-06
-3.88505e-06
-5.1359e-06
-2.4762e-06
-5.28296e-06
-1.17225e-06
-4.52188e-06
-2.84174e-07
-2.91233e-06
-8.91053e-07
-2.32418e-07
1.16405e-06
-7.6163e-07
2.76007e-06
-1.4598e-06
3.74166e-06
-2.24168e-06
4.25608e-06
-3.05753e-06
4.43841e-06
-3.88188e-06
4.38713e-06
-4.70186e-06
4.15801e-06
-5.50639e-06
3.76678e-06
-6.27645e-06
3.19621e-06
-6.97618e-06
2.40679e-06
-7.5457e-06
1.35177e-06
-7.89819e-06
-3.67433e-10
-7.9253e-06
-1.63389e-06
-7.51599e-06
-3.44595e-06
-6.59329e-06
-5.20931e-06
-5.16963e-06
-6.55956e-06
-3.41058e-06
-7.04202e-06
-1.6703e-06
-6.26216e-06
-4.18844e-07
-4.16378e-06
-1.3099e-06
-2.54945e-07
1.41899e-06
-8.32219e-07
3.33734e-06
-1.58688e-06
4.49632e-06
-2.42514e-06
5.09433e-06
-3.29705e-06
5.31033e-06
-4.18255e-06
5.27263e-06
-5.07702e-06
5.05248e-06
-5.97849e-06
4.66825e-06
-6.87601e-06
4.09373e-06
-7.73853e-06
3.26931e-06
-8.50497e-06
2.11821e-06
-9.0777e-06
5.72363e-07
-9.32382e-06
-1.38777e-06
-9.08998e-06
-3.67979e-06
-8.23801e-06
-6.06128e-06
-6.7094e-06
-8.08818e-06
-4.62208e-06
-9.12933e-06
-2.37255e-06
-8.5117e-06
-6.26404e-07
-5.90993e-06
-1.9363e-06
-2.79879e-07
1.69887e-06
-9.06341e-07
3.9638e-06
-1.71114e-06
5.30112e-06
-2.58932e-06
5.97251e-06
-3.49075e-06
6.21176e-06
-4.40154e-06
6.18341e-06
-5.32631e-06
5.97725e-06
-6.27375e-06
5.61569e-06
-7.24406e-06
5.06404e-06
-8.21692e-06
4.24217e-06
-9.13983e-06
3.04112e-06
-9.91834e-06
1.35087e-06
-1.04114e-05
-8.94686e-07
-1.0437e-05
-3.65425e-06
-9.79584e-06
-6.70241e-06
-8.33123e-06
-9.55279e-06
-6.04849e-06
-1.14121e-05
-3.30228e-06
-1.12579e-05
-9.37575e-07
-8.27463e-06
-2.87388e-06
-3.11708e-07
2.01058e-06
-9.92532e-07
4.64463e-06
-1.83934e-06
6.14792e-06
-2.73231e-06
6.86548e-06
-3.6214e-06
7.10086e-06
-4.49964e-06
7.06165e-06
-5.38113e-06
6.85874e-06
-6.28563e-06
6.52019e-06
-7.22679e-06
6.0052e-06
-8.20127e-06
5.21665e-06
-9.17735e-06
4.01721e-06
-1.00832e-05
2.25676e-06
-1.0796e-05
-1.81976e-07
-1.11331e-05
-3.31708e-06
-1.0855e-05
-6.9805e-06
-9.69901e-06
-1.07088e-05
-7.4945e-06
-1.36166e-05
-4.42227e-06
-1.43301e-05
-1.38555e-06
-1.13113e-05
-4.25943e-06
-3.60374e-07
2.37095e-06
-1.10925e-06
5.39351e-06
-1.98861e-06
7.02727e-06
-2.8605e-06
7.73737e-06
-3.67791e-06
7.91826e-06
-4.443e-06
7.82675e-06
-5.17966e-06
7.5954e-06
-5.91841e-06
7.25893e-06
-6.68746e-06
6.77425e-06
-7.50532e-06
6.03452e-06
-8.37226e-06
4.88415e-06
-9.25885e-06
3.14335e-06
-1.00898e-05
6.48965e-07
-1.07215e-05
-2.68537e-06
-1.09164e-05
-6.78561e-06
-1.03339e-05
-1.12913e-05
-8.59978e-06
-1.53507e-05
-5.57852e-06
-1.73514e-05
-1.98485e-06
-1.4905e-05
-6.24428e-06
-4.46311e-07
2.81726e-06
-1.2915e-06
6.2387e-06
-2.19061e-06
7.92638e-06
-2.98991e-06
8.53667e-06
-3.65566e-06
8.58402e-06
-4.2057e-06
8.37679e-06
-4.67584e-06
8.06554e-06
-5.10734e-06
7.69043e-06
-5.54284e-06
7.20975e-06
-6.02434e-06
6.51602e-06
-6.58963e-06
5.44943e-06
-7.2638e-06
3.81752e-06
-8.04188e-06
1.42705e-06
-8.85721e-06
-1.87004e-06
-9.53182e-06
-6.11101e-06
-9.71639e-06
-1.11067e-05
-8.87178e-06
-1.61953e-05
-6.45903e-06
-1.97642e-05
-2.6862e-06
-1.86778e-05
-8.93048e-06
-6.0956e-07
3.42682e-06
-1.59837e-06
7.22751e-06
-2.48883e-06
8.81683e-06
-3.13287e-06
9.18072e-06
-3.53599e-06
8.98713e-06
-3.7457e-06
8.58651e-06
-3.81563e-06
8.13547e-06
-3.79917e-06
7.67397e-06
-3.75208e-06
7.16266e-06
-3.73691e-06
6.50085e-06
-3.82548e-06
5.538e-06
-4.09577e-06
4.08781e-06
-4.61841e-06
1.94968e-06
-5.42576e-06
-1.06269e-06
-6.45295e-06
-5.08382e-06
-7.43812e-06
-1.01215e-05
-7.79415e-06
-1.58393e-05
-6.60969e-06
-2.09486e-05
-3.32166e-06
-2.19659e-05
-1.22521e-05
-9.24219e-07
4.35104e-06
-2.11263e-06
8.41592e-06
-2.90544e-06
9.60964e-06
-3.2362e-06
9.51149e-06
-3.20329e-06
8.95421e-06
-2.90743e-06
8.29065e-06
-2.42921e-06
7.65724e-06
-1.83597e-06
7.08074e-06
-1.19325e-06
6.51994e-06
-5.76084e-07
5.88368e-06
-7.7918e-08
5.03984e-06
1.85938e-07
3.82396e-06
8.41556e-08
2.05147e-06
-5.09745e-07
-4.6879e-07
-1.66899e-06
-3.92457e-06
-3.30634e-06
-8.48419e-06
-4.95686e-06
-1.41888e-05
-5.51552e-06
-2.039e-05
-3.57406e-06
-2.39073e-05
-1.58262e-05
-1.51074e-06
5.86179e-06
-2.87561e-06
9.78079e-06
-3.28109e-06
1.00151e-05
-2.95693e-06
9.18733e-06
-2.18569e-06
8.18297e-06
-1.14643e-06
7.25139e-06
5.10305e-08
6.45979e-06
1.33136e-06
5.80041e-06
2.62999e-06
5.22131e-06
3.87425e-06
4.63942e-06
4.9682e-06
3.94588e-06
5.78274e-06
3.00942e-06
6.153e-06
1.68121e-06
5.88602e-06
-2.01818e-07
4.78632e-06
-2.82486e-06
2.73161e-06
-6.42948e-06
-9.67477e-08
-1.13604e-05
-2.69666e-06
-1.77901e-05
-2.99362e-06
-2.36104e-05
-1.88198e-05
-2.48455e-06
8.34634e-06
-3.4543e-06
1.07505e-05
-2.60872e-06
9.16952e-06
-9.351e-07
7.51371e-06
1.03512e-06
6.21275e-06
3.0884e-06
5.19811e-06
5.13271e-06
4.41548e-06
7.12051e-06
3.81261e-06
9.01662e-06
3.3252e-06
1.07753e-05
2.88076e-06
1.23217e-05
2.39942e-06
1.35386e-05
1.79257e-06
1.4257e-05
9.62834e-07
1.42528e-05
-1.97621e-07
1.32497e-05
-1.82177e-06
1.0944e-05
-4.12382e-06
7.14481e-06
-7.5612e-06
2.37711e-06
-1.30224e-05
-1.04783e-06
-2.01854e-05
-1.98676e-05
-2.94249e-06
1.12888e-05
-6.46253e-07
8.45431e-06
3.2399e-06
5.28337e-06
6.95066e-06
3.80295e-06
1.02581e-05
2.90532e-06
1.31975e-05
2.25871e-06
1.58155e-05
1.7975e-06
1.81569e-05
1.47113e-06
2.02546e-05
1.22758e-06
2.21135e-05
1.02186e-06
2.36991e-05
8.13813e-07
2.49273e-05
5.64319e-07
2.5656e-05
2.34141e-07
2.56754e-05
-2.17057e-07
2.46924e-05
-8.38689e-07
2.22989e-05
-1.73036e-06
1.79438e-05
-3.20615e-06
1.12033e-05
-6.2818e-06
3.34019e-06
-1.23223e-05
-1.65275e-05
1.12888e-05
1.97431e-05
2.50265e-05
2.88295e-05
3.17348e-05
3.39935e-05
3.5791e-05
3.72621e-05
3.84897e-05
3.95116e-05
4.03254e-05
4.08897e-05
4.11238e-05
4.09068e-05
4.00681e-05
3.83377e-05
3.51316e-05
2.88498e-05
1.65275e-05
)
;

boundaryField
{
    movingWall
    {
        type            calculated;
        value           uniform 0;
    }
    fixedWalls
    {
        type            calculated;
        value           uniform 0;
    }
    frontAndBack
    {
        type            empty;
        value           nonuniform 0();
    }
}


// ************************************************************************* //
