/*--------------------------------*- C++ -*----------------------------------*\
  =========                 |
  \\      /  F ield         | OpenFOAM: The Open Source CFD Toolbox
   \\    /   O peration     | Website:  https://openfoam.org
    \\  /    A nd           | Version:  6
     \\/     M anipulation  |
\*---------------------------------------------------------------------------*/
FoamFile
{
    version     2.0;
    format      ascii;
    class       volVectorField;
    location    "0.085";
    object      U;
}
// * * * * * * * * * * * * * * * * * * * * * * * * * * * * * * * * * * * * * //

dimensions      [0 1 -1 0 0 0 0];

internalField   nonuniform List<vector> 
400
(
(9.2594e-05 -9.23182e-05 0)
(-0.000206115 0.000218425 0)
(-0.00135739 0.00050426 0)
(-0.00306283 0.000661264 0)
(-0.00500358 0.00070929 0)
(-0.00694412 0.000679309 0)
(-0.00871399 0.000595696 0)
(-0.010191 0.000474693 0)
(-0.011286 0.000325801 0)
(-0.0119314 0.000154783 0)
(-0.0120758 -3.31506e-05 0)
(-0.0116865 -0.000230584 0)
(-0.0107578 -0.000425646 0)
(-0.00932352 -0.000600363 0)
(-0.00747269 -0.000729999 0)
(-0.00536399 -0.000784224 0)
(-0.00323165 -0.000731073 0)
(-0.00138025 -0.000543507 0)
(-0.000170593 -0.000219584 0)
(0.000112865 0.00010818 0)
(-0.000208582 0.000192431 0)
(-0.0016148 0.00161026 0)
(-0.00470832 0.00281374 0)
(-0.00885115 0.00349777 0)
(-0.0134343 0.00370458 0)
(-0.0179841 0.00353789 0)
(-0.0221241 0.00309525 0)
(-0.0255676 0.00245114 0)
(-0.0281012 0.00165682 0)
(-0.029566 0.000749439 0)
(-0.0298496 -0.000235969 0)
(-0.0288896 -0.00125498 0)
(-0.0266897 -0.00224421 0)
(-0.0233435 -0.00311498 0)
(-0.0190629 -0.00375247 0)
(-0.0142008 -0.00402421 0)
(-0.0092503 -0.00380204 0)
(-0.00481365 -0.0029983 0)
(-0.00158238 -0.00164132 0)
(-0.000180194 -0.000145041 0)
(-0.000514513 0.00134511 0)
(-0.00297146 0.00473843 0)
(-0.00775505 0.00739575 0)
(-0.0138494 0.00890112 0)
(-0.0204342 0.00932496 0)
(-0.0268998 0.00886752 0)
(-0.0327501 0.00773639 0)
(-0.0375983 0.00610236 0)
(-0.0411535 0.00409266 0)
(-0.0431992 0.00180631 0)
(-0.0435836 -0.000661795 0)
(-0.0422243 -0.00319607 0)
(-0.0391286 -0.00563912 0)
(-0.034424 -0.00777842 0)
(-0.0283946 -0.00934685 0)
(-0.02151 -0.0100458 0)
(-0.0144199 -0.00959868 0)
(-0.00791022 -0.00783723 0)
(-0.00292472 -0.00484029 0)
(-0.000472143 -0.00125738 0)
(-0.000745416 0.00318971 0)
(-0.00408574 0.00926482 0)
(-0.0103498 0.0137086 0)
(-0.018129 0.0161517 0)
(-0.0263939 0.0167574 0)
(-0.0344294 0.0158578 0)
(-0.041661 0.0137956 0)
(-0.0476415 0.0108577 0)
(-0.0520337 0.00726354 0)
(-0.0545839 0.00318777 0)
(-0.0551089 -0.00120145 0)
(-0.0535014 -0.00570172 0)
(-0.0497538 -0.0100406 0)
(-0.043997 -0.0138526 0)
(-0.0365483 -0.0166812 0)
(-0.0279524 -0.0180177 0)
(-0.0189829 -0.0173928 0)
(-0.0106 -0.0145162 0)
(-0.00402432 -0.00947128 0)
(-0.000681941 -0.00303798 0)
(-0.000929313 0.0055708 0)
(-0.00504583 0.014965 0)
(-0.0126716 0.0214912 0)
(-0.0220152 0.0249471 0)
(-0.0318317 0.025674 0)
(-0.0413051 0.0241874 0)
(-0.0498005 0.0209949 0)
(-0.0568324 0.0165155 0)
(-0.0620356 0.0110677 0)
(-0.0651291 0.00490398 0)
(-0.0658974 -0.00173446 0)
(-0.0641952 -0.00855656 0)
(-0.0599749 -0.0151665 0)
(-0.0533371 -0.0210266 0)
(-0.0445975 -0.0254549 0)
(-0.0343518 -0.0276812 0)
(-0.0234975 -0.0269783 0)
(-0.0132035 -0.0228651 0)
(-0.00502751 -0.015363 0)
(-0.000848684 -0.00533724 0)
(-0.00110098 0.00842995 0)
(-0.00597778 0.0217794 0)
(-0.014969 0.0307086 0)
(-0.0258947 0.0352649 0)
(-0.0372815 0.0360555 0)
(-0.0482108 0.0338432 0)
(-0.0579967 0.0293388 0)
(-0.0661295 0.023111 0)
(-0.0722289 0.0155807 0)
(-0.0759928 0.00707097 0)
(-0.0771683 -0.00211501 0)
(-0.0755533 -0.0116077 0)
(-0.0710285 -0.0208894 0)
(-0.0636227 -0.0292328 0)
(-0.0536081 -0.0356873 0)
(-0.0416054 -0.0391456 0)
(-0.0286435 -0.0385232 0)
(-0.016156 -0.0330432 0)
(-0.00613801 -0.0225919 0)
(-0.00102138 -0.00813807 0)
(-0.00129004 0.0117826 0)
(-0.00700133 0.0297634 0)
(-0.0174872 0.0414445 0)
(-0.030137 0.0471977 0)
(-0.0432256 0.0479926 0)
(-0.0557291 0.0449154 0)
(-0.0669208 0.0389269 0)
(-0.076283 0.0307657 0)
(-0.0834354 0.0209541 0)
(-0.0880625 0.00987042 0)
(-0.0898702 -0.00214451 0)
(-0.0885797 -0.0146675 0)
(-0.0839612 -0.0270733 0)
(-0.0759166 -0.0384355 0)
(-0.0646127 -0.047483 0)
(-0.0506468 -0.0526688 0)
(-0.0351737 -0.0524018 0)
(-0.0199561 -0.0454493 0)
(-0.00758342 -0.0314559 0)
(-0.00124936 -0.0115429 0)
(-0.00152242 0.0157069 0)
(-0.00822568 0.0390821 0)
(-0.0204499 0.0538931 0)
(-0.0350661 0.060932 0)
(-0.05006 0.0616506 0)
(-0.0643039 0.0575532 0)
(-0.0770487 0.049908 0)
(-0.0877934 0.0396465 0)
(-0.0961815 0.0273875 0)
(-0.101901 0.0135392 0)
(-0.104621 -0.00155922 0)
(-0.103969 -0.0174757 0)
(-0.0995622 -0.0335143 0)
(-0.0911041 -0.048556 0)
(-0.0785627 -0.0609599 0)
(-0.0624208 -0.0686073 0)
(-0.0439112 -0.0691851 0)
(-0.0251798 -0.0607484 0)
(-0.00963248 -0.0425106 0)
(-0.00159014 -0.0157831 0)
(-0.00182392 0.0203393 0)
(-0.0097561 0.0500044 0)
(-0.0240613 0.0683459 0)
(-0.0409522 0.0767215 0)
(-0.0580748 0.0772299 0)
(-0.0742087 0.0719166 0)
(-0.0886147 0.0624288 0)
(-0.100848 0.0499173 0)
(-0.110616 0.0350889 0)
(-0.117643 0.0183459 0)
(-0.12158 -3.1252e-05 0)
(-0.121957 -0.0196724 0)
(-0.118202 -0.039881 0)
(-0.109735 -0.0593876 0)
(-0.0961964 -0.0761518 0)
(-0.0777975 -0.0873343 0)
(-0.0557217 -0.089602 0)
(-0.0324976 -0.0798901 0)
(-0.0126242 -0.0566192 0)
(-0.00212157 -0.0212486 0)
(-0.00222624 0.0258764 0)
(-0.011708 0.0628955 0)
(-0.0285174 0.0851629 0)
(-0.0480077 0.0948366 0)
(-0.0674271 0.0948979 0)
(-0.0854913 0.0880978 0)
(-0.101526 0.0765508 0)
(-0.115205 0.0616573 0)
(-0.126356 0.0442004 0)
(-0.134796 0.0245316 0)
(-0.140202 0.0027981 0)
(-0.142031 -0.0207934 0)
(-0.139503 -0.0456617 0)
(-0.131683 -0.0704871 0)
(-0.117722 -0.0928564 0)
(-0.0973281 -0.109076 0)
(-0.0713777 -0.114417 0)
(-0.042646 -0.104072 0)
(-0.0169935 -0.0749984 0)
(-0.00295788 -0.0285394 0)
(-0.00277637 0.0325887 0)
(-0.0142271 0.0782138 0)
(-0.034017 0.104732 0)
(-0.0563673 0.115487 0)
(-0.0780768 0.114687 0)
(-0.0978628 0.106004 0)
(-0.115205 0.0921257 0)
(-0.12998 0.0747341 0)
(-0.142223 0.054674 0)
(-0.15192 0.0321954 0)
(-0.15885 0.00722465 0)
(-0.162463 -0.0203236 0)
(-0.16181 -0.0501521 0)
(-0.155559 -0.0810744 0)
(-0.142234 -0.110436 0)
(-0.120738 -0.13364 0)
(-0.0912127 -0.144164 0)
(-0.0562841 -0.134587 0)
(-0.0232729 -0.0992257 0)
(-0.00426998 -0.0385349 0)
(-0.00355313 0.0408528 0)
(-0.0175183 0.0965091 0)
(-0.0407625 0.127398 0)
(-0.0660267 0.138695 0)
(-0.0896507 0.136335 0)
(-0.110489 0.125184 0)
(-0.128314 0.108615 0)
(-0.143325 0.0886207 0)
(-0.155864 0.0660862 0)
(-0.166189 0.0411092 0)
(-0.174287 0.0133075 0)
(-0.179722 -0.0178376 0)
(-0.181485 -0.052524 0)
(-0.17792 -0.0899775 0)
(-0.166855 -0.127593 0)
(-0.146105 -0.160022 0)
(-0.114478 -0.178668 0)
(-0.0736564 -0.172441 0)
(-0.0320442 -0.131131 0)
(-0.00631159 -0.0524783 0)
(-0.00469939 0.0512159 0)
(-0.0218928 0.11841 0)
(-0.0489392 0.153327 0)
(-0.0767011 0.164075 0)
(-0.101178 0.159032 0)
(-0.121629 0.144573 0)
(-0.138334 0.124851 0)
(-0.151963 0.102165 0)
(-0.16328 0.077411 0)
(-0.172913 0.0504859 0)
(-0.181181 0.0206302 0)
(-0.187919 -0.0132296 0)
(-0.19227 -0.0520037 0)
(-0.192475 -0.095682 0)
(-0.1858 -0.142192 0)
(-0.168827 -0.185918 0)
(-0.13839 -0.216292 0)
(-0.0939762 -0.217601 0)
(-0.0437854 -0.172432 0)
(-0.00944661 -0.0720596 0)
(-0.00648633 0.0645211 0)
(-0.0278439 0.144568 0)
(-0.0586303 0.182227 0)
(-0.0875131 0.190456 0)
(-0.110589 0.181041 0)
(-0.128024 0.16216 0)
(-0.140921 0.138758 0)
(-0.150595 0.113369 0)
(-0.15832 0.0868263 0)
(-0.165153 0.0587853 0)
(-0.171828 0.0280792 0)
(-0.178611 -0.00697419 0)
(-0.185069 -0.048147 0)
(-0.189735 -0.0965406 0)
(-0.189744 -0.151254 0)
(-0.180676 -0.207316 0)
(-0.156986 -0.25302 0)
(-0.114454 -0.26777 0)
(-0.0584854 -0.223896 0)
(-0.0141412 -0.0994212 0)
(-0.00942431 0.0821407 0)
(-0.0361278 0.175481 0)
(-0.0695216 0.212808 0)
(-0.0962736 0.215254 0)
(-0.113739 0.199163 0)
(-0.123858 0.174615 0)
(-0.128965 0.147146 0)
(-0.131157 0.119303 0)
(-0.13221 0.0917114 0)
(-0.133559 0.0637282 0)
(-0.136315 0.0338071 0)
(-0.141235 -0.000276159 0)
(-0.148551 -0.0411385 0)
(-0.157578 -0.0911837 0)
(-0.166081 -0.151315 0)
(-0.169454 -0.218494 0)
(-0.160096 -0.281719 0)
(-0.128926 -0.316843 0)
(-0.0747282 -0.283784 0)
(-0.0207726 -0.13692 0)
(-0.0143547 0.106445 0)
(-0.0475858 0.210949 0)
(-0.0798223 0.241693 0)
(-0.0976909 0.233488 0)
(-0.102422 0.208111 0)
(-0.0989645 0.177043 0)
(-0.0911911 0.145773 0)
(-0.0819035 0.116392 0)
(-0.0731542 0.0890472 0)
(-0.0664803 0.0627258 0)
(-0.0631298 0.0355915 0)
(-0.0642063 0.00509783 0)
(-0.0706528 -0.031938 0)
(-0.0829624 -0.0790583 0)
(-0.100438 -0.139277 0)
(-0.119757 -0.212812 0)
(-0.132856 -0.292193 0)
(-0.12615 -0.353593 0)
(-0.0877624 -0.345711 0)
(-0.0288306 -0.186683 0)
(-0.0220694 0.142002 0)
(-0.0615335 0.248415 0)
(-0.0824945 0.260814 0)
(-0.0787822 0.23593 0)
(-0.060274 0.19973 0)
(-0.0357499 0.163018 0)
(-0.0101736 0.129887 0)
(0.0136112 0.101211 0)
(0.033924 0.0763272 0)
(0.0496854 0.0538017 0)
(0.0599771 0.0316782 0)
(0.0637275 0.00745608 0)
(0.0595344 -0.0220505 0)
(0.0457024 -0.060844 0)
(0.0207497 -0.113588 0)
(-0.0150193 -0.184362 0)
(-0.0562055 -0.272348 0)
(-0.0881608 -0.360932 0)
(-0.0863072 -0.395708 0)
(-0.0346348 -0.249789 0)
(-0.0300098 0.196118 0)
(-0.0681687 0.277265 0)
(-0.0533439 0.25195 0)
(-0.00787504 0.206846 0)
(0.0449637 0.163218 0)
(0.0953452 0.126007 0)
(0.13977 0.0959921 0)
(0.177016 0.0722105 0)
(0.206882 0.0530872 0)
(0.229491 0.0369173 0)
(0.244788 0.0219191 0)
(0.252191 0.00609117 0)
(0.25031 -0.0130444 0)
(0.236718 -0.0388353 0)
(0.207919 -0.0760564 0)
(0.160166 -0.131359 0)
(0.0922045 -0.211912 0)
(0.0116763 -0.316567 0)
(-0.0476203 -0.405439 0)
(-0.0253894 -0.317171 0)
(-0.00728932 0.252805 0)
(-0.0111115 0.261868 0)
(0.0819905 0.190196 0)
(0.185513 0.135368 0)
(0.270979 0.0967318 0)
(0.338558 0.0689386 0)
(0.391437 0.049089 0)
(0.432103 0.034912 0)
(0.462684 0.0245158 0)
(0.484837 0.0164122 0)
(0.499512 0.00937758 0)
(0.506799 0.0022591 0)
(0.505741 -0.0062448 0)
(0.49401 -0.0179114 0)
(0.467381 -0.0356456 0)
(0.419161 -0.0649316 0)
(0.339559 -0.116413 0)
(0.21748 -0.205342 0)
(0.0796316 -0.325315 0)
(0.0419483 -0.330454 0)
(0.285002 0.140222 0)
(0.365239 0.124225 0)
(0.509025 0.078682 0)
(0.620824 0.048985 0)
(0.691145 0.0310061 0)
(0.736801 0.0197138 0)
(0.768007 0.012581 0)
(0.789605 0.00807312 0)
(0.804459 0.00515134 0)
(0.814396 0.00312748 0)
(0.820404 0.00153403 0)
(0.82276 1.15325e-05 0)
(0.821049 -0.00178261 0)
(0.814026 -0.00428036 0)
(0.79915 -0.0082143 0)
(0.771479 -0.0152048 0)
(0.720529 -0.0294334 0)
(0.619665 -0.0607018 0)
(0.451183 -0.120844 0)
(0.328923 -0.152905 0)
)
;

boundaryField
{
    movingWall
    {
        type            fixedValue;
        value           uniform (1 0 0);
    }
    fixedWalls
    {
        type            noSlip;
    }
    frontAndBack
    {
        type            empty;
    }
}


// ************************************************************************* //
