/*--------------------------------*- C++ -*----------------------------------*\
  =========                 |
  \\      /  F ield         | OpenFOAM: The Open Source CFD Toolbox
   \\    /   O peration     | Website:  https://openfoam.org
    \\  /    A nd           | Version:  6
     \\/     M anipulation  |
\*---------------------------------------------------------------------------*/
FoamFile
{
    version     2.0;
    format      ascii;
    class       volScalarField;
    location    "0.095";
    object      p;
}
// * * * * * * * * * * * * * * * * * * * * * * * * * * * * * * * * * * * * * //

dimensions      [0 2 -2 0 0 0 0];

internalField   nonuniform List<scalar> 
400
(
1.93197e-07
-0.00445837
-0.00994375
-0.0140776
-0.0155325
-0.013731
-0.00863219
-0.000574444
0.00983964
0.0218178
0.0344333
0.046678
0.0575285
0.0660334
0.0714273
0.0732703
0.0716118
0.0671582
0.0614431
0.0569803
0.00441052
-0.000179227
-0.00447432
-0.00729435
-0.00801575
-0.00623547
-0.00189839
0.00475597
0.0132735
0.0230385
0.033317
0.0433052
0.0521889
0.05922
0.0638079
0.0656269
0.0647353
0.0616385
0.0571413
0.0525706
0.0102153
0.00384508
-0.000799005
-0.00338021
-0.00394298
-0.00228471
0.00159287
0.00746412
0.0149423
0.02351
0.0325463
0.0413621
0.0492503
0.0555504
0.0597246
0.0614454
0.0607024
0.0577984
0.0528927
0.0465222
0.0153886
0.00658581
0.000816212
-0.00212864
-0.00285119
-0.00132911
0.00235355
0.00793912
0.0150551
0.0232268
0.0318851
0.0403887
0.0480622
0.0542499
0.0583821
0.0600558
0.0591518
0.0557948
0.0496292
0.0407306
0.0186249
0.00726929
0.000155689
-0.00332491
-0.00425788
-0.002778
0.000946818
0.00661176
0.0138361
0.0221604
0.0310366
0.0398353
0.0478712
0.054447
0.058912
0.0607439
0.0596891
0.0557058
0.047997
0.0363421
0.0189529
0.0050176
-0.00349375
-0.00751569
-0.00857471
-0.00694812
-0.00288668
0.00325028
0.0110611
0.020085
0.0297753
0.0394902
0.0485045
0.0560428
0.0613308
0.0636835
0.06268
0.0581018
0.0487337
0.0341445
0.0155146
-0.00104057
-0.0109246
-0.0153775
-0.016366
-0.0143114
-0.00955098
-0.00250362
0.00640221
0.016698
0.0278297
0.0391307
0.0498169
0.0590056
0.0657583
0.0691767
0.0686212
0.0636547
0.0526019
0.0348373
0.00741584
-0.0118334
-0.0229986
-0.0276554
-0.0282576
-0.0253932
-0.0194977
-0.0110543
-0.000516874
0.0116434
0.0248708
0.0384773
0.0516151
0.0632759
0.0723188
0.0775714
0.0780997
0.0731615
0.0604998
0.0392395
-0.00638758
-0.0284431
-0.0407185
-0.0452102
-0.0449633
-0.0407821
-0.0332234
-0.0228396
-0.0101008
0.00453743
0.0205409
0.0372224
0.0536856
0.0687945
0.0811746
0.0893108
0.0918683
0.0876572
0.073615
0.0484746
-0.0271923
-0.0521983
-0.0652801
-0.0690239
-0.0672518
-0.0610711
-0.0511955
-0.038251
-0.0227046
-0.00496174
0.014509
0.0350685
0.0558145
0.0755074
0.092527
0.104946
0.110895
0.10852
0.0935908
0.0641693
-0.0566872
-0.084798
-0.0981287
-0.100182
-0.0958735
-0.0867478
-0.0737231
-0.0574977
-0.0385014
-0.0170334
0.00657297
0.0318053
0.057835
0.0833856
0.106618
0.125144
0.136407
0.137595
0.122743
0.0887217
-0.0972102
-0.128512
-0.141031
-0.139826
-0.131434
-0.118024
-0.100766
-0.0804126
-0.0572944
-0.0315204
-0.00318813
0.0274325
0.0597145
0.0924719
0.123743
0.150692
0.169941
0.177348
0.16437
0.125731
-0.152281
-0.186522
-0.196155
-0.189048
-0.174185
-0.154582
-0.131677
-0.106203
-0.0782872
-0.0477217
-0.0142316
0.0223107
0.0616622
0.102936
0.144257
0.182478
0.213362
0.23104
0.223225
0.180761
-0.227762
-0.263511
-0.266113
-0.248641
-0.223669
-0.195215
-0.164873
-0.13318
-0.0998595
-0.0642087
-0.0254037
0.0172725
0.0641949
0.115077
0.168493
0.221352
0.268757
0.302866
0.306228
0.262848
-0.334355
-0.366564
-0.353747
-0.318487
-0.278081
-0.237296
-0.197462
-0.158515
-0.119441
-0.0787793
-0.0349481
0.0135689
0.0680293
0.129128
0.196447
0.267666
0.337945
0.397783
0.42344
0.387382
-0.492157
-0.506124
-0.461384
-0.396559
-0.333445
-0.276262
-0.225024
-0.178265
-0.133687
-0.0887323
-0.0408342
0.0125142
0.073701
0.144821
0.227203
0.320507
0.421521
0.520668
0.588625
0.580544
-0.739072
-0.696302
-0.5895
-0.478198
-0.383421
-0.305827
-0.242152
-0.188109
-0.139312
-0.0917082
-0.0415628
0.0147359
0.080877
0.160746
0.258316
0.376996
0.51782
0.674658
0.818996
0.886643
-1.1625
-0.95503
-0.729387
-0.550795
-0.416457
-0.316867
-0.242413
-0.183933
-0.133996
-0.0867915
-0.0374356
0.0186823
0.086496
0.171887
0.282377
0.427359
0.615943
0.853392
1.1374
1.40159
-1.99697
-1.2925
-0.825404
-0.563739
-0.3972
-0.28675
-0.21231
-0.158474
-0.114755
-0.0741514
-0.0313381
0.0185519
0.08092
0.162914
0.275347
0.434954
0.664529
1.003
1.55983
2.36605
-3.44306
-1.61238
-0.762929
-0.442627
-0.284933
-0.195421
-0.143013
-0.108833
-0.0819306
-0.0560782
-0.0270317
0.0089433
0.0560952
0.120563
0.213135
0.354298
0.582668
1.00008
1.96384
3.90898
)
;

boundaryField
{
    movingWall
    {
        type            zeroGradient;
    }
    fixedWalls
    {
        type            zeroGradient;
    }
    frontAndBack
    {
        type            empty;
    }
}


// ************************************************************************* //
