/*--------------------------------*- C++ -*----------------------------------*\
  =========                 |
  \\      /  F ield         | OpenFOAM: The Open Source CFD Toolbox
   \\    /   O peration     | Website:  https://openfoam.org
    \\  /    A nd           | Version:  6
     \\/     M anipulation  |
\*---------------------------------------------------------------------------*/
FoamFile
{
    version     2.0;
    format      ascii;
    class       volScalarField;
    location    "0.09";
    object      p;
}
// * * * * * * * * * * * * * * * * * * * * * * * * * * * * * * * * * * * * * //

dimensions      [0 2 -2 0 0 0 0];

internalField   nonuniform List<scalar> 
400
(
7.03535e-08
-0.00187041
-0.00401686
-0.00545263
-0.00568061
-0.0045046
-0.00193201
0.00189147
0.00672464
0.0122528
0.0181004
0.0238442
0.0290366
0.0332422
0.0360921
0.0373538
0.0370118
0.0353464
0.0330056
0.0310946
0.00185178
-7.82777e-05
-0.00174158
-0.00266028
-0.00261668
-0.00147094
0.000784564
0.00404617
0.00812872
0.012781
0.0176963
0.0225272
0.0269073
0.030485
0.032969
0.0341826
0.0341251
0.0330039
0.0311673
0.0292105
0.00413457
0.00146425
-0.000344341
-0.0011702
-0.00106991
2.01951e-05
0.00209005
0.00504494
0.00872762
0.0129249
0.017372
0.021763
0.0257698
0.0290718
0.0313956
0.0325628
0.032547
0.0314777
0.0294425
0.0267149
0.0059855
0.00231554
4.80988e-05
-0.000923604
-0.00088718
0.000149522
0.00214718
0.00500281
0.00856892
0.0126514
0.0170061
0.0213425
0.0253381
0.0286647
0.0310243
0.0321978
0.0321089
0.0308166
0.0282068
0.0243862
0.00687969
0.00215476
-0.000665128
-0.00185512
-0.00190474
-0.000884366
0.00113763
0.00404573
0.00769546
0.0119034
0.016435
0.0210012
0.0252666
0.0288716
0.0314666
0.0327648
0.0326217
0.0310258
0.0276906
0.0226344
0.00641991
0.000602133
-0.00280835
-0.00422955
-0.00434068
-0.00326907
-0.00111028
0.002007
0.00593918
0.0105099
0.0154888
0.0205796
0.0254208
0.0296015
0.0326949
0.0343166
0.0342284
0.0323345
0.0281756
0.0217192
0.00423962
-0.00273279
-0.00675185
-0.00837967
-0.00849298
-0.00727687
-0.00485341
-0.00136315
0.00305289
0.00822725
0.0139345
0.0198693
0.0256364
0.0307583
0.034703
0.0369519
0.0371328
0.035031
0.0299741
0.0218817
-6.4209e-05
-0.00828079
-0.0129101
-0.014684
-0.014706
-0.0132282
-0.0104004
-0.00637218
-0.00127588
0.00473828
0.011459
0.0185793
0.025672
0.0321829
0.0374486
0.0407691
0.0415789
0.0394781
0.0334905
0.0234512
-0.00698364
-0.0165573
-0.021775
-0.0235892
-0.0233842
-0.0214975
-0.0181112
-0.0133799
-0.00741643
-0.000338042
0.00767716
0.0163402
0.0252075
0.0336501
0.0408514
0.0458758
0.0478799
0.0461703
0.0393068
0.0269511
-0.0171441
-0.0282024
-0.0339379
-0.0356112
-0.0349741
-0.0324814
-0.0283553
-0.02275
-0.0157436
-0.00739722
0.0021744
0.0127356
0.0238608
0.0348696
0.0447856
0.0523837
0.0564352
0.0557883
0.0482804
0.0332234
-0.0313596
-0.0440296
-0.0501087
-0.0513193
-0.0499194
-0.0465304
-0.0414257
-0.0347521
-0.0265332
-0.0167434
-0.00539252
0.00738955
0.0212551
0.0355276
0.0490979
0.0604179
0.0677537
0.0692674
0.0616749
0.043603
-0.0507315
-0.0651049
-0.0711364
-0.0712976
-0.0685779
-0.0638339
-0.0574018
-0.0494087
-0.0397973
-0.0284176
-0.0151232
0.000130978
0.017163
0.0353993
0.0536821
0.0701613
0.0824996
0.0878915
0.0813486
0.0601933
-0.0768617
-0.0928846
-0.0980269
-0.0960674
-0.0910827
-0.0842468
-0.0759558
-0.0662896
-0.0550702
-0.041976
-0.0266449
-0.00877615
0.0117267
0.0345408
0.0586245
0.0819515
0.10157
0.113422
0.110037
0.0863449
-0.112342
-0.129463
-0.131935
-0.12593
-0.117122
-0.10705
-0.0961177
-0.0842892
-0.0711963
-0.056281
-0.0388988
-0.0184082
0.00568989
0.0335098
0.064385
0.0964014
0.126177
0.14825
0.151786
0.127548
-0.161863
-0.177979
-0.174033
-0.160635
-0.14558
-0.130636
-0.116033
-0.101455
-0.0862166
-0.0694267
-0.0500806
-0.027117
0.0004812
0.0334633
0.0718749
0.114412
0.157802
0.195431
0.212501
0.193024
-0.234388
-0.243104
-0.225129
-0.198843
-0.174089
-0.152225
-0.132844
-0.115022
-0.0975225
-0.0789747
-0.0579255
-0.0328281
-0.00206283
0.0359263
0.0822676
0.136975
0.197915
0.258371
0.300182
0.297862
-0.347442
-0.331314
-0.285033
-0.237775
-0.198942
-0.168015
-0.143078
-0.121972
-0.102529
-0.0827085
-0.0605187
-0.0338882
-0.00055016
0.0419899
0.0963219
0.164655
0.247483
0.340122
0.424843
0.466361
-0.542592
-0.450719
-0.349112
-0.270854
-0.213947
-0.172918
-0.142964
-0.119712
-0.0995812
-0.0797006
-0.0575359
-0.0305402
0.00415713
0.0500498
0.111562
0.194136
0.302896
0.439619
0.600556
0.749532
-0.934891
-0.604877
-0.389167
-0.272789
-0.201371
-0.155455
-0.125618
-0.104593
-0.0873094
-0.0703036
-0.0508263
-0.0262084
0.00664581
0.0518583
0.115522
0.206968
0.339028
0.531648
0.837934
1.26995
-1.64009
-0.748805
-0.3478
-0.206665
-0.141193
-0.105893
-0.0870411
-0.0757906
-0.0667388
-0.0567551
-0.0436102
-0.0251868
0.00104921
0.0387152
0.0938326
0.177626
0.31187
0.549853
1.06612
2.0722
)
;

boundaryField
{
    movingWall
    {
        type            zeroGradient;
    }
    fixedWalls
    {
        type            zeroGradient;
    }
    frontAndBack
    {
        type            empty;
    }
}


// ************************************************************************* //
