/*--------------------------------*- C++ -*----------------------------------*\
  =========                 |
  \\      /  F ield         | OpenFOAM: The Open Source CFD Toolbox
   \\    /   O peration     | Website:  https://openfoam.org
    \\  /    A nd           | Version:  6
     \\/     M anipulation  |
\*---------------------------------------------------------------------------*/
FoamFile
{
    version     2.0;
    format      ascii;
    class       surfaceScalarField;
    location    "0.09";
    object      phi;
}
// * * * * * * * * * * * * * * * * * * * * * * * * * * * * * * * * * * * * * //

dimensions      [0 3 -1 0 0 0 0];

internalField   nonuniform List<scalar> 
760
(
8.91001e-09
-8.91065e-09
-2.53926e-08
3.43028e-08
-1.03594e-07
7.82015e-08
-2.10865e-07
1.07271e-07
-3.31386e-07
1.20521e-07
-4.51122e-07
1.19736e-07
-5.58444e-07
1.07323e-07
-6.44116e-07
8.56719e-08
-7.01068e-07
5.69517e-08
-7.24294e-07
2.32268e-08
-7.1101e-07
-1.32839e-08
-6.61054e-07
-4.99568e-08
-5.77444e-07
-8.36098e-08
-4.66924e-07
-1.1052e-07
-3.40254e-07
-1.2667e-07
-2.11978e-07
-1.28276e-07
-9.93449e-08
-1.12633e-07
-2.01764e-08
-7.91684e-08
1.13984e-08
-3.15747e-08
1.13984e-08
-3.2782e-08
2.38714e-08
-1.58032e-07
1.59552e-07
-3.6717e-07
2.8734e-07
-6.33467e-07
3.73568e-07
-9.25464e-07
4.12518e-07
-1.21295e-06
4.07223e-07
-1.46953e-06
3.63898e-07
-1.67351e-06
2.89657e-07
-1.80817e-06
1.9161e-07
-1.86188e-06
7.69376e-08
-1.8286e-06
-4.65657e-08
-1.70867e-06
-1.6989e-07
-1.50981e-06
-2.82466e-07
-1.24799e-06
-3.7234e-07
-9.47593e-07
-4.27066e-07
-6.40392e-07
-4.35477e-07
-3.62632e-07
-3.90393e-07
-1.49792e-07
-2.92008e-07
-2.80983e-08
-1.53268e-07
-1.66999e-08
-7.97158e-08
1.03587e-07
-2.99775e-07
3.79611e-07
-6.30898e-07
6.18463e-07
-1.03366e-06
7.76334e-07
-1.4654e-06
8.44255e-07
-1.88539e-06
8.27209e-07
-2.25772e-06
7.36234e-07
-2.55264e-06
5.84572e-07
-2.74701e-06
3.85985e-07
-2.82478e-06
1.54707e-07
-2.77761e-06
-9.37405e-08
-2.60594e-06
-3.41559e-07
-2.32029e-06
-5.68113e-07
-1.94231e-06
-7.50322e-07
-1.50498e-06
-8.64397e-07
-1.05122e-06
-8.8923e-07
-6.30214e-07
-8.11403e-07
-2.90985e-07
-6.31237e-07
-7.36463e-08
-3.70607e-07
-9.03462e-08
-1.21749e-07
2.25336e-07
-4.33473e-07
6.91336e-07
-8.82172e-07
1.06716e-06
-1.41281e-06
1.30698e-06
-1.97155e-06
1.40299e-06
-2.50907e-06
1.36473e-06
-2.98263e-06
1.2098e-06
-3.35698e-06
9.58918e-07
-3.60465e-06
6.33656e-07
-3.70631e-06
2.56367e-07
-3.65148e-06
-1.48576e-07
-3.43977e-06
-5.53267e-07
-3.08255e-06
-9.25331e-07
-2.60448e-06
-1.22839e-06
-2.04423e-06
-1.42465e-06
-1.45346e-06
-1.48e-06
-8.93247e-07
-1.37161e-06
-4.2761e-07
-1.09687e-06
-1.1492e-07
-6.83297e-07
-2.05267e-07
-1.60656e-07
3.85992e-07
-5.6199e-07
1.09267e-06
-1.12725e-06
1.63242e-06
-1.78399e-06
1.96372e-06
-2.46638e-06
2.08538e-06
-3.11699e-06
2.01535e-06
-3.68758e-06
1.78038e-06
-4.1389e-06
1.41024e-06
-4.44038e-06
9.35137e-07
-4.56997e-06
3.85957e-07
-4.51472e-06
-2.03828e-07
-4.2722e-06
-7.95784e-07
-3.85269e-06
-1.34485e-06
-3.28157e-06
-1.79951e-06
-2.60125e-06
-2.10497e-06
-1.8713e-06
-2.20994e-06
-1.16572e-06
-2.0772e-06
-5.66595e-07
-1.696e-06
-1.54864e-07
-1.09503e-06
-3.6013e-07
-1.99371e-07
5.85363e-07
-6.91899e-07
1.5852e-06
-1.3766e-06
2.31713e-06
-2.16217e-06
2.74928e-06
-2.96995e-06
2.89316e-06
-3.7346e-06
2.78e-06
-4.40322e-06
2.449e-06
-4.93376e-06
1.94078e-06
-5.29346e-06
1.29484e-06
-5.4579e-06
5.50395e-07
-5.41115e-06
-2.50574e-07
-5.14734e-06
-1.05959e-06
-4.67349e-06
-1.8187e-06
-4.01328e-06
-2.45972e-06
-3.21083e-06
-2.90742e-06
-2.33294e-06
-3.08783e-06
-1.46804e-06
-2.94211e-06
-7.20227e-07
-2.4438e-06
-1.98262e-07
-1.61699e-06
-5.58393e-07
-2.40578e-07
8.2594e-07
-8.29766e-07
2.17439e-06
-1.64014e-06
3.1275e-06
-2.55971e-06
3.66885e-06
-3.49629e-06
3.82974e-06
-4.37699e-06
3.6607e-06
-5.14544e-06
3.21745e-06
-5.75819e-06
2.55353e-06
-6.18148e-06
1.71813e-06
-6.38906e-06
7.5797e-07
-6.36165e-06
-2.77975e-07
-6.08848e-06
-1.33277e-06
-5.57082e-06
-2.33636e-06
-4.82751e-06
-3.20304e-06
-3.90137e-06
-3.83356e-06
-2.86476e-06
-4.12444e-06
-1.82147e-06
-3.9854e-06
-9.01986e-07
-3.36328e-06
-2.50149e-07
-2.26883e-06
-8.08542e-07
-2.86521e-07
1.11246e-06
-9.8102e-07
2.86888e-06
-1.92515e-06
4.07163e-06
-2.98365e-06
4.72736e-06
-4.05028e-06
4.89636e-06
-5.04562e-06
4.65605e-06
-5.91177e-06
4.0836e-06
-6.6061e-06
3.24786e-06
-7.09578e-06
2.20781e-06
-7.35398e-06
1.01617e-06
-7.35824e-06
-2.73723e-07
-7.09158e-06
-1.59943e-06
-6.54675e-06
-2.88119e-06
-5.73359e-06
-4.0162e-06
-4.68884e-06
-4.87831e-06
-3.48653e-06
-5.32675e-06
-2.24493e-06
-5.227e-06
-1.12506e-06
-4.48315e-06
-3.15594e-07
-3.07829e-06
-1.12414e-06
-3.39107e-07
1.45157e-06
-1.14975e-06
3.67953e-06
-2.23539e-06
5.15727e-06
-3.43396e-06
5.92593e-06
-4.62498e-06
6.08738e-06
-5.7247e-06
5.75577e-06
-6.67691e-06
5.03581e-06
-7.44331e-06
4.01426e-06
-7.9952e-06
2.7597e-06
-8.30752e-06
1.32849e-06
-8.35572e-06
-2.25519e-07
-8.11608e-06
-1.83907e-06
-7.57001e-06
-3.42725e-06
-6.71313e-06
-4.87309e-06
-5.56898e-06
-6.02246e-06
-4.20585e-06
-6.68988e-06
-2.75202e-06
-6.68083e-06
-1.40147e-06
-5.8337e-06
-3.99794e-07
-4.07997e-06
-1.52393e-06
-4.00369e-07
1.85194e-06
-1.3393e-06
4.61845e-06
-2.57109e-06
6.38907e-06
-3.90227e-06
7.25711e-06
-5.19905e-06
7.38415e-06
-6.37729e-06
6.934e-06
-7.38766e-06
6.04619e-06
-8.20144e-06
4.82804e-06
-8.79878e-06
3.35703e-06
-9.16026e-06
1.68997e-06
-9.26188e-06
-1.23901e-07
-9.07381e-06
-2.02714e-06
-8.56402e-06
-3.93704e-06
-7.70816e-06
-5.72895e-06
-6.50692e-06
-7.22371e-06
-5.01071e-06
-8.18609e-06
-3.34725e-06
-8.34429e-06
-1.74131e-06
-7.43964e-06
-5.08423e-07
-5.31286e-06
-2.03235e-06
-4.73456e-07
2.32539e-06
-1.55371e-06
5.69871e-06
-2.92945e-06
7.7648e-06
-4.37075e-06
8.69841e-06
-5.73371e-06
8.74711e-06
-6.94078e-06
8.14107e-06
-7.95732e-06
7.06274e-06
-8.77145e-06
5.64217e-06
-9.37858e-06
3.96416e-06
-9.77042e-06
2.08181e-06
-9.92784e-06
3.35231e-08
-9.81757e-06
-2.13741e-06
-9.3938e-06
-4.36081e-06
-8.6071e-06
-6.51565e-06
-7.42392e-06
-8.40689e-06
-5.85919e-06
-9.75081e-06
-4.02045e-06
-1.0183e-05
-2.15158e-06
-9.30851e-06
-6.48288e-07
-6.81615e-06
-2.68064e-06
-5.64455e-07
2.88985e-06
-1.80006e-06
6.93432e-06
-3.30521e-06
9.26995e-06
-4.80977e-06
1.0203e-05
-6.16799e-06
1.01053e-05
-7.32071e-06
9.29379e-06
-8.25913e-06
8.00116e-06
-8.99749e-06
6.38053e-06
-9.55403e-06
4.5207e-06
-9.93812e-06
2.4659e-06
-1.01415e-05
2.36869e-07
-1.01324e-05
-2.14648e-06
-9.85408e-06
-4.63912e-06
-9.22983e-06
-7.1399e-06
-8.18098e-06
-9.45574e-06
-6.6649e-06
-1.12669e-05
-4.7376e-06
-1.21103e-05
-2.63374e-06
-1.14124e-05
-8.28377e-07
-8.62151e-06
-3.50902e-06
-6.85632e-07
3.57548e-06
-2.09128e-06
8.33996e-06
-3.68915e-06
1.08678e-05
-5.17151e-06
1.16853e-05
-6.40908e-06
1.13429e-05
-7.38031e-06
1.0265e-05
-8.11724e-06
8.73809e-06
-8.67054e-06
6.93383e-06
-9.0885e-06
4.93866e-06
-9.4042e-06
2.7816e-06
-9.62658e-06
4.59243e-07
-9.73282e-06
-2.04023e-06
-9.66225e-06
-4.7097e-06
-9.31454e-06
-7.48761e-06
-8.56029e-06
-1.021e-05
-7.27679e-06
-1.25504e-05
-5.42554e-06
-1.39616e-05
-3.17821e-06
-1.36597e-05
-1.06132e-06
-1.07384e-05
-4.57034e-06
-8.60694e-07
4.43617e-06
-2.44735e-06
9.92662e-06
-4.05888e-06
1.24794e-05
-5.37187e-06
1.29983e-05
-6.31054e-06
1.22816e-05
-6.92025e-06
1.08747e-05
-7.29151e-06
9.10934e-06
-7.52008e-06
7.1624e-06
-7.68804e-06
5.10662e-06
-7.85479e-06
2.94836e-06
-8.05086e-06
6.55306e-07
-8.27034e-06
-1.82075e-06
-8.46051e-06
-4.51953e-06
-8.51037e-06
-7.43775e-06
-8.2461e-06
-1.04743e-05
-7.45163e-06
-1.33449e-05
-5.94568e-06
-1.54675e-05
-3.75116e-06
-1.58542e-05
-1.36432e-06
-1.31252e-05
-5.93466e-06
-1.13097e-06
5.56714e-06
-2.88593e-06
1.16816e-05
-4.34673e-06
1.39402e-05
-5.24473e-06
1.38963e-05
-5.62532e-06
1.26622e-05
-5.63927e-06
1.08887e-05
-5.45047e-06
8.92054e-06
-5.20076e-06
6.91269e-06
-5.00101e-06
4.90687e-06
-4.93175e-06
2.8791e-06
-5.04382e-06
7.67379e-07
-5.35395e-06
-1.51062e-06
-5.83228e-06
-4.04119e-06
-6.38102e-06
-6.88901e-06
-6.80845e-06
-1.00468e-05
-6.81664e-06
-1.33367e-05
-6.0472e-06
-1.6237e-05
-4.26151e-06
-1.76399e-05
-1.75402e-06
-1.56327e-05
-7.68868e-06
-1.55122e-06
7.11836e-06
-3.37111e-06
1.35015e-05
-4.34638e-06
1.49154e-05
-4.43658e-06
1.39865e-05
-3.91258e-06
1.21382e-05
-3.06494e-06
1.0041e-05
-2.12835e-06
7.98395e-06
-1.27313e-06
6.05746e-06
-6.18511e-07
4.25226e-06
-2.48977e-07
2.50956e-06
-2.25108e-07
7.43511e-07
-5.85555e-07
-1.15017e-06
-1.33682e-06
-3.28993e-06
-2.42644e-06
-5.79939e-06
-3.69599e-06
-8.77728e-06
-4.82164e-06
-1.2211e-05
-5.28426e-06
-1.57743e-05
-4.47926e-06
-1.84449e-05
-2.21511e-06
-1.78969e-05
-9.9038e-06
-2.13356e-06
9.25192e-06
-3.6315e-06
1.49994e-05
-3.47442e-06
1.47583e-05
-2.18949e-06
1.27016e-05
-3.77451e-07
1.03261e-05
1.54638e-06
8.1172e-06
3.32566e-06
6.20468e-06
4.81133e-06
4.57179e-06
5.91605e-06
3.14753e-06
6.58116e-06
1.84445e-06
6.75647e-06
5.68202e-07
6.39132e-06
-7.85027e-07
5.43794e-06
-2.33654e-06
3.87348e-06
-4.23494e-06
1.75421e-06
-6.65801e-06
-6.83046e-07
-9.77377e-06
-2.8792e-06
-1.35782e-05
-3.86098e-06
-1.74631e-05
-2.59735e-06
-1.91605e-05
-1.25011e-05
-2.61667e-06
1.18686e-05
-2.62388e-06
1.50066e-05
-2.30036e-07
1.23645e-05
3.04419e-06
9.42737e-06
6.34698e-06
7.02333e-06
9.30241e-06
5.16177e-06
1.17623e-05
3.7448e-06
1.36832e-05
2.65083e-06
1.50613e-05
1.7695e-06
1.58954e-05
1.01036e-06
1.61678e-05
2.95788e-07
1.5833e-05
-4.50218e-07
1.48125e-05
-1.31603e-06
1.29998e-05
-2.42232e-06
1.02923e-05
-3.95051e-06
6.68744e-06
-6.16887e-06
2.50722e-06
-9.39796e-06
-1.20072e-06
-1.37552e-05
-2.36836e-06
-1.79928e-05
-1.48695e-05
-1.26638e-06
1.3135e-05
3.10364e-06
1.06366e-05
8.87766e-06
6.59047e-06
1.40722e-05
4.23281e-06
1.8296e-05
2.79961e-06
2.15861e-05
1.87163e-06
2.40728e-05
1.2581e-06
2.58862e-05
8.37388e-07
2.71266e-05
5.29157e-07
2.78553e-05
2.81669e-07
2.80922e-05
5.88237e-08
2.78119e-05
-1.69923e-07
2.69346e-05
-4.38681e-07
2.53103e-05
-7.9806e-07
2.26996e-05
-1.33977e-06
1.87772e-05
-2.24648e-06
1.3261e-05
-3.88181e-06
6.39546e-06
-6.88962e-06
2.86988e-07
-1.18844e-05
-1.45825e-05
1.3135e-05
2.37716e-05
3.03621e-05
3.45949e-05
3.73945e-05
3.92661e-05
4.05242e-05
4.13616e-05
4.18908e-05
4.21724e-05
4.22312e-05
4.20613e-05
4.16226e-05
4.08246e-05
3.94848e-05
3.72383e-05
3.33565e-05
2.64669e-05
1.45825e-05
)
;

boundaryField
{
    movingWall
    {
        type            calculated;
        value           uniform 0;
    }
    fixedWalls
    {
        type            calculated;
        value           uniform 0;
    }
    frontAndBack
    {
        type            empty;
        value           nonuniform 0();
    }
}


// ************************************************************************* //
