/*--------------------------------*- C++ -*----------------------------------*\
  =========                 |
  \\      /  F ield         | OpenFOAM: The Open Source CFD Toolbox
   \\    /   O peration     | Website:  https://openfoam.org
    \\  /    A nd           | Version:  6
     \\/     M anipulation  |
\*---------------------------------------------------------------------------*/
FoamFile
{
    version     2.0;
    format      ascii;
    class       volScalarField;
    location    "0.07";
    object      p;
}
// * * * * * * * * * * * * * * * * * * * * * * * * * * * * * * * * * * * * * //

dimensions      [0 2 -2 0 0 0 0];

internalField   nonuniform List<scalar> 
400
(
2.90542e-07
-0.0042202
-0.00935311
-0.0131399
-0.014332
-0.012393
-0.00729589
0.000627163
0.0107954
0.0224516
0.034714
0.0466253
0.0572137
0.0655727
0.0709673
0.0729659
0.0715971
0.0675118
0.0621494
0.0579026
0.00417761
-0.000170938
-0.00418597
-0.0067437
-0.00725639
-0.00534708
-0.000971708
0.00563233
0.0140238
0.0236092
0.0336846
0.0434809
0.05222
0.0591848
0.0638059
0.0657628
0.0650981
0.0622801
0.0580624
0.0537079
0.00962419
0.00358259
-0.000774743
-0.00311803
-0.00348741
-0.00169252
0.00225847
0.00814098
0.0155755
0.0240586
0.0329893
0.0417033
0.0495206
0.0558053
0.0600374
0.0618955
0.06136
0.0587105
0.054091
0.0480163
0.0144376
0.00607347
0.000631473
-0.00206778
-0.00258957
-0.000912821
0.00287596
0.00851999
0.0156505
0.0238007
0.0324152
0.0408719
0.0485175
0.0547191
0.0589248
0.0607417
0.0600472
0.0569534
0.051117
0.0426186
0.0174068
0.00657843
-0.000170099
-0.00339211
-0.00411103
-0.00245495
0.00140819
0.00717359
0.0144608
0.0228132
0.0316913
0.0404805
0.0485151
0.0551199
0.0596643
0.0616401
0.0607966
0.0570878
0.0497494
0.0385836
0.0176248
0.00426323
-0.00386445
-0.00762007
-0.00845283
-0.00662889
-0.00239867
0.00387637
0.0117908
0.0208821
0.0306073
0.0403358
0.0493606
0.0569287
0.0622886
0.0647745
0.063974
0.059671
0.0506961
0.036651
0.0142715
-0.00171672
-0.0112258
-0.0154157
-0.0161712
-0.0139012
-0.00894441
-0.0017255
0.00731855
0.0177124
0.0289013
0.0402269
0.0509218
0.0601266
0.0669289
0.0704539
0.0700764
0.0653669
0.0547022
0.0374931
0.00646484
-0.0122826
-0.0231129
-0.0275244
-0.027895
-0.0248022
-0.0186865
-0.0100418
0.000663865
0.0129468
0.0262461
0.0398785
0.0530118
0.064662
0.0737169
0.0790325
0.0796934
0.0749702
0.0626577
0.0419157
-0.0068548
-0.0285303
-0.0405418
-0.0448213
-0.0443537
-0.0399377
-0.0321393
-0.0215279
-0.00859418
0.00618746
0.0222723
0.0389743
0.0554116
0.0704727
0.0828147
0.0909541
0.0935792
0.089516
0.075749
0.0510409
-0.027028
-0.0518242
-0.0647399
-0.0683187
-0.0663478
-0.0599333
-0.0498035
-0.036608
-0.020842
-0.00293689
0.0166222
0.0371933
0.0578866
0.0774881
0.0944111
0.106762
0.112698
0.110383
0.0956231
0.0665025
-0.0558155
-0.0839198
-0.0972013
-0.0991496
-0.0946752
-0.0853254
-0.0720371
-0.0555394
-0.0362991
-0.0146497
0.00905179
0.0342858
0.0602347
0.0856483
0.108723
0.127106
0.138268
0.139415
0.124602
0.0907136
-0.0956505
-0.12716
-0.139756
-0.138518
-0.130004
-0.116387
-0.0988609
-0.0782142
-0.0548255
-0.0288481
-0.000411531
0.0302024
0.0623765
0.0949532
0.126009
0.152745
0.17181
0.179074
0.165995
0.127295
-0.150161
-0.184811
-0.194646
-0.187586
-0.172655
-0.152869
-0.12969
-0.1039
-0.0756811
-0.0448846
-0.0112765
0.0252541
0.0644737
0.105527
0.146582
0.184532
0.215164
0.232614
0.224563
0.181841
-0.225318
-0.261632
-0.264551
-0.247211
-0.222231
-0.193619
-0.162994
-0.130951
-0.097287
-0.061369
-0.022425
0.0202398
0.0670105
0.117637
0.170745
0.223289
0.270399
0.304223
0.307244
0.263425
-0.331905
-0.364772
-0.352364
-0.317321
-0.276964
-0.236037
-0.195899
-0.156556
-0.117084
-0.0761077
-0.0321065
0.0164084
0.0707049
0.13152
0.198495
0.269368
0.339329
0.398862
0.424117
0.387484
-0.490051
-0.50469
-0.460426
-0.395891
-0.332866
-0.275537
-0.223956
-0.176741
-0.131699
-0.0863708
-0.0382577
0.0151136
0.0761394
0.146959
0.228968
0.321898
0.422583
0.521431
0.588979
0.58026
-0.737613
-0.695454
-0.589157
-0.478192
-0.383515
-0.305751
-0.241681
-0.187116
-0.137784
-0.0897365
-0.0393132
0.0170581
0.0830686
0.162644
0.259827
0.378105
0.518579
0.675127
0.819093
0.886129
-1.16184
-0.954865
-0.729721
-0.551479
-0.417232
-0.31744
-0.242545
-0.183483
-0.132941
-0.0852114
-0.0354904
0.0207856
0.0885418
0.173688
0.283807
0.428369
0.616566
0.853703
1.13738
1.40107
-1.997
-1.29292
-0.826332
-0.565054
-0.398628
-0.287977
-0.213068
-0.15859
-0.11417
-0.072916
-0.0295933
0.0206045
0.0830535
0.164912
0.277038
0.436235
0.665378
1.00346
1.55994
2.36577
-3.44344
-1.61316
-0.764325
-0.444556
-0.287093
-0.197433
-0.144533
-0.109612
-0.0818433
-0.0551303
-0.0253427
0.0111684
0.0586037
0.123094
0.215458
0.356239
0.584128
1.00103
1.96432
3.90907
)
;

boundaryField
{
    movingWall
    {
        type            zeroGradient;
    }
    fixedWalls
    {
        type            zeroGradient;
    }
    frontAndBack
    {
        type            empty;
    }
}


// ************************************************************************* //
