/*--------------------------------*- C++ -*----------------------------------*\
  =========                 |
  \\      /  F ield         | OpenFOAM: The Open Source CFD Toolbox
   \\    /   O peration     | Website:  https://openfoam.org
    \\  /    A nd           | Version:  6
     \\/     M anipulation  |
\*---------------------------------------------------------------------------*/
FoamFile
{
    version     2.0;
    format      ascii;
    class       volVectorField;
    location    "0.07";
    object      U;
}
// * * * * * * * * * * * * * * * * * * * * * * * * * * * * * * * * * * * * * //

dimensions      [0 1 -1 0 0 0 0];

internalField   nonuniform List<vector> 
400
(
(0.000220498 -0.000217634 0)
(9.7383e-05 0.000120842 0)
(-0.00112779 0.000533932 0)
(-0.00324893 0.000821735 0)
(-0.00589784 0.000963498 0)
(-0.0087145 0.000974701 0)
(-0.0113823 0.0008785 0)
(-0.0136408 0.000698752 0)
(-0.015289 0.000457547 0)
(-0.0161846 0.000175715 0)
(-0.0162447 -0.000125484 0)
(-0.0154502 -0.000422676 0)
(-0.0138517 -0.000689284 0)
(-0.0115774 -0.000895431 0)
(-0.00883806 -0.00100916 0)
(-0.00592492 -0.000999599 0)
(-0.0031961 -0.000842829 0)
(-0.00104552 -0.000531011 0)
(0.000154985 -0.000100436 0)
(0.000237495 0.000232146 0)
(-8.95174e-05 -0.000123867 0)
(-0.00152323 0.0015533 0)
(-0.00527819 0.00334669 0)
(-0.010797 0.00461948 0)
(-0.0173395 0.0052447 0)
(-0.0241689 0.0052471 0)
(-0.0305909 0.00470858 0)
(-0.0360079 0.00373311 0)
(-0.0399477 0.0024305 0)
(-0.0420744 0.000913184 0)
(-0.0421962 -0.00070065 0)
(-0.0402762 -0.00228278 0)
(-0.036444 -0.00369277 0)
(-0.0310073 -0.0047804 0)
(-0.0244541 -0.00539476 0)
(-0.0174386 -0.00540263 0)
(-0.0107326 -0.0047187 0)
(-0.00513912 -0.00334838 0)
(-0.00141357 -0.00147892 0)
(-5.37515e-05 0.000185843 0)
(-0.000502139 0.00104792 0)
(-0.00344263 0.00531989 0)
(-0.00975359 0.00939765 0)
(-0.018359 0.0122575 0)
(-0.0281894 0.0136166 0)
(-0.0382589 0.0134929 0)
(-0.0476306 0.0120506 0)
(-0.0554884 0.00952464 0)
(-0.0611834 0.00618056 0)
(-0.0642528 0.00230081 0)
(-0.0644327 -0.00181377 0)
(-0.0616729 -0.0058387 0)
(-0.056152 -0.0094245 0)
(-0.0482906 -0.0122057 0)
(-0.038753 -0.013826 0)
(-0.0284256 -0.0139844 0)
(-0.0183488 -0.0125055 0)
(-0.00960557 -0.00943269 0)
(-0.00330274 -0.00517541 0)
(-0.00045205 -0.000907456 0)
(-0.000868639 0.0032536 0)
(-0.00526277 0.0112842 0)
(-0.014095 0.0182883 0)
(-0.0256712 0.0230369 0)
(-0.0385533 0.0251588 0)
(-0.0515315 0.0247024 0)
(-0.0634834 0.0219465 0)
(-0.0734413 0.0172927 0)
(-0.0806399 0.0112016 0)
(-0.0845332 0.00416917 0)
(-0.0848066 -0.00327479 0)
(-0.0813924 -0.0105603 0)
(-0.0744886 -0.0170764 0)
(-0.0645764 -0.0221878 0)
(-0.0524294 -0.025278 0)
(-0.0390982 -0.0258271 0)
(-0.02584 -0.023526 0)
(-0.0140062 -0.0184178 0)
(-0.00511386 -0.0110808 0)
(-0.00080564 -0.00301408 0)
(-0.00119683 0.00639184 0)
(-0.00699109 0.0193375 0)
(-0.0183238 0.0298739 0)
(-0.0328418 0.0367271 0)
(-0.0486991 0.0395518 0)
(-0.0644562 0.0385035 0)
(-0.078829 0.03403 0)
(-0.0907364 0.0267378 0)
(-0.0993364 0.0173127 0)
(-0.104029 0.00648773 0)
(-0.104462 -0.00495681 0)
(-0.100541 -0.0161826 0)
(-0.0924533 -0.0262892 0)
(-0.0806984 -0.0343339 0)
(-0.0661102 -0.0393905 0)
(-0.049864 -0.040658 0)
(-0.0334205 -0.0376188 0)
(-0.018427 -0.0302292 0)
(-0.00688048 -0.0191361 0)
(-0.00112699 -0.00604773 0)
(-0.00151429 0.0104195 0)
(-0.00870907 0.0294717 0)
(-0.022575 0.0441828 0)
(-0.0400663 0.053353 0)
(-0.0588953 0.0567884 0)
(-0.0773835 0.0548551 0)
(-0.0941008 0.0482441 0)
(-0.107883 0.0378161 0)
(-0.117845 0.0245094 0)
(-0.123359 0.00930703 0)
(-0.124041 -0.00675558 0)
(-0.119761 -0.022567 0)
(-0.110668 -0.0369237 0)
(-0.0972342 -0.0485452 0)
(-0.0803057 -0.0561402 0)
(-0.0611474 -0.0585425 0)
(-0.0414166 -0.0549173 0)
(-0.0230909 -0.0450104 0)
(-0.00872432 -0.02942 0)
(-0.00145234 -0.00999654 0)
(-0.00184654 0.0153499 0)
(-0.010502 0.0417405 0)
(-0.0269917 0.0612836 0)
(-0.0475206 0.0729616 0)
(-0.0693252 0.0768735 0)
(-0.0904868 0.0737227 0)
(-0.109454 0.0645378 0)
(-0.125017 0.0504911 0)
(-0.136289 0.0327988 0)
(-0.142642 0.0126948 0)
(-0.143679 -0.0085433 0)
(-0.139223 -0.0295462 0)
(-0.129351 -0.0488119 0)
(-0.114454 -0.0647006 0)
(-0.0953317 -0.0754972 0)
(-0.0732855 -0.079566 0)
(-0.0501451 -0.0756082 0)
(-0.0282432 -0.0629919 0)
(-0.0107805 -0.04212 0)
(-0.00181869 -0.0149299 0)
(-0.00221577 0.0212442 0)
(-0.0124453 0.0562558 0)
(-0.0316913 0.0812704 0)
(-0.0553136 0.0955817 0)
(-0.0800341 0.0997571 0)
(-0.10371 0.0949963 0)
(-0.124712 0.0827801 0)
(-0.14185 0.064658 0)
(-0.15429 0.0421439 0)
(-0.161453 0.0167088 0)
(-0.16295 -0.0101629 0)
(-0.158553 -0.0368852 0)
(-0.148232 -0.0616867 0)
(-0.132233 -0.0825662 0)
(-0.111221 -0.0973301 0)
(-0.0864454 -0.103752 0)
(-0.0598458 -0.0998794 0)
(-0.034108 -0.0844745 0)
(-0.0131815 -0.0575346 0)
(-0.00226246 -0.0209945 0)
(-0.00264383 0.0282049 0)
(-0.0146083 0.0731776 0)
(-0.0367596 0.104237 0)
(-0.0634653 0.121175 0)
(-0.0908925 0.125264 0)
(-0.116715 0.118407 0)
(-0.139313 0.102675 0)
(-0.157603 0.0800673 0)
(-0.170896 0.0524053 0)
(-0.178731 0.0213627 0)
(-0.180766 -0.0114325 0)
(-0.176728 -0.0442524 0)
(-0.166444 -0.0751216 0)
(-0.149936 -0.101708 0)
(-0.127616 -0.121304 0)
(-0.100539 -0.130963 0)
(-0.0706275 -0.127847 0)
(-0.0408667 -0.10979 0)
(-0.0160572 -0.0760608 0)
(-0.00282269 -0.028412 0)
(-0.00315971 0.0363761 0)
(-0.0170715 0.0926995 0)
(-0.0422638 0.130231 0)
(-0.0719012 0.149553 0)
(-0.101562 0.152989 0)
(-0.12883 0.14341 0)
(-0.152225 0.123651 0)
(-0.170917 0.0962269 0)
(-0.184483 0.0632647 0)
(-0.192675 0.0265781 0)
(-0.195258 -0.0121595 0)
(-0.191938 -0.051195 0)
(-0.182369 -0.0884635 0)
(-0.166264 -0.121384 0)
(-0.143626 -0.146743 0)
(-0.115112 -0.160759 0)
(-0.0824074 -0.159427 0)
(-0.0486446 -0.13922 0)
(-0.0195464 -0.0981692 0)
(-0.00354871 -0.0374818 0)
(-0.00381366 0.0459614 0)
(-0.0199596 0.115043 0)
(-0.0482786 0.15919 0)
(-0.0804427 0.18027 0)
(-0.111447 0.182153 0)
(-0.138957 0.169043 0)
(-0.16185 0.144724 0)
(-0.179742 0.112292 0)
(-0.192638 0.0741392 0)
(-0.200621 0.0321246 0)
(-0.203646 -0.0121704 0)
(-0.201437 -0.0571313 0)
(-0.193467 -0.100777 0)
(-0.179059 -0.140432 0)
(-0.157641 -0.172463 0)
(-0.129193 -0.192192 0)
(-0.0948191 -0.194154 0)
(-0.0574896 -0.172877 0)
(-0.023816 -0.124368 0)
(-0.00451382 -0.0485976 0)
(-0.00470264 0.0572713 0)
(-0.0234928 0.140462 0)
(-0.0549092 0.190857 0)
(-0.0887659 0.212456 0)
(-0.119586 0.211428 0)
(-0.145434 0.193755 0)
(-0.165864 0.164368 0)
(-0.181194 0.126956 0)
(-0.192036 0.0840981 0)
(-0.198931 0.0375558 0)
(-0.202116 -0.0113563 0)
(-0.201395 -0.0613683 0)
(-0.196085 -0.110817 0)
(-0.18508 -0.157177 0)
(-0.167072 -0.196599 0)
(-0.141053 -0.223567 0)
(-0.107051 -0.23091 0)
(-0.0673202 -0.210506 0)
(-0.0290891 -0.155149 0)
(-0.00583934 -0.0622879 0)
(-0.00601592 0.0708242 0)
(-0.0280577 0.169242 0)
(-0.0622778 0.224613 0)
(-0.0962585 0.24458 0)
(-0.124412 0.238689 0)
(-0.14576 0.215219 0)
(-0.160974 0.180378 0)
(-0.17136 0.138375 0)
(-0.178307 0.0918089 0)
(-0.18291 0.0421589 0)
(-0.185759 -0.00972957 0)
(-0.186813 -0.0631582 0)
(-0.185311 -0.117057 0)
(-0.179754 -0.169388 0)
(-0.16803 -0.216446 0)
(-0.147845 -0.252149 0)
(-0.117553 -0.267559 0)
(-0.0777931 -0.251166 0)
(-0.0356711 -0.190878 0)
(-0.00773572 -0.0792974 0)
(-0.00810989 0.0875262 0)
(-0.0342771 0.201648 0)
(-0.0703697 0.259161 0)
(-0.101624 0.274049 0)
(-0.123243 0.260701 0)
(-0.136097 0.230151 0)
(-0.142519 0.189817 0)
(-0.145049 0.144172 0)
(-0.145924 0.0955642 0)
(-0.146792 0.0449546 0)
(-0.148608 -0.00747609 0)
(-0.151549 -0.0618031 0)
(-0.154908 -0.117818 0)
(-0.156964 -0.174357 0)
(-0.154914 -0.228397 0)
(-0.145062 -0.273878 0)
(-0.123487 -0.300439 0)
(-0.0879729 -0.292694 0)
(-0.0439288 -0.231543 0)
(-0.0105613 -0.100718 0)
(-0.0115919 0.108938 0)
(-0.0429498 0.237645 0)
(-0.0784548 0.291876 0)
(-0.101906 0.296628 0)
(-0.111225 0.272802 0)
(-0.110382 0.234259 0)
(-0.103858 0.189145 0)
(-0.0954665 0.141655 0)
(-0.0881268 0.0934773 0)
(-0.0838584 0.0448075 0)
(-0.083861 -0.00497392 0)
(-0.0885464 -0.0568178 0)
(-0.097442 -0.111543 0)
(-0.108943 -0.169215 0)
(-0.119974 -0.228139 0)
(-0.12572 -0.283248 0)
(-0.119727 -0.3238 0)
(-0.0955234 -0.330836 0)
(-0.0540327 -0.27617 0)
(-0.0148478 -0.128125 0)
(-0.0172321 0.13768 0)
(-0.0543529 0.276057 0)
(-0.0833335 0.317551 0)
(-0.0903001 0.305625 0)
(-0.0793866 0.268723 0)
(-0.0589417 0.22254 0)
(-0.0355843 0.174747 0)
(-0.0139249 0.128372 0)
(0.00298608 0.0839461 0)
(0.0132207 0.0407151 0)
(0.015619 -0.00273223 0)
(0.00960926 -0.0481302 0)
(-0.00474771 -0.0972707 0)
(-0.0264494 -0.151591 0)
(-0.0529455 -0.211306 0)
(-0.0792659 -0.273608 0)
(-0.0970629 -0.329343 0)
(-0.0948061 -0.357962 0)
(-0.0648645 -0.321605 0)
(-0.0210281 -0.163773 0)
(-0.0249788 0.178329 0)
(-0.0654498 0.312333 0)
(-0.0747562 0.325783 0)
(-0.0516885 0.290679 0)
(-0.0114633 0.24071 0)
(0.0332974 0.19012 0)
(0.0751848 0.143983 0)
(0.110127 0.103078 0)
(0.135987 0.0664033 0)
(0.151644 0.0322878 0)
(0.156407 -0.00121748 0)
(0.149725 -0.0362626 0)
(0.131146 -0.0752157 0)
(0.100578 -0.120608 0)
(0.0589794 -0.174711 0)
(0.00971266 -0.238094 0)
(-0.0392812 -0.305991 0)
(-0.0728991 -0.361086 0)
(-0.0707852 -0.360055 0)
(-0.028002 -0.211089 0)
(-0.0290972 0.235404 0)
(-0.0610456 0.33175 0)
(-0.024961 0.297116 0)
(0.0452086 0.23778 0)
(0.120307 0.181586 0)
(0.188241 0.134771 0)
(0.244617 0.0973682 0)
(0.288137 0.0673573 0)
(0.318853 0.0424045 0)
(0.337143 0.0203887 0)
(0.343167 -0.000620154 0)
(0.336612 -0.0225569 0)
(0.316599 -0.0476218 0)
(0.281739 -0.0785769 0)
(0.230552 -0.118957 0)
(0.162654 -0.172687 0)
(0.0811132 -0.241815 0)
(-0.00205265 -0.319966 0)
(-0.053397 -0.372157 0)
(-0.0275162 -0.270432 0)
(0.00841912 0.278792 0)
(0.0187236 0.292529 0)
(0.134374 0.209625 0)
(0.258206 0.143048 0)
(0.357245 0.0972683 0)
(0.432703 0.0660602 0)
(0.488884 0.0445964 0)
(0.529125 0.0293141 0)
(0.556089 0.0177316 0)
(0.571622 0.00816169 0)
(0.576655 -0.000642761 0)
(0.571207 -0.00979849 0)
(0.554311 -0.0205908 0)
(0.523821 -0.0348611 0)
(0.476222 -0.0555877 0)
(0.406581 -0.0876472 0)
(0.30822 -0.138361 0)
(0.176593 -0.216131 0)
(0.0453003 -0.312895 0)
(0.0214947 -0.301092 0)
(0.299897 0.145082 0)
(0.395485 0.126903 0)
(0.554173 0.0761729 0)
(0.670922 0.0440775 0)
(0.740494 0.0259439 0)
(0.783903 0.0155356 0)
(0.812379 0.00942055 0)
(0.831009 0.00565901 0)
(0.842632 0.00314753 0)
(0.848872 0.00126264 0)
(0.850503 -0.000378261 0)
(0.847653 -0.00207281 0)
(0.839813 -0.00415883 0)
(0.82562 -0.00717717 0)
(0.802359 -0.0121662 0)
(0.764827 -0.0212239 0)
(0.701269 -0.038534 0)
(0.586884 -0.0718141 0)
(0.419748 -0.127169 0)
(0.311478 -0.149184 0)
)
;

boundaryField
{
    movingWall
    {
        type            fixedValue;
        value           uniform (1 0 0);
    }
    fixedWalls
    {
        type            noSlip;
    }
    frontAndBack
    {
        type            empty;
    }
}


// ************************************************************************* //
