/*--------------------------------*- C++ -*----------------------------------*\
  =========                 |
  \\      /  F ield         | OpenFOAM: The Open Source CFD Toolbox
   \\    /   O peration     | Website:  https://openfoam.org
    \\  /    A nd           | Version:  6
     \\/     M anipulation  |
\*---------------------------------------------------------------------------*/
FoamFile
{
    version     2.0;
    format      ascii;
    class       volScalarField;
    location    "0.005";
    object      p;
}
// * * * * * * * * * * * * * * * * * * * * * * * * * * * * * * * * * * * * * //

dimensions      [0 2 -2 0 0 0 0];

internalField   nonuniform List<scalar> 
400
(
-2.50446e-07
-0.016627
-0.0327141
-0.0396229
-0.0336294
-0.0137169
0.0192561
0.0632221
0.115415
0.172696
0.231722
0.289073
0.341371
0.385414
0.418377
0.438135
0.443804
0.436444
0.419954
0.403105
0.0168288
-0.000219724
-0.0123199
-0.0154045
-0.0079408
0.010895
0.040612
0.0796356
0.125721
0.176219
0.228242
0.278807
0.324988
0.364082
0.393795
0.412514
0.419718
0.416265
0.403805
0.386472
0.0347366
0.0114401
-0.00201249
-0.0045852
0.00310553
0.0214063
0.0497665
0.0866985
0.13014
0.177667
0.226622
0.27425
0.317843
0.354911
0.383334
0.401585
0.409081
0.406193
0.392412
0.368845
0.0464633
0.0150288
-0.00226347
-0.00604998
0.00137891
0.0198494
0.0485412
0.0858077
0.129534
0.177312
0.226528
0.274472
0.318462
0.355995
0.384875
0.403398
0.410707
0.406654
0.38904
0.357354
0.0484394
0.00855511
-0.0132502
-0.0185873
-0.0111279
0.00846302
0.03902
0.0786171
0.124953
0.175501
0.227568
0.278367
0.325121
0.365174
0.396106
0.415896
0.423319
0.417732
0.395566
0.355387
0.0384085
-0.0105476
-0.037241
-0.0439675
-0.0357143
-0.0136618
0.0205938
0.064735
0.116159
0.172112
0.229723
0.286039
0.338086
0.382947
0.417844
0.440305
0.448633
0.441651
0.414494
0.365113
0.0143578
-0.0450193
-0.0770125
-0.0846176
-0.0743485
-0.0480326
-0.00783596
0.0434002
0.102665
0.166895
0.232972
0.297717
0.357892
0.410224
0.451455
0.478501
0.48903
0.481182
0.448568
0.388514
-0.0263083
-0.0982754
-0.136016
-0.143546
-0.129455
-0.0964924
-0.0476024
0.0136888
0.0838662
0.159505
0.23722
0.313591
0.38509
0.44803
0.49855
0.532764
0.547458
0.539782
0.501233
0.428181
-0.0875288
-0.17508
-0.218888
-0.224693
-0.204133
-0.161339
-0.10033
-0.0255055
0.0590365
0.149512
0.242309
0.333821
0.420271
0.49755
0.561092
0.605982
0.627775
0.622103
0.577303
0.488058
-0.175412
-0.282264
-0.331923
-0.333144
-0.302176
-0.245234
-0.167795
-0.0753298
0.0274427
0.136459
0.248017
0.358481
0.463964
0.560012
0.64131
0.701671
0.734955
0.734474
0.683709
0.574305
-0.299424
-0.42969
-0.483614
-0.475287
-0.427972
-0.350962
-0.251645
-0.136727
-0.0114801
0.119952
0.254051
0.387449
0.516437
0.636441
0.74147
0.823872
0.875258
0.885477
0.830536
0.6966
-0.47437
-0.631667
-0.685303
-0.658853
-0.586194
-0.480983
-0.352956
-0.210059
-0.0578711
0.0997816
0.260024
0.420244
0.577402
0.727258
0.863449
0.976843
1.05628
1.08666
1.03258
0.870319
-0.723909
-0.909094
-0.951852
-0.892659
-0.781096
-0.636616
-0.471472
-0.294516
-0.111032
0.0761476
0.265489
0.455854
0.64563
0.831688
1.00801
1.1644
1.28672
1.35323
1.3116
1.12034
-1.08732
-1.29268
-1.30195
-1.18548
-1.01495
-0.816512
-0.604356
-0.387166
-0.168771
0.0500561
0.270093
0.492629
0.718515
0.946952
1.17364
1.38859
1.57537
1.70449
1.69977
1.48822
-1.63268
-1.82739
-1.75682
-1.54285
-1.2847
-1.01393
-0.744211
-0.48163
-0.226559
0.0238165
0.273783
0.528158
0.791522
1.06708
1.35451
1.64688
1.92822
2.16264
2.24417
2.04591
-2.47882
-2.57573
-2.33556
-1.9613
-1.57719
-1.2134
-0.877063
-0.567013
-0.277027
0.00122944
0.276802
0.559071
0.857596
1.18157
1.53803
1.92824
2.34343
2.74838
3.01002
2.91803
-3.83329
-3.61628
-3.04612
-2.42268
-1.86609
-1.38947
-0.98244
-0.628629
-0.310828
-0.0130977
0.27932
0.580955
0.907227
1.2753
1.70394
2.21093
2.80647
3.47256
4.0793
4.31942
-6.14929
-5.0445
-3.8455
-2.86388
-2.09457
-1.49824
-1.03002
-0.647348
-0.3172
-0.0148012
0.280086
0.586497
0.925369
1.32285
1.81399
2.44402
3.25976
4.29746
5.55466
6.71452
-10.6019
-6.91675
-4.45635
-3.03233
-2.08875
-1.43077
-0.955463
-0.587393
-0.278511
0.00126099
0.273608
0.558019
0.876839
1.26148
1.76208
2.45764
3.45616
4.95374
7.50374
11.2895
-18.0522
-8.7177
-4.30276
-2.55544
-1.64704
-1.08916
-0.714383
-0.430159
-0.188432
0.0351173
0.255301
0.484677
0.738672
1.04273
1.44646
2.04611
3.01859
4.86052
9.38963
18.8377
)
;

boundaryField
{
    movingWall
    {
        type            zeroGradient;
    }
    fixedWalls
    {
        type            zeroGradient;
    }
    frontAndBack
    {
        type            empty;
    }
}


// ************************************************************************* //
