/*--------------------------------*- C++ -*----------------------------------*\
  =========                 |
  \\      /  F ield         | OpenFOAM: The Open Source CFD Toolbox
   \\    /   O peration     | Website:  https://openfoam.org
    \\  /    A nd           | Version:  6
     \\/     M anipulation  |
\*---------------------------------------------------------------------------*/
FoamFile
{
    version     2.0;
    format      ascii;
    class       volScalarField;
    location    "0.185";
    object      p;
}
// * * * * * * * * * * * * * * * * * * * * * * * * * * * * * * * * * * * * * //

dimensions      [0 2 -2 0 0 0 0];

internalField   nonuniform List<scalar> 
400
(
-1.28336e-08
-0.000283599
-0.000525504
-0.000594946
-0.000453019
-9.27325e-05
0.000478101
0.00124407
0.00218354
0.00326572
0.00444637
0.00566459
0.00684263
0.00789051
0.00871696
0.00924715
0.00944521
0.00933502
0.00901448
0.00868349
0.000283005
-9.91677e-06
-0.000185046
-0.000192778
-2.80447e-05
0.000316751
0.000840708
0.00153483
0.00238273
0.00335807
0.00442142
0.00551817
0.00657904
0.00752496
0.00827729
0.00877377
0.00898819
0.00894292
0.00869568
0.00835925
0.000536923
0.000144872
-4.35847e-05
-3.77955e-05
0.000129178
0.000458615
0.000951273
0.00160219
0.00240017
0.00332422
0.00433984
0.00539645
0.00642737
0.00735414
0.00809651
0.00858886
0.00880138
0.00874997
0.0084622
0.00800842
0.000615718
0.000105679
-0.000129869
-0.000137361
1.88767e-05
0.000333335
0.000807012
0.0014383
0.00222133
0.00314096
0.00416748
0.0052526
0.00632787
0.0073077
0.00809942
0.00862194
0.00883215
0.00873772
0.00835136
0.00774044
0.000443893
-0.00017516
-0.000462862
-0.000491698
-0.000350601
-4.99322e-05
0.000412486
0.00103925
0.00183082
0.00277892
0.0038595
0.00502641
0.00620726
0.00730432
0.0082041
0.00879946
0.00902446
0.00887535
0.00835999
0.00756844
-3.14305e-05
-0.000752692
-0.0010934
-0.00114677
-0.00102254
-0.00073441
-0.000277855
0.000355233
0.00117324
0.00217688
0.00334999
0.00465039
0.00600181
0.0072908
0.00837433
0.00910555
0.0093808
0.00917525
0.00849357
0.00746954
-0.000853461
-0.00167775
-0.00207361
-0.00215407
-0.00204927
-0.00177582
-0.001326
-0.000684743
0.000166591
0.00124105
0.00253497
0.00401526
0.00560578
0.00717709
0.00854818
0.00951384
0.00990752
0.00966029
0.00876006
0.00740312
-0.00206459
-0.00300028
-0.00345593
-0.0035674
-0.00348825
-0.003239
-0.00280854
-0.0021736
-0.0013026
-0.000165433
0.00125414
0.00294231
0.0048344
0.00679269
0.00859415
0.00995195
0.0105953
0.0103627
0.00918166
0.00732398
-0.00371299
-0.00477536
-0.00529791
-0.00544625
-0.00540421
-0.00519906
-0.00481733
-0.00422723
-0.0033822
-0.00223007
-0.000724921
0.00115519
0.00338015
0.00582831
0.00824599
0.0102438
0.0113844
0.0113205
0.00981452
0.0072024
-0.00585692
-0.00706746
-0.00766437
-0.00785503
-0.00786534
-0.00773474
-0.0074503
-0.00697356
-0.00624354
-0.00518336
-0.00370803
-0.0017385
0.000767918
0.00375866
0.0069979
0.00999844
0.0120794
0.0125446
0.0107694
0.00706404
-0.0085697
-0.00995544
-0.0106286
-0.010859
-0.0109337
-0.0109131
-0.0107899
-0.0105243
-0.0100466
-0.00925916
-0.00803507
-0.00621848
-0.00364371
-0.000204025
0.00399776
0.00845632
0.012198
0.0139309
0.0122225
0.00707464
-0.0119498
-0.0135412
-0.0142738
-0.0145166
-0.014649
-0.0147636
-0.0148657
-0.0149233
-0.01487
-0.0146024
-0.0139626
-0.0127124
-0.010516
-0.00698966
-0.00190588
0.00443108
0.0108336
0.0151362
0.0144133
0.00772673
-0.0161441
-0.017967
-0.0186952
-0.0188671
-0.0190034
-0.0192407
-0.0196019
-0.0200722
-0.0206061
-0.021119
-0.0214505
-0.0212979
-0.0201353
-0.0171961
-0.0116801
-0.00331527
0.00683132
0.0156016
0.0177162
0.0102388
-0.021402
-0.023449
-0.024002
-0.0239093
-0.0239068
-0.0241779
-0.0247581
-0.0256535
-0.0268542
-0.0283196
-0.0299214
-0.0313288
-0.0318445
-0.0302783
-0.0250772
-0.0149792
-0.000328916
0.0150636
0.0229884
0.0171953
-0.0282005
-0.0303385
-0.030308
-0.0295597
-0.0291365
-0.0292385
-0.0298855
-0.0310934
-0.0328874
-0.0352797
-0.0381895
-0.0412827
-0.0437273
-0.0439509
-0.0396405
-0.0283383
-0.00905848
0.0146742
0.0322295
0.0329937
-0.0375269
-0.0392181
-0.0376742
-0.0355609
-0.0342608
-0.0338685
-0.0343213
-0.0356105
-0.0377708
-0.0408406
-0.0447577
-0.0491599
-0.0530826
-0.0546359
-0.050896
-0.0383685
-0.0145677
0.0183708
0.0493944
0.0636228
-0.0515939
-0.051038
-0.0459902
-0.041378
-0.0385809
-0.0372937
-0.0372571
-0.0383736
-0.040628
-0.0440172
-0.0484165
-0.0533474
-0.0576431
-0.0590911
-0.0542774
-0.0389761
-0.00955105
0.0337593
0.0821015
0.118066
-0.0763488
-0.0671712
-0.054708
-0.0460204
-0.0409906
-0.0384481
-0.0377628
-0.0386221
-0.0408536
-0.0443148
-0.0487186
-0.0533657
-0.0567888
-0.0563762
-0.0481688
-0.0271684
0.0114084
0.0696376
0.143642
0.216062
-0.130445
-0.0874808
-0.0588962
-0.0448401
-0.0378298
-0.0345332
-0.0337923
-0.0349532
-0.0375713
-0.0413078
-0.0456933
-0.0498079
-0.0519098
-0.0490347
-0.0366699
-0.00866591
0.0422949
0.123595
0.242429
0.389083
-0.255491
-0.103064
-0.04328
-0.0283448
-0.0236529
-0.0222252
-0.0233038
-0.0261791
-0.0302111
-0.034975
-0.0399634
-0.0442118
-0.0459303
-0.0421099
-0.0281013
0.00301417
0.0617219
0.165719
0.342542
0.61316
)
;

boundaryField
{
    movingWall
    {
        type            zeroGradient;
    }
    fixedWalls
    {
        type            zeroGradient;
    }
    frontAndBack
    {
        type            empty;
    }
}


// ************************************************************************* //
