/*--------------------------------*- C++ -*----------------------------------*\
  =========                 |
  \\      /  F ield         | OpenFOAM: The Open Source CFD Toolbox
   \\    /   O peration     | Website:  https://openfoam.org
    \\  /    A nd           | Version:  6
     \\/     M anipulation  |
\*---------------------------------------------------------------------------*/
FoamFile
{
    version     2.0;
    format      ascii;
    class       surfaceScalarField;
    location    "0.28";
    object      phi;
}
// * * * * * * * * * * * * * * * * * * * * * * * * * * * * * * * * * * * * * //

dimensions      [0 3 -1 0 0 0 0];

internalField   nonuniform List<scalar> 
760
(
2.2832e-09
-2.28351e-09
-3.51252e-08
3.74084e-08
-1.06178e-07
7.10526e-08
-1.96613e-07
9.04356e-08
-2.94881e-07
9.82678e-08
-3.9243e-07
9.75485e-08
-4.82595e-07
9.01653e-08
-5.59461e-07
7.68656e-08
-6.17083e-07
5.76222e-08
-6.49353e-07
3.22707e-08
-6.50588e-07
1.23462e-09
-6.16784e-07
-3.38037e-08
-5.47334e-07
-6.94503e-08
-4.46744e-07
-1.0059e-07
-3.25685e-07
-1.21059e-07
-2.00584e-07
-1.25101e-07
-9.12228e-08
-1.09361e-07
-1.65207e-08
-7.4702e-08
1.13132e-08
-2.78339e-08
1.13133e-08
-3.83267e-08
3.60432e-08
-1.5699e-07
1.56071e-07
-3.38928e-07
2.52991e-07
-5.59596e-07
3.11103e-07
-7.96072e-07
3.34744e-07
-1.02915e-06
3.30628e-07
-1.24264e-06
3.03656e-07
-1.42198e-06
2.56206e-07
-1.55325e-06
1.88889e-07
-1.62317e-06
1.02189e-07
-1.62036e-06
-1.56947e-09
-1.53777e-06
-1.16399e-07
-1.37574e-06
-2.31477e-07
-1.14509e-06
-3.31237e-07
-8.6876e-07
-3.97392e-07
-5.80699e-07
-4.13162e-07
-3.20937e-07
-3.69123e-07
-1.26789e-07
-2.68851e-07
-2.13495e-08
-1.33273e-07
-1.00363e-08
-7.91602e-08
1.15203e-07
-2.75666e-07
3.52577e-07
-5.53854e-07
5.3118e-07
-8.79828e-07
6.37077e-07
-1.22354e-06
6.78458e-07
-1.55947e-06
6.66551e-07
-1.86556e-06
6.09754e-07
-2.12178e-06
5.12426e-07
-2.30903e-06
3.76135e-07
-2.40928e-06
2.02441e-07
-2.40716e-06
-3.69184e-09
-2.2929e-06
-2.30657e-07
-2.06635e-06
-4.58029e-07
-1.74102e-06
-6.56571e-07
-1.34672e-06
-7.91686e-07
-9.2879e-07
-8.31094e-07
-5.41988e-07
-7.55925e-07
-2.38978e-07
-5.7186e-07
-5.57251e-08
-3.16526e-07
-6.57613e-08
-1.13045e-07
2.28248e-07
-3.78925e-07
6.18456e-07
-7.42553e-07
8.94808e-07
-1.15972e-06
1.05425e-06
-1.59447e-06
1.1132e-06
-2.01727e-06
1.08935e-06
-2.40283e-06
9.95324e-07
-2.72796e-06
8.37555e-07
-2.97011e-06
6.18284e-07
-3.1073e-06
3.39627e-07
-3.11964e-06
8.64435e-09
-2.99266e-06
-3.57637e-07
-2.72225e-06
-7.28439e-07
-2.3204e-06
-1.05841e-06
-1.82008e-06
-1.29201e-06
-1.27626e-06
-1.37491e-06
-7.60046e-07
-1.27214e-06
-3.44213e-07
-9.87693e-07
-8.36905e-08
-5.77048e-07
-1.49452e-07
-1.41606e-07
3.69854e-07
-4.68888e-07
9.45738e-07
-9.0943e-07
1.33535e-06
-1.40905e-06
1.55387e-06
-1.92672e-06
1.63087e-06
-2.43052e-06
1.59315e-06
-2.89381e-06
1.45861e-06
-3.29195e-06
1.23569e-06
-3.60001e-06
9.26349e-07
-3.79198e-06
5.31597e-07
-3.84182e-06
5.84851e-08
-3.72695e-06
-4.72511e-07
-3.43433e-06
-1.02106e-06
-2.96891e-06
-1.52384e-06
-2.36248e-06
-1.89843e-06
-1.67907e-06
-2.05832e-06
-1.01085e-06
-1.94037e-06
-4.60285e-07
-1.53826e-06
-1.10991e-07
-9.26342e-07
-2.60442e-07
-1.66773e-07
5.36628e-07
-5.49681e-07
1.32865e-06
-1.06119e-06
1.84686e-06
-1.63818e-06
2.13085e-06
-2.23564e-06
2.22834e-06
-2.82075e-06
2.17826e-06
-3.36725e-06
2.00512e-06
-3.85068e-06
1.71912e-06
-4.24467e-06
1.32034e-06
-4.5189e-06
8.0583e-07
-4.63915e-06
1.78736e-07
-4.57048e-06
-5.41186e-07
-4.28455e-06
-1.30699e-06
-3.77162e-06
-2.03677e-06
-3.0556e-06
-2.61445e-06
-2.20711e-06
-2.90682e-06
-1.34482e-06
-2.80265e-06
-6.14891e-07
-2.26819e-06
-1.46373e-07
-1.39486e-06
-4.06815e-07
-1.89997e-07
7.26624e-07
-6.24864e-07
1.76351e-06
-1.20344e-06
2.42544e-06
-1.85474e-06
2.78214e-06
-2.53105e-06
2.90465e-06
-3.20028e-06
2.84749e-06
-3.83847e-06
2.64331e-06
-4.42317e-06
2.30381e-06
-4.92792e-06
1.82509e-06
-5.31832e-06
1.19623e-06
-5.55036e-06
4.10769e-07
-5.57256e-06
-5.18979e-07
-5.33417e-06
-1.54538e-06
-4.80095e-06
-2.56999e-06
-3.97831e-06
-3.43709e-06
-2.93613e-06
-3.94899e-06
-1.822e-06
-3.91678e-06
-8.42857e-07
-3.24733e-06
-2.006e-07
-2.03712e-06
-6.07415e-07
-2.12215e-07
9.38839e-07
-6.96791e-07
2.24809e-06
-1.33942e-06
3.06807e-06
-2.06194e-06
3.50466e-06
-2.81518e-06
3.65789e-06
-3.56954e-06
3.60186e-06
-4.3055e-06
3.37926e-06
-5.00485e-06
3.00317e-06
-5.64312e-06
2.46337e-06
-6.18316e-06
1.73628e-06
-6.57105e-06
7.98655e-07
-6.73627e-06
-3.53761e-07
-6.59953e-06
-1.68212e-06
-6.09159e-06
-3.07793e-06
-5.18474e-06
-4.34394e-06
-3.93286e-06
-5.20087e-06
-2.50559e-06
-5.34405e-06
-1.18546e-06
-4.56746e-06
-2.87104e-07
-2.93548e-06
-8.94518e-07
-2.34014e-07
1.17285e-06
-7.66775e-07
2.78085e-06
-1.46997e-06
3.77127e-06
-2.25823e-06
4.29292e-06
-3.08184e-06
4.4815e-06
-3.91536e-06
4.43538e-06
-4.74581e-06
4.2097e-06
-5.56178e-06
3.81914e-06
-6.34358e-06
3.24517e-06
-7.05427e-06
2.44696e-06
-7.63256e-06
1.37694e-06
-7.99012e-06
3.80439e-09
-8.01729e-06
-1.65494e-06
-7.60222e-06
-3.493e-06
-6.66783e-06
-5.27834e-06
-5.22729e-06
-6.64141e-06
-3.44818e-06
-7.12316e-06
-1.68848e-06
-6.32715e-06
-4.23321e-07
-4.20064e-06
-1.31784e-06
-2.56124e-07
1.42898e-06
-8.36117e-07
3.36084e-06
-1.59483e-06
4.52999e-06
-2.43849e-06
5.13658e-06
-3.31726e-06
5.36027e-06
-4.2111e-06
5.32922e-06
-5.11532e-06
5.11392e-06
-6.02761e-06
4.73143e-06
-6.93634e-06
4.15389e-06
-7.80941e-06
3.32003e-06
-8.58446e-06
2.152e-06
-9.16261e-06
5.81953e-07
-9.41e-06
-1.40756e-06
-9.17274e-06
-3.73025e-06
-8.3124e-06
-6.13868e-06
-6.77028e-06
-8.18352e-06
-4.66487e-06
-9.22858e-06
-2.3952e-06
-8.59683e-06
-6.32649e-07
-5.96318e-06
-1.95049e-06
-2.80351e-07
1.70933e-06
-9.08139e-07
3.98863e-06
-1.71528e-06
5.33713e-06
-2.597e-06
6.0183e-06
-3.50326e-06
6.26653e-06
-4.42019e-06
6.24615e-06
-5.35231e-06
6.04604e-06
-6.30795e-06
5.68707e-06
-7.28669e-06
5.13263e-06
-8.26735e-06
4.3007e-06
-9.19657e-06
3.08121e-06
-9.97924e-06
1.36462e-06
-1.04741e-05
-9.12652e-07
-1.04992e-05
-3.70517e-06
-9.85515e-06
-6.78276e-06
-8.3841e-06
-9.65457e-06
-6.08991e-06
-1.15228e-05
-3.32719e-06
-1.13595e-05
-9.45527e-07
-8.34485e-06
-2.89602e-06
-3.11212e-07
2.02054e-06
-9.91458e-07
4.66887e-06
-1.83822e-06
6.18389e-06
-2.73196e-06
6.91204e-06
-3.62272e-06
7.15729e-06
-4.50348e-06
7.12691e-06
-5.38817e-06
6.93073e-06
-6.29626e-06
6.59516e-06
-7.24094e-06
6.07731e-06
-8.21839e-06
5.27815e-06
-9.19661e-06
4.05943e-06
-1.0104e-05
2.272e-06
-1.08182e-05
-1.98426e-07
-1.11577e-05
-3.36564e-06
-1.0883e-05
-7.05751e-06
-9.72985e-06
-1.08077e-05
-7.52462e-06
-1.3728e-05
-4.44473e-06
-1.44394e-05
-1.39447e-06
-1.13951e-05
-4.29048e-06
-3.58751e-07
2.37929e-06
-1.10484e-06
5.41496e-06
-1.98129e-06
7.06034e-06
-2.85053e-06
7.78129e-06
-3.66557e-06
7.97233e-06
-4.4285e-06
7.88983e-06
-5.16304e-06
7.66527e-06
-5.89955e-06
7.33167e-06
-6.6661e-06
6.84386e-06
-7.48122e-06
6.09327e-06
-8.34555e-06
4.92376e-06
-9.23052e-06
3.15697e-06
-1.00621e-05
6.33201e-07
-1.06982e-05
-2.7296e-06
-1.09017e-05
-6.85405e-06
-1.03309e-05
-1.13785e-05
-8.60791e-06
-1.5451e-05
-5.59161e-06
-1.74557e-05
-1.9928e-06
-1.49939e-05
-6.28328e-06
-4.43606e-07
2.8229e-06
-1.28385e-06
6.25521e-06
-2.17717e-06
7.95365e-06
-2.97025e-06
8.57437e-06
-3.62939e-06
8.63146e-06
-4.17234e-06
8.43279e-06
-4.63491e-06
8.12785e-06
-5.05849e-06
7.75524e-06
-5.48599e-06
7.27136e-06
-5.95997e-06
6.56725e-06
-6.51907e-06
5.48285e-06
-7.18955e-06
3.82744e-06
-7.9678e-06
1.41145e-06
-8.78848e-06
-1.90891e-06
-9.47448e-06
-6.16805e-06
-9.67615e-06
-1.11768e-05
-8.8517e-06
-1.62754e-05
-6.45623e-06
-1.98512e-05
-2.69017e-06
-1.876e-05
-8.97345e-06
-6.06143e-07
3.42904e-06
-1.58849e-06
7.23755e-06
-2.47092e-06
8.83609e-06
-3.10582e-06
9.20927e-06
-3.49876e-06
9.0244e-06
-3.69735e-06
8.63139e-06
-3.75545e-06
8.18594e-06
-3.72691e-06
7.7267e-06
-3.66822e-06
7.21268e-06
-3.64293e-06
6.54197e-06
-3.72401e-06
5.56393e-06
-3.99053e-06
4.09396e-06
-4.51398e-06
1.9349e-06
-5.32739e-06
-1.0955e-06
-6.36646e-06
-5.12899e-06
-7.36965e-06
-1.01736e-05
-7.74899e-06
-1.58961e-05
-6.58915e-06
-2.10111e-05
-3.3189e-06
-2.20302e-05
-1.22923e-05
-9.20893e-07
4.34993e-06
-2.10264e-06
8.4193e-06
-2.88665e-06
9.6201e-06
-3.20694e-06
9.52956e-06
-3.16208e-06
8.97954e-06
-2.85306e-06
8.32237e-06
-2.3609e-06
7.69379e-06
-1.75369e-06
7.11949e-06
-1.09803e-06
6.55701e-06
-4.70265e-07
5.9142e-06
3.48491e-08
5.05882e-06
3.01077e-07
3.82773e-06
1.96814e-07
2.03917e-06
-4.04135e-07
-4.94549e-07
-1.57468e-06
-3.95845e-06
-3.22781e-06
-8.52048e-06
-4.89918e-06
-1.42247e-05
-5.48264e-06
-2.04276e-05
-3.56433e-06
-2.39485e-05
-1.58567e-05
-1.5087e-06
5.85863e-06
-2.86859e-06
9.77919e-06
-3.2667e-06
1.00182e-05
-2.93311e-06
9.19597e-06
-2.15067e-06
8.1971e-06
-1.09877e-06
7.27047e-06
1.12252e-07
6.48276e-06
1.40627e-06
5.82547e-06
2.71751e-06
5.24577e-06
3.97186e-06
4.65986e-06
5.07195e-06
3.95873e-06
5.88772e-06
3.01196e-06
6.25426e-06
1.67262e-06
5.97946e-06
-2.19745e-07
4.86905e-06
-2.84804e-06
2.80145e-06
-6.45287e-06
-4.2638e-08
-1.13806e-05
-2.66204e-06
-1.78082e-05
-2.98024e-06
-2.36303e-05
-1.88369e-05
-2.48478e-06
8.34341e-06
-3.45289e-06
1.07473e-05
-2.60336e-06
9.16867e-06
-9.23561e-07
7.51617e-06
1.05487e-06
6.21866e-06
3.11812e-06
5.20722e-06
5.1737e-06
4.42719e-06
7.17332e-06
3.82585e-06
9.08071e-06
3.33838e-06
1.08487e-05
2.89189e-06
1.2401e-05
2.40639e-06
1.36192e-05
1.79374e-06
1.43342e-05
9.57662e-07
1.43226e-05
-2.08131e-07
1.33096e-05
-1.8351e-06
1.09933e-05
-4.13657e-06
7.18318e-06
-7.57047e-06
2.40315e-06
-1.30282e-05
-1.0362e-06
-2.0191e-05
-1.98731e-05
-2.94428e-06
1.12877e-05
-6.49474e-07
8.4525e-06
3.23698e-06
5.28222e-06
6.95011e-06
3.80304e-06
1.0262e-05
2.90679e-06
1.32077e-05
2.26148e-06
1.58336e-05
1.80131e-06
1.81839e-05
1.47553e-06
2.02904e-05
1.23193e-06
2.21569e-05
1.0254e-06
2.37475e-05
8.15752e-07
2.49772e-05
5.64073e-07
2.57032e-05
2.31579e-07
2.57166e-05
-2.21437e-07
2.47252e-05
-8.43783e-07
2.23234e-05
-1.73473e-06
1.79614e-05
-3.20847e-06
1.12151e-05
-6.2819e-06
3.34591e-06
-1.23218e-05
-1.65272e-05
1.12877e-05
1.97402e-05
2.50224e-05
2.88255e-05
3.17322e-05
3.39937e-05
3.5795e-05
3.72706e-05
3.85025e-05
3.95279e-05
4.03436e-05
4.09077e-05
4.11393e-05
4.09179e-05
4.00741e-05
3.83393e-05
3.51309e-05
2.8849e-05
1.65272e-05
)
;

boundaryField
{
    movingWall
    {
        type            calculated;
        value           uniform 0;
    }
    fixedWalls
    {
        type            calculated;
        value           uniform 0;
    }
    frontAndBack
    {
        type            empty;
        value           nonuniform 0();
    }
}


// ************************************************************************* //
