/*--------------------------------*- C++ -*----------------------------------*\
  =========                 |
  \\      /  F ield         | OpenFOAM: The Open Source CFD Toolbox
   \\    /   O peration     | Website:  https://openfoam.org
    \\  /    A nd           | Version:  6
     \\/     M anipulation  |
\*---------------------------------------------------------------------------*/
FoamFile
{
    version     2.0;
    format      ascii;
    class       volVectorField;
    location    "0.28";
    object      U;
}
// * * * * * * * * * * * * * * * * * * * * * * * * * * * * * * * * * * * * * //

dimensions      [0 1 -1 0 0 0 0];

internalField   nonuniform List<vector> 
400
(
(9.44091e-05 -9.66891e-05 0)
(-0.000189396 0.000203556 0)
(-0.00130566 0.000480481 0)
(-0.00297206 0.000638945 0)
(-0.00490144 0.000703668 0)
(-0.00689284 0.00070396 0)
(-0.00879805 0.000657149 0)
(-0.0104942 0.000569069 0)
(-0.0118642 0.00043784 0)
(-0.0127865 0.00025963 0)
(-0.0131396 3.50513e-05 0)
(-0.0128211 -0.00022489 0)
(-0.0117788 -0.000494558 0)
(-0.010047 -0.000733152 0)
(-0.00777662 -0.000889993 0)
(-0.00524418 -0.000916559 0)
(-0.00282412 -0.000783134 0)
(-0.000922991 -0.00049414 0)
(0.000116589 -0.000107173 0)
(0.000192725 0.000180554 0)
(-0.00021168 0.000182678 0)
(-0.00161863 0.00157412 0)
(-0.00470447 0.00276011 0)
(-0.00885925 0.00347067 0)
(-0.0135331 0.00376527 0)
(-0.0183118 0.00373684 0)
(-0.02285 0.00344963 0)
(-0.026845 0.0029319 0)
(-0.0300137 0.00218682 0)
(-0.0320816 0.00121408 0)
(-0.0327938 3.51406e-05 0)
(-0.0319538 -0.00128329 0)
(-0.0294812 -0.00261403 0)
(-0.0254776 -0.00377009 0)
(-0.0202789 -0.00452957 0)
(-0.0144668 -0.00468782 0)
(-0.00880736 -0.00412896 0)
(-0.00411181 -0.00289378 0)
(-0.00107252 -0.0012434 0)
(-2.08126e-05 0.000153484 0)
(-0.000542522 0.00136289 0)
(-0.00307073 0.00473848 0)
(-0.0079473 0.00738995 0)
(-0.0141779 0.00898535 0)
(-0.021016 0.00962959 0)
(-0.0279275 0.00949312 0)
(-0.0344497 0.00870468 0)
(-0.0401669 0.0073299 0)
(-0.0446896 0.00539012 0)
(-0.047643 0.00290552 0)
(-0.0486825 -5.24872e-05 0)
(-0.0475408 -0.00331241 0)
(-0.0441006 -0.00657109 0)
(-0.0384802 -0.00939656 0)
(-0.0311084 -0.011283 0)
(-0.0227507 -0.0117664 0)
(-0.0144403 -0.0105866 0)
(-0.00729693 -0.00784433 0)
(-0.00234539 -0.00411596 0)
(-0.000268225 -0.000618148 0)
(-0.000810094 0.00330763 0)
(-0.00431698 0.00941563 0)
(-0.0107956 0.0138826 0)
(-0.0188468 0.0165065 0)
(-0.0275351 0.0175099 0)
(-0.0362447 0.0171697 0)
(-0.0444475 0.0156913 0)
(-0.0516657 0.0131825 0)
(-0.057445 0.00968404 0)
(-0.0613373 0.00523767 0)
(-0.0629125 -3.08877e-05 0)
(-0.0618084 -0.00583152 0)
(-0.0578151 -0.011654 0)
(-0.0509872 -0.0167645 0)
(-0.0417596 -0.0202878 0)
(-0.0310203 -0.0213965 0)
(-0.0200644 -0.0195935 0)
(-0.0103877 -0.0150004 0)
(-0.00346901 -0.00853878 0)
(-0.000439968 -0.0020151 0)
(-0.00102794 0.00587049 0)
(-0.00538456 0.0153805 0)
(-0.0132989 0.0219628 0)
(-0.0229933 0.0257126 0)
(-0.0333561 0.0270664 0)
(-0.0437146 0.0264545 0)
(-0.0535121 0.0241767 0)
(-0.0622472 0.0203826 0)
(-0.0694313 0.0151203 0)
(-0.0745548 0.00843196 0)
(-0.0770866 0.00047205 0)
(-0.0765189 -0.00837156 0)
(-0.0724631 -0.0173818 0)
(-0.0647985 -0.0254814 0)
(-0.0538584 -0.0313236 0)
(-0.040593 -0.0335586 0)
(-0.0265952 -0.0312767 0)
(-0.0138911 -0.0245066 0)
(-0.00463837 -0.0145371 0)
(-0.000574349 -0.00393543 0)
(-0.00121543 0.00896415 0)
(-0.00633187 0.0225022 0)
(-0.0155598 0.0315045 0)
(-0.0267811 0.0364956 0)
(-0.0387294 0.0382247 0)
(-0.0506999 0.0373336 0)
(-0.0621414 0.0342397 0)
(-0.0725645 0.0291313 0)
(-0.0814745 0.0220384 0)
(-0.0883096 0.0129582 0)
(-0.092417 0.00201534 0)
(-0.0930813 -0.0103642 0)
(-0.0896266 -0.023291 0)
(-0.0816104 -0.0353161 0)
(-0.0691083 -0.0444913 0)
(-0.0530243 -0.0486994 0)
(-0.035264 -0.0463104 0)
(-0.0185833 -0.0370251 0)
(-0.00618259 -0.0225105 0)
(-0.000737315 -0.00644111 0)
(-0.00138644 0.0125373 0)
(-0.00720785 0.0306921 0)
(-0.017669 0.04242 0)
(-0.0303415 0.0487906 0)
(-0.0438278 0.0509662 0)
(-0.0574201 0.0498642 0)
(-0.0706088 0.0460483 0)
(-0.0829567 0.03974 0)
(-0.0939971 0.030913 0)
(-0.103135 0.0194512 0)
(-0.109586 0.00535293 0)
(-0.11237 -0.0110248 0)
(-0.110411 -0.0287052 0)
(-0.10277 -0.0458755 0)
(-0.0890519 -0.0598492 0)
(-0.069912 -0.0674117 0)
(-0.0474852 -0.0657229 0)
(-0.0254335 -0.0536976 0)
(-0.00852448 -0.0332889 0)
(-0.00100989 -0.00979142 0)
(-0.00154979 0.0165619 0)
(-0.00804564 0.0398942 0)
(-0.0196852 0.0546452 0)
(-0.0337429 0.062545 0)
(-0.0487099 0.0652755 0)
(-0.063905 0.0641033 0)
(-0.078901 0.059772 0)
(-0.0933579 0.0525312 0)
(-0.106883 0.042253 0)
(-0.118885 0.0286184 0)
(-0.128463 0.0113688 0)
(-0.13435 -0.00936754 0)
(-0.134985 -0.0326786 0)
(-0.12877 -0.0564652 0)
(-0.114581 -0.0772086 0)
(-0.0925091 -0.0902252 0)
(-0.0646408 -0.0907759 0)
(-0.0355513 -0.0761649 0)
(-0.0121993 -0.0482255 0)
(-0.00150029 -0.014486 0)
(-0.00171149 0.0210241 0)
(-0.00886679 0.050073 0)
(-0.0216371 0.0681207 0)
(-0.036988 0.0776834 0)
(-0.0533084 0.0810841 0)
(-0.0699715 0.0800239 0)
(-0.0866709 0.0754695 0)
(-0.103212 0.0676979 0)
(-0.119329 0.0564333 0)
(-0.134497 0.0410564 0)
(-0.147753 0.020898 0)
(-0.157587 -0.00434425 0)
(-0.161952 -0.0340453 0)
(-0.158502 -0.0659992 0)
(-0.14516 -0.0958815 0)
(-0.121045 -0.117243 0)
(-0.0876448 -0.122633 0)
(-0.0500516 -0.106433 0)
(-0.0178903 -0.06926 0)
(-0.00237118 -0.0213324 0)
(-0.0018803 0.0259213 0)
(-0.00969758 0.0612035 0)
(-0.0235472 0.0827657 0)
(-0.0400395 0.0940581 0)
(-0.0574534 0.0981914 0)
(-0.075236 0.0974032 0)
(-0.0932334 0.0929358 0)
(-0.111435 0.0851027 0)
(-0.12976 0.073445 0)
(-0.147824 0.056957 0)
(-0.164717 0.0344128 0)
(-0.178821 0.00486725 0)
(-0.187745 -0.0316111 0)
(-0.188478 -0.0730058 0)
(-0.17791 -0.114422 0)
(-0.153789 -0.14761 0)
(-0.116193 -0.161712 0)
(-0.0697152 -0.146437 0)
(-0.0264497 -0.098884 0)
(-0.00388762 -0.0315523 0)
(-0.00207798 0.0312721 0)
(-0.0106001 0.0732764 0)
(-0.0254808 0.09846 0)
(-0.0428769 0.111401 0)
(-0.0609321 0.116185 0)
(-0.0791809 0.115703 0)
(-0.0976389 0.111536 0)
(-0.116503 0.104054 0)
(-0.135917 0.0926055 0)
(-0.155729 0.0757533 0)
(-0.175239 0.0516205 0)
(-0.192967 0.0184547 0)
(-0.206498 -0.0244963 0)
(-0.212486 -0.0757984 0)
(-0.206969 -0.130492 0)
(-0.186124 -0.178961 0)
(-0.147742 -0.20676 0)
(-0.0942796 -0.197147 0)
(-0.038795 -0.139868 0)
(-0.0064765 -0.0469318 0)
(-0.0023579 0.037152 0)
(-0.0117239 0.0863318 0)
(-0.0276212 0.115043 0)
(-0.0455829 0.129286 0)
(-0.0635872 0.134369 0)
(-0.0812769 0.133974 0)
(-0.0988483 0.130075 0)
(-0.116706 0.123134 0)
(-0.135241 0.112333 0)
(-0.154613 0.0958329 0)
(-0.174513 0.0711135 0)
(-0.193924 0.035566 0)
(-0.210872 -0.0125649 0)
(-0.222249 -0.0728494 0)
(-0.223768 -0.141019 0)
(-0.210239 -0.207121 0)
(-0.176597 -0.253883 0)
(-0.121341 -0.257161 0)
(-0.0554496 -0.194449 0)
(-0.0107397 -0.0699519 0)
(-0.00283933 0.0437727 0)
(-0.0133892 0.100532 0)
(-0.030372 0.132326 0)
(-0.048442 0.147099 0)
(-0.0654185 0.151726 0)
(-0.0811249 0.150812 0)
(-0.0959655 0.146767 0)
(-0.110547 0.140177 0)
(-0.125508 0.130129 0)
(-0.141371 0.114494 0)
(-0.158374 0.0902566 0)
(-0.176261 0.054068 0)
(-0.193999 0.00315118 0)
(-0.209409 -0.0633991 0)
(-0.218725 -0.142864 0)
(-0.216141 -0.226485 0)
(-0.193909 -0.29612 0)
(-0.145347 -0.321133 0)
(-0.0755008 -0.262584 0)
(-0.0172821 -0.103632 0)
(-0.00377268 0.0516382 0)
(-0.0162191 0.116276 0)
(-0.0344741 0.150099 0)
(-0.0519951 0.16399 0)
(-0.0665916 0.166876 0)
(-0.0784711 0.164385 0)
(-0.0883365 0.159345 0)
(-0.0970103 0.152476 0)
(-0.105371 0.142863 0)
(-0.114309 0.128274 0)
(-0.124669 0.105456 0)
(-0.137119 0.0706125 0)
(-0.15189 0.0201445 0)
(-0.168327 -0.048268 0)
(-0.184136 -0.134122 0)
(-0.194185 -0.231519 0)
(-0.189259 -0.324419 0)
(-0.157628 -0.379139 0)
(-0.0951934 -0.339493 0)
(-0.0261622 -0.150675 0)
(-0.00566251 0.0618436 0)
(-0.0213402 0.134334 0)
(-0.0410705 0.168037 0)
(-0.0568767 0.178727 0)
(-0.0670842 0.178 0)
(-0.072742 0.17247 0)
(-0.0750462 0.165256 0)
(-0.0750966 0.157161 0)
(-0.074004 0.147333 0)
(-0.0729781 0.133623 0)
(-0.073392 0.112851 0)
(-0.0767654 0.0811559 0)
(-0.0845976 0.0345278 0)
(-0.0979765 -0.0304722 0)
(-0.116788 -0.115672 0)
(-0.138077 -0.219215 0)
(-0.15341 -0.330432 0)
(-0.14796 -0.418428 0)
(-0.107166 -0.414408 0)
(-0.0358358 -0.211937 0)
(-0.00946895 0.0766924 0)
(-0.0305974 0.155912 0)
(-0.0514055 0.185343 0)
(-0.0628448 0.18929 0)
(-0.0652003 0.182551 0)
(-0.0612031 0.172362 0)
(-0.0528305 0.161792 0)
(-0.041541 0.151558 0)
(-0.0286523 0.14085 0)
(-0.0155715 0.127721 0)
(-0.0039864 0.109304 0)
(0.00402495 0.0820464 0)
(0.0060263 0.0420321 0)
(-0.000552888 -0.0146547 0)
(-0.0178675 -0.091534 0)
(-0.0461918 -0.190807 0)
(-0.080575 -0.30959 0)
(-0.106884 -0.426925 0)
(-0.101372 -0.472181 0)
(-0.0417474 -0.284944 0)
(-0.0167847 0.101134 0)
(-0.0462254 0.182095 0)
(-0.0645901 0.199253 0)
(-0.0647814 0.191414 0)
(-0.0525816 0.176136 0)
(-0.0335085 0.160129 0)
(-0.010433 0.145703 0)
(0.0149189 0.133124 0)
(0.0412057 0.121471 0)
(0.0670853 0.109 0)
(0.0908988 0.093291 0)
(0.110437 0.0713812 0)
(0.122832 0.0399142 0)
(0.124601 -0.00473814 0)
(0.111872 -0.0665829 0)
(0.0811736 -0.150443 0)
(0.0320706 -0.261397 0)
(-0.0269479 -0.394861 0)
(-0.0671515 -0.494446 0)
(-0.0352632 -0.360725 0)
(-0.0289329 0.145087 0)
(-0.066482 0.20933 0)
(-0.065964 0.198024 0)
(-0.0379603 0.173224 0)
(0.000330696 0.149328 0)
(0.0415093 0.128934 0)
(0.0830376 0.112413 0)
(0.123751 0.0991688 0)
(0.162908 0.0880112 0)
(0.199752 0.0773785 0)
(0.233123 0.0653982 0)
(0.261158 0.0499015 0)
(0.281087 0.0284638 0)
(0.289126 -0.0016005 0)
(0.280452 -0.0435283 0)
(0.249358 -0.102315 0)
(0.189989 -0.187783 0)
(0.100654 -0.313792 0)
(0.00768982 -0.45555 0)
(-0.00200954 -0.411167 0)
(-0.0317377 0.214356 0)
(-0.0475342 0.213735 0)
(0.0219227 0.156972 0)
(0.102098 0.120099 0)
(0.173544 0.0951818 0)
(0.236156 0.0767143 0)
(0.291687 0.0629865 0)
(0.34126 0.0528179 0)
(0.385651 0.0449661 0)
(0.425253 0.0382095 0)
(0.45981 0.0313392 0)
(0.48818 0.0231036 0)
(0.508169 0.0121871 0)
(0.516381 -0.0028196 0)
(0.507975 -0.0236218 0)
(0.476338 -0.0531188 0)
(0.412025 -0.0990856 0)
(0.30138 -0.184704 0)
(0.153919 -0.324553 0)
(0.0911285 -0.368816 0)
(0.260503 0.13186 0)
(0.320381 0.116516 0)
(0.440106 0.0781141 0)
(0.539755 0.0533847 0)
(0.60911 0.0380169 0)
(0.659802 0.027694 0)
(0.699532 0.0206028 0)
(0.731824 0.0157388 0)
(0.758588 0.0123273 0)
(0.780934 0.00974612 0)
(0.799218 0.00748349 0)
(0.813016 0.00508888 0)
(0.821113 0.00214564 0)
(0.821506 -0.00174552 0)
(0.811212 -0.00701682 0)
(0.785895 -0.0143925 0)
(0.737513 -0.0258821 0)
(0.651139 -0.0483476 0)
(0.4894 -0.103415 0)
(0.357735 -0.149611 0)
)
;

boundaryField
{
    movingWall
    {
        type            fixedValue;
        value           uniform (1 0 0);
    }
    fixedWalls
    {
        type            noSlip;
    }
    frontAndBack
    {
        type            empty;
    }
}


// ************************************************************************* //
