/*--------------------------------*- C++ -*----------------------------------*\
  =========                 |
  \\      /  F ield         | OpenFOAM: The Open Source CFD Toolbox
   \\    /   O peration     | Website:  https://openfoam.org
    \\  /    A nd           | Version:  6
     \\/     M anipulation  |
\*---------------------------------------------------------------------------*/
FoamFile
{
    version     2.0;
    format      ascii;
    class       volScalarField;
    location    "0.07";
    object      p;
}
// * * * * * * * * * * * * * * * * * * * * * * * * * * * * * * * * * * * * * //

dimensions      [0 2 -2 0 0 0 0];

internalField   nonuniform List<scalar> 
400
(
1.40657e-05
-0.0231723
-0.0520488
-0.0743017
-0.0826212
-0.0737342
-0.0473957
-0.00553929
0.048412
0.110061
0.17444
0.236356
0.290743
0.33304
0.35966
0.368569
0.360027
0.337444
0.308343
0.285162
0.0230005
-0.000827674
-0.0234884
-0.0388306
-0.0432593
-0.0344763
-0.0121839
0.0222244
0.0661535
0.116182
0.168387
0.218643
0.262945
0.297734
0.320275
0.329089
0.324479
0.308854
0.285998
0.262209
0.0535463
0.0205272
-0.00399252
-0.0181426
-0.0217418
-0.0135382
0.00644685
0.0368642
0.0754435
0.119259
0.164964
0.209037
0.248041
0.278902
0.299193
0.30746
0.303675
0.289198
0.264426
0.231438
0.0816303
0.0359523
0.00546351
-0.0106722
-0.0150685
-0.00740075
0.0118349
0.0410456
0.0779518
0.11978
0.163416
0.205592
0.243082
0.272923
0.292631
0.300461
0.295884
0.279333
0.248461
0.202726
0.100737
0.0416831
0.00404485
-0.0149355
-0.0202645
-0.0124401
0.00751968
0.0376506
0.0754991
0.118264
0.162881
0.206144
0.244845
0.275933
0.296672
0.304874
0.299433
0.27995
0.24173
0.182417
0.106191
0.0334897
-0.0116049
-0.0333533
-0.0389491
-0.0296723
-0.0071113
0.0263002
0.0678142
0.114474
0.163134
0.210518
0.253293
0.288173
0.312023
0.32207
0.316552
0.294254
0.248315
0.174994
0.0939337
0.00717667
-0.0452493
-0.0689891
-0.073467
-0.0608094
-0.0332668
0.00615604
0.0543209
0.10803
0.163979
0.218737
0.268759
0.310416
0.340039
0.354128
0.350122
0.325883
0.272298
0.184353
0.0596352
-0.0418434
-0.101084
-0.125292
-0.126459
-0.107765
-0.0722808
-0.0236963
0.0343897
0.0985041
0.165166
0.230783
0.29157
0.343493
0.382242
0.403416
0.403436
0.378972
0.318242
0.214752
-0.00203117
-0.119157
-0.184194
-0.206409
-0.201065
-0.172781
-0.125682
-0.0642789
0.00733334
0.0854351
0.166436
0.246653
0.322117
0.388399
0.440467
0.472823
0.480552
0.458653
0.391852
0.271614
-0.0980894
-0.23196
-0.300925
-0.317313
-0.300866
-0.258253
-0.194985
-0.116522
-0.0274348
0.0684281
0.167537
0.266309
0.360757
0.446161
0.516756
0.565748
0.586459
0.57148
0.500663
0.362321
-0.238204
-0.389857
-0.459305
-0.463848
-0.429671
-0.366397
-0.281313
-0.180919
-0.0701348
0.047318
0.168286
0.289622
0.407647
0.51761
0.613125
0.685964
0.727189
0.725922
0.654933
0.497288
-0.436284
-0.606072
-0.669562
-0.65266
-0.591108
-0.498689
-0.384842
-0.257048
-0.120252
0.0224022
0.168647
0.316304
0.462533
0.603045
0.731186
0.837337
0.909837
0.932955
0.86896
0.691732
-0.713563
-0.899384
-0.944686
-0.890852
-0.78784
-0.654971
-0.503976
-0.342902
-0.176058
-0.0052696
0.168833
0.3458
0.52443
0.701715
0.871489
1.02321
1.14233
1.20671
1.16313
0.96898
-1.10502
-1.29727
-1.30073
-1.18486
-1.02001
-0.831974
-0.63415
-0.434028
-0.234052
-0.0336025
0.169346
0.377074
0.591097
0.810937
1.03231
1.24506
1.43244
1.56487
1.56721
1.36721
-1.67259
-1.84049
-1.75569
-1.53744
-1.28213
-1.02082
-0.766117
-0.522473
-0.288406
-0.0592748
0.17085
0.408132
0.658114
0.924556
1.20735
1.49951
1.78483
2.02755
2.12494
1.95306
-2.52802
-2.58721
-2.32552
-1.94251
-1.55886
-1.20422
-0.884433
-0.596176
-0.33089
-0.0779475
0.17378
0.435428
0.717895
1.03123
1.38289
1.77419
2.19597
2.61321
2.89778
2.84434
-3.87298
-3.61303
-3.01648
-2.38085
-1.82323
-1.3564
-0.968431
-0.640386
-0.352249
-0.0853199
0.17772
0.453641
0.759673
1.11427
1.5369
2.04546
2.64949
3.33064
3.96436
4.24909
-6.15939
-5.01372
-3.78643
-2.79026
-2.01927
-1.43416
-0.988408
-0.636617
-0.34253
-0.0781208
0.179947
0.45353
0.765984
1.14534
1.62785
2.25902
3.08471
4.13979
5.42508
6.62752
-10.5695
-6.84898
-4.35763
-2.91496
-1.9681
-1.32304
-0.875098
-0.545539
-0.282396
-0.0515839
0.172449
0.412793
0.69504
1.05336
1.53994
2.23476
3.24506
4.76457
7.34527
11.1677
-17.9825
-8.61119
-4.1544
-2.37804
-1.46163
-0.918355
-0.578354
-0.344491
-0.163413
-0.00552042
0.148981
0.317289
0.519149
0.783974
1.16481
1.76028
2.74771
4.62119
9.19197
18.678
)
;

boundaryField
{
    movingWall
    {
        type            zeroGradient;
    }
    fixedWalls
    {
        type            zeroGradient;
    }
    frontAndBack
    {
        type            empty;
    }
}


// ************************************************************************* //
