/*--------------------------------*- C++ -*----------------------------------*\
  =========                 |
  \\      /  F ield         | OpenFOAM: The Open Source CFD Toolbox
   \\    /   O peration     | Website:  https://openfoam.org
    \\  /    A nd           | Version:  6
     \\/     M anipulation  |
\*---------------------------------------------------------------------------*/
FoamFile
{
    version     2.0;
    format      ascii;
    class       surfaceScalarField;
    location    "0.285";
    object      phi;
}
// * * * * * * * * * * * * * * * * * * * * * * * * * * * * * * * * * * * * * //

dimensions      [0 3 -1 0 0 0 0];

internalField   nonuniform List<scalar> 
760
(
2.38283e-09
-2.38275e-09
-3.51001e-08
3.74829e-08
-1.06445e-07
7.13449e-08
-1.97351e-07
9.09064e-08
-2.96224e-07
9.88728e-08
-3.94465e-07
9.8241e-08
-4.85351e-07
9.08859e-08
-5.62884e-07
7.75332e-08
-6.21018e-07
5.81334e-08
-6.53528e-07
3.25104e-08
-6.54629e-07
1.10113e-09
-6.20266e-07
-3.43635e-08
-5.49863e-07
-7.04025e-08
-4.48074e-07
-1.01789e-07
-3.25816e-07
-1.22259e-07
-1.99806e-07
-1.26009e-07
-9.0062e-08
-1.09744e-07
-1.55597e-08
-7.45023e-08
1.17102e-08
-2.72699e-08
1.17102e-08
-3.84206e-08
3.60379e-08
-1.57628e-07
1.5669e-07
-3.40574e-07
2.54291e-07
-5.62641e-07
3.12973e-07
-8.00811e-07
3.37043e-07
-1.03576e-06
3.33189e-07
-1.25113e-06
3.06261e-07
-1.43217e-06
2.58569e-07
-1.5647e-06
1.90664e-07
-1.6352e-06
1.03013e-07
-1.6321e-06
-2.00315e-09
-1.54823e-06
-1.18237e-07
-1.38403e-06
-2.34598e-07
-1.15063e-06
-3.35194e-07
-8.71443e-07
-4.01441e-07
-5.81027e-07
-4.16425e-07
-3.19889e-07
-3.70883e-07
-1.25513e-07
-2.68878e-07
-2.06956e-08
-1.32088e-07
-8.98532e-09
-7.95777e-08
1.15616e-07
-2.77279e-07
3.54391e-07
-5.57326e-07
5.34338e-07
-8.85694e-07
6.41341e-07
-1.2322e-06
6.83547e-07
-1.57113e-06
6.72124e-07
-1.88023e-06
6.15363e-07
-2.13916e-06
5.17493e-07
-2.32847e-06
3.79973e-07
-2.42979e-06
2.04337e-07
-2.42745e-06
-4.339e-09
-2.31154e-06
-2.34148e-07
-2.08197e-06
-4.64169e-07
-1.75261e-06
-6.64552e-07
-1.35393e-06
-8.00125e-07
-9.32048e-07
-8.38308e-07
-5.42476e-07
-7.60455e-07
-2.3826e-07
-5.73094e-07
-5.51476e-08
-3.15199e-07
-6.41328e-08
-1.13828e-07
2.29444e-07
-3.81639e-07
6.22202e-07
-7.48056e-07
9.00756e-07
-1.16867e-06
1.06196e-06
-1.60735e-06
1.12222e-06
-2.03436e-06
1.09914e-06
-2.42415e-06
1.00515e-06
-2.75316e-06
8.465e-07
-2.99842e-06
6.25239e-07
-3.13751e-06
3.43426e-07
-3.15012e-06
8.26906e-09
-3.0215e-06
-3.62767e-07
-2.74751e-06
-7.38162e-07
-2.34046e-06
-1.0716e-06
-1.83403e-06
-1.30655e-06
-1.28424e-06
-1.38809e-06
-7.63281e-07
-1.28142e-06
-3.44674e-07
-9.917e-07
-8.33717e-08
-5.76502e-07
-1.47505e-07
-1.42755e-07
3.72198e-07
-4.72701e-07
9.52148e-07
-9.16961e-07
1.34502e-06
-1.42108e-06
1.56608e-06
-1.94386e-06
1.64499e-06
-2.45314e-06
1.60842e-06
-2.92203e-06
1.47404e-06
-3.32548e-06
1.24996e-06
-3.6381e-06
9.37858e-07
-3.83329e-06
5.38613e-07
-3.88442e-06
5.94019e-08
-3.76842e-06
-4.78771e-07
-3.472e-06
-1.03458e-06
-3.00029e-06
-1.54331e-06
-2.38582e-06
-1.92102e-06
-1.69389e-06
-2.08003e-06
-1.01822e-06
-1.95709e-06
-4.626e-07
-1.54732e-06
-1.111e-07
-9.28002e-07
-2.58605e-07
-1.68242e-07
5.4044e-07
-5.54453e-07
1.33836e-06
-1.0705e-06
1.86107e-06
-1.65296e-06
2.14853e-06
-2.25664e-06
2.24868e-06
-2.84855e-06
2.20033e-06
-3.40216e-06
2.02765e-06
-3.89261e-06
1.74041e-06
-4.293e-06
1.33825e-06
-4.5723e-06
8.17905e-07
-4.69545e-06
1.82556e-07
-4.62673e-06
-5.4749e-07
-4.33725e-06
-1.32406e-06
-3.81718e-06
-2.06338e-06
-3.0911e-06
-2.64709e-06
-2.2311e-06
-2.94002e-06
-1.35796e-06
-2.83023e-06
-6.19886e-07
-2.28539e-06
-1.47131e-07
-1.40076e-06
-4.05736e-07
-1.91687e-07
7.32127e-07
-6.30294e-07
1.77697e-06
-1.214e-06
2.44477e-06
-1.87151e-06
2.80604e-06
-2.55499e-06
2.93216e-06
-3.23222e-06
2.87756e-06
-3.87903e-06
2.67446e-06
-4.47259e-06
2.33397e-06
-4.98583e-06
1.85149e-06
-5.38349e-06
1.21556e-06
-5.62048e-06
4.19551e-07
-5.64423e-06
-5.23738e-07
-5.40305e-06
-1.56524e-06
-4.86232e-06
-2.60412e-06
-4.02792e-06
-3.48149e-06
-2.97128e-06
-3.99667e-06
-1.84248e-06
-3.95903e-06
-8.51444e-07
-3.27643e-06
-2.02279e-07
-2.04992e-06
-6.08015e-07
-2.13968e-07
9.46095e-07
-7.02405e-07
2.2654e-06
-1.35037e-06
3.09273e-06
-2.07946e-06
3.53514e-06
-2.84045e-06
3.69315e-06
-3.60369e-06
3.6408e-06
-4.34947e-06
3.42025e-06
-5.05927e-06
3.04376e-06
-5.70792e-06
2.50014e-06
-6.2573e-06
1.76494e-06
-6.6522e-06
8.14452e-07
-6.82073e-06
-3.55208e-07
-6.68241e-06
-1.70357e-06
-6.16735e-06
-3.11917e-06
-5.24803e-06
-4.40081e-06
-3.97965e-06
-5.26505e-06
-2.5344e-06
-5.40428e-06
-1.19845e-06
-4.61238e-06
-2.9e-07
-2.95837e-06
-8.98015e-07
-2.35614e-07
1.18171e-06
-7.71925e-07
2.80171e-06
-1.48013e-06
3.80094e-06
-2.27475e-06
4.32975e-06
-3.10606e-06
4.52446e-06
-3.94865e-06
4.48338e-06
-4.7894e-06
4.261e-06
-5.61657e-06
3.87093e-06
-6.40978e-06
3.29334e-06
-7.13099e-06
2.48616e-06
-7.71759e-06
1.40105e-06
-8.07982e-06
7.01902e-09
-8.1068e-06
-1.67658e-06
-7.68598e-06
-3.54e-06
-6.74018e-06
-5.3466e-06
-5.28329e-06
-6.72194e-06
-3.48477e-06
-7.2028e-06
-1.70623e-06
-6.39093e-06
-4.27717e-07
-4.23688e-06
-1.32573e-06
-2.57303e-07
1.43901e-06
-8.40012e-07
3.38442e-06
-1.60276e-06
4.56369e-06
-2.45179e-06
5.17877e-06
-3.33732e-06
5.41e-06
-4.23936e-06
5.38542e-06
-5.15309e-06
5.17474e-06
-6.07586e-06
4.7937e-06
-6.99533e-06
4.21281e-06
-7.8784e-06
3.36922e-06
-8.66147e-06
2.18413e-06
-9.24454e-06
5.90085e-07
-9.49291e-06
-1.42821e-06
-9.25227e-06
-3.78064e-06
-8.38389e-06
-6.21497e-06
-6.82892e-06
-8.27691e-06
-4.7062e-06
-9.32552e-06
-2.41717e-06
-8.67996e-06
-6.38742e-07
-6.01531e-06
-1.96447e-06
-2.80822e-07
1.71983e-06
-9.09928e-07
4.01353e-06
-1.7194e-06
5.37316e-06
-2.60459e-06
6.06397e-06
-3.51558e-06
6.32099e-06
-4.43848e-06
6.30832e-06
-5.37767e-06
6.11392e-06
-6.34111e-06
5.75714e-06
-7.32775e-06
5.19946e-06
-8.31562e-06
4.35709e-06
-9.25053e-06
3.11903e-06
-1.00369e-05
1.37642e-06
-1.05333e-05
-9.31753e-07
-1.0558e-05
-3.75599e-06
-9.91129e-06
-6.86166e-06
-8.43439e-06
-9.7538e-06
-6.12955e-06
-1.16304e-05
-3.35117e-06
-1.14583e-05
-9.53236e-07
-8.41324e-06
-2.91771e-06
-3.10716e-07
2.03055e-06
-9.90377e-07
4.69319e-06
-1.83707e-06
6.21985e-06
-2.73154e-06
6.95843e-06
-3.62386e-06
7.21331e-06
-4.50697e-06
7.19143e-06
-5.39462e-06
7.00157e-06
-6.30593e-06
6.66846e-06
-7.25368e-06
6.1472e-06
-8.23358e-06
5.337e-06
-9.21346e-06
4.09891e-06
-1.0122e-05
2.28492e-06
-1.08375e-05
-2.16187e-07
-1.11794e-05
-3.41408e-06
-1.09082e-05
-7.13288e-06
-9.75833e-06
-1.09037e-05
-7.55293e-06
-1.38358e-05
-4.4661e-06
-1.45452e-05
-1.40303e-06
-1.14763e-05
-4.32074e-06
-3.57132e-07
2.38768e-06
-1.10042e-06
5.43648e-06
-1.97396e-06
7.09339e-06
-2.84053e-06
7.82501e-06
-3.65316e-06
8.02594e-06
-4.41382e-06
7.95209e-06
-5.14608e-06
7.73383e-06
-5.88013e-06
7.40251e-06
-6.64393e-06
6.911e-06
-7.45607e-06
6.14913e-06
-8.31759e-06
4.96043e-06
-9.20083e-06
3.16816e-06
-1.00331e-05
6.16091e-07
-1.06735e-05
-2.7737e-06
-1.08855e-05
-6.92085e-06
-1.03264e-05
-1.14628e-05
-8.61473e-06
-1.55475e-05
-5.60372e-06
-1.75562e-05
-2.00034e-06
-1.50797e-05
-6.32108e-06
-4.40912e-07
2.82859e-06
-1.27623e-06
6.2718e-06
-2.16377e-06
7.98093e-06
-2.95066e-06
8.61189e-06
-3.60318e-06
8.67846e-06
-4.13906e-06
8.48797e-06
-4.59409e-06
8.18885e-06
-5.00976e-06
7.81818e-06
-5.42931e-06
7.33056e-06
-5.89586e-06
6.61568e-06
-6.4489e-06
5.51347e-06
-7.11584e-06
3.8351e-06
-7.89438e-06
1.39463e-06
-8.72043e-06
-1.94765e-06
-9.41766e-06
-6.22362e-06
-9.63609e-06
-1.12443e-05
-8.83139e-06
-1.63522e-05
-6.45294e-06
-1.99346e-05
-2.69379e-06
-1.88388e-05
-9.01487e-06
-6.02742e-07
3.43134e-06
-1.57865e-06
7.2477e-06
-2.4531e-06
8.85538e-06
-3.07891e-06
9.2377e-06
-3.46177e-06
9.06132e-06
-3.64939e-06
8.67558e-06
-3.69584e-06
8.23531e-06
-3.65547e-06
7.77781e-06
-3.58552e-06
7.2606e-06
-3.55052e-06
6.58068e-06
-3.62453e-06
5.58748e-06
-3.88764e-06
4.09821e-06
-4.41214e-06
1.91914e-06
-5.23164e-06
-1.12816e-06
-6.28232e-06
-5.17294e-06
-7.303e-06
-1.02237e-05
-7.7049e-06
-1.59503e-05
-6.56893e-06
-2.10706e-05
-3.31604e-06
-2.20917e-05
-1.23309e-05
-9.17578e-07
4.34891e-06
-2.09268e-06
8.4228e-06
-2.86795e-06
9.63066e-06
-3.17785e-06
9.5476e-06
-3.12118e-06
9.00466e-06
-2.79922e-06
8.35362e-06
-2.29344e-06
7.72954e-06
-1.67268e-06
7.15705e-06
-1.0046e-06
6.59252e-06
-3.66825e-07
5.94291e-06
1.44659e-07
5.076e-06
4.12788e-07
3.83008e-06
3.05771e-07
2.02615e-06
-3.02239e-07
-5.20151e-07
-1.4838e-06
-3.99137e-06
-3.15217e-06
-8.55528e-06
-4.84357e-06
-1.42589e-05
-5.45087e-06
-2.04633e-05
-3.55485e-06
-2.39877e-05
-1.58858e-05
-1.50665e-06
5.85556e-06
-2.86156e-06
9.77772e-06
-3.25233e-06
1.00214e-05
-2.90939e-06
9.20467e-06
-2.11589e-06
8.21116e-06
-1.05158e-06
7.28931e-06
1.72684e-07
6.50527e-06
1.47993e-06
5.8498e-06
2.80322e-06
5.26923e-06
4.06702e-06
4.67911e-06
5.17263e-06
3.97039e-06
5.98916e-06
3.01355e-06
6.35173e-06
1.66359e-06
6.06911e-06
-2.37529e-07
4.94827e-06
-2.87054e-06
2.86825e-06
-6.47526e-06
9.12499e-09
-1.13998e-05
-2.62889e-06
-1.78253e-05
-2.9674e-06
-2.36492e-05
-1.88532e-05
-2.48496e-06
8.34052e-06
-3.45141e-06
1.07442e-05
-2.59792e-06
9.16793e-06
-9.11953e-07
7.51871e-06
1.07462e-06
6.22459e-06
3.14767e-06
5.21625e-06
5.21426e-06
4.43869e-06
7.22533e-06
3.83872e-06
9.14351e-06
3.35105e-06
1.09202e-05
2.9024e-06
1.24779e-05
2.41274e-06
1.3697e-05
1.79442e-06
1.44083e-05
9.5227e-07
1.43893e-05
-2.18518e-07
1.33668e-05
-1.848e-06
1.10402e-05
-4.14873e-06
7.21967e-06
-7.57919e-06
2.42792e-06
-1.30336e-05
-1.02512e-06
-2.01962e-05
-1.98783e-05
-2.94604e-06
1.12866e-05
-6.52597e-07
8.45072e-06
3.23422e-06
5.28111e-06
6.94975e-06
3.80318e-06
1.0266e-05
2.90829e-06
1.32181e-05
2.26423e-06
1.58517e-05
1.80505e-06
1.82106e-05
1.47981e-06
2.03255e-05
1.23613e-06
2.21992e-05
1.02874e-06
2.37945e-05
8.17493e-07
2.50252e-05
5.63684e-07
2.57485e-05
2.2898e-07
2.57557e-05
-2.25726e-07
2.47564e-05
-8.48682e-07
2.23465e-05
-1.73886e-06
1.79779e-05
-3.21062e-06
1.12263e-05
-6.28194e-06
3.35132e-06
-1.23212e-05
-1.6527e-05
1.12866e-05
1.97373e-05
2.50184e-05
2.88216e-05
3.17299e-05
3.39941e-05
3.57991e-05
3.7279e-05
3.85151e-05
3.95438e-05
4.03613e-05
4.0925e-05
4.1154e-05
4.09283e-05
4.00796e-05
3.83407e-05
3.51301e-05
2.88481e-05
1.6527e-05
)
;

boundaryField
{
    movingWall
    {
        type            calculated;
        value           uniform 0;
    }
    fixedWalls
    {
        type            calculated;
        value           uniform 0;
    }
    frontAndBack
    {
        type            empty;
        value           nonuniform 0();
    }
}


// ************************************************************************* //
