/*--------------------------------*- C++ -*----------------------------------*\
  =========                 |
  \\      /  F ield         | OpenFOAM: The Open Source CFD Toolbox
   \\    /   O peration     | Website:  https://openfoam.org
    \\  /    A nd           | Version:  6
     \\/     M anipulation  |
\*---------------------------------------------------------------------------*/
FoamFile
{
    version     2.0;
    format      ascii;
    class       surfaceScalarField;
    location    "0.085";
    object      phi;
}
// * * * * * * * * * * * * * * * * * * * * * * * * * * * * * * * * * * * * * //

dimensions      [0 3 -1 0 0 0 0];

internalField   nonuniform List<scalar> 
760
(
1.317e-08
-1.31702e-08
-2.21375e-08
3.53073e-08
-1.10121e-07
8.79837e-08
-2.34838e-07
1.24716e-07
-3.77575e-07
1.42738e-07
-5.20802e-07
1.43227e-07
-6.49493e-07
1.28691e-07
-7.51594e-07
1.02101e-07
-8.1809e-07
6.6496e-08
-8.4304e-07
2.49502e-08
-8.23739e-07
-1.93009e-08
-7.61016e-07
-6.2724e-08
-6.59594e-07
-1.01421e-07
-5.284e-07
-1.31195e-07
-3.80607e-07
-1.47793e-07
-2.33208e-07
-1.47399e-07
-1.05759e-07
-1.27448e-07
-1.80356e-08
-8.77237e-08
1.48603e-08
-3.28958e-08
1.48604e-08
-3.31946e-08
2.00248e-08
-1.72994e-07
1.75106e-07
-4.14331e-07
3.29321e-07
-7.27898e-07
4.38283e-07
-1.07631e-06
4.91151e-07
-1.42194e-06
4.88853e-07
-1.73093e-06
4.37678e-07
-1.97523e-06
3.46407e-07
-2.13359e-06
2.24855e-07
-2.19209e-06
8.3446e-08
-2.1447e-06
-6.66903e-08
-1.99392e-06
-2.13503e-07
-1.75135e-06
-3.43983e-07
-1.43802e-06
-4.44526e-07
-1.08395e-06
-5.01868e-07
-7.26547e-07
-5.048e-07
-4.07203e-07
-4.46793e-07
-1.65435e-07
-3.29491e-07
-2.95454e-08
-1.68786e-07
-1.4685e-08
-8.84154e-08
1.0844e-07
-3.40964e-07
4.27654e-07
-7.2867e-07
7.17028e-07
-1.20711e-06
9.16724e-07
-1.72509e-06
1.00913e-06
-2.2317e-06
9.95464e-07
-2.68094e-06
8.86917e-07
-3.03442e-06
6.99886e-07
-3.26289e-06
4.5333e-07
-3.34722e-06
1.67772e-07
-3.27916e-06
-1.34746e-07
-3.06222e-06
-4.30448e-07
-2.71231e-06
-6.9389e-07
-2.25809e-06
-8.98743e-07
-1.74029e-06
-1.01967e-06
-1.20948e-06
-1.0356e-06
-7.21749e-07
-9.34529e-07
-3.3174e-07
-7.19501e-07
-8.34183e-08
-4.17107e-07
-9.81035e-08
-1.38957e-07
2.47397e-07
-5.01988e-07
7.90685e-07
-1.03198e-06
1.24702e-06
-1.66559e-06
1.55033e-06
-2.33763e-06
1.68116e-06
-2.98618e-06
1.64401e-06
-3.55643e-06
1.45716e-06
-4.00304e-06
1.1465e-06
-4.29157e-06
7.41866e-07
-4.39941e-06
2.75606e-07
-4.31656e-06
-2.17589e-07
-4.04663e-06
-7.00378e-07
-3.60769e-06
-1.13283e-06
-3.03285e-06
-1.47359e-06
-2.36991e-06
-1.68261e-06
-1.67938e-06
-1.72613e-06
-1.03026e-06
-1.58364e-06
-4.93394e-07
-1.25637e-06
-1.33095e-07
-7.77406e-07
-2.31199e-07
-1.85676e-07
4.33073e-07
-6.56211e-07
1.26122e-06
-1.32612e-06
1.91693e-06
-2.11084e-06
2.33506e-06
-2.93017e-06
2.5005e-06
-3.71181e-06
2.42565e-06
-4.39385e-06
2.1392e-06
-4.92612e-06
1.67877e-06
-5.27086e-06
1.0866e-06
-5.40307e-06
4.0782e-07
-5.31115e-06
-3.09512e-07
-4.9978e-06
-1.01373e-06
-4.48132e-06
-1.64932e-06
-3.79681e-06
-2.15809e-06
-2.99678e-06
-2.48265e-06
-2.15016e-06
-2.57275e-06
-1.33909e-06
-2.39471e-06
-6.52936e-07
-1.94253e-06
-1.80117e-07
-1.25022e-06
-4.11316e-07
-2.3112e-07
6.64194e-07
-8.0861e-07
1.83871e-06
-1.61833e-06
2.72665e-06
-2.55295e-06
3.26968e-06
-3.51633e-06
3.46388e-06
-4.42611e-06
3.33543e-06
-5.21457e-06
2.92766e-06
-5.82845e-06
2.29265e-06
-6.22821e-06
1.48636e-06
-6.38743e-06
5.67042e-07
-6.29285e-06
-4.04091e-07
-5.94525e-06
-1.36133e-06
-5.3612e-06
-2.23337e-06
-4.57538e-06
-2.94392e-06
-3.64272e-06
-3.4153e-06
-2.6394e-06
-3.57607e-06
-1.66124e-06
-3.37286e-06
-8.18722e-07
-2.78505e-06
-2.28166e-07
-1.84078e-06
-6.39482e-07
-2.77735e-07
9.41928e-07
-9.64601e-07
2.52558e-06
-1.91592e-06
3.67796e-06
-2.9998e-06
4.35356e-06
-4.10358e-06
4.56766e-06
-5.13556e-06
4.3674e-06
-6.02395e-06
3.81605e-06
-6.71447e-06
2.98318e-06
-7.16769e-06
1.93958e-06
-7.35692e-06
7.56268e-07
-7.26735e-06
-4.93657e-07
-6.89675e-06
-1.73193e-06
-6.25777e-06
-2.87235e-06
-5.38168e-06
-3.82e-06
-4.32286e-06
-4.47412e-06
-3.1626e-06
-4.73633e-06
-2.01033e-06
-4.52514e-06
-1.00014e-06
-3.79524e-06
-2.81094e-07
-2.55982e-06
-9.20577e-07
-3.27641e-07
1.26957e-06
-1.12887e-06
3.32681e-06
-2.22417e-06
4.77326e-06
-3.4546e-06
5.584e-06
-4.69078e-06
5.80384e-06
-5.83335e-06
5.50998e-06
-6.80926e-06
4.79195e-06
-7.56631e-06
3.74023e-06
-8.06787e-06
2.44115e-06
-8.28881e-06
9.77201e-07
-8.21327e-06
-5.69197e-07
-7.83497e-06
-2.11022e-06
-7.16004e-06
-3.54728e-06
-6.21245e-06
-4.7676e-06
-5.04144e-06
-5.64513e-06
-3.72946e-06
-6.04831e-06
-2.39776e-06
-5.85684e-06
-1.2061e-06
-4.9869e-06
-3.42635e-07
-3.42329e-06
-1.26321e-06
-3.82828e-07
1.6524e-06
-1.30538e-06
4.24936e-06
-2.54582e-06
6.0137e-06
-3.91466e-06
6.95284e-06
-5.26629e-06
7.15547e-06
-6.49696e-06
6.74064e-06
-7.53687e-06
5.83186e-06
-8.34061e-06
4.54397e-06
-8.87836e-06
2.9789e-06
-9.12927e-06
1.22811e-06
-9.07765e-06
-6.20821e-07
-8.7124e-06
-2.47547e-06
-8.0302e-06
-4.22948e-06
-7.04264e-06
-5.75517e-06
-5.78715e-06
-6.90062e-06
-4.34044e-06
-7.49502e-06
-2.83092e-06
-7.36636e-06
-1.44455e-06
-6.37327e-06
-4.16515e-07
-4.45132e-06
-1.67973e-06
-4.45777e-07
2.09817e-06
-1.49826e-06
5.30184e-06
-2.88138e-06
7.39682e-06
-4.37055e-06
8.44201e-06
-5.80591e-06
8.59083e-06
-7.08508e-06
8.01982e-06
-8.14855e-06
6.89533e-06
-8.96436e-06
5.35978e-06
-9.51506e-06
3.52959e-06
-9.78807e-06
1.50112e-06
-9.76993e-06
-6.38966e-07
-9.44457e-06
-2.80082e-06
-8.79633e-06
-4.87772e-06
-7.81831e-06
-6.73318e-06
-6.52705e-06
-8.19188e-06
-4.98268e-06
-9.03939e-06
-3.31138e-06
-9.03765e-06
-1.72245e-06
-7.96221e-06
-5.06932e-07
-5.66684e-06
-2.18666e-06
-5.20589e-07
2.61876e-06
-1.71341e-06
6.49466e-06
-3.22968e-06
8.9131e-06
-4.80475e-06
1.00171e-05
-6.26969e-06
1.00558e-05
-7.53315e-06
9.28328e-06
-8.55622e-06
7.9184e-06
-9.32937e-06
6.13294e-06
-9.85455e-06
4.05477e-06
-1.01325e-05
1.77906e-06
-1.01551e-05
-6.16399e-07
-9.90207e-06
-3.0538e-06
-9.34332e-06
-5.43647e-06
-8.44719e-06
-7.62932e-06
-7.19803e-06
-9.44103e-06
-5.62384e-06
-1.06136e-05
-3.83215e-06
-1.08293e-05
-2.04591e-06
-9.74845e-06
-6.19407e-07
-7.09334e-06
-2.80607e-06
-6.14883e-07
3.23364e-06
-1.96057e-06
7.84034e-06
-3.58752e-06
1.054e-05
-5.188e-06
1.16176e-05
-6.59562e-06
1.14634e-05
-7.74581e-06
1.04335e-05
-8.6345e-06
8.80709e-06
-9.28556e-06
6.784e-06
-9.72806e-06
4.49726e-06
-9.98152e-06
2.03252e-06
-1.0047e-05
-5.50934e-07
-9.90241e-06
-3.19838e-06
-9.5027e-06
-5.83618e-06
-8.78663e-06
-8.34539e-06
-7.69459e-06
-1.05331e-05
-6.20222e-06
-1.2106e-05
-4.37242e-06
-1.26591e-05
-2.41979e-06
-1.17011e-05
-7.62206e-07
-8.75093e-06
-3.56827e-06
-7.42883e-07
3.97653e-06
-2.25496e-06
9.35242e-06
-3.94563e-06
1.22307e-05
-5.4695e-06
1.31414e-05
-6.68664e-06
1.26805e-05
-7.58365e-06
1.13305e-05
-8.20944e-06
9.43289e-06
-8.63261e-06
7.20717e-06
-8.91591e-06
4.78057e-06
-9.10193e-06
2.21853e-06
-9.20458e-06
-4.48285e-07
-9.20375e-06
-3.19921e-06
-9.04248e-06
-5.99745e-06
-8.62924e-06
-8.75863e-06
-7.85148e-06
-1.13108e-05
-6.61024e-06
-1.33472e-05
-4.88682e-06
-1.43826e-05
-2.84523e-06
-1.37427e-05
-9.48539e-07
-1.06476e-05
-4.51681e-06
-9.29994e-07
4.90652e-06
-2.61551e-06
1.10379e-05
-4.27458e-06
1.38898e-05
-5.55354e-06
1.44204e-05
-6.38454e-06
1.35115e-05
-6.84005e-06
1.1786e-05
-7.04144e-06
9.63427e-06
-7.10986e-06
7.27559e-06
-7.14352e-06
4.81423e-06
-7.20823e-06
2.28324e-06
-7.33264e-06
-3.23868e-07
-7.50356e-06
-3.02829e-06
-7.65983e-06
-5.84118e-06
-7.68696e-06
-8.73149e-06
-7.41964e-06
-1.15781e-05
-6.66687e-06
-1.41e-05
-5.28327e-06
-1.57662e-05
-3.31127e-06
-1.57147e-05
-1.19916e-06
-1.27597e-05
-5.71598e-06
-1.2168e-06
6.12332e-06
-3.04911e-06
1.28702e-05
-4.48476e-06
1.53254e-05
-5.24784e-06
1.51835e-05
-5.42059e-06
1.36843e-05
-5.2028e-06
1.15682e-05
-4.80094e-06
9.23241e-06
-4.38555e-06
6.86019e-06
-4.08148e-06
4.51016e-06
-3.97015e-06
2.17192e-06
-4.09244e-06
-2.01577e-07
-4.4469e-06
-2.67384e-06
-4.98116e-06
-5.30692e-06
-5.57698e-06
-8.13567e-06
-6.03438e-06
-1.11207e-05
-6.07161e-06
-1.40627e-05
-5.37672e-06
-1.64611e-05
-3.76815e-06
-1.73232e-05
-1.54126e-06
-1.49866e-05
-7.25723e-06
-1.64878e-06
7.7721e-06
-3.48804e-06
1.47095e-05
-4.32518e-06
1.61626e-05
-4.15856e-06
1.50169e-05
-3.33089e-06
1.28566e-05
-2.19823e-06
1.04355e-05
-1.04009e-06
8.07428e-06
-5.04108e-08
5.87051e-06
6.44827e-07
3.81492e-06
9.67297e-07
1.84945e-06
8.73036e-07
-1.07316e-07
3.49203e-07
-2.15e-06
-5.77186e-07
-4.38053e-06
-1.81634e-06
-6.89651e-06
-3.17831e-06
-9.75877e-06
-4.3315e-06
-1.29095e-05
-4.79469e-06
-1.59979e-05
-4.05026e-06
-1.80677e-05
-1.98519e-06
-1.70517e-05
-9.24243e-06
-2.20689e-06
9.97899e-06
-3.5971e-06
1.60997e-05
-3.15213e-06
1.57176e-05
-1.49831e-06
1.3363e-05
6.68885e-07
1.06894e-05
2.87214e-06
8.23229e-06
4.82515e-06
6.12127e-06
6.3707e-06
4.32496e-06
7.42586e-06
2.75977e-06
7.94403e-06
1.33127e-06
7.89348e-06
-5.67654e-08
7.24922e-06
-1.50574e-06
5.99831e-06
-3.12963e-06
4.16315e-06
-5.06135e-06
1.85199e-06
-7.44762e-06
-6.55452e-07
-1.04021e-05
-2.80012e-06
-1.38532e-05
-3.68761e-06
-1.71802e-05
-2.4319e-06
-1.83074e-05
-1.16743e-05
-2.56103e-06
1.254e-05
-2.26204e-06
1.58007e-05
5.46893e-07
1.29087e-05
4.21805e-06
9.69187e-06
7.82456e-06
7.0829e-06
1.0963e-05
5.09386e-06
1.34863e-05
3.59792e-06
1.53632e-05
2.44806e-06
1.66032e-05
1.5198e-06
1.72181e-05
7.16361e-07
1.72035e-05
-4.21271e-08
1.65299e-05
-8.32157e-07
1.51419e-05
-1.74166e-06
1.29687e-05
-2.88815e-06
9.96122e-06
-4.44012e-06
6.1863e-06
-6.62719e-06
2.02348e-06
-9.69037e-06
-1.49023e-06
-1.36665e-05
-2.41702e-06
-1.73806e-05
-1.40913e-05
-9.1971e-07
1.34597e-05
3.8954e-06
1.09856e-05
1.00474e-05
6.75666e-06
1.54983e-05
4.24098e-06
1.9846e-05
2.73522e-06
2.31514e-05
1.78839e-06
2.55745e-05
1.17483e-06
2.7266e-05
7.56556e-07
2.83375e-05
4.48319e-07
2.88562e-05
1.97689e-07
2.88451e-05
-3.1052e-08
2.82814e-05
-2.68452e-07
2.70897e-05
-5.49922e-07
2.51305e-05
-9.29004e-07
2.21904e-05
-1.49997e-06
1.80001e-05
-2.43691e-06
1.23674e-05
-4.05769e-06
5.62394e-06
-6.92299e-06
-1.13048e-07
-1.16436e-05
-1.42044e-05
1.34597e-05
2.44454e-05
3.1202e-05
3.5443e-05
3.81782e-05
3.99666e-05
4.11414e-05
4.1898e-05
4.23463e-05
4.2544e-05
4.25129e-05
4.22445e-05
4.16946e-05
4.07656e-05
3.92656e-05
3.68287e-05
3.2771e-05
2.5848e-05
1.42044e-05
)
;

boundaryField
{
    movingWall
    {
        type            calculated;
        value           uniform 0;
    }
    fixedWalls
    {
        type            calculated;
        value           uniform 0;
    }
    frontAndBack
    {
        type            empty;
        value           nonuniform 0();
    }
}


// ************************************************************************* //
