/*--------------------------------*- C++ -*----------------------------------*\
  =========                 |
  \\      /  F ield         | OpenFOAM: The Open Source CFD Toolbox
   \\    /   O peration     | Website:  https://openfoam.org
    \\  /    A nd           | Version:  6
     \\/     M anipulation  |
\*---------------------------------------------------------------------------*/
FoamFile
{
    version     2.0;
    format      ascii;
    class       surfaceScalarField;
    location    "0.055";
    object      phi;
}
// * * * * * * * * * * * * * * * * * * * * * * * * * * * * * * * * * * * * * //

dimensions      [0 3 -1 0 0 0 0];

internalField   nonuniform List<scalar> 
760
(
-1.16715e-08
1.16714e-08
-6.57855e-08
5.4114e-08
-1.41487e-07
7.57014e-08
-2.21588e-07
8.01006e-08
-2.97344e-07
7.57565e-08
-3.6446e-07
6.71155e-08
-4.20453e-07
5.59934e-08
-4.63549e-07
4.30964e-08
-4.92308e-07
2.87586e-08
-5.05553e-07
1.32447e-08
-5.02407e-07
-3.14563e-09
-4.82367e-07
-2.00404e-08
-4.45395e-07
-3.69715e-08
-3.9206e-07
-5.3335e-08
-3.23778e-07
-6.82821e-08
-2.43356e-07
-8.04224e-08
-1.56222e-07
-8.71339e-08
-7.30352e-08
-8.31866e-08
-1.33563e-08
-5.96789e-08
-1.33563e-08
-5.46802e-08
6.63516e-08
-1.80656e-07
1.8009e-07
-3.41643e-07
2.36688e-07
-5.10224e-07
2.48682e-07
-6.69859e-07
2.35392e-07
-8.11249e-07
2.08506e-07
-9.28734e-07
1.73478e-07
-1.01837e-06
1.32732e-07
-1.07716e-06
8.75499e-08
-1.10284e-06
3.89253e-08
-1.09387e-06
-1.21176e-08
-1.04953e-06
-6.43832e-08
-9.70095e-07
-1.16404e-07
-8.57139e-07
-1.66292e-07
-7.14017e-07
-2.11404e-07
-5.46921e-07
-2.47518e-07
-3.66986e-07
-2.67069e-07
-1.93798e-07
-2.56375e-07
-5.83959e-08
-1.95081e-07
-7.17521e-08
-8.09756e-08
1.47327e-07
-2.52006e-07
3.5112e-07
-4.63063e-07
4.47745e-07
-6.81158e-07
4.66777e-07
-8.86625e-07
4.40859e-07
-1.06811e-06
3.89988e-07
-1.21853e-06
3.23897e-07
-1.33293e-06
2.47134e-07
-1.40761e-06
1.62227e-07
-1.4398e-06
7.11172e-08
-1.42766e-06
-2.42587e-08
-1.37034e-06
-1.21697e-07
-1.26824e-06
-2.1851e-07
-1.1233e-06
-3.11224e-07
-9.39744e-07
-3.94965e-07
-7.2523e-07
-4.62032e-07
-4.93329e-07
-4.9897e-07
-2.6745e-07
-4.82254e-07
-8.51078e-08
-3.77423e-07
-1.5686e-07
-9.53557e-08
2.42683e-07
-2.95595e-07
5.51359e-07
-5.39902e-07
6.92052e-07
-7.90267e-07
7.17142e-07
-1.02498e-06
6.75576e-07
-1.23175e-06
5.96754e-07
-1.40294e-06
4.95086e-07
-1.53322e-06
3.7742e-07
-1.6186e-06
2.47606e-07
-1.65605e-06
1.08563e-07
-1.64344e-06
-3.68686e-08
-1.57964e-06
-1.85495e-07
-1.46476e-06
-3.33393e-07
-1.30057e-06
-4.75407e-07
-1.09136e-06
-6.04181e-07
-8.45346e-07
-7.08045e-07
-5.77545e-07
-7.6677e-07
-3.14466e-07
-7.45333e-07
-1.00086e-07
-5.91803e-07
-2.56946e-07
-1.06339e-07
3.49022e-07
-3.30857e-07
7.75877e-07
-6.03877e-07
9.65072e-07
-8.82369e-07
9.95635e-07
-1.14252e-06
9.35727e-07
-1.37126e-06
8.25491e-07
-1.56069e-06
6.84523e-07
-1.7054e-06
5.22125e-07
-1.80126e-06
3.4347e-07
-1.84506e-06
1.52355e-07
-1.83429e-06
-4.76351e-08
-1.76729e-06
-2.52495e-07
-1.64347e-06
-4.57209e-07
-1.46393e-06
-6.54954e-07
-1.23245e-06
-8.3566e-07
-9.57456e-07
-9.83037e-07
-6.55456e-07
-1.06877e-06
-3.56767e-07
-1.04402e-06
-1.12797e-07
-8.35773e-07
-3.69743e-07
-1.18564e-07
4.67586e-07
-3.69755e-07
1.02707e-06
-6.74565e-07
1.26988e-06
-9.84328e-07
1.3054e-06
-1.27273e-06
1.22413e-06
-1.52588e-06
1.07863e-06
-1.73573e-06
8.94374e-07
-1.89693e-06
6.83332e-07
-2.00542e-06
4.5196e-07
-2.05781e-06
2.0474e-07
-2.05114e-06
-5.43073e-08
-1.98291e-06
-3.20724e-07
-1.85139e-06
-5.88728e-07
-1.65635e-06
-8.49986e-07
-1.40053e-06
-1.09149e-06
-1.09214e-06
-1.29142e-06
-7.49466e-07
-1.41145e-06
-4.07879e-07
-1.38561e-06
-1.28292e-07
-1.11536e-06
-4.98035e-07
-1.3428e-07
6.01866e-07
-4.18697e-07
1.31149e-06
-7.62627e-07
1.61381e-06
-1.11051e-06
1.65328e-06
-1.43303e-06
1.54665e-06
-1.7154e-06
1.361e-06
-1.94966e-06
1.12863e-06
-2.13081e-06
8.64479e-07
-2.25505e-06
5.76205e-07
-2.31897e-06
2.6866e-07
-2.31909e-06
-5.41878e-08
-2.25179e-06
-3.88032e-07
-2.11358e-06
-7.26933e-07
-1.90211e-06
-1.06146e-06
-1.61803e-06
-1.37557e-06
-1.26865e-06
-1.6408e-06
-8.74075e-07
-1.80602e-06
-4.76339e-07
-1.78334e-06
-1.49357e-07
-1.44234e-06
-6.47392e-07
-1.54898e-07
7.56764e-07
-4.81826e-07
1.63841e-06
-8.74861e-07
2.00685e-06
-1.2697e-06
2.04812e-06
-1.63344e-06
1.91039e-06
-1.95056e-06
1.67813e-06
-2.21359e-06
1.39166e-06
-2.41836e-06
1.06926e-06
-2.56183e-06
7.19667e-07
-2.64081e-06
3.47644e-07
-2.65136e-06
-4.36358e-08
-2.58843e-06
-4.50964e-07
-2.44608e-06
-8.69288e-07
-2.21854e-06
-1.28899e-06
-1.90284e-06
-1.69128e-06
-1.50378e-06
-2.03985e-06
-1.04273e-06
-2.26707e-06
-5.70213e-07
-2.25586e-06
-1.78506e-07
-1.83405e-06
-8.25898e-07
-1.81904e-07
9.38668e-07
-5.63301e-07
2.01981e-06
-1.01773e-06
2.46127e-06
-1.46965e-06
2.50004e-06
-1.88208e-06
2.32282e-06
-2.23921e-06
2.03525e-06
-2.53481e-06
1.68727e-06
-2.76644e-06
1.30088e-06
-2.93248e-06
8.85711e-07
-3.03059e-06
4.45756e-07
-3.05659e-06
-1.76377e-08
-3.00379e-06
-5.03764e-07
-2.86292e-06
-1.01016e-06
-2.62314e-06
-1.52878e-06
-2.27521e-06
-2.0392e-06
-1.81848e-06
-2.49658e-06
-1.27355e-06
-2.812e-06
-7.01018e-07
-2.82839e-06
-2.19485e-07
-2.31558e-06
-1.04538e-06
-2.17515e-07
1.15618e-06
-6.6889e-07
2.47118e-06
-1.19962e-06
2.99201e-06
-1.71977e-06
3.02019e-06
-2.188e-06
2.79105e-06
-2.58918e-06
2.43643e-06
-2.9197e-06
2.01779e-06
-3.1801e-06
1.56128e-06
-3.37142e-06
1.07703e-06
-3.49304e-06
5.67384e-07
-3.54117e-06
3.04884e-08
-3.50754e-06
-5.37397e-07
-3.37872e-06
-1.13897e-06
-3.13667e-06
-1.77084e-06
-2.76201e-06
-2.41386e-06
-2.24324e-06
-3.01535e-06
-1.59519e-06
-3.46006e-06
-8.88474e-07
-3.5351e-06
-2.79265e-07
-2.92479e-06
-1.32465e-06
-2.65476e-07
1.42166e-06
-8.07617e-07
3.01332e-06
-1.43283e-06
3.61722e-06
-2.03287e-06
3.62023e-06
-2.56254e-06
3.32072e-06
-3.00928e-06
2.88318e-06
-3.3742e-06
2.38271e-06
-3.66278e-06
1.84985e-06
-3.88038e-06
1.29463e-06
-4.0296e-06
7.16602e-07
-4.10813e-06
1.09023e-07
-4.1068e-06
-5.38726e-07
-4.00771e-06
-1.23807e-06
-3.78333e-06
-1.99521e-06
-3.39897e-06
-2.79822e-06
-2.8233e-06
-3.59102e-06
-2.05458e-06
-4.22878e-06
-1.16817e-06
-4.42152e-06
-3.71893e-07
-3.72106e-06
-1.69654e-06
-3.32416e-07
1.75407e-06
-9.94129e-07
3.67504e-06
-1.73574e-06
4.35883e-06
-2.42664e-06
4.31113e-06
-3.0198e-06
3.91387e-06
-3.50872e-06
3.3721e-06
-3.9024e-06
2.77639e-06
-4.21394e-06
2.1614e-06
-4.45531e-06
1.536e-06
-4.63431e-06
8.95603e-07
-4.75207e-06
2.26788e-07
-4.8002e-06
-4.90596e-07
-4.75723e-06
-1.28104e-06
-4.58497e-06
-2.16748e-06
-4.22751e-06
-3.15568e-06
-3.62049e-06
-4.19803e-06
-2.725e-06
-5.12427e-06
-1.60316e-06
-5.54336e-06
-5.26066e-07
-4.79816e-06
-2.22261e-06
-4.30391e-07
2.18447e-06
-1.25227e-06
4.49692e-06
-2.13518e-06
5.24174e-06
-2.92358e-06
5.09953e-06
-3.57423e-06
4.56452e-06
-4.0926e-06
3.89047e-06
-4.50017e-06
3.18396e-06
-4.82107e-06
2.48229e-06
-5.07655e-06
1.79148e-06
-5.28212e-06
1.10117e-06
-5.44504e-06
3.89706e-07
-5.56087e-06
-3.74768e-07
-5.6079e-06
-1.23401e-06
-5.53905e-06
-2.23633e-06
-5.27349e-06
-3.42124e-06
-4.69792e-06
-4.77361e-06
-3.70266e-06
-6.11952e-06
-2.29371e-06
-6.9523e-06
-7.96807e-07
-6.29507e-06
-3.01941e-06
-5.81445e-07
2.76591e-06
-1.61933e-06
5.5348e-06
-2.66556e-06
6.28797e-06
-3.54387e-06
5.97784e-06
-4.22767e-06
5.24833e-06
-4.74407e-06
4.40687e-06
-5.1332e-06
3.57308e-06
-5.4341e-06
2.7832e-06
-5.67993e-06
2.0373e-06
-5.89613e-06
1.31737e-06
-6.09901e-06
5.92588e-07
-6.29255e-06
-1.81231e-07
-6.46128e-06
-1.06527e-06
-6.55683e-06
-2.14078e-06
-6.47748e-06
-3.50059e-06
-6.05037e-06
-5.20071e-06
-5.05331e-06
-7.11659e-06
-3.35658e-06
-8.64903e-06
-1.27265e-06
-8.379e-06
-4.29206e-06
-8.24529e-07
3.59044e-06
-2.14602e-06
6.85628e-06
-3.35221e-06
7.49417e-06
-4.2716e-06
6.89723e-06
-4.92128e-06
5.89801e-06
-5.36505e-06
4.85065e-06
-5.66929e-06
3.87732e-06
-5.89131e-06
3.00522e-06
-6.07722e-06
2.22322e-06
-6.26281e-06
1.50296e-06
-6.47459e-06
8.04368e-07
-6.72869e-06
7.28703e-08
-7.02427e-06
-7.69691e-07
-7.32628e-06
-1.83877e-06
-7.5315e-06
-3.29537e-06
-7.42035e-06
-5.31186e-06
-6.63432e-06
-7.90262e-06
-4.80312e-06
-1.04802e-05
-2.04607e-06
-1.1136e-05
-6.33814e-06
-1.22086e-06
4.8113e-06
-2.87093e-06
8.50635e-06
-4.13746e-06
8.7607e-06
-4.93911e-06
7.69887e-06
-5.38978e-06
6.34869e-06
-5.61085e-06
5.07172e-06
-5.70128e-06
3.96774e-06
-5.73612e-06
3.04006e-06
-5.77055e-06
2.25765e-06
-5.84567e-06
1.57808e-06
-5.99393e-06
9.52623e-07
-6.24211e-06
3.21059e-07
-6.60897e-06
-4.02837e-07
-7.09032e-06
-1.35742e-06
-7.61926e-06
-2.76643e-06
-7.98847e-06
-4.94265e-06
-7.75188e-06
-8.13921e-06
-6.23802e-06
-1.19941e-05
-3.07807e-06
-1.4296e-05
-9.41621e-06
-1.84005e-06
6.65135e-06
-3.69252e-06
1.03588e-05
-4.63229e-06
9.70046e-06
-4.90194e-06
7.96853e-06
-4.79979e-06
6.24653e-06
-4.51954e-06
4.79147e-06
-4.18356e-06
3.63176e-06
-3.86887e-06
2.72538e-06
-3.62316e-06
2.01193e-06
-3.47755e-06
1.43248e-06
-3.45701e-06
9.32084e-07
-3.58813e-06
4.52178e-07
-3.9039e-06
-8.70661e-08
-4.44086e-06
-8.20457e-07
-5.2137e-06
-1.9936e-06
-6.1358e-06
-4.02054e-06
-6.84444e-06
-7.43058e-06
-6.47642e-06
-1.23621e-05
-3.90236e-06
-1.687e-05
-1.33186e-05
-2.66112e-06
9.31247e-06
-3.86653e-06
1.15642e-05
-3.39984e-06
9.23377e-06
-2.29767e-06
6.86637e-06
-1.08064e-06
5.02949e-06
5.68106e-08
3.65402e-06
1.03944e-06
2.64913e-06
1.84069e-06
1.92413e-06
2.45757e-06
1.39505e-06
2.89502e-06
9.95029e-07
3.15486e-06
6.7224e-07
3.22696e-06
3.80081e-07
3.07867e-06
6.12194e-08
2.64012e-06
-3.81904e-07
1.79132e-06
-1.1448e-06
3.88269e-07
-2.61749e-06
-1.56108e-06
-5.48123e-06
-3.41377e-06
-1.05094e-05
-3.32426e-06
-1.69596e-05
-1.66428e-05
-2.53403e-06
1.18465e-05
1.98543e-08
9.01035e-06
3.81004e-06
5.44359e-06
7.08907e-06
3.58733e-06
9.67963e-06
2.43894e-06
1.1685e-05
1.64865e-06
1.32161e-05
1.118e-06
1.43703e-05
7.69946e-07
1.52271e-05
5.38227e-07
1.58452e-05
3.76942e-07
1.62615e-05
2.55912e-07
1.64894e-05
1.52256e-07
1.6509e-05
4.16029e-08
1.62424e-05
-1.15323e-07
1.54998e-05
-4.02201e-07
1.39013e-05
-1.01894e-06
1.08792e-05
-2.45921e-06
6.08745e-06
-5.71763e-06
8.58957e-07
-1.17311e-05
-1.57839e-05
1.18465e-05
2.08569e-05
2.63004e-05
2.98878e-05
3.23267e-05
3.39754e-05
3.50934e-05
3.58633e-05
3.64015e-05
3.67785e-05
3.70344e-05
3.71866e-05
3.72282e-05
3.71129e-05
3.67107e-05
3.56918e-05
3.32326e-05
2.75149e-05
1.57839e-05
)
;

boundaryField
{
    movingWall
    {
        type            calculated;
        value           uniform 0;
    }
    fixedWalls
    {
        type            calculated;
        value           uniform 0;
    }
    frontAndBack
    {
        type            empty;
        value           nonuniform 0();
    }
}


// ************************************************************************* //
