/*--------------------------------*- C++ -*----------------------------------*\
  =========                 |
  \\      /  F ield         | OpenFOAM: The Open Source CFD Toolbox
   \\    /   O peration     | Website:  https://openfoam.org
    \\  /    A nd           | Version:  6
     \\/     M anipulation  |
\*---------------------------------------------------------------------------*/
FoamFile
{
    version     2.0;
    format      ascii;
    class       volVectorField;
    location    "0.135";
    object      U;
}
// * * * * * * * * * * * * * * * * * * * * * * * * * * * * * * * * * * * * * //

dimensions      [0 1 -1 0 0 0 0];

internalField   nonuniform List<vector> 
400
(
(4.28402e-05 -4.42482e-05 0)
(-0.000327842 0.00025715 0)
(-0.00145362 0.000491194 0)
(-0.00299479 0.000596647 0)
(-0.00466165 0.000613582 0)
(-0.00628218 0.000578352 0)
(-0.00775108 0.000511752 0)
(-0.00899708 0.000422749 0)
(-0.00996323 0.000313465 0)
(-0.0105965 0.000183552 0)
(-0.0108456 3.32306e-05 0)
(-0.010665 -0.000134638 0)
(-0.0100231 -0.000312777 0)
(-0.00891541 -0.00048765 0)
(-0.0073812 -0.000637615 0)
(-0.00552416 -0.000731955 0)
(-0.00352978 -0.000732309 0)
(-0.00167811 -0.00059735 0)
(-0.000356148 -0.000302093 0)
(5.84299e-05 5.31889e-05 0)
(-0.000261481 0.000322765 0)
(-0.00167647 0.00164649 0)
(-0.00453184 0.00261171 0)
(-0.00814914 0.00306493 0)
(-0.0119885 0.00313085 0)
(-0.0157048 0.00294104 0)
(-0.0190586 0.00258258 0)
(-0.0218771 0.00210067 0)
(-0.0240246 0.00151365 0)
(-0.0253838 0.000829042 0)
(-0.025851 5.5984e-05 0)
(-0.0253423 -0.000785498 0)
(-0.0238094 -0.00165651 0)
(-0.0212635 -0.00249153 0)
(-0.0178075 -0.00319191 0)
(-0.0136717 -0.00362454 0)
(-0.00923731 -0.00363305 0)
(-0.00504099 -0.00306813 0)
(-0.00179661 -0.00186638 0)
(-0.00025719 -0.000325561 0)
(-0.000531142 0.00149035 0)
(-0.00282932 0.00455534 0)
(-0.00704377 0.00663995 0)
(-0.0121725 0.00761542 0)
(-0.017517 0.00772273 0)
(-0.0226469 0.00722553 0)
(-0.0272526 0.00631233 0)
(-0.0311036 0.0050906 0)
(-0.0340187 0.00361254 0)
(-0.0358436 0.00190656 0)
(-0.0364443 3.45943e-06 0)
(-0.0357143 -0.00204283 0)
(-0.0335934 -0.00413695 0)
(-0.0300985 -0.00612488 0)
(-0.0253651 -0.0077808 0)
(-0.0196924 -0.00880777 0)
(-0.0135713 -0.0088679 0)
(-0.00768343 -0.00765893 0)
(-0.00296309 -0.0050704 0)
(-0.000515949 -0.00153162 0)
(-0.000711907 0.00322349 0)
(-0.00367261 0.00855304 0)
(-0.00895406 0.0119626 0)
(-0.0152523 0.0135039 0)
(-0.0217309 0.0135987 0)
(-0.0279064 0.012674 0)
(-0.0334336 0.0110372 0)
(-0.0380544 0.00886839 0)
(-0.0415639 0.00625994 0)
(-0.0437847 0.00326513 0)
(-0.0445581 -6.02526e-05 0)
(-0.0437506 -0.00362355 0)
(-0.0412759 -0.00726365 0)
(-0.0371316 -0.0107208 0)
(-0.031453 -0.0136141 0)
(-0.0245743 -0.0154433 0)
(-0.0170686 -0.0156423 0)
(-0.00975583 -0.0137082 0)
(-0.00380497 -0.00943301 0)
(-0.000672595 -0.003284 0)
(-0.000840845 0.00534101 0)
(-0.00432666 0.0133586 0)
(-0.0104988 0.0182579 0)
(-0.0177866 0.0203837 0)
(-0.0252253 0.0204114 0)
(-0.0322896 0.0189689 0)
(-0.0386155 0.0164984 0)
(-0.0439336 0.0132572 0)
(-0.0480277 0.00937638 0)
(-0.0507022 0.00492938 0)
(-0.0517701 -9.55295e-06 0)
(-0.0510575 -0.00531507 0)
(-0.0484271 -0.0107618 0)
(-0.0438242 -0.015975 0)
(-0.0373485 -0.0203924 0)
(-0.0293428 -0.0232628 0)
(-0.0204622 -0.0237253 0)
(-0.0117027 -0.0210042 0)
(-0.00453143 -0.0147341 0)
(-0.000782454 -0.00540373 0)
(-0.000954217 0.00777261 0)
(-0.00492356 0.0188735 0)
(-0.0119379 0.0254379 0)
(-0.0201755 0.0281808 0)
(-0.0285465 0.0281032 0)
(-0.0364883 0.0260763 0)
(-0.0436285 0.0226962 0)
(-0.0496974 0.0183008 0)
(-0.0544753 0.0130541 0)
(-0.0577513 0.00703771 0)
(-0.0593038 0.000328092 0)
(-0.0589005 -0.00693373 0)
(-0.0563218 -0.0144698 0)
(-0.0514168 -0.0217868 0)
(-0.0442003 -0.0281083 0)
(-0.0349865 -0.0323614 0)
(-0.0245116 -0.0332836 0)
(-0.014008 -0.02971 0)
(-0.00536088 -0.0210488 0)
(-0.000894576 -0.0078708 0)
(-0.00107756 0.0105182 0)
(-0.00556639 0.025108 0)
(-0.0134824 0.0335268 0)
(-0.022738 0.0369308 0)
(-0.0321126 0.0367209 0)
(-0.0410113 0.0340603 0)
(-0.0490631 0.0297209 0)
(-0.0560101 0.0241248 0)
(-0.0616398 0.0174594 0)
(-0.065732 0.00979542 0)
(-0.0680275 0.00118496 0)
(-0.0682191 -0.0082465 0)
(-0.065969 -0.0181962 0)
(-0.0609707 -0.0280611 0)
(-0.0530782 -0.0368185 0)
(-0.0425034 -0.0429762 0)
(-0.0300333 -0.0447039 0)
(-0.0172029 -0.0402526 0)
(-0.00651698 -0.0286881 0)
(-0.0010496 -0.0107784 0)
(-0.00122854 0.0136255 0)
(-0.00633045 0.0321558 0)
(-0.0152881 0.0426331 0)
(-0.0257027 0.0467424 0)
(-0.0362089 0.0463728 0)
(-0.0461867 0.0430369 0)
(-0.0552819 0.0377094 0)
(-0.063266 0.0309003 0)
(-0.0699521 0.0228091 0)
(-0.0751254 0.0134704 0)
(-0.0784974 0.00287373 0)
(-0.0796776 -0.00892122 0)
(-0.0781738 -0.0216411 0)
(-0.0734496 -0.0346111 0)
(-0.0650799 -0.046547 0)
(-0.0530339 -0.0554214 0)
(-0.0380448 -0.0585872 0)
(-0.0219888 -0.0533713 0)
(-0.00829822 -0.0382512 0)
(-0.00129837 -0.0143385 0)
(-0.00142165 0.0171777 0)
(-0.00727656 0.0401756 0)
(-0.017476 0.0529275 0)
(-0.0292339 0.0577705 0)
(-0.0410194 0.0571965 0)
(-0.0522007 0.0531398 0)
(-0.062463 0.046811 0)
(-0.0716346 0.0388149 0)
(-0.0795828 0.029351 0)
(-0.0861292 0.0183894 0)
(-0.0909816 0.00580747 0)
(-0.0936774 -0.00847447 0)
(-0.093547 -0.0243067 0)
(-0.0897398 -0.0410355 0)
(-0.0813861 -0.0571533 0)
(-0.0679716 -0.0699913 0)
(-0.0499306 -0.0757383 0)
(-0.0294143 -0.0702117 0)
(-0.0111914 -0.0507598 0)
(-0.00173245 -0.0189439 0)
(-0.00167452 0.0212912 0)
(-0.00847063 0.049381 0)
(-0.0201629 0.0646231 0)
(-0.0334686 0.0701867 0)
(-0.0466665 0.0693225 0)
(-0.0591351 0.0644794 0)
(-0.0706328 0.0571452 0)
(-0.0810809 0.0480304 0)
(-0.0904433 0.0373265 0)
(-0.0986257 0.0249115 0)
(-0.105385 0.0104946 0)
(-0.110231 -0.00624035 0)
(-0.112328 -0.0254139 0)
(-0.110441 -0.0465741 0)
(-0.103061 -0.0681388 0)
(-0.0888362 -0.0867697 0)
(-0.0674474 -0.0970733 0)
(-0.0410074 -0.0924128 0)
(-0.0160148 -0.0678768 0)
(-0.00253269 -0.025307 0)
(-0.00201646 0.0261262 0)
(-0.0100082 0.0600462 0)
(-0.0234966 0.0779624 0)
(-0.0385508 0.084149 0)
(-0.0532358 0.082832 0)
(-0.0669794 0.0770921 0)
(-0.0796574 0.0687425 0)
(-0.0913284 0.0586151 0)
(-0.102103 0.0468933 0)
(-0.112034 0.0333452 0)
(-0.12101 0.0174605 0)
(-0.128601 -0.00142605 0)
(-0.133877 -0.0239048 0)
(-0.135218 -0.0500197 0)
(-0.130312 -0.0784413 0)
(-0.116561 -0.105328 0)
(-0.0922186 -0.123336 0)
(-0.0586255 -0.122045 0)
(-0.024036 -0.0921485 0)
(-0.00404287 -0.034697 0)
(-0.00250245 0.031916 0)
(-0.0120479 0.0725264 0)
(-0.0276922 0.0932053 0)
(-0.0446518 0.0997612 0)
(-0.0607701 0.0976975 0)
(-0.0755903 0.0908656 0)
(-0.0891626 0.0814524 0)
(-0.101727 0.0704285 0)
(-0.113588 0.0579796 0)
(-0.125012 0.0437656 0)
(-0.13611 0.0270264 0)
(-0.146649 0.00664503 0)
(-0.155759 -0.0186682 0)
(-0.161573 -0.0498507 0)
(-0.160979 -0.0863675 0)
(-0.149855 -0.124365 0)
(-0.124283 -0.154489 0)
(-0.0836194 -0.161089 0)
(-0.0369104 -0.127045 0)
(-0.00686907 -0.0492766 0)
(-0.00323901 0.0390267 0)
(-0.0148631 0.0872931 0)
(-0.0330685 0.1106 0)
(-0.0519559 0.116997 0)
(-0.0691892 0.113679 0)
(-0.0845451 0.105415 0)
(-0.0983194 0.0947951 0)
(-0.110969 0.0829357 0)
(-0.123019 0.0700437 0)
(-0.134987 0.0556977 0)
(-0.147284 0.0388982 0)
(-0.160015 0.0180223 0)
(-0.172613 -0.00911274 0)
(-0.183299 -0.0447581 0)
(-0.188525 -0.0898685 0)
(-0.182805 -0.141451 0)
(-0.159629 -0.188747 0)
(-0.114935 -0.210077 0)
(-0.0560816 -0.17628 0)
(-0.0119474 -0.0724259 0)
(-0.00443593 0.0480719 0)
(-0.0189263 0.104972 0)
(-0.0400673 0.130292 0)
(-0.0605512 0.135532 0)
(-0.0780401 0.130127 0)
(-0.0927624 0.11987 0)
(-0.105358 0.107729 0)
(-0.116529 0.0949467 0)
(-0.127015 0.0817623 0)
(-0.137567 0.0677177 0)
(-0.148905 0.0516372 0)
(-0.161558 0.0314373 0)
(-0.175527 0.0039945 0)
(-0.189661 -0.0345203 0)
(-0.200817 -0.0871929 0)
(-0.203062 -0.153047 0)
(-0.187721 -0.221499 0)
(-0.14637 -0.265838 0)
(-0.0809847 -0.241668 0)
(-0.0202947 -0.108668 0)
(-0.00650946 0.0601316 0)
(-0.025045 0.126341 0)
(-0.0491922 0.152071 0)
(-0.0700565 0.154387 0)
(-0.0858264 0.145605 0)
(-0.0976027 0.132513 0)
(-0.10653 0.118326 0)
(-0.113592 0.104329 0)
(-0.119718 0.0907686 0)
(-0.125817 0.077185 0)
(-0.132814 0.062331 0)
(-0.141619 0.0438465 0)
(-0.152947 0.0178957 0)
(-0.166834 -0.0207908 0)
(-0.181697 -0.0776834 0)
(-0.192876 -0.154969 0)
(-0.191246 -0.244842 0)
(-0.164485 -0.319331 0)
(-0.105725 -0.319452 0)
(-0.0317523 -0.162689 0)
(-0.0102677 0.0772249 0)
(-0.0345209 0.152185 0)
(-0.0605927 0.174749 0)
(-0.0784625 0.171196 0)
(-0.0882835 0.157217 0)
(-0.0928113 0.140236 0)
(-0.093941 0.123398 0)
(-0.0930047 0.107836 0)
(-0.0910809 0.0936985 0)
(-0.0891128 0.0804959 0)
(-0.0880355 0.0670094 0)
(-0.0889149 0.0508986 0)
(-0.0930382 0.0281643 0)
(-0.101801 -0.00717791 0)
(-0.116053 -0.0624648 0)
(-0.134372 -0.143624 0)
(-0.15016 -0.248723 0)
(-0.149856 -0.355215 0)
(-0.116418 -0.396689 0)
(-0.0422139 -0.237041 0)
(-0.0171254 0.103559 0)
(-0.0489125 0.18247 0)
(-0.0719772 0.194378 0)
(-0.0783843 0.180451 0)
(-0.0738607 0.159237 0)
(-0.0639046 0.13766 0)
(-0.0512707 0.118117 0)
(-0.0375524 0.101205 0)
(-0.0238148 0.0867423 0)
(-0.0108184 0.0740952 0)
(0.000751436 0.0621121 0)
(0.0100048 0.0487615 0)
(0.0155133 0.0305695 0)
(0.0149992 0.00203803 0)
(0.00535744 -0.0445065 0)
(-0.0162105 -0.11782 0)
(-0.0488945 -0.223821 0)
(-0.0830411 -0.353654 0)
(-0.0937486 -0.448564 0)
(-0.0408522 -0.325368 0)
(-0.0284254 0.14804 0)
(-0.0663533 0.212138 0)
(-0.0682398 0.197626 0)
(-0.0442772 0.168675 0)
(-0.0118581 0.140608 0)
(0.0216525 0.11627 0)
(0.0538641 0.0961522 0)
(0.0837638 0.0798997 0)
(0.110914 0.0667914 0)
(0.135181 0.0559714 0)
(0.156449 0.0463832 0)
(0.174299 0.0364882 0)
(0.187583 0.0238346 0)
(0.19388 0.00451821 0)
(0.188956 -0.0273812 0)
(0.166745 -0.0803934 0)
(0.120881 -0.166258 0)
(0.0506263 -0.295248 0)
(-0.0186024 -0.436547 0)
(-0.00939474 -0.394315 0)
(-0.0306774 0.216506 0)
(-0.0450138 0.216904 0)
(0.0248524 0.158903 0)
(0.104059 0.119975 0)
(0.172578 0.0928675 0)
(0.230276 0.0722914 0)
(0.279082 0.056654 0)
(0.32033 0.0449185 0)
(0.355139 0.0360696 0)
(0.384512 0.0292134 0)
(0.409156 0.0235235 0)
(0.429248 0.0180498 0)
(0.444092 0.0114753 0)
(0.451597 0.00182637 0)
(0.447492 -0.0138946 0)
(0.424505 -0.0404677 0)
(0.371267 -0.0874691 0)
(0.272966 -0.177178 0)
(0.139204 -0.319668 0)
(0.0867703 -0.365147 0)
(0.261063 0.132508 0)
(0.322222 0.117769 0)
(0.443314 0.079299 0)
(0.543664 0.0541549 0)
(0.612439 0.0382343 0)
(0.661174 0.027331 0)
(0.697731 0.0196966 0)
(0.725859 0.0143824 0)
(0.747777 0.0106791 0)
(0.765049 0.00804854 0)
(0.77868 0.00607464 0)
(0.789066 0.00438211 0)
(0.795862 0.0025526 0)
(0.797723 4.24043e-05 0)
(0.791748 -0.00390949 0)
(0.772776 -0.0104796 0)
(0.730935 -0.0221247 0)
(0.649257 -0.0456326 0)
(0.489731 -0.101809 0)
(0.35799 -0.149246 0)
)
;

boundaryField
{
    movingWall
    {
        type            fixedValue;
        value           uniform (1 0 0);
    }
    fixedWalls
    {
        type            noSlip;
    }
    frontAndBack
    {
        type            empty;
    }
}


// ************************************************************************* //
