/*--------------------------------*- C++ -*----------------------------------*\
  =========                 |
  \\      /  F ield         | OpenFOAM: The Open Source CFD Toolbox
   \\    /   O peration     | Website:  https://openfoam.org
    \\  /    A nd           | Version:  6
     \\/     M anipulation  |
\*---------------------------------------------------------------------------*/
FoamFile
{
    version     2.0;
    format      ascii;
    class       volScalarField;
    location    "0.055";
    object      p;
}
// * * * * * * * * * * * * * * * * * * * * * * * * * * * * * * * * * * * * * //

dimensions      [0 2 -2 0 0 0 0];

internalField   nonuniform List<scalar> 
400
(
4.25123e-08
-0.00168254
-0.00339644
-0.00427471
-0.00393866
-0.00227339
0.000664127
0.00470711
0.00962028
0.0151204
0.0208856
0.0265635
0.0317821
0.0361722
0.0394027
0.0412324
0.0415805
0.0406018
0.0387687
0.037038
0.00166436
-6.90071e-05
-0.00137249
-0.00184267
-0.00132958
0.000255988
0.00288775
0.00644446
0.0107399
0.0155387
0.0205659
0.0255178
0.0300767
0.0339334
0.0368191
0.0385481
0.0390723
0.0385136
0.0371034
0.0353295
0.00348887
0.00112784
-0.0002972
-0.000697979
-0.000152399
0.00137561
0.00385398
0.00717342
0.0111707
0.0156373
0.0203258
0.0249583
0.0292417
0.0328879
0.0356432
0.0373253
0.0378742
0.0373576
0.0357885
0.0333625
0.00471103
0.00153484
-0.0002617
-0.000775101
-0.000268342
0.00124068
0.00369886
0.00699033
0.0109571
0.0154014
0.0200864
0.0247414
0.0290736
0.0327868
0.0356081
0.0373246
0.0378391
0.0371644
0.0351483
0.0318459
0.00493061
0.000914408
-0.00132048
-0.00199289
-0.00152049
3.10078e-05
0.00258471
0.00601164
0.010151
0.0148071
0.019744
0.0246862
0.0293263
0.033341
0.0364163
0.0382867
0.0388018
0.0379192
0.0353534
0.0310952
0.00386838
-0.00102792
-0.00373461
-0.00456608
-0.0040844
-0.00240081
0.000382119
0.0041183
0.00863935
0.0137463
0.0191979
0.0247055
0.0299357
0.0345218
0.0380872
0.0402897
0.0409049
0.0398242
0.0366307
0.0312891
0.00127242
-0.00459952
-0.00781054
-0.0087732
-0.00820775
-0.00627609
-0.00311033
0.00112312
0.00624607
0.0120547
0.0183008
0.0246792
0.0308225
0.0363067
0.0406702
0.0434634
0.044355
0.0431408
0.0392365
0.0325827
-0.00315311
-0.0101575
-0.0139076
-0.0149455
-0.01419
-0.011868
-0.00814769
-0.00321844
0.0027328
0.00950085
0.0168348
0.0244165
0.0318441
0.0386267
0.0441944
0.0479509
0.0494074
0.0482074
0.0435123
0.0352032
-0.00981255
-0.0181647
-0.0224821
-0.0235002
-0.0224075
-0.0195208
-0.0150539
-0.00922074
-0.0022124
0.00577385
0.0144971
0.0236395
0.0327754
0.0413467
0.0486554
0.0539104
0.0563925
0.0554953
0.0499703
0.0395496
-0.0192834
-0.0292454
-0.0341247
-0.0349592
-0.0333173
-0.0296431
-0.0242081
-0.0172512
-0.00895867
0.000496051
0.0109042
0.0219755
0.0332878
0.0442344
0.0539816
0.0614939
0.0657235
0.0656619
0.0593923
0.0463199
-0.0324
-0.044256
-0.0495993
-0.0499558
-0.0474389
-0.0426716
-0.0359963
-0.027674
-0.0178732
-0.00672071
0.00563946
0.0189885
0.0329599
0.0469473
0.060005
0.0708187
0.0778972
0.0796096
0.0729626
0.056696
-0.0503856
-0.0643842
-0.0698837
-0.0692211
-0.0653004
-0.0589887
-0.0507078
-0.0407331
-0.0291957
-0.0161474
-0.00162464
0.0142867
0.031358
0.0490779
0.0664683
0.0819534
0.0934964
0.0985574
0.0924569
0.0726398
-0.075092
-0.0913023
-0.0962017
-0.0935232
-0.0873173
-0.0787619
-0.0683516
-0.0563525
-0.0428294
-0.027722
-0.0109085
0.00773435
0.0282271
0.0503028
0.0731177
0.0949565
0.113216
0.124138
0.12052
0.097397
-0.10949
-0.12741
-0.130011
-0.123501
-0.11355
-0.10167
-0.0883713
-0.0738541
-0.0580617
-0.0407704
-0.0216399
-0.00025464
0.0237845
0.0506518
0.0799083
0.109996
0.137922
0.158524
0.161099
0.136424
-0.158726
-0.176199
-0.172828
-0.159269
-0.143256
-0.126472
-0.109271
-0.0916436
-0.0733025
-0.0537741
-0.0324271
-0.00847064
0.0189953
0.0507973
0.0872575
0.127496
0.168688
0.204497
0.220008
0.199028
-0.232172
-0.242637
-0.225726
-0.199725
-0.174251
-0.15052
-0.128296
-0.107051
-0.0860462
-0.064413
-0.0411338
-0.0149712
0.0155651
0.0521278
0.0961798
0.148251
0.206758
0.265277
0.305237
0.300569
-0.347477
-0.333245
-0.288482
-0.241939
-0.202567
-0.169684
-0.141629
-0.116734
-0.0934158
-0.070196
-0.0455616
-0.0177777
0.0152772
0.0561946
0.107929
0.173283
0.253432
0.344108
0.427024
0.465867
-0.545743
-0.455654
-0.355861
-0.278589
-0.221194
-0.17808
-0.144774
-0.117455
-0.0931633
-0.069612
-0.0447599
-0.0164134
0.0181285
0.0624231
0.121227
0.200571
0.306334
0.440907
0.600178
0.746753
-0.94084
-0.612385
-0.398679
-0.283521
-0.211744
-0.163775
-0.130522
-0.105267
-0.0835575
-0.0625215
-0.0399179
-0.0134588
0.0197392
0.0637989
0.125062
0.213356
0.342201
0.532257
0.836705
1.26679
-1.64735
-0.757643
-0.359103
-0.219783
-0.15447
-0.117445
-0.0952502
-0.0795707
-0.0656395
-0.0509636
-0.033883
-0.0127312
0.014737
0.0520567
0.105409
0.186425
0.317472
0.552488
1.06635
2.07051
)
;

boundaryField
{
    movingWall
    {
        type            zeroGradient;
    }
    fixedWalls
    {
        type            zeroGradient;
    }
    frontAndBack
    {
        type            empty;
    }
}


// ************************************************************************* //
