/*--------------------------------*- C++ -*----------------------------------*\
  =========                 |
  \\      /  F ield         | OpenFOAM: The Open Source CFD Toolbox
   \\    /   O peration     | Website:  https://openfoam.org
    \\  /    A nd           | Version:  6
     \\/     M anipulation  |
\*---------------------------------------------------------------------------*/
FoamFile
{
    version     2.0;
    format      ascii;
    class       volScalarField;
    location    "0.29";
    object      p;
}
// * * * * * * * * * * * * * * * * * * * * * * * * * * * * * * * * * * * * * //

dimensions      [0 2 -2 0 0 0 0];

internalField   nonuniform List<scalar> 
400
(
1.1921e-08
-0.000316452
-0.000616546
-0.000753462
-0.000676771
-0.000371182
0.000162666
0.000915588
0.00186977
0.00299313
0.00423213
0.00550698
0.00671301
0.00773158
0.00845174
0.00880001
0.00877047
0.00844339
0.00798592
0.00763658
0.000316008
-1.21198e-05
-0.00023296
-0.000289673
-0.000173511
0.000126883
0.000614737
0.00128542
0.00212583
0.00310962
0.00419148
0.00530354
0.00635693
0.00725134
0.00789382
0.00822434
0.00824095
0.00800991
0.00764457
0.00729519
0.00063135
0.000185246
-4.98187e-05
-8.55614e-05
3.96091e-05
0.0003265
0.000777788
0.00139233
0.00216334
0.00307239
0.00408256
0.0051336
0.00614178
0.00700793
0.00763571
0.00795836
0.00796685
0.0077183
0.00729512
0.00681032
0.000775625
0.000183217
-0.000108203
-0.000158026
-4.54937e-05
0.000219838
0.000639608
0.00121659
0.00195174
0.00283609
0.00384154
0.00491301
0.005965
0.00688741
0.00756418
0.00790499
0.00788275
0.00754796
0.00697415
0.00628208
0.000644545
-8.71679e-05
-0.000443241
-0.000520548
-0.000432503
-0.000196483
0.000189796
0.000734708
0.0014489
0.00233531
0.00337709
0.00452559
0.00569191
0.00674825
0.00754594
0.00795401
0.00791218
0.00745962
0.0066733
0.00571444
0.000156577
-0.000703935
-0.00112643
-0.00123989
-0.00118719
-0.000991378
-0.000647873
-0.000140889
0.000552425
0.00145072
0.00255369
0.00382501
0.0051762
0.00645924
0.00747999
0.00804357
0.00803007
0.00744984
0.00638312
0.0050615
-0.000757093
-0.00173873
-0.00222946
-0.00238839
-0.00238574
-0.00224954
-0.00197225
-0.00152949
-0.00088362
5.13471e-06
0.00116239
0.00257735
0.00417555
0.00579548
0.00718762
0.00806149
0.00819137
0.00751588
0.00609374
0.00425564
-0.00215775
-0.00325628
-0.0038189
-0.00403574
-0.00410524
-0.00406187
-0.00389643
-0.00357663
-0.00304854
-0.00224521
-0.00110136
0.000420949
0.00229148
0.00436145
0.00632939
0.00777266
0.00828484
0.00764324
0.00580934
0.00323236
-0.00410156
-0.00531613
-0.00595622
-0.00624664
-0.00641849
-0.00651715
-0.00653627
-0.00643973
-0.00615936
-0.00559713
-0.00463231
-0.00314449
-0.00106694
0.00152447
0.00431407
0.00672334
0.00806079
0.00777862
0.00556562
0.00196369
-0.00663927
-0.00797236
-0.00869441
-0.00907216
-0.00937882
-0.00967929
-0.00997861
-0.010246
-0.0104076
-0.0103366
-0.00984486
-0.00869055
-0.00663547
-0.00357796
0.000252113
0.00415025
0.00703429
0.00777593
0.00544642
0.000519407
-0.00981644
-0.0112742
-0.0120732
-0.0125364
-0.0129964
-0.013551
-0.0142291
-0.01502
-0.0158598
-0.0166059
-0.0170013
-0.0166514
-0.0150652
-0.0118241
-0.00689481
-0.000968885
0.00445319
0.00735117
0.00560901
-0.000804233
-0.0136796
-0.0152717
-0.0161162
-0.0166209
-0.0172092
-0.0180294
-0.0191487
-0.0205931
-0.0223293
-0.0242207
-0.0259548
-0.026974
-0.026477
-0.023594
-0.0178049
-0.00951323
-0.000474874
0.00616801
0.00636557
-0.00122184
-0.0182982
-0.0200332
-0.0208314
-0.0212496
-0.0218552
-0.0228675
-0.0244022
-0.0265344
-0.0292787
-0.0325251
-0.0359289
-0.0387853
-0.0399748
-0.0381082
-0.0319922
-0.0213954
-0.00792115
0.00424137
0.00844904
0.000996016
-0.0238223
-0.0256831
-0.0262191
-0.0262763
-0.0266555
-0.0276613
-0.0294556
-0.0321617
-0.0358436
-0.0404249
-0.0455432
-0.0503756
-0.0535255
-0.0531148
-0.0472241
-0.0347274
-0.0165366
0.00265871
0.0135375
0.00905184
-0.0306187
-0.032475
-0.0322776
-0.031472
-0.0312153
-0.0318814
-0.0336505
-0.0366705
-0.0410333
-0.0466755
-0.0532061
-0.0596976
-0.0645302
-0.0654336
-0.0598626
-0.0457757
-0.0230062
0.00416858
0.0247004
0.0277305
-0.03958
-0.0409111
-0.0389824
-0.0364957
-0.0350397
-0.034947
-0.0363433
-0.0393521
-0.0440442
-0.0503185
-0.0577104
-0.0651635
-0.0708539
-0.0721979
-0.0661764
-0.0500308
-0.0225319
0.0132486
0.0464303
0.0628794
-0.0529053
-0.0519441
-0.0462571
-0.0409097
-0.0376121
-0.0363576
-0.0370894
-0.0398251
-0.0445397
-0.05102
-0.0586576
-0.0662103
-0.0716151
-0.0719715
-0.06383
-0.043866
-0.0100558
0.03597
0.085494
0.122728
-0.0767651
-0.067192
-0.0538811
-0.0441637
-0.0383748
-0.0356806
-0.035649
-0.0380521
-0.0426593
-0.0490626
-0.0564483
-0.0633444
-0.0674147
-0.065395
-0.0532925
-0.026976
0.0166806
0.07803
0.152829
0.225505
-0.130375
-0.0870636
-0.0575083
-0.0422377
-0.0343111
-0.0307457
-0.030563
-0.0331626
-0.0380066
-0.0444667
-0.0515531
-0.0576256
-0.060164
-0.055633
-0.0394848
-0.00630543
0.0497837
0.13452
0.25437
0.400872
-0.255559
-0.102798
-0.0419788
-0.0257148
-0.0199798
-0.0181537
-0.0196474
-0.0237919
-0.0298472
-0.0371079
-0.0445836
-0.0506597
-0.0528562
-0.0476598
-0.0303714
0.00532949
0.0687262
0.176078
0.354162
0.624722
)
;

boundaryField
{
    movingWall
    {
        type            zeroGradient;
    }
    fixedWalls
    {
        type            zeroGradient;
    }
    frontAndBack
    {
        type            empty;
    }
}


// ************************************************************************* //
