/*--------------------------------*- C++ -*----------------------------------*\
  =========                 |
  \\      /  F ield         | OpenFOAM: The Open Source CFD Toolbox
   \\    /   O peration     | Website:  https://openfoam.org
    \\  /    A nd           | Version:  6
     \\/     M anipulation  |
\*---------------------------------------------------------------------------*/
FoamFile
{
    version     2.0;
    format      ascii;
    class       volScalarField;
    location    "0.015";
    object      p;
}
// * * * * * * * * * * * * * * * * * * * * * * * * * * * * * * * * * * * * * //

dimensions      [0 2 -2 0 0 0 0];

internalField   nonuniform List<scalar> 
400
(
1.09228e-08
6.47687e-05
0.000626445
0.00168708
0.00319846
0.00511423
0.00737941
0.0099297
0.0126934
0.0155929
0.018547
0.0214717
0.024283
0.0268986
0.0292396
0.0312337
0.0328175
0.0339369
0.0345369
0.0346167
-6.70817e-05
-7.24263e-06
0.000563375
0.00163006
0.0031455
0.00506607
0.00733746
0.00989539
0.012668
0.0155778
0.0185429
0.0214793
0.0243026
0.0269298
0.0292817
0.0312856
0.0328779
0.0340066
0.0346173
0.0346927
-0.000635438
-0.000587855
-2.41892e-07
0.00110205
0.00266727
0.00465048
0.00699571
0.00963673
0.0124997
0.0155048
0.0185683
0.0216039
0.0245246
0.0272447
0.0296821
0.0317606
0.0334137
0.0345868
0.0352196
0.0352839
-0.0017405
-0.0016977
-0.001076
9.44456e-05
0.00175632
0.00386104
0.00634877
0.00914929
0.0121848
0.0153716
0.0186218
0.0218452
0.02495
0.0278458
0.0304448
0.0326648
0.0344332
0.0356893
0.0363654
0.0364278
-0.00339871
-0.00335525
-0.00267951
-0.00140577
0.000401624
0.00268843
0.00538885
0.0084266
0.011718
0.0151737
0.0187003
0.0222014
0.0255794
0.0287363
0.0315763
0.0340083
0.0359505
0.0373327
0.0380773
0.0381451
-0.00565819
-0.00561096
-0.00485901
-0.00344236
-0.00143513
0.00110026
0.00408957
0.00744818
0.0110846
0.0149022
0.0188006
0.0226762
0.0264233
0.0299349
0.0331042
0.035828
0.0380109
0.0395695
0.0404118
0.0404907
-0.00858822
-0.00853445
-0.00768048
-0.00607487
-0.00380564
-0.000946747
0.00241596
0.00618699
0.0102651
0.014545
0.0189183
0.0232732
0.0274949
0.0314653
0.0350644
0.0381724
0.0406758
0.0424719
0.0434475
0.0435437
-0.0122805
-0.012217
-0.0112295
-0.00937953
-0.00677504
-0.00350633
0.000325142
0.00460998
0.00923529
0.0140862
0.019046
0.0239945
0.0288074
0.0333544
0.0374994
0.0411018
0.0440233
0.0461337
0.0472886
0.0474104
-0.0168546
-0.0167768
-0.0156155
-0.013452
-0.0104233
-0.00664304
-0.00223351
0.00267847
0.00796667
0.0135063
0.0191729
0.0248393
0.0303724
0.0356298
0.040457
0.044688
0.0481508
0.0506758
0.0520721
0.0522316
-0.0224657
-0.0223669
-0.0209773
-0.0184104
-0.0148461
-0.0104315
-0.00531695
0.000349502
0.00642696
0.0127816
0.0192835
0.0258014
0.0321965
0.038316
0.0439868
0.0490121
0.0531762
0.0562521
0.0579777
0.0581941
-0.0293176
-0.0291862
-0.0274907
-0.0243983
-0.0201546
-0.0149546
-0.00898566
-0.0024215
0.00458207
0.0118847
0.0193556
0.0268654
0.0342756
0.0414281
0.0481332
0.0541607
0.0592382
0.0630569
0.0652432
0.0655489
-0.0376835
-0.0374974
-0.0353786
-0.0315884
-0.0264738
-0.0202987
-0.0132983
-0.0056758
0.00239945
0.0107859
0.0193597
0.0280027
0.0365874
0.0449607
0.0529243
0.0602153
0.0664933
0.0713341
0.0741877
0.074643
-0.0479432
-0.0476567
-0.0449264
-0.0401847
-0.0339377
-0.0265451
-0.0183022
-0.00944313
-0.00014582
0.00945602
0.0192575
0.0291659
0.0390811
0.0488727
0.0583513
0.0672326
0.0751035
0.0813848
0.0852478
0.0859748
-0.0606532
-0.060163
-0.0565009
-0.0504215
-0.0426772
-0.0337549
-0.0240181
-0.0137285
-0.0030614
0.0078721
0.0190031
0.0302838
0.0416643
0.0530651
0.0643371
0.0752071
0.0852056
0.0935667
0.0990348
0.100308
-0.076691
-0.0757441
-0.0705718
-0.0625514
-0.0527957
-0.0419409
-0.0304156
-0.0184926
-0.00632318
0.00602659
0.0185464
0.0312573
0.0441891
0.057351
0.0706873
0.0840026
0.0968405
0.108268
0.116429
0.11892
-0.0975519
-0.0954958
-0.0877228
-0.0768104
-0.0643229
-0.0510246
-0.037377
-0.0236246
-0.00985591
0.00394061
0.0178406
0.0319604
0.0464397
0.0614224
0.0770197
0.0932329
0.109792
0.125773
0.138617
0.143967
-0.126055
-0.121121
-0.108676
-0.0933811
-0.0771541
-0.0607758
-0.0446504
-0.0289084
-0.0135093
0.00168256
0.0168587
0.0322522
0.0481362
0.064828
0.0826856
0.102073
0.123224
0.145698
0.166586
0.178822
-0.169037
-0.155451
-0.134257
-0.112176
-0.0907909
-0.0706
-0.0517001
-0.033923
-0.0169863
-0.000572004
0.0156529
0.0320456
0.0490132
0.0670547
0.0868222
0.109197
0.13531
0.16623
0.201539
0.233254
-0.246333
-0.200914
-0.161632
-0.129952
-0.102562
-0.0784817
-0.0570815
-0.0376582
-0.0195864
-0.0023436
0.0145338
0.0315009
0.0490636
0.0678675
0.0888569
0.113569
0.144652
0.187193
0.252748
0.343804
-0.393179
-0.243126
-0.172044
-0.135394
-0.106126
-0.0806552
-0.0584803
-0.0386432
-0.0203248
-0.00292868
0.0140408
0.031059
0.0486549
0.0675333
0.0888463
0.11489
0.151037
0.210155
0.323706
0.53021
)
;

boundaryField
{
    movingWall
    {
        type            zeroGradient;
    }
    fixedWalls
    {
        type            zeroGradient;
    }
    frontAndBack
    {
        type            empty;
    }
}


// ************************************************************************* //
