/*--------------------------------*- C++ -*----------------------------------*\
  =========                 |
  \\      /  F ield         | OpenFOAM: The Open Source CFD Toolbox
   \\    /   O peration     | Website:  https://openfoam.org
    \\  /    A nd           | Version:  6
     \\/     M anipulation  |
\*---------------------------------------------------------------------------*/
FoamFile
{
    version     2.0;
    format      ascii;
    class       volScalarField;
    location    "0.03";
    object      p;
}
// * * * * * * * * * * * * * * * * * * * * * * * * * * * * * * * * * * * * * //

dimensions      [0 2 -2 0 0 0 0];

internalField   nonuniform List<scalar> 
400
(
-8.24412e-09
-0.000696524
-0.000948579
-0.000476127
0.000716305
0.00256966
0.00500114
0.00791188
0.0111913
0.0147181
0.0183608
0.0219797
0.0254294
0.0285628
0.0312349
0.0333097
0.0346715
0.0352417
0.0350162
0.0343013
0.000688339
-3.24195e-05
-0.000172913
0.000361325
0.00152497
0.00328696
0.00558898
0.00834648
0.0114579
0.0148083
0.0182716
0.021713
0.0249926
0.0279699
0.0305093
0.0324896
0.03382
0.0344505
0.0343357
0.0335939
0.000970959
5.49428e-05
-0.000118832
0.000426829
0.00158763
0.0033332
0.00561184
0.0083435
0.01143
0.0147589
0.0182054
0.0216354
0.024909
0.0278853
0.0304281
0.0324159
0.0337601
0.034408
0.0342543
0.0333053
0.000563958
-0.00055268
-0.000799329
-0.00025125
0.000942335
0.00274271
0.00509572
0.00791939
0.0111141
0.0145657
0.0181469
0.0217198
0.0251394
0.0282576
0.0309293
0.0330218
0.0344355
0.0351028
0.0348724
0.0337069
-0.000589682
-0.00188299
-0.00219398
-0.00162291
-0.000352205
0.00157032
0.00408497
0.00710446
0.0105245
0.0142259
0.0180759
0.0219293
0.0256314
0.0290217
0.0319389
0.0342315
0.035781
0.0365011
0.0362046
0.0348407
-0.00254227
-0.0040196
-0.00438701
-0.00376233
-0.00236042
-0.000240005
0.00253095
0.00585685
0.0096258
0.0137113
0.0179723
0.0222536
0.026387
0.030194
0.0334903
0.0360964
0.0378658
0.0386865
0.0383336
0.0367522
-0.00537155
-0.00706869
-0.00748975
-0.00677393
-0.00517692
-0.00277253
0.000359458
0.00411194
0.008363
0.012977
0.017803
0.0226739
0.0274056
0.0317967
0.0356317
0.0386924
0.0407909
0.0417763
0.0413721
0.0395192
-0.00919299
-0.0111678
-0.0116425
-0.010789
-0.00892068
-0.00613348
-0.00252385
0.00178611
0.00666238
0.0119593
0.0175164
0.0231548
0.0286732
0.0338441
0.0384129
0.0421083
0.0446822
0.0459229
0.0454732
0.0432615
-0.014172
-0.0165052
-0.0170329
-0.0159808
-0.0137465
-0.0104596
-0.00623979
-0.00122822
0.00442744
0.0105722
0.0170384
0.0236386
0.0301567
0.0363384
0.041883
0.0464497
0.0497034
0.0513349
0.0508541
0.0481549
-0.0205383
-0.0233395
-0.023913
-0.0225753
-0.0198513
-0.0159214
-0.0109371
-0.00506352
0.00153717
0.00870339
0.0162657
0.0240356
0.0317905
0.0392543
0.0460775
0.0518324
0.0560607
0.0582974
0.057826
0.0544517
-0.0286129
-0.0320298
-0.0326214
-0.0308641
-0.02748
-0.0227241
-0.016791
-0.00987506
-0.00215291
0.00621229
0.0150591
0.0242117
0.0334574
0.0425142
0.0509912
0.0583618
0.064001
0.0671997
0.0668458
0.062525
-0.0388611
-0.043087
-0.0436163
-0.041221
-0.0369301
-0.0311057
-0.023997
-0.0158332
-0.00680397
0.00293378
0.013241
0.0239761
0.0349645
0.0459511
0.0565327
0.0660907
0.0737945
0.0785656
0.0786026
0.0729716
-0.0520056
-0.0572633
-0.0575244
-0.0541196
-0.048553
-0.0413266
-0.0327541
-0.0231035
-0.012574
-0.0013054
0.0106046
0.0230781
0.0360206
0.0492614
0.0624521
0.0749375
0.08568
0.0930829
0.0941727
0.0868632
-0.0692736
-0.0757056
-0.0751992
-0.0701411
-0.0627351
-0.0536364
-0.0432224
-0.0317995
-0.0195696
-0.00664068
0.00695358
0.0212328
0.0362371
0.0519647
0.0682466
0.0845449
0.0997349
0.1116
0.115289
0.106354
-0.092946
-0.10021
-0.0977561
-0.0899246
-0.0798157
-0.0681737
-0.0554144
-0.0418725
-0.0277359
-0.0130603
0.00220927
0.0182232
0.0352096
0.0534351
0.0730954
0.094082
0.115584
0.134932
0.144624
0.135874
-0.12748
-0.133583
-0.126506
-0.113973
-0.0998409
-0.0846986
-0.0689318
-0.052864
-0.0366267
-0.0201833
-0.00335925
0.0141516
0.0327982
0.0531916
0.0760905
0.10228
0.132085
0.163249
0.185579
0.183625
-0.181707
-0.179869
-0.162521
-0.142071
-0.121892
-0.10194
-0.0824101
-0.0634657
-0.0450531
-0.0269549
-0.00882559
0.00981799
0.029652
0.0516558
0.0772863
0.108678
0.148367
0.196415
0.242576
0.263942
-0.275436
-0.243169
-0.203641
-0.170497
-0.141869
-0.116048
-0.0925744
-0.0710165
-0.050862
-0.0315842
-0.0126167
0.00671267
0.0273058
0.0505276
0.0786331
0.115436
0.166613
0.237608
0.327129
0.409687
-0.461585
-0.321327
-0.232181
-0.183028
-0.147577
-0.118372
-0.0935103
-0.071542
-0.0513615
-0.0321945
-0.0133685
0.00587258
0.0265703
0.0504171
0.0804829
0.122526
0.186571
0.288884
0.459153
0.695976
-0.806654
-0.388507
-0.21367
-0.157374
-0.126616
-0.102391
-0.0819676
-0.0635508
-0.0459933
-0.028743
-0.0113814
0.00664735
0.0262366
0.0489884
0.0780769
0.120315
0.190771
0.32329
0.605427
1.13462
)
;

boundaryField
{
    movingWall
    {
        type            zeroGradient;
    }
    fixedWalls
    {
        type            zeroGradient;
    }
    frontAndBack
    {
        type            empty;
    }
}


// ************************************************************************* //
