/*--------------------------------*- C++ -*----------------------------------*\
  =========                 |
  \\      /  F ield         | OpenFOAM: The Open Source CFD Toolbox
   \\    /   O peration     | Website:  https://openfoam.org
    \\  /    A nd           | Version:  6
     \\/     M anipulation  |
\*---------------------------------------------------------------------------*/
FoamFile
{
    version     2.0;
    format      ascii;
    class       volScalarField;
    location    "0.155";
    object      p;
}
// * * * * * * * * * * * * * * * * * * * * * * * * * * * * * * * * * * * * * //

dimensions      [0 2 -2 0 0 0 0];

internalField   nonuniform List<scalar> 
400
(
-1.85e-08
-0.00027933
-0.000503756
-0.000546666
-0.000374741
1.48204e-05
0.000611097
0.0013963
0.00234723
0.00343281
0.00461065
0.00582447
0.00700375
0.00806692
0.00892933
0.00951716
0.00978682
0.00974543
0.00946866
0.00914347
0.000278724
-9.50197e-06
-0.000171103
-0.000159177
2.85964e-05
0.000397761
0.000945491
0.00166087
0.00252591
0.00351363
0.00458562
0.00569042
0.00676399
0.00773331
0.00852433
0.00907495
0.00935255
0.00936651
0.00915701
0.0088246
0.000514224
0.000131966
-4.28762e-05
-2.01803e-05
0.000167025
0.000519575
0.0010371
0.00171285
0.00253361
0.00347701
0.00450861
0.00558006
0.00662916
0.00758324
0.00836689
0.00891541
0.00919356
0.00920519
0.00896058
0.00851632
0.000566137
7.46476e-05
-0.00014417
-0.000134304
4.28787e-05
0.000382612
0.000885168
0.00154693
0.00235928
0.00330462
0.00435225
0.00545541
0.00655012
0.00755767
0.00839219
0.0089758
0.00926136
0.00924402
0.00891708
0.00833027
0.000368356
-0.000222313
-0.000488753
-0.000497688
-0.00033218
-9.61956e-07
0.000497505
0.00116329
0.00199305
0.00297467
0.0040817
0.00526857
0.00646755
0.00758946
0.00853095
0.00919204
0.00950561
0.0094551
0.00902564
0.00828281
-0.000123274
-0.000807414
-0.00112183
-0.00115081
-0.000995754
-0.000668141
-0.000164267
0.000520676
0.00138992
0.00243847
0.00364574
0.00496847
0.00633469
0.00764135
0.00876009
0.00955767
0.00993488
0.00985561
0.00929823
0.00836172
-0.00094519
-0.00172611
-0.00209061
-0.00214011
-0.00199454
-0.00166796
-0.00115375
-0.000441023
0.000482075
0.00162047
0.00296295
0.00447217
0.00607419
0.00765075
0.00904086
0.0100628
0.0105652
0.0104744
0.00975103
0.0085424
-0.00213571
-0.00302506
-0.00344436
-0.00351581
-0.00338154
-0.00305916
-0.00253875
-0.00180188
-0.000825396
0.000409707
0.00190752
0.00364402
0.00555073
0.00749812
0.0092873
0.0106687
0.0114068
0.0113525
0.010414
0.00879679
-0.00374202
-0.00475887
-0.00524019
-0.0053365
-0.00521954
-0.00491287
-0.00440357
-0.00366455
-0.00265865
-0.00134781
0.000295659
0.00227347
0.00453859
0.00696537
0.00932154
0.0112706
0.0124441
0.0125464
0.0113493
0.00910685
-0.005825
-0.00699528
-0.00754636
-0.00766999
-0.00757964
-0.00730923
-0.00684418
-0.00614881
-0.00517056
-0.00384823
-0.00212155
5.40516e-05
0.00268059
0.00567205
0.00879283
0.0116166
0.0135799
0.0141136
0.012676
0.00949622
-0.00846498
-0.00982094
-0.0104449
-0.0105917
-0.0105356
-0.0103278
-0.00995473
-0.00937444
-0.00852088
-0.00730986
-0.00564314
-0.00341594
-0.000538909
0.00300679
0.00706312
0.0111658
0.0145097
0.0160526
0.0145931
0.0101044
-0.0117729
-0.0133513
-0.014035
-0.0141803
-0.0141528
-0.0140295
-0.0138018
-0.0134262
-0.0128304
-0.0119157
-0.0105515
-0.00856546
-0.00574276
-0.00186768
0.00313405
0.00893138
0.0145295
0.0181658
0.0173799
0.0113492
-0.0159147
-0.0177485
-0.0184365
-0.0185085
-0.0184683
-0.0184271
-0.0183824
-0.0182951
-0.0180996
-0.0177017
-0.016961
-0.0156528
-0.0134207
-0.0097603
-0.00414803
0.00355726
0.0124601
0.0199273
0.0213984
0.0142744
-0.0211665
-0.0232553
-0.023793
-0.0236238
-0.0234581
-0.0234394
-0.0235639
-0.0237993
-0.0240997
-0.0244012
-0.0245894
-0.0244274
-0.0234392
-0.0207869
-0.015298
-0.00591715
0.00715953
0.0206818
0.0272611
0.0211553
-0.0280384
-0.0302548
-0.0302605
-0.0295017
-0.0289767
-0.0288253
-0.029013
-0.0295051
-0.0302805
-0.0313225
-0.0325724
-0.0338219
-0.0345206
-0.0335232
-0.0289435
-0.0185033
-0.000992016
0.0206214
0.0363597
0.0360396
-0.0375526
-0.0393609
-0.0379402
-0.0359355
-0.0346488
-0.0340881
-0.0341233
-0.034689
-0.0357728
-0.0373949
-0.0395439
-0.0420359
-0.0442577
-0.0448062
-0.0411816
-0.0299469
-0.00816917
0.0226837
0.0519361
0.0647275
-0.0519379
-0.0515331
-0.0467261
-0.0423812
-0.0397425
-0.0383914
-0.0379946
-0.0384
-0.0395568
-0.0414683
-0.0441038
-0.0472227
-0.0500718
-0.0509633
-0.0468889
-0.0335648
-0.00666005
0.0345382
0.0815221
0.116363
-0.0770726
-0.0680616
-0.0559538
-0.0476837
-0.0429379
-0.0404138
-0.0394087
-0.0395661
-0.0406978
-0.0426982
-0.0454143
-0.0484262
-0.0507057
-0.0501609
-0.0432084
-0.0247512
0.0107778
0.0666466
0.139584
0.211476
-0.131381
-0.0885777
-0.0604286
-0.0468975
-0.0402579
-0.0370369
-0.0360106
-0.0364943
-0.0380467
-0.0403908
-0.0432143
-0.0458847
-0.0470758
-0.0442864
-0.033322
-0.00793748
0.039878
0.118655
0.236399
0.382876
-0.256363
-0.104097
-0.044793
-0.0304516
-0.0262011
-0.0249136
-0.0257677
-0.0280299
-0.0310723
-0.0345402
-0.0380852
-0.0410134
-0.0419075
-0.0381577
-0.0253815
0.00341656
0.0592894
0.160908
0.336589
0.607038
)
;

boundaryField
{
    movingWall
    {
        type            zeroGradient;
    }
    fixedWalls
    {
        type            zeroGradient;
    }
    frontAndBack
    {
        type            empty;
    }
}


// ************************************************************************* //
