/*--------------------------------*- C++ -*----------------------------------*\
  =========                 |
  \\      /  F ield         | OpenFOAM: The Open Source CFD Toolbox
   \\    /   O peration     | Website:  https://openfoam.org
    \\  /    A nd           | Version:  6
     \\/     M anipulation  |
\*---------------------------------------------------------------------------*/
FoamFile
{
    version     2.0;
    format      ascii;
    class       volVectorField;
    location    "0.155";
    object      U;
}
// * * * * * * * * * * * * * * * * * * * * * * * * * * * * * * * * * * * * * //

dimensions      [0 1 -1 0 0 0 0];

internalField   nonuniform List<vector> 
400
(
(5.443e-05 -5.589e-05 0)
(-0.000287128 0.000238707 0)
(-0.00138705 0.000478862 0)
(-0.00292693 0.000595153 0)
(-0.00462127 0.000622231 0)
(-0.00629158 0.000594291 0)
(-0.00782342 0.000531875 0)
(-0.00913664 0.000444148 0)
(-0.0101657 0.000333118 0)
(-0.0108485 0.000198011 0)
(-0.0111242 3.87889e-05 0)
(-0.0109383 -0.000141121 0)
(-0.010254 -0.000332469 0)
(-0.00906879 -0.000518114 0)
(-0.00743476 -0.00067175 0)
(-0.00547951 -0.000758703 0)
(-0.00341884 -0.000740216 0)
(-0.00155693 -0.000581076 0)
(-0.000278552 -0.000270102 0)
(8.09422e-05 7.46606e-05 0)
(-0.000243141 0.000281711 0)
(-0.00162373 0.00159294 0)
(-0.00447141 0.00259267 0)
(-0.00813819 0.00309748 0)
(-0.0120876 0.00321068 0)
(-0.0159594 0.00305361 0)
(-0.0194929 0.00271089 0)
(-0.022493 0.002228 0)
(-0.0248027 0.00162313 0)
(-0.0262831 0.000903055 0)
(-0.0268096 7.73471e-05 0)
(-0.0262804 -0.000829774 0)
(-0.0246382 -0.00176929 0)
(-0.0219009 -0.00265913 0)
(-0.0181993 -0.00338054 0)
(-0.0138132 -0.00378435 0)
(-0.00918498 -0.00371358 0)
(-0.0049017 -0.00304451 0)
(-0.00168275 -0.00176741 0)
(-0.000219027 -0.000246997 0)
(-0.000520433 0.00142486 0)
(-0.00281779 0.00449626 0)
(-0.00709088 0.00667401 0)
(-0.0123603 0.00777203 0)
(-0.0179233 0.00798782 0)
(-0.0233263 0.0075621 0)
(-0.0282291 0.00667674 0)
(-0.0323701 0.00543928 0)
(-0.0355376 0.00390221 0)
(-0.0375473 0.00209376 0)
(-0.038236 4.77634e-05 0)
(-0.0374729 -0.00217026 0)
(-0.0351852 -0.00444026 0)
(-0.0313979 -0.00656979 0)
(-0.0262826 -0.00828748 0)
(-0.0202049 -0.00926033 0)
(-0.0137394 -0.00914846 0)
(-0.00764298 -0.00770362 0)
(-0.00287382 -0.00492715 0)
(-0.000478286 -0.00138691 0)
(-0.000715117 0.00316403 0)
(-0.00372652 0.00855654 0)
(-0.0091555 0.012144 0)
(-0.0157037 0.0138965 0)
(-0.0225195 0.0141702 0)
(-0.0290891 0.0133567 0)
(-0.0350307 0.0117529 0)
(-0.040049 0.00953904 0)
(-0.0439032 0.00680822 0)
(-0.0463791 0.00361413 0)
(-0.0472816 1.85557e-05 0)
(-0.0464449 -0.00386552 0)
(-0.0437626 -0.00783471 0)
(-0.039236 -0.0115635 0)
(-0.033039 -0.0145922 0)
(-0.0255838 -0.0163558 0)
(-0.0175517 -0.0162782 0)
(-0.0098693 -0.0139392 0)
(-0.00376068 -0.00931116 0)
(-0.000638445 -0.00308958 0)
(-0.000857772 0.00532566 0)
(-0.00444583 0.0135041 0)
(-0.0108537 0.0186893 0)
(-0.0184974 0.0211267 0)
(-0.0263865 0.0214078 0)
(-0.0339602 0.0201145 0)
(-0.0408146 0.017676 0)
(-0.0466409 0.0143503 0)
(-0.0511836 0.0102688 0)
(-0.0542055 0.00550441 0)
(-0.0554746 0.000138337 0)
(-0.054773 -0.00567638 0)
(-0.0519291 -0.0116539 0)
(-0.0468786 -0.0173224 0)
(-0.0397529 -0.0219983 0)
(-0.0309803 -0.0248237 0)
(-0.021351 -0.024906 0)
(-0.0120132 -0.0215745 0)
(-0.00453937 -0.014722 0)
(-0.000749345 -0.00518109 0)
(-0.000981243 0.00783403 0)
(-0.00509351 0.0192306 0)
(-0.0124159 0.0262101 0)
(-0.0210984 0.0293769 0)
(-0.0300179 0.0296327 0)
(-0.0385742 0.0277958 0)
(-0.046355 0.0244483 0)
(-0.0530521 0.0199293 0)
(-0.0584062 0.0144009 0)
(-0.0621607 0.00793939 0)
(-0.0640393 0.000624625 0)
(-0.0637488 -0.00737199 0)
(-0.0610124 -0.0156964 0)
(-0.0556425 -0.0237239 0)
(-0.0476642 -0.0305037 0)
(-0.0374733 -0.0347931 0)
(-0.0259688 -0.0352509 0)
(-0.0145998 -0.0308227 0)
(-0.00544131 -0.0212622 0)
(-0.000860957 -0.00764187 0)
(-0.00111007 0.0106787 0)
(-0.00576751 0.0257276 0)
(-0.0140416 0.0347097 0)
(-0.0238085 0.038663 0)
(-0.0338111 0.0388775 0)
(-0.0434184 0.036459 0)
(-0.0522234 0.0321666 0)
(-0.0599346 0.0264232 0)
(-0.0663027 0.0194095 0)
(-0.07106 0.0111806 0)
(-0.0738829 0.00178025 0)
(-0.0743821 -0.00864208 0)
(-0.0721281 -0.0196998 0)
(-0.0667328 -0.030626 0)
(-0.058014 -0.0401592 0)
(-0.0462379 -0.0465455 0)
(-0.0323737 -0.0477845 0)
(-0.0182592 -0.0422041 0)
(-0.00673003 -0.0293048 0)
(-0.00102062 -0.0105784 0)
(-0.00126202 0.0138961 0)
(-0.00654258 0.0330673 0)
(-0.0158843 0.0442725 0)
(-0.0268519 0.0490723 0)
(-0.0380454 0.0492354 0)
(-0.048814 0.0462155 0)
(-0.0587754 0.0409773 0)
(-0.0676771 0.0340316 0)
(-0.0753034 0.0255622 0)
(-0.0813951 0.0155711 0)
(-0.0855922 0.00401634 0)
(-0.0873992 -0.00904 0)
(-0.0861871 -0.0232495 0)
(-0.0812698 -0.0377527 0)
(-0.0721039 -0.0509565 0)
(-0.0586442 -0.0604444 0)
(-0.0417974 -0.0632359 0)
(-0.0238448 -0.0566209 0)
(-0.0087715 -0.0395752 0)
(-0.00129216 -0.0142437 0)
(-0.00145167 0.0175587 0)
(-0.00747918 0.0413869 0)
(-0.0180628 0.0550444 0)
(-0.0303878 0.0607366 0)
(-0.0428953 0.0608265 0)
(-0.054931 0.0571912 0)
(-0.0661648 0.0510368 0)
(-0.0764152 0.0429689 0)
(-0.0855362 0.0331602 0)
(-0.0933153 0.0215228 0)
(-0.0993895 0.0078658 0)
(-0.103171 -0.00793209 0)
(-0.103802 -0.0256835 0)
(-0.100192 -0.0445564 0)
(-0.0912269 -0.0626735 0)
(-0.0762538 -0.076813 0)
(-0.0558196 -0.0825675 0)
(-0.0325717 -0.0754582 0)
(-0.0121397 -0.0533072 0)
(-0.00178679 -0.0191138 0)
(-0.00169614 0.0217715 0)
(-0.0086405 0.0508766 0)
(-0.0206867 0.06721 0)
(-0.0345387 0.073798 0)
(-0.0484572 0.0737548 0)
(-0.0618097 0.0694764 0)
(-0.074354 0.0624555 0)
(-0.0860218 0.0534057 0)
(-0.096785 0.0424789 0)
(-0.106536 0.0294639 0)
(-0.114972 0.0139489 0)
(-0.121467 -0.00449626 0)
(-0.124947 -0.026033 0)
(-0.123836 -0.0500838 0)
(-0.116224 -0.0746655 0)
(-0.100447 -0.0957 0)
(-0.0761716 -0.10682 0)
(-0.0460367 -0.100624 0)
(-0.0177296 -0.0724506 0)
(-0.00270993 -0.0260323 0)
(-0.00202349 0.0266809 0)
(-0.0101162 0.0617818 0)
(-0.0238893 0.0809748 0)
(-0.0394207 0.0883729 0)
(-0.0547698 0.0880567 0)
(-0.0693636 0.0830617 0)
(-0.0830935 0.0752201 0)
(-0.0960491 0.0653729 0)
(-0.108374 0.0536529 0)
(-0.120135 0.0397037 0)
(-0.131182 0.0228267 0)
(-0.140956 0.00214038 0)
(-0.148252 -0.0231134 0)
(-0.151024 -0.0529627 0)
(-0.146418 -0.085691 0)
(-0.131354 -0.11653 0)
(-0.103911 -0.1367 0)
(-0.0658636 -0.134334 0)
(-0.0268139 -0.0998292 0)
(-0.00443173 -0.0364345 0)
(-0.00248697 0.0325021 0)
(-0.0120568 0.0744203 0)
(-0.0278655 0.0965484 0)
(-0.0451663 0.104503 0)
(-0.0618085 0.10363 0)
(-0.0773417 0.0977468 0)
(-0.0918427 0.0890767 0)
(-0.105598 0.0786102 0)
(-0.118964 0.0664755 0)
(-0.132246 0.0521725 0)
(-0.145543 0.034676 0)
(-0.158511 0.0125263 0)
(-0.170011 -0.0158988 0)
(-0.17772 -0.0516746 0)
(-0.177944 -0.0939281 0)
(-0.166016 -0.137715 0)
(-0.137736 -0.171796 0)
(-0.0926525 -0.178327 0)
(-0.0408942 -0.138989 0)
(-0.00758169 -0.0526454 0)
(-0.00319168 0.0395783 0)
(-0.0147284 0.0892158 0)
(-0.0329139 0.114112 0)
(-0.0519189 0.122075 0)
(-0.0694208 0.120123 0)
(-0.0852028 0.113004 0)
(-0.0995892 0.103363 0)
(-0.113085 0.0923523 0)
(-0.126272 0.0801164 0)
(-0.139714 0.0660423 0)
(-0.153831 0.0487905 0)
(-0.168651 0.0262669 0)
(-0.183395 -0.00421015 0)
(-0.195921 -0.045177 0)
(-0.202228 -0.0972943 0)
(-0.196432 -0.156359 0)
(-0.171773 -0.209449 0)
(-0.124075 -0.232196 0)
(-0.0609723 -0.19321 0)
(-0.0130831 -0.0781254 0)
(-0.00434851 0.0484963 0)
(-0.0186042 0.106738 0)
(-0.039472 0.133729 0)
(-0.0597494 0.14065 0)
(-0.0771151 0.136736 0)
(-0.0917989 0.127768 0)
(-0.104462 0.116788 0)
(-0.115838 0.105083 0)
(-0.126706 0.0928292 0)
(-0.137852 0.0793553 0)
(-0.150011 0.0630916 0)
(-0.163691 0.0413936 0)
(-0.178802 0.0105339 0)
(-0.194042 -0.0336716 0)
(-0.206121 -0.0940074 0)
(-0.209059 -0.168247 0)
(-0.194145 -0.243699 0)
(-0.152605 -0.291052 0)
(-0.0856307 -0.26301 0)
(-0.0217942 -0.117217 0)
(-0.00638267 0.0603137 0)
(-0.0245192 0.127716 0)
(-0.0480908 0.155107 0)
(-0.0683426 0.159132 0)
(-0.0834831 0.151878 0)
(-0.0946101 0.140126 0)
(-0.102879 0.127173 0)
(-0.109284 0.114347 0)
(-0.114759 0.101832 0)
(-0.120227 0.0889497 0)
(-0.126635 0.0740519 0)
(-0.134941 0.0542083 0)
(-0.145927 0.0249906 0)
(-0.159739 -0.0191715 0)
(-0.175002 -0.0833735 0)
(-0.18741 -0.16861 0)
(-0.188132 -0.265396 0)
(-0.164488 -0.343929 0)
(-0.108031 -0.342503 0)
(-0.0331536 -0.173861 0)
(-0.0101283 0.0770592 0)
(-0.0338612 0.15293 0)
(-0.0590847 0.177028 0)
(-0.0759476 0.175096 0)
(-0.0846292 0.162576 0)
(-0.0878877 0.146876 0)
(-0.0876277 0.131214 0)
(-0.0851725 0.116754 0)
(-0.0815832 0.103583 0)
(-0.0778027 0.0910144 0)
(-0.074812 0.0774743 0)
(-0.073798 0.0601321 0)
(-0.0762598 0.0345143 0)
(-0.0838946 -0.00551557 0)
(-0.0979665 -0.0668006 0)
(-0.117631 -0.15416 0)
(-0.136879 -0.264555 0)
(-0.142078 -0.374801 0)
(-0.114448 -0.416935 0)
(-0.0426646 -0.249134 0)
(-0.0170474 0.103045 0)
(-0.0483583 0.182486 0)
(-0.070505 0.195669 0)
(-0.0757259 0.183151 0)
(-0.0697651 0.163212 0)
(-0.0581375 0.142749 0)
(-0.0436176 0.124201 0)
(-0.0277897 0.108184 0)
(-0.0117027 0.0944608 0)
(0.00386867 0.0822481 0)
(0.0181554 0.070124 0)
(0.0300767 0.0556944 0)
(0.037893 0.0351599 0)
(0.0389334 0.00300366 0)
(0.0296746 -0.0478721 0)
(0.00684523 -0.125131 0)
(-0.0293359 -0.233899 0)
(-0.0695591 -0.365699 0)
(-0.0876919 -0.461965 0)
(-0.0398075 -0.335219 0)
(-0.0285109 0.147394 0)
(-0.066293 0.211631 0)
(-0.0675906 0.197989 0)
(-0.04269 0.170072 0)
(-0.00894801 0.142956 0)
(0.0262379 0.119446 0)
(0.0604333 0.100042 0)
(0.0926101 0.0843934 0)
(0.122317 0.071744 0)
(0.149372 0.0611429 0)
(0.173537 0.0513648 0)
(0.194157 0.0406446 0)
(0.209726 0.0263295 0)
(0.217394 0.00452724 0)
(0.212555 -0.0302139 0)
(0.188935 -0.0854487 0)
(0.139999 -0.172057 0)
(0.0646115 -0.300866 0)
(-0.011371 -0.442512 0)
(-0.00748009 -0.399448 0)
(-0.0309027 0.215995 0)
(-0.0455254 0.216224 0)
(0.0243284 0.158608 0)
(0.103881 0.120224 0)
(0.173222 0.0936435 0)
(0.232186 0.0735324 0)
(0.282632 0.0582867 0)
(0.32584 0.0468635 0)
(0.362875 0.03823 0)
(0.394658 0.0314497 0)
(0.421751 0.0256186 0)
(0.444099 0.019682 0)
(0.460672 0.0122289 0)
(0.468993 0.00128774 0)
(0.464473 -0.0159185 0)
(0.439777 -0.0436502 0)
(0.383826 -0.0907816 0)
(0.281983 -0.17958 0)
(0.143876 -0.321358 0)
(0.0880991 -0.366413 0)
(0.260926 0.132334 0)
(0.32178 0.117459 0)
(0.442584 0.0790277 0)
(0.54285 0.0540031 0)
(0.61187 0.0382253 0)
(0.661174 0.0274599 0)
(0.698557 0.0199459 0)
(0.727711 0.0147275 0)
(0.750791 0.0110887 0)
(0.769287 0.00848062 0)
(0.784095 0.00646828 0)
(0.795454 0.0046509 0)
(0.802814 0.00258721 0)
(0.804614 -0.000266112 0)
(0.797816 -0.00461653 0)
(0.777329 -0.0115202 0)
(0.733669 -0.0232598 0)
(0.650457 -0.0465572 0)
(0.489951 -0.102412 0)
(0.35798 -0.149423 0)
)
;

boundaryField
{
    movingWall
    {
        type            fixedValue;
        value           uniform (1 0 0);
    }
    fixedWalls
    {
        type            noSlip;
    }
    frontAndBack
    {
        type            empty;
    }
}


// ************************************************************************* //
