/*--------------------------------*- C++ -*----------------------------------*\
  =========                 |
  \\      /  F ield         | OpenFOAM: The Open Source CFD Toolbox
   \\    /   O peration     | Website:  https://openfoam.org
    \\  /    A nd           | Version:  6
     \\/     M anipulation  |
\*---------------------------------------------------------------------------*/
FoamFile
{
    version     2.0;
    format      ascii;
    class       surfaceScalarField;
    location    "0.035";
    object      phi;
}
// * * * * * * * * * * * * * * * * * * * * * * * * * * * * * * * * * * * * * //

dimensions      [0 3 -1 0 0 0 0];

internalField   nonuniform List<scalar> 
760
(
-8.73503e-09
8.73504e-09
-6.10906e-08
5.23556e-08
-1.39013e-07
7.79224e-08
-2.24374e-07
8.53614e-08
-3.06434e-07
8.20596e-08
-3.79325e-07
7.28913e-08
-4.39704e-07
6.03788e-08
-4.8544e-07
4.5736e-08
-5.15019e-07
2.9579e-08
-5.2734e-07
1.23208e-08
-5.21689e-07
-5.65098e-09
-4.97786e-07
-2.39029e-08
-4.55877e-07
-4.19093e-08
-3.96898e-07
-5.89785e-08
-3.22822e-07
-7.40769e-08
-2.37363e-07
-8.54589e-08
-1.47326e-07
-9.00367e-08
-6.48248e-08
-8.25011e-08
-9.4176e-09
-5.54073e-08
-9.41759e-09
-5.23542e-08
6.10892e-08
-1.80875e-07
1.80877e-07
-3.52239e-07
2.49287e-07
-5.36914e-07
2.70035e-07
-7.14565e-07
2.59711e-07
-8.72691e-07
2.31018e-07
-1.00364e-06
1.91326e-07
-1.10244e-06
1.44538e-07
-1.16569e-06
9.28279e-08
-1.19107e-06
3.76977e-08
-1.17722e-06
-1.95024e-08
-1.12379e-06
-7.73241e-08
-1.03166e-06
-1.34042e-07
-9.03245e-07
-1.87395e-07
-7.43241e-07
-2.34081e-07
-5.59935e-07
-2.68765e-07
-3.67396e-07
-2.82576e-07
-1.88213e-07
-2.61684e-07
-5.42025e-08
-1.89417e-07
-6.36202e-08
-8.20766e-08
1.43166e-07
-2.63291e-07
3.62091e-07
-4.94942e-07
4.80938e-07
-7.40474e-07
5.15567e-07
-9.75144e-07
4.94381e-07
-1.18341e-06
4.39286e-07
-1.35553e-06
3.63446e-07
-1.4851e-06
2.74111e-07
-1.56776e-06
1.75483e-07
-1.60057e-06
7.05064e-08
-1.58185e-06
-3.82184e-08
-1.51123e-06
-1.47948e-07
-1.38984e-06
-2.55429e-07
-1.22084e-06
-3.56397e-07
-1.01026e-06
-4.44659e-07
-7.68598e-07
-5.10426e-07
-5.13327e-07
-5.37848e-07
-2.72015e-07
-5.02996e-07
-8.41224e-08
-3.7731e-07
-1.47743e-07
-9.98444e-08
2.4301e-07
-3.17844e-07
5.8009e-07
-5.92522e-07
7.55616e-07
-8.80649e-07
8.03694e-07
-1.15425e-06
7.67982e-07
-1.39611e-06
6.81144e-07
-1.59553e-06
5.62864e-07
-1.74553e-06
4.24112e-07
-1.84136e-06
2.71312e-07
-1.87979e-06
1.08945e-07
-1.85892e-06
-5.90922e-08
-1.77814e-06
-2.28731e-07
-1.63845e-06
-3.95116e-07
-1.44305e-06
-5.51801e-07
-1.19836e-06
-6.89344e-07
-9.1594e-07
-7.92849e-07
-6.15407e-07
-8.3838e-07
-3.2841e-07
-7.89993e-07
-1.02059e-07
-6.03661e-07
-2.49802e-07
-1.13425e-07
3.56435e-07
-3.62264e-07
8.2893e-07
-6.74381e-07
1.06773e-06
-9.99781e-07
1.12909e-06
-1.30714e-06
1.07534e-06
-1.5778e-06
9.51803e-07
-1.80052e-06
7.85586e-07
-1.96816e-06
5.91753e-07
-2.0759e-06
3.7905e-07
-2.12039e-06
1.53436e-07
-2.09944e-06
-8.00478e-08
-2.01199e-06
-3.16179e-07
-1.85848e-06
-5.48622e-07
-1.64157e-06
-7.68711e-07
-1.3675e-06
-9.63419e-07
-1.04842e-06
-1.11193e-06
-7.0612e-07
-1.18068e-06
-3.76956e-07
-1.11916e-06
-1.16468e-07
-8.64149e-07
-3.66269e-07
-1.27871e-07
4.84306e-07
-4.09661e-07
1.11072e-06
-7.62213e-07
1.42029e-06
-1.12795e-06
1.49483e-06
-1.47163e-06
1.41902e-06
-1.77302e-06
1.2532e-06
-2.02053e-06
1.03309e-06
-2.20714e-06
7.78362e-07
-2.32822e-06
5.00132e-07
-2.38044e-06
2.05649e-07
-2.36125e-06
-9.92364e-08
-2.26889e-06
-4.0854e-07
-2.10273e-06
-7.14777e-07
-1.86428e-06
-1.00716e-06
-1.55897e-06
-1.26873e-06
-1.19928e-06
-1.47162e-06
-8.09519e-07
-1.57044e-06
-4.32057e-07
-1.49662e-06
-1.3276e-07
-1.16345e-06
-4.99029e-07
-1.46125e-07
6.3043e-07
-4.68433e-07
1.43303e-06
-8.7014e-07
1.82199e-06
-1.28436e-06
1.90905e-06
-1.67112e-06
1.80578e-06
-2.00847e-06
1.59055e-06
-2.28472e-06
1.30935e-06
-2.49341e-06
9.87055e-07
-2.63049e-06
6.37204e-07
-2.69282e-06
2.67984e-07
-2.67753e-06
-1.14525e-07
-2.58181e-06
-5.04263e-07
-2.40335e-06
-8.93233e-07
-2.14163e-06
-1.26889e-06
-1.80033e-06
-1.61003e-06
-1.39166e-06
-1.88029e-06
-9.4275e-07
-2.01935e-06
-5.03756e-07
-1.93561e-06
-1.5429e-07
-1.51291e-06
-6.53319e-07
-1.70256e-07
8.00686e-07
-5.4473e-07
1.8075e-06
-1.00841e-06
2.28567e-06
-1.48243e-06
2.38307e-06
-1.92105e-06
2.2444e-06
-2.30073e-06
1.97022e-06
-2.61026e-06
1.61889e-06
-2.84446e-06
1.22125e-06
-3.00048e-06
7.93222e-07
-3.07584e-06
3.43342e-07
-3.06738e-06
-1.22987e-07
-2.9709e-06
-6.00738e-07
-2.78161e-06
-1.08253e-06
-2.49562e-06
-1.55487e-06
-2.11332e-06
-1.99232e-06
-1.64525e-06
-2.34836e-06
-1.12114e-06
-2.54346e-06
-6.01136e-07
-2.45562e-06
-1.83938e-07
-1.93011e-06
-8.37258e-07
-2.02461e-07
1.00315e-06
-6.44884e-07
2.24993e-06
-1.18707e-06
2.82786e-06
-1.73443e-06
2.93043e-06
-2.23445e-06
2.74443e-06
-2.6625e-06
2.39827e-06
-3.00902e-06
1.96541e-06
-3.27134e-06
1.48357e-06
-3.44887e-06
9.70754e-07
-3.5405e-06
4.34969e-07
-3.54305e-06
-1.20434e-07
-3.45064e-06
-6.93151e-07
-3.2549e-06
-1.27827e-06
-2.94674e-06
-1.86304e-06
-2.52058e-06
-2.41848e-06
-1.98256e-06
-2.88638e-06
-1.3636e-06
-3.16242e-06
-7.36023e-07
-3.08319e-06
-2.25591e-07
-2.44054e-06
-1.06285e-06
-2.46e-07
1.24915e-06
-7.77619e-07
2.78154e-06
-1.41905e-06
3.46929e-06
-2.05495e-06
3.56633e-06
-2.62537e-06
3.31484e-06
-3.10595e-06
2.87884e-06
-3.49082e-06
2.35028e-06
-3.78178e-06
1.77453e-06
-3.98215e-06
1.17112e-06
-4.09331e-06
5.46128e-07
-4.11267e-06
-1.01075e-07
-4.03249e-06
-7.73331e-07
-3.83968e-06
-1.47107e-06
-3.51739e-06
-2.18533e-06
-3.05002e-06
-2.88585e-06
-2.43424e-06
-3.50217e-06
-1.69812e-06
-3.89853e-06
-9.27348e-07
-3.85397e-06
-2.86011e-07
-3.08188e-06
-1.34886e-06
-3.06417e-07
1.55556e-06
-9.56495e-07
3.43162e-06
-1.72285e-06
4.23564e-06
-2.46318e-06
4.30667e-06
-3.11041e-06
3.96207e-06
-3.64341e-06
3.41184e-06
-4.06337e-06
2.77024e-06
-4.37952e-06
2.09068e-06
-4.60138e-06
1.39298e-06
-4.73453e-06
6.79285e-07
-4.77805e-06
-5.75594e-08
-4.72262e-06
-8.28763e-07
-4.54946e-06
-1.64423e-06
-4.231e-06
-2.50379e-06
-3.73586e-06
-3.381e-06
-3.04263e-06
-4.1954e-06
-2.16756e-06
-4.7736e-06
-1.20701e-06
-4.81452e-06
-3.77885e-07
-3.91101e-06
-1.72674e-06
-3.93493e-07
1.94906e-06
-1.20304e-06
4.24117e-06
-2.12499e-06
5.1576e-06
-2.98343e-06
5.16511e-06
-3.70716e-06
4.6858e-06
-4.28395e-06
3.98863e-06
-4.72731e-06
3.21361e-06
-5.05801e-06
2.42138e-06
-5.2948e-06
1.62977e-06
-5.44972e-06
8.34204e-07
-5.5252e-06
1.79148e-08
-5.51147e-06
-8.42492e-07
-5.384e-06
-1.77169e-06
-5.10195e-06
-2.78584e-06
-4.61115e-06
-3.87179e-06
-3.85912e-06
-4.94743e-06
-2.83276e-06
-5.79997e-06
-1.62682e-06
-6.02045e-06
-5.24839e-07
-5.01299e-06
-2.25158e-06
-5.24434e-07
2.47349e-06
-1.55007e-06
5.2668e-06
-2.65975e-06
6.26728e-06
-3.63998e-06
6.14534e-06
-4.42444e-06
5.47026e-06
-5.01987e-06
4.58407e-06
-5.45985e-06
3.65358e-06
-5.78186e-06
2.7434e-06
-6.01728e-06
1.86518e-06
-6.18707e-06
1.004e-06
-6.29934e-06
1.30183e-07
-6.34623e-06
-7.956e-07
-6.2994e-06
-1.81852e-06
-6.10446e-06
-2.98078e-06
-5.67852e-06
-4.29774e-06
-4.92152e-06
-5.70444e-06
-3.76186e-06
-6.95963e-06
-2.2606e-06
-7.52171e-06
-7.67913e-07
-6.50568e-06
-3.0195e-06
-7.28336e-07
3.20183e-06
-2.04186e-06
6.58032e-06
-3.35826e-06
7.58368e-06
-4.43441e-06
7.22149e-06
-5.23007e-06
6.26591e-06
-5.78766e-06
5.14166e-06
-6.17102e-06
4.03694e-06
-6.43972e-06
3.0121e-06
-6.64035e-06
2.06582e-06
-6.80455e-06
1.1682e-06
-6.94824e-06
2.73876e-07
-7.06909e-06
-6.7475e-07
-7.14008e-06
-1.74754e-06
-7.09845e-06
-3.0224e-06
-6.83298e-06
-4.56321e-06
-6.18244e-06
-6.35497e-06
-4.97793e-06
-8.16414e-06
-3.18267e-06
-9.31697e-06
-1.16813e-06
-8.52021e-06
-4.18763e-06
-1.04977e-06
4.25159e-06
-2.71947e-06
8.25003e-06
-4.20523e-06
9.06943e-06
-5.27742e-06
8.29369e-06
-5.96565e-06
6.95414e-06
-6.3726e-06
5.54861e-06
-6.60293e-06
4.26727e-06
-6.74089e-06
3.15005e-06
-6.84733e-06
2.17226e-06
-6.96306e-06
1.28392e-06
-7.11203e-06
4.22854e-07
-7.30101e-06
-4.85772e-07
-7.51279e-06
-1.53576e-06
-7.69006e-06
-2.84514e-06
-7.70882e-06
-4.54445e-06
-7.35149e-06
-6.7123e-06
-6.32017e-06
-9.19545e-06
-4.38214e-06
-1.1255e-05
-1.78801e-06
-1.11143e-05
-5.97564e-06
-1.54106e-06
5.79265e-06
-3.55863e-06
1.02676e-05
-5.01458e-06
1.05254e-05
-5.82268e-06
9.10179e-06
-6.16007e-06
7.29152e-06
-6.21658e-06
5.60513e-06
-6.1399e-06
4.19059e-06
-6.03129e-06
3.04144e-06
-5.95589e-06
2.09685e-06
-5.95511e-06
1.28315e-06
-6.05593e-06
5.23667e-07
-6.27471e-06
-2.66986e-07
-6.6134e-06
-1.19707e-06
-7.04262e-06
-2.41592e-06
-7.4641e-06
-4.12297e-06
-7.65027e-06
-6.52613e-06
-7.1907e-06
-9.65502e-06
-5.56079e-06
-1.28849e-05
-2.61265e-06
-1.40625e-05
-8.58829e-06
-2.21252e-06
8.00517e-06
-4.2771e-06
1.23322e-05
-5.13231e-06
1.13806e-05
-5.1348e-06
9.10428e-06
-4.70762e-06
6.86434e-06
-4.12618e-06
5.02369e-06
-3.55097e-06
3.61538e-06
-3.06801e-06
2.55848e-06
-2.72039e-06
1.74924e-06
-2.53105e-06
1.09381e-06
-2.51741e-06
5.10031e-07
-2.69987e-06
-8.45343e-08
-3.10406e-06
-7.92879e-07
-3.75223e-06
-1.76775e-06
-4.62948e-06
-3.24571e-06
-5.60111e-06
-5.55449e-06
-6.26614e-06
-8.99e-06
-5.81877e-06
-1.33323e-05
-3.35679e-06
-1.65245e-05
-1.19451e-05
-2.84729e-06
1.08525e-05
-3.79393e-06
1.32788e-05
-2.81403e-06
1.04007e-05
-1.16791e-06
7.45816e-06
5.03201e-07
5.19322e-06
1.963e-06
3.56389e-06
3.14182e-06
2.43656e-06
4.03761e-06
1.66269e-06
4.67131e-06
1.11554e-06
5.06343e-06
7.01686e-07
5.22157e-06
3.51897e-07
5.1319e-06
5.13595e-09
4.75051e-06
-4.11494e-07
3.995e-06
-1.01223e-06
2.74852e-06
-1.99924e-06
9.17494e-07
-3.72347e-06
-1.37e-06
-6.7025e-06
-3.33527e-06
-1.1367e-05
-3.15606e-06
-1.67037e-05
-1.51011e-05
-1.84531e-06
1.26978e-05
1.4864e-06
9.94712e-06
5.94873e-06
5.93836e-06
9.73147e-06
3.67543e-06
1.26111e-05
2.31358e-06
1.47224e-05
1.45263e-06
1.62389e-05
9.20062e-07
1.73089e-05
5.92682e-07
1.80412e-05
3.83226e-07
1.85058e-05
2.3711e-07
1.87375e-05
1.20215e-07
1.87357e-05
6.86547e-09
1.84553e-05
-1.31115e-07
1.77823e-05
-3.39211e-07
1.64916e-05
-7.08487e-07
1.42065e-05
-1.43844e-06
1.04725e-05
-2.96848e-06
5.21522e-06
-6.10972e-06
1.25466e-07
-1.16139e-05
-1.49757e-05
1.26978e-05
2.26449e-05
2.85832e-05
3.22587e-05
3.45723e-05
3.60249e-05
3.69449e-05
3.75376e-05
3.79209e-05
3.8158e-05
3.82782e-05
3.8285e-05
3.81539e-05
3.78147e-05
3.71062e-05
3.56678e-05
3.26993e-05
2.65896e-05
1.49757e-05
)
;

boundaryField
{
    movingWall
    {
        type            calculated;
        value           uniform 0;
    }
    fixedWalls
    {
        type            calculated;
        value           uniform 0;
    }
    frontAndBack
    {
        type            empty;
        value           nonuniform 0();
    }
}


// ************************************************************************* //
