/*--------------------------------*- C++ -*----------------------------------*\
  =========                 |
  \\      /  F ield         | OpenFOAM: The Open Source CFD Toolbox
   \\    /   O peration     | Website:  https://openfoam.org
    \\  /    A nd           | Version:  6
     \\/     M anipulation  |
\*---------------------------------------------------------------------------*/
FoamFile
{
    version     2.0;
    format      ascii;
    class       volScalarField;
    location    "0.065";
    object      p;
}
// * * * * * * * * * * * * * * * * * * * * * * * * * * * * * * * * * * * * * //

dimensions      [0 2 -2 0 0 0 0];

internalField   nonuniform List<scalar> 
400
(
1.81029e-08
-0.000767382
-0.00139433
-0.00151364
-0.00101585
0.000105639
0.0018005
0.00398681
0.00656437
0.00941791
0.0124163
0.015412
0.0182429
0.0207386
0.0227318
0.0240794
0.0246948
0.0245879
0.0239116
0.0230966
0.000761475
-2.94931e-05
-0.00048781
-0.000461439
7.3148e-05
0.00112896
0.00267907
0.00466346
0.00699993
0.00958749
0.0123074
0.0150248
0.0175928
0.0198602
0.0216837
0.0229476
0.0235918
0.0236318
0.0231293
0.0222925
0.0014306
0.000379409
-0.000123917
-7.22364e-05
0.000464975
0.00148697
0.00297113
0.00486581
0.00709856
0.0095775
0.0121915
0.0148122
0.0172981
0.0195022
0.0212849
0.0225319
0.0231821
0.0232359
0.0226666
0.0215502
0.00165371
0.00029278
-0.000342227
-0.000323933
0.000204973
0.00122625
0.00271342
0.00461578
0.00686485
0.00937322
0.0120328
0.0147155
0.0172767
0.0195622
0.0214202
0.0227204
0.0233853
0.0233936
0.0226556
0.0211938
0.0012782
-0.000377163
-0.00115581
-0.00117846
-0.000644686
0.000412237
0.0019608
0.00394902
0.00630996
0.00895814
0.0117855
0.0146602
0.0174285
0.0199203
0.0219611
0.0233931
0.024112
0.0240732
0.0231407
0.0213252
0.000204148
-0.00174739
-0.00267306
-0.00272827
-0.00216329
-0.00102536
0.000648473
0.00280394
0.00537454
0.00827552
0.0113973
0.0146015
0.0177204
0.0205607
0.0229141
0.0245815
0.0254199
0.0253537
0.0242036
0.0219901
-0.00165856
-0.0039392
-0.00502022
-0.00509215
-0.00446091
-0.00318956
-0.0013218
0.00108536
0.00396598
0.00723658
0.0107864
0.0144702
0.0181035
0.0214628
0.024294
0.0263394
0.0273974
0.0273444
0.0259415
0.0232265
-0.00441971
-0.0070938
-0.00834511
-0.00841193
-0.00767218
-0.00621018
-0.00407802
-0.00133538
0.00195401
0.00571071
0.00982619
0.0141513
0.0184857
0.0225716
0.0260963
0.0287208
0.0301541
0.030191
0.0284898
0.0250972
-0.00823314
-0.0113968
-0.0128382
-0.0128698
-0.0119709
-0.0102563
-0.00778909
-0.00463087
-0.000839993
0.00351344
0.00833033
0.0134659
0.0187113
0.0237762
0.0282794
0.0317723
0.033829
0.0341026
0.0320614
0.0277252
-0.01332
-0.017102
-0.0187511
-0.0187002
-0.0175768
-0.0155399
-0.0126664
-0.00901874
-0.00464536
0.000400707
0.00604127
0.0121514
0.0185315
0.024873
0.030726
0.035504
0.038584
0.0393765
0.0369988
0.0313496
-0.020002
-0.0245627
-0.0264165
-0.0261991
-0.0247567
-0.0223107
-0.0189547
-0.0147499
-0.00972976
-0.00392142
0.00263297
0.00985208
0.0175783
0.0255212
0.0331865
0.0398368
0.0445776
0.0464216
0.0438516
0.0364312
-0.0287615
-0.0342799
-0.0362749
-0.03573
-0.033816
-0.0308373
-0.0269032
-0.0220713
-0.0163563
-0.0097517
-0.00224764
0.00614869
0.0153717
0.0252184
0.0352217
0.0445276
0.0519114
0.055772
0.0534921
0.043857
-0.0403554
-0.04698
-0.0489023
-0.0477149
-0.0450646
-0.0413525
-0.0366948
-0.0311406
-0.0246843
-0.017283
-0.00886264
0.000674874
0.0114194
0.0233615
0.0362053
0.049115
0.0605601
0.0680835
0.0672784
0.0553193
-0.056044
-0.0637385
-0.0650246
-0.0625813
-0.0587235
-0.0539324
-0.0483025
-0.0418632
-0.0345879
-0.0263993
-0.0171552
-0.00662937
0.00548524
0.0195022
0.0355179
0.0530081
0.0703661
0.0841448
0.0872988
0.0740065
-0.0780625
-0.0861619
-0.0854546
-0.0805825
-0.0746954
-0.0682443
-0.0612302
-0.053633
-0.0453945
-0.0364007
-0.0264405
-0.0151494
-0.00196285
0.0138675
0.0330827
0.055923
0.0812747
0.104969
0.116689
0.105701
-0.110546
-0.116585
-0.110824
-0.101386
-0.0921246
-0.0831283
-0.0741479
-0.0650343
-0.0556463
-0.0458004
-0.0351973
-0.0233243
-0.00934713
0.00796949
0.0301952
0.0588178
0.0941007
0.132161
0.1599
0.159955
-0.161435
-0.158098
-0.141014
-0.123493
-0.10887
-0.0961914
-0.0846564
-0.0737782
-0.0631836
-0.0525198
-0.0413357
-0.0289352
-0.0142023
0.00459089
0.0299104
0.0648098
0.111802
0.169038
0.223644
0.251884
-0.249337
-0.213862
-0.173096
-0.142689
-0.120553
-0.103407
-0.0893485
-0.0771012
-0.0657764
-0.0547043
-0.0432066
-0.030365
-0.0147634
0.00583142
0.0348343
0.0770835
0.13808
0.22066
0.320519
0.412734
-0.427813
-0.282998
-0.191242
-0.144691
-0.116604
-0.0973714
-0.0832999
-0.071911
-0.0616234
-0.0514712
-0.0406439
-0.0281182
-0.0123142
0.00935458
0.0411486
0.0899103
0.165586
0.281555
0.463383
0.709983
-0.767361
-0.343656
-0.164593
-0.109929
-0.0864853
-0.0729126
-0.0643816
-0.0577817
-0.0512783
-0.0440173
-0.0354192
-0.0246992
-0.0105086
0.00952846
0.0396324
0.0875875
0.168549
0.314286
0.608559
1.14733
)
;

boundaryField
{
    movingWall
    {
        type            zeroGradient;
    }
    fixedWalls
    {
        type            zeroGradient;
    }
    frontAndBack
    {
        type            empty;
    }
}


// ************************************************************************* //
