/*--------------------------------*- C++ -*----------------------------------*\
  =========                 |
  \\      /  F ield         | OpenFOAM: The Open Source CFD Toolbox
   \\    /   O peration     | Website:  https://openfoam.org
    \\  /    A nd           | Version:  6
     \\/     M anipulation  |
\*---------------------------------------------------------------------------*/
FoamFile
{
    version     2.0;
    format      ascii;
    class       surfaceScalarField;
    location    "0.065";
    object      phi;
}
// * * * * * * * * * * * * * * * * * * * * * * * * * * * * * * * * * * * * * //

dimensions      [0 3 -1 0 0 0 0];

internalField   nonuniform List<scalar> 
760
(
-7.15335e-10
7.15181e-10
-4.27573e-08
4.2042e-08
-1.16893e-07
7.41361e-08
-2.06708e-07
8.98147e-08
-2.99289e-07
9.25807e-08
-3.85638e-07
8.6349e-08
-4.5974e-07
7.41026e-08
-5.17547e-07
5.78067e-08
-5.56177e-07
3.86298e-08
-5.73479e-07
1.73016e-08
-5.67917e-07
-5.56128e-09
-5.38716e-07
-2.92011e-08
-4.86211e-07
-5.25057e-08
-4.12405e-07
-7.38052e-08
-3.2172e-07
-9.06854e-08
-2.21814e-07
-9.99064e-08
-1.24213e-07
-9.76004e-08
-4.43909e-08
-7.98223e-08
-1.83406e-10
-4.42075e-08
-1.83442e-10
-4.16385e-08
4.23537e-08
-1.6263e-07
1.63033e-07
-3.41374e-07
2.5288e-07
-5.49824e-07
2.98265e-07
-7.62956e-07
3.05713e-07
-9.61553e-07
2.84946e-07
-1.13183e-06
2.44378e-07
-1.26409e-06
1.90069e-07
-1.35146e-06
1.25996e-07
-1.38905e-06
5.48922e-08
-1.37373e-06
-2.08815e-08
-1.30435e-06
-9.85817e-08
-1.18242e-06
-1.74428e-07
-1.01322e-06
-2.43014e-07
-8.07058e-07
-2.96842e-07
-5.80674e-07
-3.26291e-07
-3.57784e-07
-3.20491e-07
-1.67971e-07
-2.69635e-07
-4.18718e-08
-1.70307e-07
-4.20552e-08
-7.74012e-08
1.19755e-07
-2.65849e-07
3.51481e-07
-5.26501e-07
5.13532e-07
-8.22065e-07
5.93829e-07
-1.12048e-06
6.04123e-07
-1.39684e-06
5.61307e-07
-1.63294e-06
4.8048e-07
-1.81577e-06
3.72895e-07
-1.93602e-06
2.46254e-07
-1.98717e-06
1.06042e-07
-1.9651e-06
-4.29565e-08
-1.86839e-06
-1.95286e-07
-1.69923e-06
-3.43593e-07
-1.46472e-06
-4.77526e-07
-1.17859e-06
-5.82968e-07
-8.62778e-07
-6.42104e-07
-5.48044e-07
-6.35224e-07
-2.72586e-07
-5.45093e-07
-7.73915e-08
-3.65502e-07
-1.19447e-07
-1.03583e-07
2.23338e-07
-3.47274e-07
5.95172e-07
-6.75706e-07
8.41965e-07
-1.04178e-06
9.59902e-07
-1.40745e-06
9.69789e-07
-1.74394e-06
8.978e-07
-2.03044e-06
7.66985e-07
-2.25211e-06
5.94567e-07
-2.3983e-06
3.92439e-07
-2.46138e-06
1.69127e-07
-2.43638e-06
-6.79625e-08
-2.32124e-06
-3.10427e-07
-2.11791e-06
-5.46925e-07
-1.83401e-06
-7.61422e-07
-1.48502e-06
-9.31963e-07
-1.09631e-06
-1.0308e-06
-7.04364e-07
-1.02717e-06
-3.55678e-07
-8.93779e-07
-1.02929e-07
-6.18251e-07
-2.22376e-07
-1.24626e-07
3.47964e-07
-4.16568e-07
8.87114e-07
-8.05962e-07
1.23136e-06
-1.23562e-06
1.38956e-06
-1.66146e-06
1.39563e-06
-2.05139e-06
1.28773e-06
-2.3828e-06
1.09839e-06
-2.63982e-06
8.5159e-07
-2.81103e-06
5.63654e-07
-2.88799e-06
2.46079e-07
-2.86462e-06
-9.13317e-08
-2.73761e-06
-4.37437e-07
-2.50765e-06
-7.76887e-07
-2.18162e-06
-1.08744e-06
-1.77558e-06
-1.33801e-06
-1.31775e-06
-1.48863e-06
-8.50663e-07
-1.49426e-06
-4.30728e-07
-1.31371e-06
-1.24187e-07
-9.24791e-07
-3.46563e-07
-1.44876e-07
4.9284e-07
-4.84852e-07
1.22709e-06
-9.35957e-07
1.68246e-06
-1.43027e-06
1.88387e-06
-1.91723e-06
1.88259e-06
-2.36144e-06
1.73193e-06
-2.73893e-06
1.47589e-06
-3.03336e-06
1.14602e-06
-3.23293e-06
7.6322e-07
-3.32842e-06
3.41573e-07
-3.31238e-06
-1.0737e-07
-3.1794e-06
-5.70425e-07
-2.92764e-06
-1.02864e-06
-2.5618e-06
-1.45329e-06
-2.09721e-06
-1.8026e-06
-1.56455e-06
-2.02129e-06
-1.01352e-06
-2.04529e-06
-5.13159e-07
-1.81407e-06
-1.46774e-07
-1.29118e-06
-4.93337e-07
-1.6789e-07
6.6073e-07
-5.62056e-07
1.62126e-06
-1.08247e-06
2.20288e-06
-1.64893e-06
2.45033e-06
-2.20361e-06
2.43727e-06
-2.70781e-06
2.23614e-06
-3.13667e-06
1.90474e-06
-3.47394e-06
1.48329e-06
-3.70797e-06
9.97244e-07
-3.82895e-06
4.6256e-07
-3.82771e-06
-1.08616e-07
-3.69576e-06
-7.02376e-07
-3.42716e-06
-1.29724e-06
-3.02231e-06
-1.85813e-06
-2.49385e-06
-2.33106e-06
-1.87386e-06
-2.64127e-06
-1.22027e-06
-2.69888e-06
-6.18746e-07
-2.4156e-06
-1.75899e-07
-1.73402e-06
-6.69235e-07
-1.96698e-07
8.57428e-07
-6.56886e-07
2.08144e-06
-1.26e-06
2.806e-06
-1.91084e-06
3.10117e-06
-2.54333e-06
3.06975e-06
-3.11564e-06
2.80845e-06
-3.60283e-06
2.39193e-06
-3.98979e-06
1.87025e-06
-4.26585e-06
1.27331e-06
-4.42116e-06
6.17864e-07
-4.44464e-06
-8.51347e-08
-4.32377e-06
-8.23241e-07
-4.04646e-06
-1.57456e-06
-3.60577e-06
-2.29882e-06
-3.00817e-06
-2.92866e-06
-2.28451e-06
-3.36493e-06
-1.50114e-06
-3.48225e-06
-7.65375e-07
-3.15137e-06
-2.17354e-07
-2.28205e-06
-8.86589e-07
-2.34299e-07
1.09173e-06
-7.77743e-07
2.62489e-06
-1.48182e-06
3.51007e-06
-2.23231e-06
3.85167e-06
-2.95384e-06
3.79128e-06
-3.60218e-06
3.45679e-06
-4.15379e-06
2.94355e-06
-4.59641e-06
2.31286e-06
-4.92188e-06
1.59879e-06
-5.12137e-06
8.17353e-07
-5.1823e-06
-2.42071e-08
-5.08731e-06
-9.18233e-07
-4.81578e-06
-1.84609e-06
-4.3493e-06
-2.7653e-06
-3.68249e-06
-3.59548e-06
-2.8394e-06
-4.20802e-06
-1.89254e-06
-4.42912e-06
-9.761e-07
-4.06781e-06
-2.78989e-07
-2.97916e-06
-1.16558e-06
-2.84385e-07
1.37611e-06
-9.3409e-07
3.27459e-06
-1.76135e-06
4.33733e-06
-2.62763e-06
4.71794e-06
-3.44752e-06
4.61117e-06
-4.17611e-06
4.18538e-06
-4.79381e-06
3.56125e-06
-5.29385e-06
2.8129e-06
-5.67304e-06
1.97798e-06
-5.92552e-06
1.06983e-06
-6.03842e-06
8.86997e-08
-5.9895e-06
-9.67157e-07
-5.74747e-06
-2.08812e-06
-5.27736e-06
-3.23541e-06
-4.55369e-06
-4.31915e-06
-3.58366e-06
-5.17805e-06
-2.43848e-06
-5.57429e-06
-1.28208e-06
-5.22421e-06
-3.72565e-07
-3.88867e-06
-1.53814e-06
-3.5226e-07
1.72837e-06
-1.13783e-06
4.06017e-06
-2.11288e-06
5.31238e-06
-3.1082e-06
5.71326e-06
-4.02891e-06
5.53188e-06
-4.83278e-06
4.98925e-06
-5.50825e-06
4.23673e-06
-6.05786e-06
3.36251e-06
-6.48686e-06
2.40699e-06
-6.79548e-06
1.37845e-06
-6.97309e-06
2.66312e-07
-6.99395e-06
-9.46291e-07
-6.8153e-06
-2.26677e-06
-6.38084e-06
-3.66987e-06
-5.6347e-06
-5.06529e-06
-4.55155e-06
-6.2612e-06
-3.18486e-06
-6.94098e-06
-1.72295e-06
-6.68612e-06
-5.1559e-07
-5.09603e-06
-2.05373e-06
-4.46051e-07
2.17442e-06
-1.40428e-06
5.0184e-06
-2.55016e-06
6.45826e-06
-3.67763e-06
6.84073e-06
-4.68593e-06
6.54019e-06
-5.54186e-06
5.84517e-06
-6.24792e-06
4.94279e-06
-6.82111e-06
3.9357e-06
-7.27956e-06
2.86544e-06
-7.63369e-06
1.73257e-06
-7.87922e-06
5.11843e-07
-7.9907e-06
-8.3481e-07
-7.9161e-06
-2.34137e-06
-7.57596e-06
-4.01001e-06
-6.87445e-06
-5.76681e-06
-5.73324e-06
-7.40241e-06
-4.15882e-06
-8.5154e-06
-2.34029e-06
-8.50464e-06
-7.32409e-07
-6.70392e-06
-2.78614e-06
-5.78524e-07
2.75295e-06
-1.75203e-06
6.19191e-06
-3.08047e-06
7.7867e-06
-4.31872e-06
8.07897e-06
-5.37037e-06
7.59184e-06
-6.22236e-06
6.69716e-06
-6.89998e-06
5.62041e-06
-7.44091e-06
4.47663e-06
-7.88084e-06
3.30537e-06
-8.24484e-06
2.09657e-06
-8.54018e-06
8.07184e-07
-8.74824e-06
-6.26747e-07
-8.81497e-06
-2.27464e-06
-8.64286e-06
-4.18212e-06
-8.09309e-06
-6.31658e-06
-7.01462e-06
-8.48088e-06
-5.32459e-06
-1.02054e-05
-3.15782e-06
-1.06714e-05
-1.05312e-06
-8.80862e-06
-3.83926e-06
-7.70113e-07
3.52306e-06
-2.20022e-06
7.62201e-06
-3.68964e-06
9.27612e-06
-4.96563e-06
9.35496e-06
-5.95996e-06
8.58617e-06
-6.69847e-06
7.43567e-06
-7.24078e-06
6.16272e-06
-7.65142e-06
4.88728e-06
-7.98699e-06
3.64093e-06
-8.28996e-06
2.39954e-06
-8.5837e-06
1.10092e-06
-8.86464e-06
-3.45804e-07
-9.0897e-06
-2.04958e-06
-9.15949e-06
-4.11233e-06
-8.90451e-06
-6.57156e-06
-8.0945e-06
-9.29089e-06
-6.51118e-06
-1.17887e-05
-4.13988e-06
-1.30427e-05
-1.50691e-06
-1.14416e-05
-5.34617e-06
-1.05372e-06
4.57678e-06
-2.75831e-06
9.3266e-06
-4.30695e-06
1.08248e-05
-5.4483e-06
1.04963e-05
-6.19137e-06
9.32923e-06
-6.62942e-06
7.87373e-06
-6.869e-06
6.4023e-06
-7.00451e-06
5.02279e-06
-7.11175e-06
3.74817e-06
-7.24821e-06
2.536e-06
-7.4535e-06
1.30622e-06
-7.7455e-06
-5.38045e-08
-8.10827e-06
-1.68682e-06
-8.46852e-06
-3.75207e-06
-8.66183e-06
-6.37825e-06
-8.40413e-06
-9.54859e-06
-7.31818e-06
-1.28747e-05
-5.11729e-06
-1.52436e-05
-2.1e-06
-1.44589e-05
-7.44617e-06
-1.47662e-06
6.0534e-06
-3.38888e-06
1.12389e-05
-4.72168e-06
1.21576e-05
-5.38369e-06
1.11583e-05
-5.54838e-06
9.49391e-06
-5.40981e-06
7.73516e-06
-5.1263e-06
6.11878e-06
-4.81395e-06
4.71044e-06
-4.55518e-06
3.4894e-06
-4.41022e-06
2.39105e-06
-4.42638e-06
1.32238e-06
-4.64183e-06
1.61641e-07
-5.07982e-06
-1.24884e-06
-5.72597e-06
-3.10592e-06
-6.47947e-06
-5.62475e-06
-7.07684e-06
-8.95121e-06
-7.02415e-06
-1.29274e-05
-5.66968e-06
-1.65981e-05
-2.75285e-06
-1.73757e-05
-1.0199e-05
-2.07248e-06
8.12588e-06
-3.86731e-06
1.30337e-05
-4.36994e-06
1.26602e-05
-3.95918e-06
1.07476e-05
-3.08413e-06
8.61887e-06
-2.04607e-06
6.6971e-06
-1.02748e-06
5.10019e-06
-1.32518e-07
3.81547e-06
5.80167e-07
2.77671e-06
1.07223e-06
1.89899e-06
1.30757e-06
1.08704e-06
1.24008e-06
2.29128e-07
8.08732e-07
-8.17483e-07
-5.2044e-08
-2.24514e-06
-1.36793e-06
-4.30886e-06
-3.01713e-06
-7.30202e-06
-4.54303e-06
-1.14015e-05
-4.97779e-06
-1.61633e-05
-3.16434e-06
-1.91892e-05
-1.33634e-05
-2.69276e-06
1.08186e-05
-3.27971e-06
1.36206e-05
-1.77721e-06
1.11577e-05
4.98939e-07
8.47142e-06
2.84181e-06
6.276e-06
4.96058e-06
4.57832e-06
6.74985e-06
3.31092e-06
8.18803e-06
2.3773e-06
9.28634e-06
1.6784e-06
1.00585e-05
1.12678e-06
1.05016e-05
6.43952e-07
1.05809e-05
1.49881e-07
1.02159e-05
-4.5249e-07
9.27062e-06
-1.29987e-06
7.56452e-06
-2.60277e-06
4.95328e-06
-4.69077e-06
1.57584e-06
-8.02405e-06
-1.64946e-06
-1.2938e-05
-2.59947e-06
-1.82392e-05
-1.59628e-05
-1.79873e-06
1.26174e-05
1.80532e-06
1.00166e-05
6.77228e-06
6.19073e-06
1.12087e-05
4.03504e-06
1.47892e-05
2.69546e-06
1.75693e-05
1.79826e-06
1.96776e-05
1.20263e-06
2.12459e-05
8.08924e-07
2.2383e-05
5.41303e-07
2.31633e-05
3.46526e-07
2.36216e-05
1.8563e-07
2.37465e-05
2.49567e-08
2.34666e-05
-1.72549e-07
2.26258e-05
-4.59121e-07
2.0948e-05
-9.24943e-07
1.80117e-05
-1.75449e-06
1.3351e-05
-3.3633e-06
6.96526e-06
-6.55229e-06
7.69361e-07
-1.20433e-05
-1.51935e-05
1.26174e-05
2.2634e-05
2.88247e-05
3.28597e-05
3.55552e-05
3.73535e-05
3.85561e-05
3.9365e-05
3.99063e-05
4.02528e-05
4.04385e-05
4.04634e-05
4.02909e-05
3.98317e-05
3.89068e-05
3.71523e-05
3.3789e-05
2.72367e-05
1.51935e-05
)
;

boundaryField
{
    movingWall
    {
        type            calculated;
        value           uniform 0;
    }
    fixedWalls
    {
        type            calculated;
        value           uniform 0;
    }
    frontAndBack
    {
        type            empty;
        value           nonuniform 0();
    }
}


// ************************************************************************* //
