/*--------------------------------*- C++ -*----------------------------------*\
  =========                 |
  \\      /  F ield         | OpenFOAM: The Open Source CFD Toolbox
   \\    /   O peration     | Website:  https://openfoam.org
    \\  /    A nd           | Version:  6
     \\/     M anipulation  |
\*---------------------------------------------------------------------------*/
FoamFile
{
    version     2.0;
    format      ascii;
    class       volScalarField;
    location    "0.025";
    object      p;
}
// * * * * * * * * * * * * * * * * * * * * * * * * * * * * * * * * * * * * * //

dimensions      [0 2 -2 0 0 0 0];

internalField   nonuniform List<scalar> 
400
(
3.5499e-09
-0.000114243
0.000156363
0.000841737
0.00189836
0.00328943
0.00497299
0.00689896
0.00901042
0.0112447
0.0135348
0.0158103
0.0179996
0.0200311
0.0218359
0.0233497
0.0245161
0.0252852
0.0256042
0.0255025
0.000111951
-1.12766e-05
0.000270628
0.000955109
0.00199921
0.00337256
0.00503599
0.0069406
0.00903029
0.0112431
0.0135124
0.0157683
0.0179395
0.0199548
0.0217453
0.0232473
0.0244065
0.0251786
0.0255105
0.0253995
-0.000157863
-0.000313999
-3.14193e-05
0.000667541
0.00173274
0.00313418
0.00483262
0.00677859
0.00891523
0.0111796
0.0135041
0.0158174
0.0180464
0.020118
0.0219608
0.0235087
0.0247048
0.0255032
0.0258416
0.0256975
-0.000860493
-0.00104397
-0.000753861
-2.01016e-05
0.00110027
0.00257503
0.00436288
0.0064121
0.0086635
0.0110517
0.0135063
0.015953
0.0183151
0.0205151
0.0224768
0.0241282
0.0254068
0.0262606
0.0266176
0.0264473
-0.00199807
-0.00220533
-0.00189605
-0.00110453
0.000105237
0.00169762
0.00362783
0.0058404
0.00827237
0.0108546
0.0135125
0.0161674
0.0187371
0.0211379
0.0232859
0.0251005
0.02651
0.0274533
0.0278467
0.0276551
-0.00360281
-0.00383667
-0.00349632
-0.00262128
-0.00128443
0.00047362
0.00260298
0.0050429
0.00772527
0.0105759
0.0135151
0.0164583
0.0193168
0.0219982
0.0244085
0.0264547
0.0280519
0.0291255
0.029576
0.0293615
-0.00572623
-0.0059926
-0.00560814
-0.00462004
-0.00311357
-0.00113643
0.00125439
0.00399109
0.00699907
0.0101981
0.0135027
0.0168217
0.0200584
0.0231105
0.0258708
0.0282299
0.0300843
0.0313395
0.0318724
0.0316309
-0.00843793
-0.00874471
-0.00830066
-0.0071645
-0.00543901
-0.0031821
-0.000460416
0.00264917
0.00606428
0.00969803
0.0134588
0.0172489
0.0209636
0.0244893
0.0277029
0.030474
0.0326729
0.0341762
0.0348255
0.0345518
-0.0118297
-0.012187
-0.0116636
-0.010336
-0.00833215
-0.00572468
-0.00259341
0.000973343
0.0048842
0.00904552
0.0133602
0.0177254
0.022029
0.0261463
0.0299366
0.0332429
0.0359002
0.037742
0.038556
0.0382442
-0.0160218
-0.0164422
-0.0158123
-0.0142368
-0.0118806
-0.00883773
-0.00520598
-0.00108795
0.00341494
0.00820287
0.0131754
0.018227
0.0232418
0.028086
0.0326009
0.0365984
0.0398663
0.0421745
0.0432256
0.0428702
-0.021173
-0.0216721
-0.0208952
-0.0189941
-0.0161895
-0.0126068
-0.00836767
-0.00359262
0.0016062
0.00712452
0.0128621
0.0187164
0.0245736
0.030297
0.0357135
0.0406013
0.0446879
0.0476501
0.0490542
0.0486531
-0.0274982
-0.0280931
-0.0271041
-0.0247654
-0.0213831
-0.0171278
-0.0121533
-0.00660168
-0.000596054
0.00575801
0.0123665
0.0191382
0.0259721
0.0327402
0.0392657
0.0452974
0.0504915
0.0543926
0.0563454
0.0559113
-0.0353005
-0.0360046
-0.0346908
-0.0317444
-0.0276041
-0.0225032
-0.0166368
-0.0101729
-0.00324415
0.0040476
0.0116233
0.0194151
0.0273507
0.0353312
0.0431985
0.0506905
0.0573941
0.0626771
0.0655265
0.0651226
-0.0450347
-0.0458365
-0.0439905
-0.0401682
-0.0350108
-0.028833
-0.0218805
-0.0143493
-0.00637845
0.00194207
0.0105596
0.0194455
0.028578
0.0379172
0.0473635
0.0566917
0.0654555
0.0728205
0.077222
0.0770796
-0.0574418
-0.0582346
-0.0554507
-0.0503183
-0.0437659
-0.0361977
-0.0279153
-0.0191405
-0.0100104
-0.000591159
0.00910549
0.019108
0.02947
0.0402491
0.0514663
0.063027
0.0745734
0.0851397
0.0923816
0.0932462
-0.0738411
-0.0742049
-0.069661
-0.0625158
-0.0540177
-0.0446319
-0.0347116
-0.0244944
-0.0140969
-0.0035426
0.00721476
0.0182774
0.0297957
0.0419617
0.0549909
0.0690704
0.0842062
0.0996226
0.112109
0.116121
-0.096891
-0.0954014
-0.0874569
-0.0771671
-0.0658867
-0.0540746
-0.0421196
-0.0302384
-0.0184854
-0.00680779
0.00492068
0.0168873
0.029345
0.0426322
0.0572047
0.0736809
0.0928214
0.114808
0.13654
0.149579
-0.133218
-0.124441
-0.10972
-0.0943518
-0.0789595
-0.0639068
-0.0495009
-0.0358017
-0.0227004
-0.0100077
0.00250951
0.0151262
0.0281829
0.0421374
0.0576678
0.0758733
0.0986071
0.128618
0.167667
0.20669
-0.201277
-0.161618
-0.13164
-0.109182
-0.0892493
-0.07105
-0.0545633
-0.0395031
-0.0254929
-0.012183
0.000754971
0.0136583
0.0269226
0.0410963
0.0570946
0.0766842
0.103641
0.146418
0.2216
0.329728
-0.337478
-0.191632
-0.132071
-0.108035
-0.0886898
-0.0705257
-0.0541675
-0.0393246
-0.0255074
-0.0123592
0.000420359
0.0131434
0.0261858
0.0401064
0.0559984
0.0765239
0.108934
0.171203
0.299983
0.529968
)
;

boundaryField
{
    movingWall
    {
        type            zeroGradient;
    }
    fixedWalls
    {
        type            zeroGradient;
    }
    frontAndBack
    {
        type            empty;
    }
}


// ************************************************************************* //
