/*--------------------------------*- C++ -*----------------------------------*\
  =========                 |
  \\      /  F ield         | OpenFOAM: The Open Source CFD Toolbox
   \\    /   O peration     | Website:  https://openfoam.org
    \\  /    A nd           | Version:  6
     \\/     M anipulation  |
\*---------------------------------------------------------------------------*/
FoamFile
{
    version     2.0;
    format      ascii;
    class       volVectorField;
    location    "0.025";
    object      U;
}
// * * * * * * * * * * * * * * * * * * * * * * * * * * * * * * * * * * * * * //

dimensions      [0 1 -1 0 0 0 0];

internalField   nonuniform List<vector> 
400
(
(-0.000301064 0.000297072 0)
(-0.00126217 0.000595203 0)
(-0.00264573 0.000646818 0)
(-0.00404207 0.000613439 0)
(-0.00532022 0.00055274 0)
(-0.00644506 0.00047668 0)
(-0.00738921 0.000388366 0)
(-0.00812846 0.000290056 0)
(-0.00864369 0.000184041 0)
(-0.00892095 7.26844e-05 0)
(-0.00895149 -4.15663e-05 0)
(-0.00873201 -0.000156139 0)
(-0.00826492 -0.000268278 0)
(-0.00755878 -0.000375019 0)
(-0.00662885 -0.000473202 0)
(-0.00549749 -0.000559484 0)
(-0.00419262 -0.000629475 0)
(-0.00275288 -0.000669608 0)
(-0.00131866 -0.000619755 0)
(-0.000315998 -0.000312486 0)
(-0.000616084 0.00126555 0)
(-0.00236294 0.00230949 0)
(-0.0047026 0.00248636 0)
(-0.00703824 0.00236146 0)
(-0.00917803 0.0021285 0)
(-0.011061 0.00183351 0)
(-0.0126384 0.00149066 0)
(-0.0138693 0.00110963 0)
(-0.0147226 0.000699673 0)
(-0.0151764 0.00027004 0)
(-0.0152172 -0.00016985 0)
(-0.0148408 -0.000610199 0)
(-0.0140519 -0.00104057 0)
(-0.0128655 -0.00144972 0)
(-0.0113074 -0.00182551 0)
(-0.00941587 -0.00215458 0)
(-0.00724036 -0.00241829 0)
(-0.00484678 -0.0025648 0)
(-0.00243938 -0.00239187 0)
(-0.000636701 -0.00131706 0)
(-0.000718697 0.00272416 0)
(-0.0027416 0.00471635 0)
(-0.00542547 0.00503962 0)
(-0.00808695 0.00478595 0)
(-0.0105188 0.00431292 0)
(-0.0126559 0.00371194 0)
(-0.0144438 0.00301389 0)
(-0.0158375 0.00223951 0)
(-0.016803 0.00140792 0)
(-0.0173166 0.000537866 0)
(-0.0173639 -0.000351878 0)
(-0.0169398 -0.00124194 0)
(-0.0160491 -0.00211169 0)
(-0.0147074 -0.00293877 0)
(-0.0129423 -0.00369867 0)
(-0.0107957 -0.00436378 0)
(-0.00832245 -0.00489469 0)
(-0.00559335 -0.00518875 0)
(-0.00283049 -0.00487196 0)
(-0.000742898 -0.00282188 0)
(-0.000776614 0.00435206 0)
(-0.00297352 0.00738355 0)
(-0.00589103 0.00785264 0)
(-0.00877478 0.00744815 0)
(-0.011402 0.0067066 0)
(-0.0137058 0.00576724 0)
(-0.0156302 0.00467887 0)
(-0.0171293 0.00347433 0)
(-0.0181692 0.00218335 0)
(-0.0187259 0.000834393 0)
(-0.0187846 -0.000544415 0)
(-0.0183394 -0.00192424 0)
(-0.0173934 -0.00327425 0)
(-0.01596 -0.00456055 0)
(-0.0140654 -0.00574536 0)
(-0.0117508 -0.00678523 0)
(-0.00907227 -0.00761789 0)
(-0.0061035 -0.00808621 0)
(-0.00308585 -0.00762736 0)
(-0.00080713 -0.00450492 0)
(-0.000847438 0.00610507 0)
(-0.00325035 0.0102663 0)
(-0.00644256 0.0108871 0)
(-0.00958992 0.0103115 0)
(-0.0124481 0.00927434 0)
(-0.0149469 0.00796721 0)
(-0.0170293 0.00645873 0)
(-0.0186501 0.00479482 0)
(-0.0197764 0.00301593 0)
(-0.0203854 0.00115982 0)
(-0.0204622 -0.000737015 0)
(-0.0199993 -0.00263739 0)
(-0.0189968 -0.00450122 0)
(-0.017464 -0.00628345 0)
(-0.015423 -0.00793245 0)
(-0.0129122 -0.00938716 0)
(-0.00998771 -0.0105593 0)
(-0.0067278 -0.01123 0)
(-0.00340124 -0.0106252 0)
(-0.000888198 -0.00633002 0)
(-0.000944292 0.0080356 0)
(-0.00362165 0.0134454 0)
(-0.007174 0.0142272 0)
(-0.0106649 0.0134532 0)
(-0.0138212 0.0120816 0)
(-0.0165687 0.0103647 0)
(-0.0188504 0.00839431 0)
(-0.0206231 0.006231 0)
(-0.0218575 0.00392612 0)
(-0.0225331 0.0015257 0)
(-0.0226358 -0.000927094 0)
(-0.0221558 -0.00338875 0)
(-0.0210886 -0.0058117 0)
(-0.0194368 -0.00814071 0)
(-0.0172148 -0.0103098 0)
(-0.0144551 -0.0122378 0)
(-0.0112117 -0.0138046 0)
(-0.00756825 -0.0147182 0)
(-0.00383056 -0.0139614 0)
(-0.0010004 -0.00835932 0)
(-0.00107296 0.0102072 0)
(-0.00411054 0.0170181 0)
(-0.00812985 0.0179693 0)
(-0.0120603 0.0169568 0)
(-0.0155919 0.0151962 0)
(-0.0186469 0.0130121 0)
(-0.0211705 0.0105245 0)
(-0.0231255 0.0078108 0)
(-0.0244891 0.00493313 0)
(-0.0252461 0.00194403 0)
(-0.0253841 -0.0011096 0)
(-0.024891 -0.00418138 0)
(-0.0237555 -0.00721946 0)
(-0.0219692 -0.0101606 0)
(-0.0195336 -0.0129245 0)
(-0.0164692 -0.0154068 0)
(-0.0128233 -0.0174476 0)
(-0.00868381 -0.018664 0)
(-0.00440498 -0.0177532 0)
(-0.00115168 -0.0106693 0)
(-0.00124069 0.012694 0)
(-0.0047436 0.0210991 0)
(-0.00935845 0.0222232 0)
(-0.0138391 0.0209133 0)
(-0.0178291 0.0186875 0)
(-0.0212496 0.0159592 0)
(-0.0240536 0.0128837 0)
(-0.0262156 0.00955783 0)
(-0.0277253 0.00605371 0)
(-0.0285769 0.00242725 0)
(-0.0287621 -0.00127568 0)
(-0.0282665 -0.00501135 0)
(-0.0270688 -0.0087292 0)
(-0.0251439 -0.0123622 0)
(-0.0224721 -0.0158175 0)
(-0.0190519 -0.0189639 0)
(-0.0149142 -0.0215915 0)
(-0.0101465 -0.0232013 0)
(-0.00516464 -0.0221438 0)
(-0.00135294 -0.0133528 0)
(-0.00145873 0.0155883 0)
(-0.0055602 0.0258301 0)
(-0.0109285 0.0271198 0)
(-0.016087 0.0254241 0)
(-0.0206224 0.0226263 0)
(-0.024461 0.0192511 0)
(-0.0275733 0.0154991 0)
(-0.029956 0.0114887 0)
(-0.03162 0.00730023 0)
(-0.0325757 0.00298778 0)
(-0.0328229 -0.00141129 0)
(-0.0323448 -0.00586461 0)
(-0.0311066 -0.0103318 0)
(-0.0290592 -0.0147499 0)
(-0.0261484 -0.019018 0)
(-0.0223347 -0.0229767 0)
(-0.0176149 -0.0263522 0)
(-0.0120632 -0.0284937 0)
(-0.00617148 -0.0273178 0)
(-0.00162161 -0.016531 0)
(-0.00174514 0.0190112 0)
(-0.00662138 0.0313915 0)
(-0.0129426 0.0328168 0)
(-0.018927 0.0306011 0)
(-0.024094 0.0270798 0)
(-0.0283892 0.0229214 0)
(-0.0318178 0.0183829 0)
(-0.034415 0.0136066 0)
(-0.0362265 0.00867668 0)
(-0.0372887 0.00363664 0)
(-0.0376147 -0.00149559 0)
(-0.0371872 -0.00671184 0)
(-0.0359543 -0.0119957 0)
(-0.0338322 -0.0173018 0)
(-0.0307153 -0.0225317 0)
(-0.0264996 -0.0275006 0)
(-0.0211166 -0.0318558 0)
(-0.0145992 -0.034745 0)
(-0.00752576 -0.0335212 0)
(-0.00198681 -0.0203705 0)
(-0.00213008 0.0231294 0)
(-0.00802526 0.0380222 0)
(-0.0155583 0.0395076 0)
(-0.022538 0.0365636 0)
(-0.0284119 0.0321025 0)
(-0.0331728 0.0269794 0)
(-0.0368903 0.0215211 0)
(-0.0396629 0.0158924 0)
(-0.0415905 0.0101722 0)
(-0.0427484 0.00438071 0)
(-0.0431717 -0.00149945 0)
(-0.0428451 -0.0075022 0)
(-0.041697 -0.0136552 0)
(-0.0395979 -0.0199528 0)
(-0.0363675 -0.0263199 0)
(-0.0317998 -0.0325593 0)
(-0.0257059 -0.0382299 0)
(-0.0180187 -0.0422102 0)
(-0.00939747 -0.0410957 0)
(-0.00250018 -0.0251145 0)
(-0.0026667 0.0281864 0)
(-0.00993584 0.0460509 0)
(-0.0190242 0.0474309 0)
(-0.0271859 0.0434306 0)
(-0.0338085 0.0377185 0)
(-0.0389883 0.0313915 0)
(-0.0429076 0.0248558 0)
(-0.0457647 0.0182902 0)
(-0.0477386 0.011752 0)
(-0.0489606 0.0052183 0)
(-0.0494979 -0.00138454 0)
(-0.0493431 -0.00815588 0)
(-0.0484052 -0.0151951 0)
(-0.0464999 -0.0225692 0)
(-0.0433469 -0.0302651 0)
(-0.0385852 -0.0381083 0)
(-0.0318172 -0.0455778 0)
(-0.022758 -0.0512049 0)
(-0.0120911 -0.0505343 0)
(-0.00326011 -0.0311434 0)
(-0.00345425 0.0345618 0)
(-0.0126398 0.0559468 0)
(-0.023744 0.0568786 0)
(-0.0332692 0.051298 0)
(-0.0406043 0.0438884 0)
(-0.0460552 0.0360482 0)
(-0.0499933 0.028259 0)
(-0.0527659 0.020689 0)
(-0.0546609 0.0133446 0)
(-0.0558831 0.00613224 0)
(-0.0565437 -0.00110419 0)
(-0.0566532 -0.00855705 0)
(-0.0561079 -0.0164314 0)
(-0.0546685 -0.0249135 0)
(-0.0519347 -0.034116 0)
(-0.0473296 -0.0439644 0)
(-0.040113 -0.0539176 0)
(-0.0295591 -0.0620999 0)
(-0.0161854 -0.0625771 0)
(-0.00446996 -0.0391082 0)
(-0.00468979 0.0428894 0)
(-0.0166608 0.0684007 0)
(-0.0303869 0.0681878 0)
(-0.0413851 0.0601859 0)
(-0.0492284 0.0504488 0)
(-0.0546272 0.0407137 0)
(-0.0582529 0.0314954 0)
(-0.0606601 0.0228971 0)
(-0.062274 0.0148258 0)
(-0.063386 0.0070799 0)
(-0.0641618 -0.000608144 0)
(-0.0646429 -0.00855076 0)
(-0.0647321 -0.017094 0)
(-0.064156 -0.0266009 0)
(-0.0624005 -0.0374053 0)
(-0.058626 -0.0496799 0)
(-0.0515767 -0.0630398 0)
(-0.0396965 -0.0752534 0)
(-0.0228283 -0.0783485 0)
(-0.00657523 -0.0502091 0)
(-0.00678327 0.0543022 0)
(-0.0229866 0.08444 0)
(-0.040059 0.0816827 0)
(-0.0523765 0.0699254 0)
(-0.0601749 0.0570096 0)
(-0.0648977 0.044951 0)
(-0.0676556 0.0341754 0)
(-0.0692619 0.0246144 0)
(-0.0702898 0.0160007 0)
(-0.0711152 0.00797881 0)
(-0.0719591 0.000144343 0)
(-0.0729091 -0.00795249 0)
(-0.0739107 -0.016823 0)
(-0.0747144 -0.0270609 0)
(-0.0747613 -0.0393421 0)
(-0.0729792 -0.0543269 0)
(-0.0674473 -0.072179 0)
(-0.0551848 -0.090688 0)
(-0.0342057 -0.0993604 0)
(-0.0105164 -0.0666592 0)
(-0.0105821 0.0710189 0)
(-0.0334267 0.105586 0)
(-0.0543679 0.0974966 0)
(-0.0670425 0.0799242 0)
(-0.0734966 0.0627642 0)
(-0.0763839 0.0479962 0)
(-0.0773638 0.0356798 0)
(-0.0775078 0.025388 0)
(-0.0774985 0.0165724 0)
(-0.077755 0.00867555 0)
(-0.0785301 0.00114492 0)
(-0.0799643 -0.00659841 0)
(-0.0820945 -0.0152214 0)
(-0.0848011 -0.0255665 0)
(-0.0876552 -0.0387568 0)
(-0.089566 -0.0562508 0)
(-0.0880014 -0.0794577 0)
(-0.077917 -0.107329 0)
(-0.0534283 -0.127381 0)
(-0.017795 -0.0929564 0)
(-0.0176392 0.0978953 0)
(-0.0506038 0.133679 0)
(-0.0739698 0.114562 0)
(-0.0835332 0.0882194 0)
(-0.0855963 0.0658276 0)
(-0.0844067 0.0483496 0)
(-0.0820539 0.0349209 0)
(-0.0796905 0.0244681 0)
(-0.0779429 0.0160397 0)
(-0.0771477 0.00884958 0)
(-0.0775106 0.00222222 0)
(-0.0791956 -0.00449664 0)
(-0.0823606 -0.0120596 0)
(-0.0871367 -0.0214933 0)
(-0.0934945 -0.03438 0)
(-0.100803 -0.0532649 0)
(-0.106548 -0.081858 0)
(-0.10383 -0.122967 0)
(-0.080368 -0.165773 0)
(-0.0284021 -0.140444 0)
(-0.0293777 0.144479 0)
(-0.0734587 0.166648 0)
(-0.0872365 0.125076 0)
(-0.0826115 0.0878997 0)
(-0.0733344 0.0614279 0)
(-0.0638764 0.042933 0)
(-0.0556693 0.0299578 0)
(-0.0492613 0.0206227 0)
(-0.0447751 0.0135828 0)
(-0.0421831 0.00790645 0)
(-0.0414723 0.00290252 0)
(-0.0427251 -0.00203695 0)
(-0.0461698 -0.00760109 0)
(-0.0522199 -0.0148121 0)
(-0.0614633 -0.0255211 0)
(-0.0744062 -0.0434169 0)
(-0.0903465 -0.0756804 0)
(-0.103702 -0.132997 0)
(-0.094674 -0.21339 0)
(-0.0297942 -0.220901 0)
(-0.0314064 0.214008 0)
(-0.0559787 0.181096 0)
(-0.0138825 0.108445 0)
(0.0280519 0.067716 0)
(0.0579552 0.0441197 0)
(0.0794111 0.0291947 0)
(0.0949883 0.0195943 0)
(0.106048 0.0132465 0)
(0.113586 0.00879537 0)
(0.118308 0.00542843 0)
(0.120621 0.0026323 0)
(0.120657 1.19369e-05 0)
(0.118257 -0.00285181 0)
(0.112869 -0.00661748 0)
(0.103317 -0.0127026 0)
(0.0873793 -0.0246877 0)
(0.0612315 -0.0516795 0)
(0.0211943 -0.111852 0)
(-0.0127137 -0.217442 0)
(0.0343273 -0.272768 0)
(0.261123 0.132973 0)
(0.317989 0.104966 0)
(0.418842 0.0604535 0)
(0.489846 0.0346246 0)
(0.528884 0.0206039 0)
(0.551733 0.0125857 0)
(0.566596 0.00791704 0)
(0.576584 0.00514316 0)
(0.583267 0.00340031 0)
(0.587609 0.0022157 0)
(0.590158 0.00133452 0)
(0.591169 0.000603024 0)
(0.590652 -9.91928e-05 0)
(0.58829 -0.000922688 0)
(0.583098 -0.00218473 0)
(0.572315 -0.00478048 0)
(0.549125 -0.0115606 0)
(0.495004 -0.0305658 0)
(0.386555 -0.0809236 0)
(0.319892 -0.129919 0)
)
;

boundaryField
{
    movingWall
    {
        type            fixedValue;
        value           uniform (1 0 0);
    }
    fixedWalls
    {
        type            noSlip;
    }
    frontAndBack
    {
        type            empty;
    }
}


// ************************************************************************* //
