/*--------------------------------*- C++ -*----------------------------------*\
  =========                 |
  \\      /  F ield         | OpenFOAM: The Open Source CFD Toolbox
   \\    /   O peration     | Website:  https://openfoam.org
    \\  /    A nd           | Version:  6
     \\/     M anipulation  |
\*---------------------------------------------------------------------------*/
FoamFile
{
    version     2.0;
    format      ascii;
    class       volVectorField;
    location    "0.095";
    object      U;
}
// * * * * * * * * * * * * * * * * * * * * * * * * * * * * * * * * * * * * * //

dimensions      [0 1 -1 0 0 0 0];

internalField   nonuniform List<vector> 
400
(
(0.000258066 -0.000254353 0)
(0.000162112 0.000104724 0)
(-0.00114131 0.000564701 0)
(-0.00345163 0.000894697 0)
(-0.0063748 0.00106188 0)
(-0.00950173 0.00107795 0)
(-0.0124629 0.000967638 0)
(-0.0149533 0.000759968 0)
(-0.016743 0.000483937 0)
(-0.0176786 0.000167267 0)
(-0.017683 -0.000163315 0)
(-0.0167546 -0.000481287 0)
(-0.0149679 -0.000759448 0)
(-0.0124752 -0.000969268 0)
(-0.00950749 -0.00108089 0)
(-0.0063726 -0.00106472 0)
(-0.0034436 -0.00089603 0)
(-0.00113223 -0.000563908 0)
(0.000167751 -0.000102653 0)
(0.000259607 0.000255478 0)
(-6.52916e-05 -0.000191999 0)
(-0.00156548 0.00161241 0)
(-0.00562129 0.00361194 0)
(-0.0116625 0.00506751 0)
(-0.0188884 0.00580137 0)
(-0.0264629 0.00581844 0)
(-0.0335826 0.00520477 0)
(-0.039555 0.00408575 0)
(-0.0438436 0.00260187 0)
(-0.0460843 0.000897576 0)
(-0.0460926 -0.000882143 0)
(-0.0438654 -0.00259176 0)
(-0.0395826 -0.00408432 0)
(-0.0336061 -0.00521209 0)
(-0.0264744 -0.00583108 0)
(-0.0188848 -0.00581357 0)
(-0.0116474 -0.00507357 0)
(-0.00560334 -0.00360925 0)
(-0.00155356 -0.00160394 0)
(-6.17419e-05 0.000197682 0)
(-0.000510323 0.00103307 0)
(-0.00364766 0.00566205 0)
(-0.0104982 0.0102124 0)
(-0.0199312 0.0134785 0)
(-0.0307807 0.0150706 0)
(-0.0419269 0.0149613 0)
(-0.0522886 0.0133226 0)
(-0.0609257 0.0104369 0)
(-0.067105 0.00663956 0)
(-0.0703275 0.00228758 0)
(-0.0703393 -0.00225423 0)
(-0.0671366 -0.0066178 0)
(-0.0609667 -0.0104341 0)
(-0.0523257 -0.0133391 0)
(-0.0419486 -0.0149898 0)
(-0.0307818 -0.0150986 0)
(-0.019915 -0.0134934 0)
(-0.0104757 -0.010208 0)
(-0.00363136 -0.00564366 0)
(-0.000505127 -0.00101889 0)
(-0.000904361 0.00337438 0)
(-0.00561786 0.0121025 0)
(-0.0152167 0.0199192 0)
(-0.0278972 0.025336 0)
(-0.0420826 0.0278188 0)
(-0.0563957 0.0273467 0)
(-0.0695428 0.0242156 0)
(-0.0804141 0.0189093 0)
(-0.0881526 0.0120077 0)
(-0.0921783 0.00413352 0)
(-0.0921968 -0.00407359 0)
(-0.0882029 -0.0119676 0)
(-0.0804822 -0.018902 0)
(-0.0696101 -0.0242423 0)
(-0.0564449 -0.0273958 0)
(-0.0421038 -0.0278694 0)
(-0.0278913 -0.0253662 0)
(-0.0151959 -0.0199164 0)
(-0.00559924 -0.0120734 0)
(-0.000897701 -0.00334896 0)
(-0.00125231 0.00671974 0)
(-0.00747142 0.020807 0)
(-0.0197761 0.0325574 0)
(-0.035643 0.0403603 0)
(-0.0530382 0.0436544 0)
(-0.0703181 0.0425115 0)
(-0.0860034 0.0374166 0)
(-0.0988613 0.0291049 0)
(-0.107961 0.0184409 0)
(-0.112683 0.00634498 0)
(-0.112714 -0.00624132 0)
(-0.108047 -0.0183684 0)
(-0.0989817 -0.0290846 0)
(-0.0861312 -0.037452 0)
(-0.0704261 -0.0425868 0)
(-0.0531072 -0.0437385 0)
(-0.0356682 -0.0404181 0)
(-0.0197692 -0.0325659 0)
(-0.00745495 -0.0207709 0)
(-0.00124481 -0.00668188 0)
(-0.00158451 0.0110116 0)
(-0.00929741 0.0317475 0)
(-0.0243223 0.0481309 0)
(-0.0433764 0.0585389 0)
(-0.0639262 0.0625142 0)
(-0.0840489 0.0603379 0)
(-0.102098 0.0527757 0)
(-0.116757 0.0408792 0)
(-0.127066 0.0258373 0)
(-0.132401 0.0088895 0)
(-0.132452 -0.00871138 0)
(-0.127209 -0.0257064 0)
(-0.116965 -0.0408289 0)
(-0.10233 -0.0528148 0)
(-0.0842609 -0.0604465 0)
(-0.0640844 -0.0626487 0)
(-0.0434649 -0.0586462 0)
(-0.0243493 -0.0481705 0)
(-0.00929117 -0.0317161 0)
(-0.00157759 -0.010963 0)
(-0.00193148 0.0162563 0)
(-0.0111987 0.0449664 0)
(-0.0290293 0.066688 0)
(-0.0513105 0.0798794 0)
(-0.074965 0.0843377 0)
(-0.097787 0.0807004 0)
(-0.117994 0.0701315 0)
(-0.134233 0.0540762 0)
(-0.14557 0.0340874 0)
(-0.151422 0.011733 0)
(-0.151503 -0.0114325 0)
(-0.145799 -0.033857 0)
(-0.13457 -0.0539673 0)
(-0.118381 -0.0701626 0)
(-0.0981604 -0.0808497 0)
(-0.0752671 -0.0845466 0)
(-0.051507 -0.0800702 0)
(-0.029119 -0.0667928 0)
(-0.0112152 -0.0449634 0)
(-0.00192758 -0.016204 0)
(-0.00232206 0.0225206 0)
(-0.0132756 0.0605832 0)
(-0.0340588 0.0883152 0)
(-0.059608 0.104373 0)
(-0.08625 0.109002 0)
(-0.111514 0.103384 0)
(-0.133539 0.0892271 0)
(-0.151016 0.068458 0)
(-0.163107 0.0430274 0)
(-0.169327 0.014823 0)
(-0.169447 -0.0143333 0)
(-0.163448 -0.0426388 0)
(-0.151526 -0.0682479 0)
(-0.13414 -0.0892299 0)
(-0.112114 -0.103579 0)
(-0.0867609 -0.109316 0)
(-0.0599677 -0.104696 0)
(-0.034249 -0.0885374 0)
(-0.013332 -0.0606487 0)
(-0.00232487 -0.0224792 0)
(-0.00278648 0.0299281 0)
(-0.0156276 0.078789 0)
(-0.0395482 0.113115 0)
(-0.068347 0.131948 0)
(-0.0977004 0.136251 0)
(-0.124927 0.128003 0)
(-0.148192 0.109632 0)
(-0.166348 0.0836406 0)
(-0.17876 0.0523966 0)
(-0.185115 0.0180725 0)
(-0.185281 -0.0173097 0)
(-0.179234 -0.0517743 0)
(-0.167067 -0.0832711 0)
(-0.149058 -0.109574 0)
(-0.125816 -0.128244 0)
(-0.0984877 -0.136703 0)
(-0.068932 -0.132463 0)
(-0.0398841 -0.113527 0)
(-0.0157461 -0.0789837 0)
(-0.00280105 -0.0299229 0)
(-0.00336409 0.0386631 0)
(-0.0183689 0.099834 0)
(-0.0456139 0.141156 0)
(-0.0774947 0.162376 0)
(-0.108997 0.165581 0)
(-0.137347 0.153881 0)
(-0.160913 0.130636 0)
(-0.178877 0.099013 0)
(-0.19095 0.0617867 0)
(-0.197087 0.0213412 0)
(-0.1973 -0.020211 0)
(-0.191563 -0.0608435 0)
(-0.17982 -0.0984121 0)
(-0.16207 -0.130471 0)
(-0.138569 -0.154157 0)
(-0.110118 -0.166201 0)
(-0.0783652 -0.163153 0)
(-0.0461444 -0.141851 0)
(-0.0185759 -0.100242 0)
(-0.00339707 -0.0387327 0)
(-0.00411751 0.0489898 0)
(-0.0216567 0.124016 0)
(-0.0523585 0.172395 0)
(-0.0868651 0.195143 0)
(-0.119489 0.196086 0)
(-0.147591 0.179908 0)
(-0.170014 0.151134 0)
(-0.186508 0.113653 0)
(-0.197298 0.0705914 0)
(-0.202714 0.0244166 0)
(-0.202965 -0.0228289 0)
(-0.198027 -0.0692396 0)
(-0.187646 -0.112741 0)
(-0.171442 -0.1508 0)
(-0.149144 -0.180189 0)
(-0.120965 -0.196893 0)
(-0.0880635 -0.196251 0)
(-0.0531286 -0.173479 0)
(-0.0219811 -0.124746 0)
(-0.00417719 -0.0491885 0)
(-0.00515775 0.0612996 0)
(-0.0257327 0.151667 0)
(-0.0598627 0.206552 0)
(-0.0960233 0.229257 0)
(-0.128018 0.226259 0)
(-0.15376 0.204371 0)
(-0.172957 0.169503 0)
(-0.186217 0.126255 0)
(-0.194461 0.0779677 0)
(-0.198493 0.026999 0)
(-0.198758 -0.0248921 0)
(-0.19524 -0.0761398 0)
(-0.187457 -0.124958 0)
(-0.174558 -0.168926 0)
(-0.155564 -0.204603 0)
(-0.129809 -0.227239 0)
(-0.0975494 -0.230744 0)
(-0.0609 -0.208132 0)
(-0.0262023 -0.152845 0)
(-0.00525407 -0.0616993 0)
(-0.00668845 0.0762067 0)
(-0.0309761 0.183117 0)
(-0.0681193 0.242895 0)
(-0.104069 0.262947 0)
(-0.132617 0.25372 0)
(-0.152917 0.224771 0)
(-0.166069 0.183508 0)
(-0.17384 0.135094 0)
(-0.177987 0.0828294 0)
(-0.179832 0.0286995 0)
(-0.18007 -0.0260726 0)
(-0.178697 -0.080507 0)
(-0.175005 -0.133364 0)
(-0.167637 -0.182613 0)
(-0.154776 -0.224867 0)
(-0.134571 -0.25481 0)
(-0.105843 -0.264811 0)
(-0.069411 -0.24505 0)
(-0.0316107 -0.184873 0)
(-0.00683261 -0.0768964 0)
(-0.00907511 0.0947104 0)
(-0.0379362 0.218558 0)
(-0.0767968 0.279821 0)
(-0.10915 0.293218 0)
(-0.12993 0.274905 0)
(-0.140582 0.237681 0)
(-0.144177 0.190297 0)
(-0.143858 0.138083 0)
(-0.142217 0.0839082 0)
(-0.141027 0.0290636 0)
(-0.14118 -0.026014 0)
(-0.142688 -0.081158 0)
(-0.144683 -0.135931 0)
(-0.145385 -0.189029 0)
(-0.142153 -0.237531 0)
(-0.131747 -0.275974 0)
(-0.110966 -0.295369 0)
(-0.0782537 -0.282556 0)
(-0.0387336 -0.220999 0)
(-0.00927806 -0.0957922 0)
(-0.0129067 0.118412 0)
(-0.0471891 0.25764 0)
(-0.0845424 0.314104 0)
(-0.107436 0.315245 0)
(-0.114224 0.284805 0)
(-0.109986 0.238796 0)
(-0.100189 0.186609 0)
(-0.0892564 0.133023 0)
(-0.0803467 0.0799404 0)
(-0.0754226 0.027643 0)
(-0.0754239 -0.0243947 0)
(-0.0803848 -0.0769465 0)
(-0.0894258 -0.130557 0)
(-0.100618 -0.18497 0)
(-0.110788 -0.238285 0)
(-0.115428 -0.285654 0)
(-0.108909 -0.317467 0)
(-0.0859451 -0.317292 0)
(-0.0480962 -0.260792 0)
(-0.0131731 -0.119986 0)
(-0.018831 0.149825 0)
(-0.0584596 0.298447 0)
(-0.0871136 0.339576 0)
(-0.0910262 0.321667 0)
(-0.0757462 0.276981 0)
(-0.0511152 0.223383 0)
(-0.0247307 0.169388 0)
(-0.00160382 0.118144 0)
(0.01523 0.0700327 0)
(0.0241133 0.0241319 0)
(0.0243111 -0.0210349 0)
(0.0157761 -0.0671065 0)
(-0.000848043 -0.115594 0)
(-0.0239798 -0.167481 0)
(-0.0506239 -0.222451 0)
(-0.0757376 -0.277376 0)
(-0.0915793 -0.323611 0)
(-0.0880469 -0.342888 0)
(-0.059312 -0.302174 0)
(-0.0191388 -0.15196 0)
(-0.0263683 0.193092 0)
(-0.0675832 0.335105 0)
(-0.0729628 0.344703 0)
(-0.0441031 0.301765 0)
(0.00160565 0.24405 0)
(0.0502321 0.187351 0)
(0.0938309 0.13686 0)
(0.12838 0.092956 0)
(0.152079 0.0541884 0)
(0.164238 0.0185613 0)
(0.16463 -0.0160346 0)
(0.153211 -0.0517302 0)
(0.130112 -0.0906728 0)
(0.0959229 -0.134935 0)
(0.0523476 -0.186076 0)
(0.00335045 -0.243831 0)
(-0.0430774 -0.303024 0)
(-0.0727995 -0.3476 0)
(-0.0680095 -0.339004 0)
(-0.0266121 -0.19576 0)
(-0.0286568 0.251052 0)
(-0.057785 0.350951 0)
(-0.014006 0.309649 0)
(0.0632624 0.24242 0)
(0.142966 0.180311 0)
(0.212743 0.129917 0)
(0.268489 0.0905893 0)
(0.309465 0.0595747 0)
(0.336261 0.0340329 0)
(0.349669 0.0115482 0)
(0.350162 -0.00995093 0)
(0.337715 -0.0324219 0)
(0.311798 -0.0579614 0)
(0.271536 -0.089043 0)
(0.216218 -0.128611 0)
(0.146444 -0.179577 0)
(0.0662099 -0.242757 0)
(-0.0121258 -0.311528 0)
(-0.0571582 -0.354251 0)
(-0.0285305 -0.253893 0)
(0.0139495 0.28904 0)
(0.0303833 0.302875 0)
(0.154091 0.214125 0)
(0.282774 0.142373 0)
(0.38298 0.0939717 0)
(0.457149 0.0619838 0)
(0.510519 0.0405679 0)
(0.547106 0.0255593 0)
(0.569975 0.0142131 0)
(0.58113 0.00474065 0)
(0.581538 -0.00414478 0)
(0.5712 -0.0135787 0)
(0.549152 -0.0248524 0)
(0.513366 -0.0397702 0)
(0.460705 -0.0611215 0)
(0.387016 -0.0931826 0)
(0.286864 -0.141998 0)
(0.157536 -0.214673 0)
(0.0325366 -0.30455 0)
(0.0149974 -0.290853 0)
(0.304909 0.147201 0)
(0.40625 0.127709 0)
(0.569525 0.0747679 0)
(0.686099 0.0418525 0)
(0.753534 0.0238646 0)
(0.794606 0.0139518 0)
(0.820891 0.00831572 0)
(0.837589 0.00490147 0)
(0.847524 0.00260797 0)
(0.852225 0.000837934 0)
(0.852353 -0.000774224 0)
(0.84792 -0.00252741 0)
(0.838288 -0.00478383 0)
(0.821953 -0.00813464 0)
(0.796099 -0.0136767 0)
(0.755514 -0.0234796 0)
(0.688573 -0.0414049 0)
(0.572185 -0.0744246 0)
(0.40821 -0.127747 0)
(0.305837 -0.147542 0)
)
;

boundaryField
{
    movingWall
    {
        type            fixedValue;
        value           uniform (1 0 0);
    }
    fixedWalls
    {
        type            noSlip;
    }
    frontAndBack
    {
        type            empty;
    }
}


// ************************************************************************* //
