/*--------------------------------*- C++ -*----------------------------------*\
  =========                 |
  \\      /  F ield         | OpenFOAM: The Open Source CFD Toolbox
   \\    /   O peration     | Website:  https://openfoam.org
    \\  /    A nd           | Version:  6
     \\/     M anipulation  |
\*---------------------------------------------------------------------------*/
FoamFile
{
    version     2.0;
    format      ascii;
    class       volVectorField;
    location    "0.26";
    object      U;
}
// * * * * * * * * * * * * * * * * * * * * * * * * * * * * * * * * * * * * * //

dimensions      [0 1 -1 0 0 0 0];

internalField   nonuniform List<vector> 
400
(
(8.89217e-05 -9.10231e-05 0)
(-0.000197991 0.000205155 0)
(-0.00130054 0.000475516 0)
(-0.00293683 0.000628406 0)
(-0.00482294 0.00068878 0)
(-0.00676146 0.000685957 0)
(-0.00860842 0.000637613 0)
(-0.0102468 0.000550258 0)
(-0.0115671 0.000422798 0)
(-0.0124569 0.000251932 0)
(-0.012804 3.80538e-05 0)
(-0.012513 -0.00020923 0)
(-0.0115328 -0.000467031 0)
(-0.00989066 -0.000698239 0)
(-0.00772123 -0.000855663 0)
(-0.00527801 -0.000892379 0)
(-0.00291233 -0.000776766 0)
(-0.00101693 -0.00050714 0)
(5.81036e-05 -0.000131266 0)
(0.00017616 0.000164844 0)
(-0.000212425 0.000191443 0)
(-0.00159998 0.00155845 0)
(-0.00462586 0.00271327 0)
(-0.00868483 0.00339669 0)
(-0.013234 0.00367009 0)
(-0.0178675 0.00362776 0)
(-0.022251 0.00333636 0)
(-0.0260968 0.00282735 0)
(-0.0291406 0.00210694 0)
(-0.0311284 0.00117608 0)
(-0.0318251 5.38972e-05 0)
(-0.0310474 -0.00120038 0)
(-0.0287164 -0.00247237 0)
(-0.024918 -0.00359122 0)
(-0.0199552 -0.00434968 0)
(-0.0143631 -0.00454946 0)
(-0.00886038 -0.00406643 0)
(-0.00422729 -0.00291611 0)
(-0.00116224 -0.00132072 0)
(-5.0075e-05 9.41311e-05 0)
(-0.00053331 0.00135351 0)
(-0.00300643 0.00465823 0)
(-0.0077627 0.00723378 0)
(-0.0138227 0.00876375 0)
(-0.0204516 0.00935741 0)
(-0.0271268 0.00918976 0)
(-0.0334016 0.00839613 0)
(-0.0388819 0.00704978 0)
(-0.0432045 0.00517839 0)
(-0.0460237 0.00280375 0)
(-0.0470226 -9.58533e-06 0)
(-0.0459536 -0.00310825 0)
(-0.0427043 -0.00621865 0)
(-0.0373763 -0.00894543 0)
(-0.0303571 -0.0108162 0)
(-0.0223509 -0.0113827 0)
(-0.0143228 -0.0103687 0)
(-0.00734043 -0.00782143 0)
(-0.00242047 -0.00423422 0)
(-0.000298772 -0.00073154 0)
(-0.000789321 0.00325219 0)
(-0.00419992 0.00921403 0)
(-0.0104903 0.0135438 0)
(-0.0182897 0.016053 0)
(-0.0266798 0.016969 0)
(-0.035058 0.0165765 0)
(-0.0429152 0.015093 0)
(-0.0497988 0.0126394 0)
(-0.0552865 0.00926747 0)
(-0.0589663 0.00502152 0)
(-0.0604451 1.60659e-05 0)
(-0.0593906 -0.00548861 0)
(-0.0556081 -0.0110315 0)
(-0.0491425 -0.0159412 0)
(-0.040387 -0.0194028 0)
(-0.030156 -0.0206232 0)
(-0.0196519 -0.0190872 0)
(-0.0102865 -0.0148329 0)
(-0.00350133 -0.00864461 0)
(-0.000467021 -0.00217074 0)
(-0.000995553 0.00573908 0)
(-0.00521443 0.0149973 0)
(-0.0128722 0.0213655 0)
(-0.0222336 0.0249416 0)
(-0.0322081 0.0261637 0)
(-0.0421365 0.0254727 0)
(-0.051481 0.0231859 0)
(-0.0597669 0.0194734 0)
(-0.0665409 0.0144007 0)
(-0.0713368 0.00801651 0)
(-0.0736718 0.000462767 0)
(-0.0730849 -0.00791192 0)
(-0.0692214 -0.0164597 0)
(-0.0619682 -0.0241968 0)
(-0.0516245 -0.0298751 0)
(-0.0390578 -0.0322128 0)
(-0.0257381 -0.030295 0)
(-0.0135612 -0.0240413 0)
(-0.00459868 -0.014538 0)
(-0.00059411 -0.00410699 0)
(-0.0011729 0.00872852 0)
(-0.00611547 0.0218806 0)
(-0.0150269 0.0305764 0)
(-0.0258422 0.0353236 0)
(-0.037318 0.0368664 0)
(-0.0487605 0.0358576 0)
(-0.0596346 0.0327387 0)
(-0.0694762 0.0277274 0)
(-0.0778276 0.020881 0)
(-0.084178 0.0122125 0)
(-0.0879373 0.00183873 0)
(-0.0884593 -0.00985745 0)
(-0.0851301 -0.0220741 0)
(-0.077542 -0.0334923 0)
(-0.0657538 -0.0423152 0)
(-0.0505838 -0.0465505 0)
(-0.0337835 -0.0445994 0)
(-0.0179196 -0.0360418 0)
(-0.00603198 -0.0222671 0)
(-0.000744002 -0.00658647 0)
(-0.00133697 0.0121748 0)
(-0.00695988 0.0297868 0)
(-0.0170627 0.0411016 0)
(-0.029275 0.0471456 0)
(-0.0422207 0.0490652 0)
(-0.0551975 0.0477886 0)
(-0.067707 0.0439098 0)
(-0.0793333 0.0376909 0)
(-0.0896472 0.0291485 0)
(-0.0981117 0.0181984 0)
(-0.104021 0.00484524 0)
(-0.106492 -0.0105933 0)
(-0.104543 -0.0272427 0)
(-0.0973032 -0.0434612 0)
(-0.0843846 -0.0567814 0)
(-0.066365 -0.0641962 0)
(-0.045205 -0.0629669 0)
(-0.0243184 -0.0519029 0)
(-0.00821386 -0.032604 0)
(-0.000994716 -0.00984663 0)
(-0.00149849 0.0160601 0)
(-0.00778927 0.0386802 0)
(-0.0190573 0.0529011 0)
(-0.0326318 0.0603782 0)
(-0.0470196 0.0627646 0)
(-0.0615389 0.0613362 0)
(-0.0757664 0.0568741 0)
(-0.0893785 0.049683 0)
(-0.102019 0.0396983 0)
(-0.113162 0.0266584 0)
(-0.122 0.0103346 0)
(-0.127388 -0.00917209 0)
(-0.127888 -0.0310629 0)
(-0.121997 -0.0534534 0)
(-0.108626 -0.0731216 0)
(-0.0878062 -0.0856937 0)
(-0.06146 -0.0866359 0)
(-0.0338843 -0.0732092 0)
(-0.0116747 -0.046843 0)
(-0.00145107 -0.0143603 0)
(-0.00166541 0.0203856 0)
(-0.00863359 0.0485552 0)
(-0.0210582 0.0659514 0)
(-0.0359476 0.0749837 0)
(-0.0516976 0.0779335 0)
(-0.0676742 0.0765102 0)
(-0.0835691 0.0717258 0)
(-0.0991994 0.0639299 0)
(-0.114337 0.0529368 0)
(-0.128523 0.0382171 0)
(-0.140903 0.0191622 0)
(-0.150098 -0.00454088 0)
(-0.154195 -0.0323912 0)
(-0.150951 -0.062442 0)
(-0.138336 -0.0907402 0)
(-0.115443 -0.111246 0)
(-0.0836453 -0.116835 0)
(-0.0477996 -0.101968 0)
(-0.0171018 -0.0668825 0)
(-0.00227138 -0.0209065 0)
(-0.00184808 0.0251679 0)
(-0.00952602 0.0594254 0)
(-0.023104 0.0802195 0)
(-0.0392136 0.0908679 0)
(-0.0561313 0.094431 0)
(-0.0732936 0.0931548 0)
(-0.0905415 0.0883364 0)
(-0.107875 0.080382 0)
(-0.12525 0.068953 0)
(-0.14235 0.0531693 0)
(-0.158371 0.0318961 0)
(-0.171816 0.00418923 0)
(-0.180407 -0.0300235 0)
(-0.18121 -0.0690263 0)
(-0.171146 -0.108349 0)
(-0.147973 -0.140213 0)
(-0.111756 -0.154186 0)
(-0.0669841 -0.140226 0)
(-0.0253688 -0.0952182 0)
(-0.00371568 -0.0306801 0)
(-0.00206898 0.0304485 0)
(-0.0105317 0.071326 0)
(-0.0252675 0.0956421 0)
(-0.0424254 0.107831 0)
(-0.0601387 0.111926 0)
(-0.0779321 0.110831 0)
(-0.0958192 0.106192 0)
(-0.114008 0.098492 0)
(-0.132679 0.0872293 0)
(-0.151741 0.0711229 0)
(-0.170578 0.0484063 0)
(-0.187799 0.0173241 0)
(-0.201043 -0.0230447 0)
(-0.206978 -0.0716002 0)
(-0.201631 -0.12382 0)
(-0.181212 -0.170549 0)
(-0.143617 -0.197793 0)
(-0.0914054 -0.189225 0)
(-0.0374561 -0.134715 0)
(-0.00621074 -0.0454525 0)
(-0.00238044 0.036326 0)
(-0.011796 0.0843428 0)
(-0.0277242 0.112118 0)
(-0.0456563 0.125522 0)
(-0.063555 0.129818 0)
(-0.08106 0.128709 0)
(-0.0983708 0.124245 0)
(-0.115905 0.117017 0)
(-0.134084 0.10638 0)
(-0.15311 0.0906659 0)
(-0.172723 0.0674641 0)
(-0.191932 0.0341375 0)
(-0.208748 -0.0112777 0)
(-0.219993 -0.0687062 0)
(-0.221316 -0.134281 0)
(-0.207553 -0.198415 0)
(-0.17383 -0.244206 0)
(-0.118944 -0.248007 0)
(-0.0540242 -0.187854 0)
(-0.0103774 -0.0677286 0)
(-0.00289794 0.0430306 0)
(-0.0136242 0.0986743 0)
(-0.0308461 0.129512 0)
(-0.049142 0.143395 0)
(-0.0663131 0.147179 0)
(-0.0821879 0.145498 0)
(-0.0971781 0.140845 0)
(-0.111899 0.133945 0)
(-0.127004 0.124065 0)
(-0.143026 0.109244 0)
(-0.160205 0.0865548 0)
(-0.178255 0.052578 0)
(-0.196062 0.0042851 0)
(-0.211319 -0.0595915 0)
(-0.220147 -0.136667 0)
(-0.21673 -0.218396 0)
(-0.193516 -0.286818 0)
(-0.144223 -0.311715 0)
(-0.0743559 -0.255021 0)
(-0.0168722 -0.100637 0)
(-0.00386436 0.0510732 0)
(-0.0166095 0.114734 0)
(-0.0353116 0.147636 0)
(-0.053323 0.16064 0)
(-0.0684333 0.162683 0)
(-0.0808598 0.15943 0)
(-0.0913085 0.153795 0)
(-0.100597 0.146634 0)
(-0.109589 0.137202 0)
(-0.119147 0.123418 0)
(-0.130072 0.102087 0)
(-0.142961 0.0693011 0)
(-0.157943 0.0211754 0)
(-0.174228 -0.0449735 0)
(-0.189393 -0.128915 0)
(-0.198253 -0.224816 0)
(-0.19171 -0.316579 0)
(-0.158392 -0.370701 0)
(-0.0948113 -0.331915 0)
(-0.0258289 -0.147103 0)
(-0.00577215 0.0615342 0)
(-0.0218324 0.133267 0)
(-0.0421679 0.166146 0)
(-0.0586782 0.17601 0)
(-0.0696672 0.174497 0)
(-0.0761895 0.168266 0)
(-0.0794319 0.160509 0)
(-0.0804666 0.152154 0)
(-0.0803577 0.142497 0)
(-0.0802477 0.12952 0)
(-0.0814281 0.110074 0)
(-0.0853314 0.0801723 0)
(-0.093371 0.0355096 0)
(-0.10655 -0.0277119 0)
(-0.124672 -0.11157 0)
(-0.14471 -0.214197 0)
(-0.158236 -0.324682 0)
(-0.150618 -0.411987 0)
(-0.10786 -0.407968 0)
(-0.0357444 -0.208263 0)
(-0.00956571 0.0766682 0)
(-0.0310788 0.155399 0)
(-0.0525373 0.184156 0)
(-0.0647681 0.187394 0)
(-0.0680345 0.179975 0)
(-0.0650648 0.169179 0)
(-0.0578119 0.158137 0)
(-0.047689 0.147666 0)
(-0.0359424 0.137079 0)
(-0.0238831 0.124535 0)
(-0.013091 0.107192 0)
(-0.00554833 0.0813858 0)
(-0.00363161 0.0429401 0)
(-0.00989429 -0.0123942 0)
(-0.0264958 -0.088395 0)
(-0.0536905 -0.187282 0)
(-0.0864665 -0.305878 0)
(-0.110692 -0.42283 0)
(-0.102985 -0.467702 0)
(-0.0419914 -0.281831 0)
(-0.0168251 0.101334 0)
(-0.0465328 0.182069 0)
(-0.0654239 0.198742 0)
(-0.0663019 0.190352 0)
(-0.0549379 0.174536 0)
(-0.0368407 0.158041 0)
(-0.0148511 0.143225 0)
(0.0093554 0.130428 0)
(0.0345154 0.118821 0)
(0.0593947 0.10674 0)
(0.0824565 0.0917941 0)
(0.101598 0.0709422 0)
(0.114009 0.0406377 0)
(0.116193 -0.00301499 0)
(0.104202 -0.0642692 0)
(0.0744936 -0.148041 0)
(0.0266451 -0.259217 0)
(-0.0307459 -0.392751 0)
(-0.069071 -0.49205 0)
(-0.0357457 -0.358721 0)
(-0.0288859 0.145353 0)
(-0.0664806 0.209574 0)
(-0.06621 0.197992 0)
(-0.0386108 0.172833 0)
(-0.000895438 0.148569 0)
(0.0395436 0.127832 0)
(0.080196 0.111027 0)
(0.119941 0.0976064 0)
(0.158108 0.086438 0)
(0.194042 0.0760144 0)
(0.226707 0.0644848 0)
(0.254354 0.0496415 0)
(0.274284 0.0289446 0)
(0.282716 -0.000464818 0)
(0.274745 -0.0420051 0)
(0.244531 -0.100789 0)
(0.186118 -0.18659 0)
(0.0978735 -0.312937 0)
(0.00617786 -0.454687 0)
(-0.00247259 -0.410335 0)
(-0.031641 0.214547 0)
(-0.0473064 0.214014 0)
(0.0221835 0.15715 0)
(0.10227 0.120104 0)
(0.173459 0.0949983 0)
(0.235639 0.0763484 0)
(0.290588 0.0624655 0)
(0.339462 0.0521936 0)
(0.3831 0.0443188 0)
(0.421981 0.0376454 0)
(0.455952 0.0309763 0)
(0.483981 0.0230432 0)
(0.503949 0.0124772 0)
(0.512477 -0.00221518 0)
(0.504662 -0.0228312 0)
(0.473759 -0.0523366 0)
(0.410154 -0.0985156 0)
(0.300123 -0.184418 0)
(0.153247 -0.32439 0)
(0.0909084 -0.368676 0)
(0.260553 0.131916 0)
(0.320542 0.116621 0)
(0.440386 0.0782137 0)
(0.540098 0.0534498 0)
(0.609407 0.0380349 0)
(0.659935 0.0276623 0)
(0.699398 0.0205267 0)
(0.731349 0.0156308 0)
(0.75774 0.0122081 0)
(0.779737 0.00964314 0)
(0.79776 0.00742747 0)
(0.811449 0.00510657 0)
(0.819628 0.00225015 0)
(0.82029 -0.00156322 0)
(0.810397 -0.00679031 0)
(0.785509 -0.0141718 0)
(0.737461 -0.0257188 0)
(0.651243 -0.0482618 0)
(0.489499 -0.103377 0)
(0.35776 -0.149612 0)
)
;

boundaryField
{
    movingWall
    {
        type            fixedValue;
        value           uniform (1 0 0);
    }
    fixedWalls
    {
        type            noSlip;
    }
    frontAndBack
    {
        type            empty;
    }
}


// ************************************************************************* //
