/*--------------------------------*- C++ -*----------------------------------*\
  =========                 |
  \\      /  F ield         | OpenFOAM: The Open Source CFD Toolbox
   \\    /   O peration     | Website:  https://openfoam.org
    \\  /    A nd           | Version:  6
     \\/     M anipulation  |
\*---------------------------------------------------------------------------*/
FoamFile
{
    version     2.0;
    format      ascii;
    class       surfaceScalarField;
    location    "0.085";
    object      phi;
}
// * * * * * * * * * * * * * * * * * * * * * * * * * * * * * * * * * * * * * //

dimensions      [0 3 -1 0 0 0 0];

internalField   nonuniform List<scalar> 
760
(
-5.04098e-09
5.04064e-09
-5.08218e-08
4.57808e-08
-1.23247e-07
7.2425e-08
-2.05593e-07
8.23467e-08
-2.87093e-07
8.14996e-08
-3.61482e-07
7.43887e-08
-4.25013e-07
6.35311e-08
-4.75129e-07
5.01166e-08
-5.09775e-07
3.46456e-08
-5.27157e-07
1.73821e-08
-5.25764e-07
-1.39323e-09
-5.04516e-07
-2.12484e-08
-4.63021e-07
-4.14947e-08
-4.01972e-07
-6.1049e-08
-3.23763e-07
-7.82087e-08
-2.33433e-07
-9.03308e-08
-1.39917e-07
-9.35161e-08
-5.74441e-08
-8.24726e-08
-5.7933e-09
-5.16508e-08
-5.79328e-09
-4.61633e-08
5.12039e-08
-1.66293e-07
1.6591e-07
-3.32475e-07
2.38607e-07
-5.16922e-07
2.66794e-07
-6.98931e-07
2.63508e-07
-8.64915e-07
2.40373e-07
-1.00609e-06
2.04701e-07
-1.11634e-06
1.60376e-07
-1.19105e-06
1.09346e-07
-1.22646e-06
5.28006e-08
-1.21975e-06
-8.1064e-09
-1.16917e-06
-7.18274e-08
-1.0746e-06
-1.36071e-07
-9.38273e-07
-1.97371e-07
-7.66016e-07
-2.50466e-07
-5.68844e-07
-2.87503e-07
-3.64919e-07
-2.97441e-07
-1.80797e-07
-2.66594e-07
-4.92941e-08
-1.83154e-07
-5.50873e-08
-7.73628e-08
1.28567e-07
-2.53642e-07
3.42189e-07
-4.85238e-07
4.70202e-07
-7.36929e-07
5.18486e-07
-9.83078e-07
5.09657e-07
-1.20652e-06
4.63818e-07
-1.39587e-06
3.9405e-07
-1.54312e-06
3.07628e-07
-1.64221e-06
2.08437e-07
-1.68838e-06
9.89677e-08
-1.67805e-06
-1.84339e-08
-1.60912e-06
-1.40758e-07
-1.48154e-06
-2.6365e-07
-1.29833e-06
-3.80588e-07
-1.06703e-06
-4.81767e-07
-8.01749e-07
-5.5278e-07
-5.25411e-07
-5.73779e-07
-2.71148e-07
-5.20857e-07
-8.0747e-08
-3.73555e-07
-1.35834e-07
-9.7359e-08
2.25926e-07
-3.14632e-07
5.59462e-07
-5.94662e-07
7.50232e-07
-8.95096e-07
8.1892e-07
-1.18669e-06
8.01249e-07
-1.4503e-06
7.27429e-07
-1.67331e-06
6.17062e-07
-1.84684e-06
4.81156e-07
-1.9641e-06
3.25695e-07
-2.01965e-06
1.54518e-07
-2.00925e-06
-2.88319e-08
-1.93014e-06
-2.19872e-07
-1.78171e-06
-4.12074e-07
-1.56677e-06
-5.95529e-07
-1.29336e-06
-7.55182e-07
-9.77284e-07
-8.68852e-07
-6.45e-07
-9.06063e-07
-3.35665e-07
-8.30192e-07
-1.00648e-07
-6.08572e-07
-2.36482e-07
-1.12204e-07
3.3813e-07
-3.62822e-07
8.10079e-07
-6.83645e-07
1.07106e-06
-1.02543e-06
1.1607e-06
-1.35552e-06
1.13134e-06
-1.65329e-06
1.0252e-06
-1.90546e-06
8.69236e-07
-2.10278e-06
6.78472e-07
-2.23804e-06
4.60955e-07
-2.3052e-06
2.21683e-07
-2.29914e-06
-3.48884e-08
-2.21591e-06
-3.03107e-07
-2.05353e-06
-5.74456e-07
-1.81357e-06
-8.35492e-07
-1.50358e-06
-1.06517e-06
-1.14054e-06
-1.23189e-06
-7.54704e-07
-1.2919e-06
-3.92587e-07
-1.19231e-06
-1.16722e-07
-8.84437e-07
-3.53204e-07
-1.26572e-07
4.64702e-07
-4.10189e-07
1.0937e-06
-7.72085e-07
1.43295e-06
-1.15587e-06
1.54449e-06
-1.5253e-06
1.50077e-06
-1.85834e-06
1.35823e-06
-2.14134e-06
1.15223e-06
-2.36495e-06
9.02084e-07
-2.52176e-06
6.17765e-07
-2.60511e-06
3.05035e-07
-2.60868e-06
-3.13186e-08
-2.52667e-06
-3.85121e-07
-2.35472e-06
-7.46402e-07
-2.09193e-06
-1.09828e-06
-1.74421e-06
-1.41289e-06
-1.32914e-06
-1.64696e-06
-8.81538e-07
-1.7395e-06
-4.57724e-07
-1.61612e-06
-1.34694e-07
-1.20747e-06
-4.87898e-07
-1.43486e-07
6.08188e-07
-4.65163e-07
1.41537e-06
-8.74132e-07
1.84192e-06
-1.30587e-06
1.97623e-06
-1.72011e-06
1.91502e-06
-2.09348e-06
1.7316e-06
-2.41225e-06
1.471e-06
-2.66735e-06
1.15719e-06
-2.85144e-06
8.01854e-07
-2.95732e-06
4.10912e-07
-2.97721e-06
-1.14251e-08
-2.90276e-06
-4.59572e-07
-2.72597e-06
-9.23191e-07
-2.4417e-06
-1.38255e-06
-2.05232e-06
-1.80227e-06
-1.57475e-06
-2.12453e-06
-1.04896e-06
-2.2653e-06
-5.44474e-07
-2.12061e-06
-1.58791e-07
-1.59315e-06
-6.46689e-07
-1.64991e-07
7.73179e-07
-5.33662e-07
1.78405e-06
-9.99626e-07
2.30788e-06
-1.48846e-06
2.46507e-06
-1.95537e-06
2.38193e-06
-2.37584e-06
2.15206e-06
-2.7366e-06
1.83177e-06
-3.02951e-06
1.4501e-06
-3.24783e-06
1.02018e-06
-3.3842e-06
5.47274e-07
-3.42933e-06
3.37102e-08
-3.37165e-06
-5.17251e-07
-3.19799e-06
-1.09686e-06
-2.89644e-06
-1.6841e-06
-2.46257e-06
-2.23614e-06
-1.90974e-06
-2.67737e-06
-1.28243e-06
-2.89261e-06
-6.67658e-07
-2.73537e-06
-1.93439e-07
-2.06737e-06
-8.40128e-07
-1.92886e-07
9.66065e-07
-6.20776e-07
2.21194e-06
-1.15661e-06
2.84372e-06
-1.71356e-06
3.02202e-06
-2.24179e-06
2.91016e-06
-2.71619e-06
2.62646e-06
-3.12494e-06
2.24052e-06
-3.46185e-06
1.787e-06
-3.72183e-06
1.28016e-06
-3.89813e-06
7.23572e-07
-3.9804e-06
1.15983e-07
-3.95346e-06
-5.44186e-07
-3.79732e-06
-1.253e-06
-3.48988e-06
-1.99154e-06
-3.01461e-06
-2.7114e-06
-2.37525e-06
-3.31673e-06
-1.61726e-06
-3.6506e-06
-8.49272e-07
-3.50336e-06
-2.45554e-07
-2.67109e-06
-1.08568e-06
-2.29472e-07
1.19554e-06
-7.32486e-07
2.71495e-06
-1.35375e-06
3.46498e-06
-1.99074e-06
3.65901e-06
-2.58835e-06
3.50777e-06
-3.12203e-06
3.16013e-06
-3.58291e-06
2.7014e-06
-3.9684e-06
2.1725e-06
-4.27667e-06
1.58843e-06
-4.50312e-06
9.50018e-07
-4.63752e-06
2.50379e-07
-4.66148e-06
-5.20219e-07
-4.54693e-06
-1.36755e-06
-4.2575e-06
-2.28096e-06
-3.75675e-06
-3.21216e-06
-3.02778e-06
-4.0457e-06
-2.10717e-06
-4.57121e-06
-1.12618e-06
-4.48435e-06
-3.28039e-07
-3.46923e-06
-1.41372e-06
-2.78424e-07
1.47396e-06
-8.77431e-07
3.31396e-06
-1.60232e-06
4.18988e-06
-2.33099e-06
4.38768e-06
-3.00358e-06
4.18036e-06
-3.59812e-06
3.75466e-06
-4.11102e-06
3.2143e-06
-4.54556e-06
2.60704e-06
-4.90547e-06
1.94834e-06
-5.1907e-06
1.23524e-06
-5.39353e-06
4.53211e-07
-5.49427e-06
-4.19476e-07
-5.45693e-06
-1.4049e-06
-5.22731e-06
-2.51058e-06
-4.73914e-06
-3.70033e-06
-3.93742e-06
-4.84742e-06
-2.82897e-06
-5.67966e-06
-1.55842e-06
-5.7549e-06
-4.65037e-07
-4.56261e-06
-1.87876e-06
-3.46076e-07
1.82004e-06
-1.06892e-06
4.0368e-06
-1.91777e-06
5.03873e-06
-2.74697e-06
5.21688e-06
-3.49412e-06
4.9275e-06
-4.14333e-06
4.40388e-06
-4.69955e-06
3.77052e-06
-5.1748e-06
3.08229e-06
-5.58126e-06
2.3548e-06
-5.92671e-06
1.58068e-06
-6.20974e-06
7.36241e-07
-6.41345e-06
-2.15766e-07
-6.49714e-06
-1.3212e-06
-6.38827e-06
-2.61946e-06
-5.98169e-06
-4.1069e-06
-5.16164e-06
-5.66747e-06
-3.86929e-06
-6.97201e-06
-2.23071e-06
-7.39348e-06
-6.98174e-07
-6.09514e-06
-2.57693e-06
-4.43536e-07
2.26357e-06
-1.3272e-06
4.92046e-06
-2.31953e-06
6.03106e-06
-3.24918e-06
6.14653e-06
-4.05705e-06
5.73537e-06
-4.73918e-06
5.08602e-06
-5.31332e-06
4.34465e-06
-5.80357e-06
3.57255e-06
-6.23366e-06
2.7849e-06
-6.62272e-06
1.96974e-06
-6.9804e-06
1.09392e-06
-7.29902e-06
1.02848e-07
-7.54091e-06
-1.07931e-06
-7.62166e-06
-2.5387e-06
-7.39616e-06
-4.3324e-06
-6.66845e-06
-6.39518e-06
-5.26624e-06
-8.37423e-06
-3.228e-06
-9.43172e-06
-1.08893e-06
-8.23421e-06
-3.66587e-06
-5.90259e-07
2.85383e-06
-1.68108e-06
6.01128e-06
-2.82548e-06
7.17546e-06
-3.83162e-06
7.15268e-06
-4.65704e-06
6.56079e-06
-5.31929e-06
5.74826e-06
-5.85461e-06
4.87997e-06
-6.30267e-06
4.02061e-06
-6.7011e-06
3.18332e-06
-7.08278e-06
2.35142e-06
-7.47227e-06
1.48341e-06
-7.87818e-06
5.08761e-07
-8.27802e-06
-6.79472e-07
-8.59278e-06
-2.22395e-06
-8.65494e-06
-4.27024e-06
-8.19138e-06
-6.85874e-06
-6.87693e-06
-9.68868e-06
-4.55393e-06
-1.17547e-05
-1.70412e-06
-1.1084e-05
-5.36999e-06
-8.19824e-07
3.67366e-06
-2.16505e-06
7.35651e-06
-3.43015e-06
8.44056e-06
-4.43012e-06
8.15265e-06
-5.16783e-06
7.29849e-06
-5.69814e-06
6.27858e-06
-6.08343e-06
5.26526e-06
-6.38186e-06
4.31905e-06
-6.64515e-06
3.4466e-06
-6.91875e-06
2.62502e-06
-7.24162e-06
1.80629e-06
-7.64219e-06
9.09325e-07
-8.12557e-06
-1.9609e-07
-8.64548e-06
-1.70404e-06
-9.05658e-06
-3.85914e-06
-9.05854e-06
-6.85678e-06
-8.18434e-06
-1.05629e-05
-5.96838e-06
-1.39707e-05
-2.55649e-06
-1.44959e-05
-7.92648e-06
-1.18698e-06
4.86064e-06
-2.79807e-06
8.9676e-06
-4.03716e-06
9.67964e-06
-4.81549e-06
8.93097e-06
-5.23933e-06
7.72234e-06
-5.42505e-06
6.4643e-06
-5.46913e-06
5.30934e-06
-5.448e-06
4.29792e-06
-5.42229e-06
3.42089e-06
-5.44212e-06
2.64485e-06
-5.55224e-06
1.91642e-06
-5.79517e-06
1.15225e-06
-6.20791e-06
2.16653e-07
-6.80346e-06
-1.10849e-06
-7.5226e-06
-3.14e-06
-8.14353e-06
-6.23585e-06
-8.16376e-06
-1.05427e-05
-6.78452e-06
-1.53499e-05
-3.46079e-06
-1.78196e-05
-1.13873e-05
-1.76618e-06
6.62681e-06
-3.48597e-06
1.06874e-05
-4.26025e-06
1.04539e-05
-4.33907e-06
9.0098e-06
-4.02973e-06
7.413e-06
-3.53131e-06
5.96589e-06
-2.96879e-06
4.74682e-06
-2.42232e-06
3.75145e-06
-1.94418e-06
2.94275e-06
-1.57144e-06
2.27211e-06
-1.33725e-06
1.68223e-06
-1.28168e-06
1.09668e-06
-1.46201e-06
3.9698e-07
-1.95639e-06
-6.14108e-07
-2.84127e-06
-2.25512e-06
-4.10093e-06
-4.97618e-06
-5.40794e-06
-9.23564e-06
-5.80194e-06
-1.49559e-05
-3.83634e-06
-1.97852e-05
-1.52236e-05
-2.57988e-06
9.20669e-06
-3.586e-06
1.16935e-05
-2.82008e-06
9.688e-06
-1.3505e-06
7.54022e-06
2.65826e-07
5.79668e-06
1.80984e-06
4.42188e-06
3.19284e-06
3.36382e-06
4.38098e-06
2.5633e-06
5.36724e-06
1.95649e-06
6.15415e-06
1.4852e-06
6.7404e-06
1.09598e-06
7.10703e-06
7.3004e-07
7.19851e-06
3.05504e-07
6.89621e-06
-3.1181e-07
5.9955e-06
-1.3544e-06
4.23529e-06
-3.21598e-06
1.5164e-06
-6.51675e-06
-1.49496e-06
-1.19446e-05
-2.64721e-06
-1.8633e-05
-1.78708e-05
-2.54314e-06
1.17498e-05
1.43279e-07
9.0071e-06
4.24124e-06
5.59004e-06
7.94812e-06
3.83333e-06
1.10194e-05
2.72543e-06
1.35088e-05
1.93244e-06
1.54988e-05
1.37384e-06
1.70738e-05
9.88272e-07
1.83105e-05
7.19805e-07
1.92691e-05
5.26589e-07
1.9988e-05
3.77104e-07
2.04756e-05
2.42436e-07
2.06936e-05
8.75087e-08
2.05229e-05
-1.41094e-07
1.97055e-05
-5.3706e-07
1.77744e-05
-1.28488e-06
1.40774e-05
-2.81971e-06
8.24473e-06
-6.11192e-06
1.76993e-06
-1.21582e-05
-1.61009e-05
1.17498e-05
2.07569e-05
2.6347e-05
3.01803e-05
3.29057e-05
3.48382e-05
3.6212e-05
3.72003e-05
3.79201e-05
3.84467e-05
3.88238e-05
3.90662e-05
3.91537e-05
3.90126e-05
3.84756e-05
3.71907e-05
3.4371e-05
2.82591e-05
1.61009e-05
)
;

boundaryField
{
    movingWall
    {
        type            calculated;
        value           uniform 0;
    }
    fixedWalls
    {
        type            calculated;
        value           uniform 0;
    }
    frontAndBack
    {
        type            empty;
        value           nonuniform 0();
    }
}


// ************************************************************************* //
