/*--------------------------------*- C++ -*----------------------------------*\
  =========                 |
  \\      /  F ield         | OpenFOAM: The Open Source CFD Toolbox
   \\    /   O peration     | Website:  https://openfoam.org
    \\  /    A nd           | Version:  6
     \\/     M anipulation  |
\*---------------------------------------------------------------------------*/
FoamFile
{
    version     2.0;
    format      ascii;
    class       volVectorField;
    location    "0.085";
    object      U;
}
// * * * * * * * * * * * * * * * * * * * * * * * * * * * * * * * * * * * * * //

dimensions      [0 1 -1 0 0 0 0];

internalField   nonuniform List<vector> 
400
(
(1.51725e-05 -1.62556e-05 0)
(-0.000439674 0.000311565 0)
(-0.00166769 0.000539454 0)
(-0.00327155 0.000624773 0)
(-0.00494528 0.00062048 0)
(-0.00652472 0.00056744 0)
(-0.00791707 0.000486899 0)
(-0.00906301 0.000387828 0)
(-0.00991812 0.000273248 0)
(-0.0104444 0.000144353 0)
(-0.0106087 2.65877e-06 0)
(-0.0103843 -0.000148942 0)
(-0.00975538 -0.00030541 0)
(-0.00872312 -0.000458472 0)
(-0.00731566 -0.000594681 0)
(-0.00560336 -0.000692384 0)
(-0.00371969 -0.00071811 0)
(-0.00189282 -0.000623737 0)
(-0.000499289 -0.000359526 0)
(1.53361e-05 1.23674e-05 0)
(-0.000313407 0.000433312 0)
(-0.00185612 0.00183112 0)
(-0.00482754 0.00275187 0)
(-0.00846489 0.0031107 0)
(-0.0122097 0.00308119 0)
(-0.015738 0.0028152 0)
(-0.0188418 0.00240374 0)
(-0.0213794 0.00189248 0)
(-0.0232467 0.00130254 0)
(-0.0243615 0.000645988 0)
(-0.0246577 -6.4995e-05 0)
(-0.024088 -0.000813025 0)
(-0.0226311 -0.00157146 0)
(-0.0203045 -0.00229926 0)
(-0.0171829 -0.00293316 0)
(-0.0134272 -0.00337691 0)
(-0.00931549 -0.00349183 0)
(-0.00528145 -0.00309936 0)
(-0.00200374 -0.00204105 0)
(-0.000329181 -0.000473185 0)
(-0.000572994 0.0016944 0)
(-0.00295202 0.00485049 0)
(-0.00718528 0.00680335 0)
(-0.0121957 0.00755771 0)
(-0.0172785 0.00745173 0)
(-0.0220378 0.00679297 0)
(-0.0262089 0.00577998 0)
(-0.0296061 0.0045213 0)
(-0.0320931 0.00307347 0)
(-0.0335634 0.00147212 0)
(-0.0339334 -0.000248669 0)
(-0.0331447 -0.00204439 0)
(-0.0311723 -0.00385021 0)
(-0.0280406 -0.00556899 0)
(-0.023848 -0.00705451 0)
(-0.0188021 -0.00809098 0)
(-0.0132544 -0.00837909 0)
(-0.00774078 -0.00755564 0)
(-0.00312248 -0.00531567 0)
(-0.000586328 -0.00180088 0)
(-0.000731402 0.00347368 0)
(-0.00369431 0.0088545 0)
(-0.00886195 0.0120044 0)
(-0.0148792 0.0131702 0)
(-0.020919 0.012919 0)
(-0.0265422 0.0117449 0)
(-0.0314568 0.00997069 0)
(-0.0354572 0.0077775 0)
(-0.0383918 0.00526371 0)
(-0.0401406 0.00249286 0)
(-0.0406066 -0.000475579 0)
(-0.0397178 -0.00356612 0)
(-0.0374367 -0.0066699 0)
(-0.0337784 -0.00962382 0)
(-0.0288421 -0.0121827 0)
(-0.0228552 -0.0139872 0)
(-0.0162164 -0.0145446 0)
(-0.00954679 -0.0132638 0)
(-0.00388544 -0.00962993 0)
(-0.000736702 -0.00364467 0)
(-0.00084194 0.00557999 0)
(-0.0042633 0.0135523 0)
(-0.010209 0.0180325 0)
(-0.0170793 0.0196111 0)
(-0.02393 0.0191531 0)
(-0.0302846 0.017373 0)
(-0.0358348 0.014732 0)
(-0.0403665 0.0114889 0)
(-0.043721 0.00778412 0)
(-0.0457691 0.00370744 0)
(-0.0463991 -0.000659314 0)
(-0.0455181 -0.00521278 0)
(-0.043062 -0.00980111 0)
(-0.0390178 -0.0141912 0)
(-0.0334646 -0.0180257 0)
(-0.0266321 -0.0207761 0)
(-0.0189619 -0.0217149 0)
(-0.0111783 -0.0199663 0)
(-0.004531 -0.0147344 0)
(-0.000846772 -0.00582101 0)
(-0.000947208 0.00796291 0)
(-0.00481774 0.0188817 0)
(-0.0115409 0.0248425 0)
(-0.0192743 0.0268489 0)
(-0.0269509 0.0261314 0)
(-0.0340552 0.0236653 0)
(-0.0402672 0.0200681 0)
(-0.0453705 0.0156812 0)
(-0.0492051 0.0106857 0)
(-0.0516342 0.00519134 0)
(-0.0525289 -0.000706214 0)
(-0.0517658 -0.00688492 0)
(-0.0492372 -0.0131567 0)
(-0.0448789 -0.0192173 0)
(-0.0387236 -0.0245816 0)
(-0.0309836 -0.0285135 0)
(-0.0221426 -0.0299872 0)
(-0.0130596 -0.0277589 0)
(-0.0052615 -0.0206725 0)
(-0.000965869 -0.00831682 0)
(-0.00107341 0.0106491 0)
(-0.00546618 0.0249031 0)
(-0.0130821 0.0325143 0)
(-0.0218025 0.0349691 0)
(-0.0304203 0.0339376 0)
(-0.0383786 0.0307028 0)
(-0.0453507 0.0260616 0)
(-0.0511253 0.0204445 0)
(-0.0555481 0.0140693 0)
(-0.0584792 0.00705599 0)
(-0.059771 -0.000500537 0)
(-0.0592605 -0.00847649 0)
(-0.056777 -0.0166625 0)
(-0.0521739 -0.0246886 0)
(-0.0453986 -0.0319252 0)
(-0.0366105 -0.0373766 0)
(-0.0263215 -0.0396239 0)
(-0.0155605 -0.0369297 0)
(-0.0062402 -0.0276677 0)
(-0.00112679 -0.0112156 0)
(-0.00123765 0.0137123 0)
(-0.00628404 0.0317608 0)
(-0.0149913 0.0412128 0)
(-0.0248968 0.0441296 0)
(-0.0346267 0.0427124 0)
(-0.0435831 0.0386115 0)
(-0.0514422 0.0328313 0)
(-0.0580105 0.0258991 0)
(-0.063152 0.0180648 0)
(-0.0667334 0.00944423 0)
(-0.0685924 0.000109893 0)
(-0.0685205 -0.00984032 0)
(-0.0662628 -0.0202045 0)
(-0.0615497 -0.0305657 0)
(-0.0541835 -0.04014 0)
(-0.0442019 -0.047609 0)
(-0.0320978 -0.0510244 0)
(-0.0190921 -0.0479557 0)
(-0.00764589 -0.0361213 0)
(-0.0013617 -0.0146788 0)
(-0.00145542 0.0172618 0)
(-0.0073378 0.0396668 0)
(-0.0174026 0.0511685 0)
(-0.028742 0.0545366 0)
(-0.0397807 0.052627 0)
(-0.0498864 0.047534 0)
(-0.0587558 0.0405054 0)
(-0.0662346 0.0321753 0)
(-0.0722264 0.0228192 0)
(-0.0766236 0.0125308 0)
(-0.079263 0.00132996 0)
(-0.0798924 -0.0107531 0)
(-0.0781552 -0.0235736 0)
(-0.0736092 -0.0367129 0)
(-0.0658234 -0.0492462 0)
(-0.0545927 -0.0594689 0)
(-0.0402727 -0.0647162 0)
(-0.0242504 -0.0615437 0)
(-0.00975504 -0.046672 0)
(-0.00172341 -0.0189708 0)
(-0.00174815 0.0214455 0)
(-0.0087101 0.0488998 0)
(-0.0204683 0.0626666 0)
(-0.0335284 0.0664242 0)
(-0.046074 0.0638557 0)
(-0.0574561 0.0576002 0)
(-0.0674228 0.0491935 0)
(-0.0758918 0.0393886 0)
(-0.0828387 0.0284797 0)
(-0.0882139 0.0165166 0)
(-0.0918816 0.00342886 0)
(-0.0935652 -0.0108793 0)
(-0.0928017 -0.0263999 0)
(-0.0889282 -0.0428028 0)
(-0.0811636 -0.0590878 0)
(-0.0688648 -0.0731333 0)
(-0.0520083 -0.081326 0)
(-0.0319931 -0.0787014 0)
(-0.0130631 -0.0603291 0)
(-0.00232032 -0.0245393 0)
(-0.00215288 0.0264679 0)
(-0.0105279 0.0598218 0)
(-0.0243992 0.076046 0)
(-0.0394918 0.0800356 0)
(-0.0537105 0.0765459 0)
(-0.0664296 0.0688918 0)
(-0.0774972 0.0589493 0)
(-0.0869488 0.0476029 0)
(-0.0948779 0.0351594 0)
(-0.10134 0.0216028 0)
(-0.106275 0.00672974 0)
(-0.10943 -0.00975434 0)
(-0.110261 -0.028093 0)
(-0.107862 -0.0482014 0)
(-0.100977 -0.0691682 0)
(-0.0882499 -0.0885229 0)
(-0.0688543 -0.101478 0)
(-0.043788 -0.100801 0)
(-0.018449 -0.0786944 0)
(-0.00337707 -0.0321856 0)
(-0.00273808 0.0326294 0)
(-0.0129999 0.0729136 0)
(-0.0295036 0.0916987 0)
(-0.0469325 0.0955924 0)
(-0.0628953 0.0907709 0)
(-0.076868 0.0813861 0)
(-0.0888724 0.0697083 0)
(-0.0991221 0.0567643 0)
(-0.107885 0.0428674 0)
(-0.115381 0.0279185 0)
(-0.121699 0.0115434 0)
(-0.126689 -0.00682923 0)
(-0.129809 -0.0278394 0)
(-0.12995 -0.0518841 0)
(-0.125308 -0.0784563 0)
(-0.113514 -0.105013 0)
(-0.0923199 -0.125513 0)
(-0.0615006 -0.1295 0)
(-0.0273204 -0.104215 0)
(-0.00532771 -0.0433674 0)
(-0.00363244 0.0404003 0)
(-0.0164715 0.088822 0)
(-0.0362172 0.110047 0)
(-0.0561808 0.113221 0)
(-0.0737209 0.106432 0)
(-0.0885647 0.0948477 0)
(-0.101015 0.0811726 0)
(-0.111536 0.0665754 0)
(-0.12063 0.0513691 0)
(-0.128748 0.0353633 0)
(-0.136203 0.0179916 0)
(-0.143062 -0.00165515 0)
(-0.148934 -0.0247622 0)
(-0.152666 -0.0525074 0)
(-0.151989 -0.0852799 0)
(-0.143354 -0.121067 0)
(-0.122425 -0.152887 0)
(-0.0865024 -0.166206 0)
(-0.0414946 -0.140189 0)
(-0.00891603 -0.0606066 0)
(-0.00507819 0.050553 0)
(-0.0214995 0.108402 0)
(-0.0450793 0.131437 0)
(-0.0674021 0.13277 0)
(-0.0857924 0.123048 0)
(-0.100507 0.108611 0)
(-0.112283 0.0925914 0)
(-0.121921 0.0762702 0)
(-0.130211 0.0599437 0)
(-0.137873 0.0433289 0)
(-0.145506 0.0256736 0)
(-0.153493 0.00571599 0)
(-0.161782 -0.018371 0)
(-0.169483 -0.0488313 0)
(-0.174245 -0.0875521 0)
(-0.171586 -0.134007 0)
(-0.154786 -0.181279 0)
(-0.117339 -0.210695 0)
(-0.0622644 -0.189891 0)
(-0.0151728 -0.0877625 0)
(-0.00752502 0.0643926 0)
(-0.0289312 0.132676 0)
(-0.0565136 0.155818 0)
(-0.0799601 0.153366 0)
(-0.0972081 0.139303 0)
(-0.109555 0.121159 0)
(-0.118395 0.102379 0)
(-0.124955 0.084267 0)
(-0.130334 0.0670508 0)
(-0.135505 0.0503433 0)
(-0.141322 0.0332355 0)
(-0.148497 0.0141715 0)
(-0.157461 -0.00928361 0)
(-0.167972 -0.0405571 0)
(-0.178331 -0.0835253 0)
(-0.184112 -0.14028 0)
(-0.176927 -0.205807 0)
(-0.145946 -0.259045 0)
(-0.0878107 -0.25427 0)
(-0.0248337 -0.129806 0)
(-0.011764 0.0841811 0)
(-0.0398644 0.162498 0)
(-0.0699753 0.181877 0)
(-0.0906289 0.172461 0)
(-0.102095 0.152177 0)
(-0.107596 0.129407 0)
(-0.109442 0.107581 0)
(-0.109326 0.0878007 0)
(-0.10859 0.0700874 0)
(-0.108315 0.053891 0)
(-0.109434 0.0381769 0)
(-0.112827 0.0212325 0)
(-0.119349 0.000258849 0)
(-0.129666 -0.0290908 0)
(-0.143608 -0.0726793 0)
(-0.158531 -0.136056 0)
(-0.166673 -0.218624 0)
(-0.154333 -0.301394 0)
(-0.108814 -0.32813 0)
(-0.036259 -0.191914 0)
(-0.0189567 0.114188 0)
(-0.0548707 0.197156 0)
(-0.0809229 0.204579 0)
(-0.0888219 0.183563 0)
(-0.0852 0.155299 0)
(-0.0762294 0.127715 0)
(-0.0650895 0.103425 0)
(-0.0536692 0.0828794 0)
(-0.0432125 0.065637 0)
(-0.0345564 0.0508752 0)
(-0.0283581 0.0374616 0)
(-0.0253177 0.0237331 0)
(-0.0264039 0.00699899 0)
(-0.0330434 -0.017203 0)
(-0.0470118 -0.055768 0)
(-0.0691893 -0.117446 0)
(-0.0960834 -0.208409 0)
(-0.115547 -0.319024 0)
(-0.105234 -0.393412 0)
(-0.0413564 -0.274957 0)
(-0.0292621 0.162592 0)
(-0.069097 0.229381 0)
(-0.0696168 0.208433 0)
(-0.044016 0.171912 0)
(-0.0111418 0.137192 0)
(0.0213031 0.107728 0)
(0.0509058 0.0840078 0)
(0.0767306 0.0653741 0)
(0.0984793 0.0507605 0)
(0.116178 0.0390573 0)
(0.129892 0.029131 0)
(0.139465 0.0196117 0)
(0.144205 0.00846621 0)
(0.142436 -0.00773016 0)
(0.130956 -0.0348681 0)
(0.105026 -0.0824146 0)
(0.0605836 -0.163033 0)
(0.000574587 -0.283934 0)
(-0.0480574 -0.409161 0)
(-0.0207374 -0.355535 0)
(-0.023301 0.228466 0)
(-0.0353949 0.231055 0)
(0.0394393 0.167414 0)
(0.122872 0.122158 0)
(0.192197 0.0902639 0)
(0.247735 0.0665281 0)
(0.292194 0.0490393 0)
(0.327518 0.0363722 0)
(0.355328 0.0271838 0)
(0.377015 0.0203639 0)
(0.393593 0.015001 0)
(0.405552 0.0102121 0)
(0.412635 0.00488887 0)
(0.413369 -0.00270091 0)
(0.40423 -0.0156147 0)
(0.378393 -0.0396357 0)
(0.32475 -0.0867872 0)
(0.229094 -0.178719 0)
(0.106254 -0.317647 0)
(0.0676676 -0.352023 0)
(0.268815 0.13552 0)
(0.335886 0.120756 0)
(0.463926 0.0799256 0)
(0.567336 0.0528932 0)
(0.63512 0.0357688 0)
(0.680543 0.024246 0)
(0.712578 0.0164291 0)
(0.735617 0.0112065 0)
(0.752302 0.00773827 0)
(0.764465 0.00540606 0)
(0.773286 0.00376365 0)
(0.779338 0.00245653 0)
(0.78256 0.00113219 0)
(0.782019 -0.000668089 0)
(0.775361 -0.0036849 0)
(0.757491 -0.00929381 0)
(0.718424 -0.0207213 0)
(0.636163 -0.0466587 0)
(0.477239 -0.106057 0)
(0.348826 -0.150856 0)
)
;

boundaryField
{
    movingWall
    {
        type            fixedValue;
        value           uniform (1 0 0);
    }
    fixedWalls
    {
        type            noSlip;
    }
    frontAndBack
    {
        type            empty;
    }
}


// ************************************************************************* //
