/*--------------------------------*- C++ -*----------------------------------*\
  =========                 |
  \\      /  F ield         | OpenFOAM: The Open Source CFD Toolbox
   \\    /   O peration     | Website:  https://openfoam.org
    \\  /    A nd           | Version:  6
     \\/     M anipulation  |
\*---------------------------------------------------------------------------*/
FoamFile
{
    version     2.0;
    format      ascii;
    class       surfaceScalarField;
    location    "0.07";
    object      phi;
}
// * * * * * * * * * * * * * * * * * * * * * * * * * * * * * * * * * * * * * //

dimensions      [0 3 -1 0 0 0 0];

internalField   nonuniform List<scalar> 
760
(
1.48308e-08
-1.48514e-08
-2.06439e-08
3.54748e-08
-1.12517e-07
9.18727e-08
-2.44623e-07
1.32106e-07
-3.96835e-07
1.52212e-07
-5.49728e-07
1.52893e-07
-6.86487e-07
1.3676e-07
-7.93794e-07
1.07307e-07
-8.621e-07
6.83062e-08
-8.85662e-07
2.35616e-08
-8.62512e-07
-2.31491e-08
-7.94469e-07
-6.80438e-08
-6.8718e-07
-1.07289e-07
-5.50191e-07
-1.36988e-07
-3.96922e-07
-1.53269e-07
-2.4435e-07
-1.52572e-07
-1.12063e-07
-1.32287e-07
-2.02609e-08
-9.18015e-08
1.49839e-08
-3.52446e-08
1.49838e-08
-3.2783e-08
1.79316e-08
-1.77276e-07
1.79968e-07
-4.30667e-07
3.45263e-07
-7.6286e-07
4.643e-07
-1.13366e-06
5.23016e-07
-1.50169e-06
5.20918e-07
-1.82947e-06
4.64537e-07
-2.08631e-06
3.64153e-07
-2.24974e-06
2.31728e-07
-2.30603e-06
7.9854e-08
-2.2505e-06
-7.86759e-08
-2.08757e-06
-2.30975e-07
-1.83077e-06
-3.64093e-07
-1.50258e-06
-4.65178e-07
-1.13386e-06
-5.21988e-07
-7.62373e-07
-5.24057e-07
-4.29809e-07
-4.64852e-07
-1.76506e-07
-3.45104e-07
-3.24368e-08
-1.79314e-07
-1.74529e-08
-9.0231e-08
1.08163e-07
-3.52919e-07
4.42656e-07
-7.60633e-07
7.52977e-07
-1.26729e-06
9.70959e-07
-1.8177e-06
1.07342e-06
-2.35592e-06
1.05915e-06
-2.83126e-06
9.39871e-07
-3.20192e-06
7.34816e-07
-3.43712e-06
4.6693e-07
-3.51804e-06
1.6077e-07
-3.43822e-06
-1.58491e-07
-3.20376e-06
-4.65438e-07
-2.83323e-06
-7.34618e-07
-2.35741e-06
-9.41002e-07
-1.81827e-06
-1.06113e-06
-1.2669e-06
-1.07543e-06
-7.59633e-07
-9.72117e-07
-3.51917e-07
-7.5282e-07
-8.97411e-08
-4.4149e-07
-1.07194e-07
-1.42744e-07
2.50907e-07
-5.21188e-07
8.211e-07
-1.07883e-06
1.31062e-06
-1.74935e-06
1.64148e-06
-2.46215e-06
1.78622e-06
-3.1491e-06
1.74609e-06
-3.74983e-06
1.5406e-06
-4.21527e-06
1.20025e-06
-4.50949e-06
7.61158e-07
-4.61065e-06
2.61923e-07
-4.51123e-06
-2.57906e-07
-4.21826e-06
-7.58413e-07
-3.75325e-06
-1.19963e-06
-3.15203e-06
-1.54222e-06
-2.46392e-06
-1.74925e-06
-1.74971e-06
-1.78963e-06
-1.07812e-06
-1.64371e-06
-5.20158e-07
-1.31078e-06
-1.42155e-07
-8.19493e-07
-2.49349e-07
-1.91123e-07
4.4203e-07
-6.82257e-07
1.31223e-06
-1.38739e-06
2.01575e-06
-2.21721e-06
2.4713e-06
-3.08431e-06
2.65333e-06
-3.90882e-06
2.5706e-06
-4.6226e-06
2.25438e-06
-5.17168e-06
1.74933e-06
-5.51732e-06
1.10679e-06
-5.63617e-06
3.8078e-07
-5.52025e-06
-3.73826e-07
-5.17687e-06
-1.10179e-06
-4.62885e-06
-1.74764e-06
-3.91476e-06
-2.25631e-06
-3.08875e-06
-2.57525e-06
-2.21955e-06
-2.65883e-06
-1.3878e-06
-2.47546e-06
-6.81611e-07
-2.01697e-06
-1.9054e-07
-1.31056e-06
-4.39889e-07
-2.38321e-07
6.8035e-07
-8.42142e-07
1.91606e-06
-1.69523e-06
2.86884e-06
-2.68305e-06
3.45912e-06
-3.70002e-06
3.67029e-06
-4.65466e-06
3.52525e-06
-5.47249e-06
3.07221e-06
-6.09675e-06
2.37359e-06
-6.4879e-06
1.49794e-06
-6.6226e-06
5.15473e-07
-6.49281e-06
-5.03614e-07
-6.10559e-06
-1.48901e-06
-5.48353e-06
-2.3697e-06
-4.6658e-06
-3.07405e-06
-3.7093e-06
-3.53176e-06
-2.68921e-06
-3.67892e-06
-1.69807e-06
-3.4666e-06
-8.42582e-07
-2.87246e-06
-2.37948e-07
-1.9152e-06
-6.77837e-07
-2.87398e-07
9.67748e-07
-1.00788e-06
2.63654e-06
-2.01213e-06
3.87308e-06
-3.15771e-06
4.6047e-06
-4.31971e-06
4.83229e-06
-5.39574e-06
4.60128e-06
-6.30695e-06
3.98342e-06
-6.99638e-06
3.06302e-06
-7.42611e-06
1.92768e-06
-7.57444e-06
6.63803e-07
-7.43389e-06
-6.44163e-07
-7.0106e-06
-1.91231e-06
-6.32516e-06
-3.05515e-06
-5.41485e-06
-3.98435e-06
-4.33665e-06
-4.60995e-06
-3.17018e-06
-4.84539e-06
-2.01924e-06
-4.61754e-06
-1.01044e-06
-3.88125e-06
-2.87557e-07
-2.63808e-06
-9.65393e-07
-3.4124e-07
1.30899e-06
-1.18615e-06
3.48145e-06
-2.34632e-06
5.03325e-06
-3.6477e-06
5.90609e-06
-4.94535e-06
6.12994e-06
-6.12785e-06
5.78377e-06
-7.11536e-06
4.97093e-06
-7.8545e-06
3.80216e-06
-8.31226e-06
2.38544e-06
-8.47076e-06
8.22305e-07
-8.32383e-06
-7.91096e-07
-7.87587e-06
-2.36026e-06
-7.14326e-06
-3.78776e-06
-6.15798e-06
-4.96963e-06
-4.9732e-06
-5.79474e-06
-3.66949e-06
-6.1491e-06
-2.36003e-06
-5.927e-06
-1.1922e-06
-5.04908e-06
-3.42385e-07
-3.4879e-06
-1.30778e-06
-4.027e-07
1.71169e-06
-1.38299e-06
4.46174e-06
-2.70333e-06
6.35359e-06
-4.15303e-06
7.35578e-06
-5.56738e-06
7.54429e-06
-6.82984e-06
7.04624e-06
-7.8652e-06
6.00629e-06
-8.62922e-06
4.56618e-06
-9.09831e-06
2.85453e-06
-9.26133e-06
9.85317e-07
-9.11438e-06
-9.38046e-07
-8.65919e-06
-2.81545e-06
-7.90498e-06
-4.54197e-06
-6.87386e-06
-6.00075e-06
-5.6094e-06
-7.05919e-06
-4.18739e-06
-7.57111e-06
-2.72636e-06
-7.38803e-06
-1.39424e-06
-6.3812e-06
-4.05425e-07
-4.47672e-06
-1.7132e-06
-4.75162e-07
2.18685e-06
-1.60438e-06
5.59096e-06
-3.08546e-06
7.83468e-06
-4.66499e-06
8.9353e-06
-6.1609e-06
9.04021e-06
-7.45878e-06
8.34412e-06
-8.49666e-06
7.04417e-06
-9.24727e-06
5.31679e-06
-9.70236e-06
3.30962e-06
-9.86107e-06
1.14403e-06
-9.72308e-06
-1.07604e-06
-9.28632e-06
-3.25221e-06
-8.54935e-06
-5.27894e-06
-7.51845e-06
-7.03165e-06
-6.21962e-06
-8.35802e-06
-4.71487e-06
-9.07586e-06
-3.12055e-06
-8.98235e-06
-1.62271e-06
-7.87903e-06
-4.80191e-07
-5.61924e-06
-2.19339e-06
-5.63551e-07
2.7504e-06
-1.85715e-06
6.88456e-06
-3.49093e-06
9.46846e-06
-5.16274e-06
1.06071e-05
-6.68003e-06
1.05575e-05
-7.94286e-06
9.60695e-06
-8.91513e-06
8.01644e-06
-9.59671e-06
5.99837e-06
-1.00016e-05
3.71451e-06
-1.01432e-05
1.28565e-06
-1.00262e-05
-1.19309e-06
-9.64355e-06
-3.63483e-06
-8.97952e-06
-5.94297e-06
-8.01765e-06
-7.99352e-06
-6.75601e-06
-9.61966e-06
-5.22981e-06
-1.06021e-05
-3.5403e-06
-1.06719e-05
-1.88446e-06
-9.53488e-06
-5.71707e-07
-6.93199e-06
-2.7651e-06
-6.76025e-07
3.42643e-06
-2.15007e-06
8.3586e-06
-3.91133e-06
1.12297e-05
-5.60664e-06
1.23024e-05
-7.0484e-06
1.19993e-05
-8.17109e-06
1.07296e-05
-8.98148e-06
8.82683e-06
-9.51832e-06
6.53521e-06
-9.82482e-06
4.02101e-06
-9.93214e-06
1.39298e-06
-9.85101e-06
-1.27422e-06
-9.56898e-06
-3.91686e-06
-9.05278e-06
-6.45917e-06
-8.25655e-06
-8.78975e-06
-7.13861e-06
-1.07376e-05
-5.68986e-06
-1.20508e-05
-3.97572e-06
-1.2386e-05
-2.18777e-06
-1.13228e-05
-6.88162e-07
-8.4316e-06
-3.45326e-06
-8.26701e-07
4.25313e-06
-2.49369e-06
1.00256e-05
-4.32457e-06
1.30606e-05
-5.92499e-06
1.39028e-05
-7.14325e-06
1.32175e-05
-7.97808e-06
1.15645e-05
-8.49962e-06
9.34837e-06
-8.79654e-06
6.83213e-06
-8.9458e-06
4.17027e-06
-8.99774e-06
1.44491e-06
-8.96959e-06
-1.30237e-06
-8.84359e-06
-4.04286e-06
-8.56824e-06
-6.73453e-06
-8.06414e-06
-9.29384e-06
-7.23902e-06
-1.15627e-05
-6.01865e-06
-1.32712e-05
-4.40173e-06
-1.40029e-05
-2.54203e-06
-1.31825e-05
-8.43565e-07
-1.01301e-05
-4.29683e-06
-1.03944e-06
5.29257e-06
-2.8957e-06
1.18818e-05
-4.6767e-06
1.48416e-05
-5.98752e-06
1.52137e-05
-6.76842e-06
1.39984e-05
-7.12223e-06
1.19183e-05
-7.20208e-06
9.42822e-06
-7.1518e-06
6.78185e-06
-7.08042e-06
4.09889e-06
-7.05431e-06
1.4188e-06
-7.09607e-06
-1.26061e-06
-7.18438e-06
-3.95456e-06
-7.25319e-06
-6.66571e-06
-7.19212e-06
-9.35491e-06
-6.85365e-06
-1.19012e-05
-6.07893e-06
-1.40459e-05
-4.75926e-06
-1.53226e-05
-2.95249e-06
-1.49893e-05
-1.06138e-06
-1.20212e-05
-5.35821e-06
-1.34973e-06
6.64229e-06
-3.34018e-06
1.38723e-05
-4.83786e-06
1.63393e-05
-5.55417e-06
1.593e-05
-5.61058e-06
1.40548e-05
-5.25642e-06
1.15641e-05
-4.73576e-06
8.90756e-06
-4.23839e-06
6.28448e-06
-3.89199e-06
3.75249e-06
-3.76878e-06
1.2956e-06
-3.89303e-06
-1.13636e-06
-4.24372e-06
-3.60387e-06
-4.75097e-06
-6.15846e-06
-5.28759e-06
-8.81829e-06
-5.66131e-06
-1.15275e-05
-5.62184e-06
-1.40854e-05
-4.91073e-06
-1.60337e-05
-3.39865e-06
-1.65014e-05
-1.37601e-06
-1.40438e-05
-6.73422e-06
-1.78874e-06
8.43103e-06
-3.71747e-06
1.5801e-05
-4.50153e-06
1.71233e-05
-4.18153e-06
1.561e-05
-3.17419e-06
1.30475e-05
-1.8951e-06
1.0285e-05
-6.55172e-07
7.66763e-06
3.44714e-07
5.2846e-06
9.87877e-07
3.10933e-06
1.21493e-06
1.06854e-06
1.00644e-06
-9.27863e-07
3.7717e-07
-2.9746e-06
-6.1768e-07
-5.16361e-06
-1.86435e-06
-7.57162e-06
-3.16221e-06
-1.02296e-05
-4.19598e-06
-1.30516e-05
-4.53985e-06
-1.56898e-05
-3.763e-06
-1.72782e-05
-1.81584e-06
-1.5991e-05
-8.55006e-06
-2.30284e-06
1.07339e-05
-3.62943e-06
1.71276e-05
-2.97336e-06
1.64673e-05
-1.06812e-06
1.37047e-05
1.30033e-06
1.0679e-05
3.60884e-06
7.97652e-06
5.563e-06
5.71346e-06
7.01872e-06
3.82888e-06
7.91464e-06
2.21341e-06
8.22821e-06
7.54971e-07
7.95273e-06
-6.5238e-07
7.09026e-06
-2.11214e-06
5.65851e-06
-3.73186e-06
3.71386e-06
-5.62696e-06
1.39646e-06
-7.91222e-06
-9.99729e-07
-1.06554e-05
-2.94481e-06
-1.37447e-05
-3.63661e-06
-1.65864e-05
-2.32083e-06
-1.73068e-05
-1.08709e-05
-2.49856e-06
1.32324e-05
-1.91536e-06
1.65444e-05
1.23294e-06
1.3319e-05
5.17044e-06
9.76724e-06
8.91082e-06
6.93866e-06
1.20485e-05
4.83879e-06
1.4463e-05
3.29902e-06
1.61541e-05
2.13781e-06
1.71573e-05
1.21013e-06
1.75043e-05
4.08014e-07
1.7206e-05
-3.54124e-07
1.62488e-05
-1.15488e-06
1.45975e-05
-2.08059e-06
1.22116e-05
-3.24106e-06
9.08453e-06
-4.78515e-06
5.33037e-06
-6.90126e-06
1.35282e-06
-9.76719e-06
-1.8527e-06
-1.33809e-05
-2.48675e-06
-1.66727e-05
-1.33576e-05
-5.55432e-07
1.37879e-05
4.68486e-06
1.13041e-05
1.11372e-05
6.86659e-06
1.67194e-05
4.18503e-06
2.10444e-05
2.6137e-06
2.42226e-05
1.66061e-06
2.64609e-05
1.06069e-06
2.79403e-05
6.58418e-07
2.87876e-05
3.62858e-07
2.90757e-05
1.19905e-07
2.88284e-05
-1.06831e-07
2.80221e-05
-3.48593e-07
2.65833e-05
-6.41773e-07
2.43829e-05
-1.04062e-06
2.12346e-05
-1.63691e-06
1.69226e-05
-2.5892e-06
1.13255e-05
-4.1701e-06
4.82485e-06
-6.88028e-06
-4.90263e-07
-1.13576e-05
-1.38479e-05
1.37879e-05
2.5092e-05
3.19586e-05
3.61436e-05
3.87573e-05
4.04179e-05
4.14786e-05
4.2137e-05
4.24999e-05
4.26198e-05
4.2513e-05
4.21644e-05
4.15226e-05
4.0482e-05
3.88451e-05
3.62559e-05
3.20858e-05
2.52055e-05
1.38479e-05
)
;

boundaryField
{
    movingWall
    {
        type            calculated;
        value           uniform 0;
    }
    fixedWalls
    {
        type            calculated;
        value           uniform 0;
    }
    frontAndBack
    {
        type            empty;
        value           nonuniform 0();
    }
}


// ************************************************************************* //
