/*--------------------------------*- C++ -*----------------------------------*\
  =========                 |
  \\      /  F ield         | OpenFOAM: The Open Source CFD Toolbox
   \\    /   O peration     | Website:  https://openfoam.org
    \\  /    A nd           | Version:  6
     \\/     M anipulation  |
\*---------------------------------------------------------------------------*/
FoamFile
{
    version     2.0;
    format      ascii;
    class       volVectorField;
    location    "0.07";
    object      U;
}
// * * * * * * * * * * * * * * * * * * * * * * * * * * * * * * * * * * * * * //

dimensions      [0 1 -1 0 0 0 0];

internalField   nonuniform List<vector> 
400
(
(0.000258055 -0.000254362 0)
(0.000162095 0.000104719 0)
(-0.00114132 0.000564698 0)
(-0.00345163 0.000894694 0)
(-0.00637478 0.00106188 0)
(-0.00950171 0.00107795 0)
(-0.0124628 0.000967636 0)
(-0.0149533 0.000759968 0)
(-0.0167429 0.000483937 0)
(-0.0176786 0.000167268 0)
(-0.017683 -0.000163314 0)
(-0.0167545 -0.000481287 0)
(-0.0149678 -0.000759448 0)
(-0.0124751 -0.000969268 0)
(-0.00950748 -0.00108089 0)
(-0.00637259 -0.00106472 0)
(-0.0034436 -0.000896027 0)
(-0.00113223 -0.000563905 0)
(0.000167749 -0.000102652 0)
(0.000259606 0.000255478 0)
(-6.52974e-05 -0.000192014 0)
(-0.00156549 0.00161239 0)
(-0.00562129 0.00361193 0)
(-0.0116625 0.0050675 0)
(-0.0188884 0.00580135 0)
(-0.0264629 0.00581843 0)
(-0.0335825 0.00520476 0)
(-0.039555 0.00408575 0)
(-0.0438435 0.00260187 0)
(-0.0460842 0.000897578 0)
(-0.0460925 -0.00088214 0)
(-0.0438653 -0.00259175 0)
(-0.0395825 -0.00408432 0)
(-0.033606 -0.00521209 0)
(-0.0264743 -0.00583108 0)
(-0.0188847 -0.00581356 0)
(-0.0116474 -0.00507356 0)
(-0.00560333 -0.00360924 0)
(-0.00155356 -0.00160393 0)
(-6.17427e-05 0.000197683 0)
(-0.000510324 0.00103306 0)
(-0.00364766 0.00566203 0)
(-0.0104982 0.0102124 0)
(-0.0199312 0.0134784 0)
(-0.0307806 0.0150706 0)
(-0.0419269 0.0149613 0)
(-0.0522885 0.0133225 0)
(-0.0609256 0.0104369 0)
(-0.0671049 0.00663955 0)
(-0.0703274 0.00228758 0)
(-0.0703392 -0.00225422 0)
(-0.0671365 -0.00661779 0)
(-0.0609666 -0.0104341 0)
(-0.0523256 -0.0133391 0)
(-0.0419485 -0.0149898 0)
(-0.0307817 -0.0150986 0)
(-0.019915 -0.0134934 0)
(-0.0104757 -0.010208 0)
(-0.00363136 -0.00564365 0)
(-0.000505127 -0.00101888 0)
(-0.000904361 0.00337437 0)
(-0.00561785 0.0121025 0)
(-0.0152166 0.0199192 0)
(-0.0278971 0.025336 0)
(-0.0420825 0.0278188 0)
(-0.0563956 0.0273467 0)
(-0.0695427 0.0242156 0)
(-0.0804139 0.0189093 0)
(-0.0881524 0.0120077 0)
(-0.0921781 0.00413351 0)
(-0.0921966 -0.00407359 0)
(-0.0882028 -0.0119676 0)
(-0.0804821 -0.018902 0)
(-0.06961 -0.0242423 0)
(-0.0564448 -0.0273957 0)
(-0.0421037 -0.0278694 0)
(-0.0278913 -0.0253662 0)
(-0.0151959 -0.0199164 0)
(-0.00559924 -0.0120734 0)
(-0.000897701 -0.00334895 0)
(-0.00125231 0.00671972 0)
(-0.00747141 0.020807 0)
(-0.019776 0.0325574 0)
(-0.035643 0.0403602 0)
(-0.0530382 0.0436544 0)
(-0.070318 0.0425114 0)
(-0.0860033 0.0374165 0)
(-0.0988612 0.0291049 0)
(-0.107961 0.0184409 0)
(-0.112683 0.00634497 0)
(-0.112714 -0.00624131 0)
(-0.108047 -0.0183683 0)
(-0.0989816 -0.0290845 0)
(-0.0861311 -0.037452 0)
(-0.070426 -0.0425867 0)
(-0.0531071 -0.0437384 0)
(-0.0356681 -0.040418 0)
(-0.0197692 -0.0325659 0)
(-0.00745494 -0.0207709 0)
(-0.00124481 -0.00668186 0)
(-0.0015845 0.0110116 0)
(-0.0092974 0.0317474 0)
(-0.0243223 0.0481309 0)
(-0.0433763 0.0585388 0)
(-0.0639261 0.0625141 0)
(-0.0840488 0.0603378 0)
(-0.102098 0.0527757 0)
(-0.116757 0.0408792 0)
(-0.127065 0.0258373 0)
(-0.132401 0.00888948 0)
(-0.132452 -0.00871137 0)
(-0.127209 -0.0257064 0)
(-0.116965 -0.0408288 0)
(-0.102329 -0.0528147 0)
(-0.0842608 -0.0604464 0)
(-0.0640843 -0.0626486 0)
(-0.0434648 -0.0586461 0)
(-0.0243493 -0.0481705 0)
(-0.00929116 -0.031716 0)
(-0.00157758 -0.010963 0)
(-0.00193148 0.0162563 0)
(-0.0111987 0.0449664 0)
(-0.0290292 0.0666879 0)
(-0.0513105 0.0798793 0)
(-0.0749649 0.0843376 0)
(-0.0977869 0.0807003 0)
(-0.117993 0.0701314 0)
(-0.134233 0.0540761 0)
(-0.14557 0.0340874 0)
(-0.151422 0.011733 0)
(-0.151503 -0.0114325 0)
(-0.145799 -0.0338569 0)
(-0.13457 -0.0539672 0)
(-0.118381 -0.0701625 0)
(-0.0981603 -0.0808495 0)
(-0.075267 -0.0845465 0)
(-0.0515069 -0.0800701 0)
(-0.029119 -0.0667927 0)
(-0.0112151 -0.0449633 0)
(-0.00192758 -0.016204 0)
(-0.00232206 0.0225206 0)
(-0.0132756 0.0605832 0)
(-0.0340588 0.0883151 0)
(-0.059608 0.104373 0)
(-0.0862499 0.109002 0)
(-0.111514 0.103384 0)
(-0.133539 0.089227 0)
(-0.151016 0.0684579 0)
(-0.163107 0.0430273 0)
(-0.169327 0.0148229 0)
(-0.169447 -0.0143333 0)
(-0.163448 -0.0426387 0)
(-0.151526 -0.0682478 0)
(-0.13414 -0.0892298 0)
(-0.112114 -0.103579 0)
(-0.0867608 -0.109315 0)
(-0.0599676 -0.104695 0)
(-0.0342489 -0.0885373 0)
(-0.013332 -0.0606486 0)
(-0.00232486 -0.0224792 0)
(-0.00278648 0.0299281 0)
(-0.0156276 0.0787889 0)
(-0.0395482 0.113115 0)
(-0.0683469 0.131948 0)
(-0.0977004 0.136251 0)
(-0.124927 0.128003 0)
(-0.148192 0.109632 0)
(-0.166348 0.0836405 0)
(-0.17876 0.0523966 0)
(-0.185115 0.0180724 0)
(-0.18528 -0.0173097 0)
(-0.179234 -0.0517743 0)
(-0.167067 -0.083271 0)
(-0.149058 -0.109574 0)
(-0.125815 -0.128244 0)
(-0.0984876 -0.136703 0)
(-0.068932 -0.132462 0)
(-0.039884 -0.113527 0)
(-0.0157461 -0.0789836 0)
(-0.00280105 -0.0299229 0)
(-0.00336409 0.0386631 0)
(-0.0183689 0.0998339 0)
(-0.0456139 0.141156 0)
(-0.0774947 0.162376 0)
(-0.108997 0.16558 0)
(-0.137347 0.153881 0)
(-0.160913 0.130636 0)
(-0.178877 0.0990129 0)
(-0.19095 0.0617867 0)
(-0.197087 0.0213412 0)
(-0.1973 -0.0202109 0)
(-0.191563 -0.0608434 0)
(-0.17982 -0.098412 0)
(-0.16207 -0.130471 0)
(-0.138569 -0.154156 0)
(-0.110118 -0.166201 0)
(-0.0783652 -0.163152 0)
(-0.0461444 -0.141851 0)
(-0.0185759 -0.100242 0)
(-0.00339707 -0.0387326 0)
(-0.00411751 0.0489897 0)
(-0.0216567 0.124016 0)
(-0.0523585 0.172395 0)
(-0.0868651 0.195143 0)
(-0.119489 0.196086 0)
(-0.147591 0.179908 0)
(-0.170014 0.151134 0)
(-0.186508 0.113653 0)
(-0.197298 0.0705913 0)
(-0.202714 0.0244166 0)
(-0.202965 -0.0228289 0)
(-0.198027 -0.0692395 0)
(-0.187646 -0.112741 0)
(-0.171442 -0.1508 0)
(-0.149144 -0.180189 0)
(-0.120965 -0.196893 0)
(-0.0880635 -0.196251 0)
(-0.0531286 -0.173479 0)
(-0.0219811 -0.124746 0)
(-0.00417719 -0.0491885 0)
(-0.00515775 0.0612996 0)
(-0.0257327 0.151667 0)
(-0.0598627 0.206552 0)
(-0.0960233 0.229257 0)
(-0.128018 0.226259 0)
(-0.15376 0.204371 0)
(-0.172957 0.169503 0)
(-0.186217 0.126255 0)
(-0.194461 0.0779676 0)
(-0.198493 0.026999 0)
(-0.198758 -0.0248921 0)
(-0.19524 -0.0761397 0)
(-0.187457 -0.124958 0)
(-0.174558 -0.168926 0)
(-0.155564 -0.204603 0)
(-0.129809 -0.227239 0)
(-0.0975494 -0.230744 0)
(-0.0609 -0.208132 0)
(-0.0262023 -0.152845 0)
(-0.00525407 -0.0616993 0)
(-0.00668845 0.0762066 0)
(-0.0309761 0.183117 0)
(-0.0681193 0.242895 0)
(-0.104069 0.262947 0)
(-0.132617 0.25372 0)
(-0.152917 0.224771 0)
(-0.166069 0.183508 0)
(-0.17384 0.135094 0)
(-0.177987 0.0828294 0)
(-0.179832 0.0286994 0)
(-0.18007 -0.0260726 0)
(-0.178697 -0.080507 0)
(-0.175005 -0.133364 0)
(-0.167637 -0.182613 0)
(-0.154776 -0.224867 0)
(-0.134571 -0.25481 0)
(-0.105843 -0.264811 0)
(-0.069411 -0.24505 0)
(-0.0316107 -0.184873 0)
(-0.00683261 -0.0768964 0)
(-0.00907511 0.0947104 0)
(-0.0379362 0.218558 0)
(-0.0767968 0.27982 0)
(-0.10915 0.293218 0)
(-0.12993 0.274905 0)
(-0.140582 0.237681 0)
(-0.144178 0.190296 0)
(-0.143858 0.138083 0)
(-0.142218 0.0839082 0)
(-0.141028 0.0290636 0)
(-0.14118 -0.026014 0)
(-0.142689 -0.081158 0)
(-0.144684 -0.135931 0)
(-0.145386 -0.189029 0)
(-0.142153 -0.237531 0)
(-0.131748 -0.275974 0)
(-0.110966 -0.295369 0)
(-0.0782538 -0.282556 0)
(-0.0387336 -0.220999 0)
(-0.00927806 -0.0957921 0)
(-0.0129067 0.118412 0)
(-0.0471891 0.25764 0)
(-0.0845425 0.314104 0)
(-0.107437 0.315245 0)
(-0.114224 0.284805 0)
(-0.109986 0.238796 0)
(-0.100189 0.186609 0)
(-0.0892565 0.133023 0)
(-0.0803468 0.0799404 0)
(-0.0754227 0.027643 0)
(-0.075424 -0.0243947 0)
(-0.0803849 -0.0769465 0)
(-0.089426 -0.130557 0)
(-0.100618 -0.18497 0)
(-0.110788 -0.238285 0)
(-0.115428 -0.285654 0)
(-0.108909 -0.317467 0)
(-0.0859451 -0.317292 0)
(-0.0480962 -0.260792 0)
(-0.0131731 -0.119986 0)
(-0.018831 0.149825 0)
(-0.0584596 0.298447 0)
(-0.0871136 0.339576 0)
(-0.0910262 0.321667 0)
(-0.0757462 0.276981 0)
(-0.0511153 0.223383 0)
(-0.0247309 0.169388 0)
(-0.00160396 0.118144 0)
(0.0152299 0.0700326 0)
(0.0241132 0.0241319 0)
(0.024311 -0.0210349 0)
(0.0157759 -0.0671064 0)
(-0.000848183 -0.115594 0)
(-0.0239799 -0.167481 0)
(-0.050624 -0.222451 0)
(-0.0757376 -0.277376 0)
(-0.0915794 -0.323611 0)
(-0.0880469 -0.342888 0)
(-0.059312 -0.302174 0)
(-0.0191388 -0.15196 0)
(-0.0263683 0.193092 0)
(-0.0675832 0.335105 0)
(-0.0729629 0.344703 0)
(-0.0441032 0.301765 0)
(0.00160558 0.24405 0)
(0.050232 0.187351 0)
(0.0938308 0.13686 0)
(0.12838 0.092956 0)
(0.152079 0.0541884 0)
(0.164237 0.0185613 0)
(0.16463 -0.0160346 0)
(0.15321 -0.0517302 0)
(0.130111 -0.0906728 0)
(0.0959228 -0.134935 0)
(0.0523475 -0.186076 0)
(0.00335038 -0.243831 0)
(-0.0430775 -0.303023 0)
(-0.0727995 -0.3476 0)
(-0.0680095 -0.339004 0)
(-0.0266121 -0.19576 0)
(-0.0286568 0.251052 0)
(-0.057785 0.350951 0)
(-0.014006 0.309649 0)
(0.0632624 0.24242 0)
(0.142966 0.18031 0)
(0.212743 0.129917 0)
(0.268489 0.0905893 0)
(0.309465 0.0595747 0)
(0.33626 0.0340328 0)
(0.349669 0.0115482 0)
(0.350162 -0.00995093 0)
(0.337715 -0.0324218 0)
(0.311798 -0.0579614 0)
(0.271536 -0.089043 0)
(0.216218 -0.128611 0)
(0.146444 -0.179577 0)
(0.0662098 -0.242757 0)
(-0.0121258 -0.311528 0)
(-0.0571582 -0.354251 0)
(-0.0285305 -0.253893 0)
(0.0139495 0.28904 0)
(0.0303833 0.302875 0)
(0.154091 0.214125 0)
(0.282774 0.142373 0)
(0.38298 0.0939717 0)
(0.457149 0.0619838 0)
(0.510519 0.0405679 0)
(0.547106 0.0255592 0)
(0.569974 0.0142131 0)
(0.58113 0.00474065 0)
(0.581537 -0.00414478 0)
(0.5712 -0.0135787 0)
(0.549152 -0.0248524 0)
(0.513366 -0.0397702 0)
(0.460705 -0.0611215 0)
(0.387016 -0.0931826 0)
(0.286864 -0.141998 0)
(0.157536 -0.214673 0)
(0.0325366 -0.30455 0)
(0.0149974 -0.290853 0)
(0.304909 0.147201 0)
(0.40625 0.127709 0)
(0.569525 0.0747679 0)
(0.686099 0.0418525 0)
(0.753534 0.0238646 0)
(0.794606 0.0139518 0)
(0.820891 0.00831572 0)
(0.837589 0.00490147 0)
(0.847524 0.00260797 0)
(0.852225 0.000837933 0)
(0.852353 -0.000774224 0)
(0.84792 -0.00252741 0)
(0.838288 -0.00478383 0)
(0.821953 -0.00813464 0)
(0.796099 -0.0136767 0)
(0.755514 -0.0234796 0)
(0.688573 -0.0414049 0)
(0.572185 -0.0744246 0)
(0.40821 -0.127747 0)
(0.305837 -0.147542 0)
)
;

boundaryField
{
    movingWall
    {
        type            fixedValue;
        value           uniform (1 0 0);
    }
    fixedWalls
    {
        type            noSlip;
    }
    frontAndBack
    {
        type            empty;
    }
}


// ************************************************************************* //
