/*--------------------------------*- C++ -*----------------------------------*\
  =========                 |
  \\      /  F ield         | OpenFOAM: The Open Source CFD Toolbox
   \\    /   O peration     | Website:  https://openfoam.org
    \\  /    A nd           | Version:  6
     \\/     M anipulation  |
\*---------------------------------------------------------------------------*/
FoamFile
{
    version     2.0;
    format      ascii;
    class       volVectorField;
    location    "0.06";
    object      U;
}
// * * * * * * * * * * * * * * * * * * * * * * * * * * * * * * * * * * * * * //

dimensions      [0 1 -1 0 0 0 0];

internalField   nonuniform List<vector> 
400
(
(0.000178746 -0.000176409 0)
(1.74266e-05 0.000140534 0)
(-0.00113668 0.000504901 0)
(-0.00306558 0.000748664 0)
(-0.0054286 0.000861189 0)
(-0.00790991 0.000860823 0)
(-0.0102408 0.000770324 0)
(-0.0122053 0.000611196 0)
(-0.0136395 0.000401947 0)
(-0.0144269 0.000158997 0)
(-0.0144974 -0.000101324 0)
(-0.01383 -0.000360745 0)
(-0.0124601 -0.000597551 0)
(-0.0104873 -0.000786036 0)
(-0.00808401 -0.0008973 0)
(-0.00549737 -0.000901999 0)
(-0.00304015 -0.000775722 0)
(-0.00106656 -0.000507105 0)
(7.35701e-05 -0.000122455 0)
(0.000196838 0.000191721 0)
(-0.000113514 -4.08355e-05 0)
(-0.00147375 0.00149853 0)
(-0.00489903 0.00307108 0)
(-0.00984028 0.00414651 0)
(-0.0156204 0.0046419 0)
(-0.0215954 0.0045994 0)
(-0.0271761 0.00410248 0)
(-0.0318663 0.00324558 0)
(-0.0352791 0.00212115 0)
(-0.0371392 0.000818828 0)
(-0.0372848 -0.000569267 0)
(-0.0356752 -0.00194199 0)
(-0.0324036 -0.00318443 0)
(-0.0277113 -0.00416772 0)
(-0.0219987 -0.00475572 0)
(-0.0158194 -0.0048211 0)
(-0.00984549 -0.00427317 0)
(-0.00479641 -0.00309744 0)
(-0.00137493 -0.00143781 0)
(-7.83387e-05 0.000102361 0)
(-0.000479005 0.00106832 0)
(-0.00316551 0.00493682 0)
(-0.00882704 0.00849589 0)
(-0.0164533 0.0109069 0)
(-0.0250783 0.0119792 0)
(-0.0338449 0.0117734 0)
(-0.0419594 0.01046 0)
(-0.0487445 0.00825293 0)
(-0.0536682 0.00537593 0)
(-0.0563502 0.00205507 0)
(-0.0565673 -0.001474 0)
(-0.0542632 -0.00495448 0)
(-0.0495654 -0.00810022 0)
(-0.0428036 -0.0105982 0)
(-0.0345214 -0.012127 0)
(-0.0254689 -0.0123982 0)
(-0.0165516 -0.0112214 0)
(-0.00873722 -0.00859224 0)
(-0.00304434 -0.00482962 0)
(-0.000430719 -0.000934652 0)
(-0.000795323 0.00308007 0)
(-0.00474059 0.0102874 0)
(-0.0125859 0.0163823 0)
(-0.0227805 0.02038 0)
(-0.0340381 0.0220454 0)
(-0.04531 0.0214923 0)
(-0.0556471 0.0190092 0)
(-0.0642459 0.0149603 0)
(-0.0704782 0.00973324 0)
(-0.0738936 0.00372479 0)
(-0.0742231 -0.00264995 0)
(-0.0713898 -0.00893968 0)
(-0.0655295 -0.0146441 0)
(-0.0570156 -0.0192187 0)
(-0.0464796 -0.0221069 0)
(-0.0348115 -0.0228097 0)
(-0.0231087 -0.0209937 0)
(-0.0125818 -0.0166272 0)
(-0.00461824 -0.0101565 0)
(-0.00073458 -0.00285703 0)
(-0.00107748 0.00589389 0)
(-0.00623861 0.0174433 0)
(-0.0162644 0.0265993 0)
(-0.0290271 0.0323696 0)
(-0.0428839 0.0345756 0)
(-0.0565871 0.0334537 0)
(-0.06905 0.0294575 0)
(-0.0793734 0.0231346 0)
(-0.0868637 0.0150604 0)
(-0.0910223 0.00581982 0)
(-0.0915414 -0.00397735 0)
(-0.088313 -0.0136682 0)
(-0.0814544 -0.0225151 0)
(-0.0713437 -0.0297079 0)
(-0.058659 -0.0344081 0)
(-0.0443995 -0.035846 0)
(-0.0298496 -0.0334729 0)
(-0.0164958 -0.0271505 0)
(-0.00616714 -0.0173659 0)
(-0.00101045 -0.00557955 0)
(-0.00135643 0.00948172 0)
(-0.00776219 0.0264248 0)
(-0.0200512 0.0392133 0)
(-0.0354784 0.0469483 0)
(-0.0520068 0.0496202 0)
(-0.0681777 0.0476803 0)
(-0.0827758 0.0418127 0)
(-0.0948294 0.0327905 0)
(-0.103604 0.021398 0)
(-0.108571 0.00841645 0)
(-0.109388 -0.00534882 0)
(-0.105903 -0.0190216 0)
(-0.0981855 -0.0316154 0)
(-0.086577 -0.0420255 0)
(-0.0717604 -0.0490764 0)
(-0.0548162 -0.0516445 0)
(-0.037218 -0.0488605 0)
(-0.0207729 -0.0403628 0)
(-0.00784037 -0.0265771 0)
(-0.00129898 -0.00910868 0)
(-0.00166073 0.0138816 0)
(-0.00941564 0.0373403 0)
(-0.02414 0.0543671 0)
(-0.0423991 0.0642512 0)
(-0.0617192 0.067281 0)
(-0.0804222 0.0642374 0)
(-0.0971805 0.0561192 0)
(-0.110979 0.0439742 0)
(-0.121073 0.0288159 0)
(-0.126927 0.0116188 0)
(-0.128173 -0.00663054 0)
(-0.124601 -0.0248585 0)
(-0.116201 -0.0418337 0)
(-0.103227 -0.0561342 0)
(-0.0863117 -0.0661867 0)
(-0.0665711 -0.0704078 0)
(-0.0456551 -0.0674612 0)
(-0.0257311 -0.0566001 0)
(-0.00980109 -0.0380549 0)
(-0.00164169 -0.0135454 0)
(-0.00201557 0.0191886 0)
(-0.011292 0.0503813 0)
(-0.0286941 0.0722648 0)
(-0.0499812 0.0844367 0)
(-0.0721907 0.0876482 0)
(-0.0934294 0.083156 0)
(-0.112292 0.0723776 0)
(-0.127767 0.0566929 0)
(-0.139149 0.0373601 0)
(-0.145934 0.0155321 0)
(-0.147743 -0.00765814 0)
(-0.144304 -0.0309782 0)
(-0.13549 -0.0529778 0)
(-0.121407 -0.0719121 0)
(-0.102554 -0.0857507 0)
(-0.0800016 -0.0923235 0)
(-0.0555254 -0.0896338 0)
(-0.0316695 -0.0763188 0)
(-0.0122122 -0.0522122 0)
(-0.00208043 -0.0190829 0)
(-0.00244502 0.0255475 0)
(-0.0134732 0.0658082 0)
(-0.0338339 0.0931405 0)
(-0.0583101 0.107633 0)
(-0.0833924 0.110727 0)
(-0.107 0.104347 0)
(-0.127716 0.0904576 0)
(-0.144611 0.070835 0)
(-0.157095 0.046991 0)
(-0.164752 0.0202245 0)
(-0.16723 -0.00824423 0)
(-0.164201 -0.0370932 0)
(-0.155384 -0.0647133 0)
(-0.140665 -0.0890611 0)
(-0.120292 -0.107608 0)
(-0.0951573 -0.117458 0)
(-0.067045 -0.115709 0)
(-0.0388392 -0.100051 0)
(-0.0152347 -0.0695981 0)
(-0.00266071 -0.0260053 0)
(-0.00297825 0.0331497 0)
(-0.0160429 0.0839277 0)
(-0.0396395 0.117203 0)
(-0.0673414 0.133849 0)
(-0.0950408 0.136324 0)
(-0.120539 0.127476 0)
(-0.142522 0.109976 0)
(-0.160265 0.086062 0)
(-0.1734 0.0574968 0)
(-0.181688 0.02567 0)
(-0.184865 -0.0081992 0)
(-0.182564 -0.0428071 0)
(-0.174337 -0.0764922 0)
(-0.159763 -0.106988 0)
(-0.138697 -0.131269 0)
(-0.111648 -0.145589 0)
(-0.0801919 -0.145842 0)
(-0.0474147 -0.128313 0)
(-0.0190344 -0.0908658 0)
(-0.00343885 -0.034691 0)
(-0.00366182 0.0422439 0)
(-0.0191126 0.105074 0)
(-0.0461651 0.144559 0)
(-0.0768782 0.162843 0)
(-0.106528 0.163888 0)
(-0.132945 0.151804 0)
(-0.155105 0.130148 0)
(-0.172662 0.101681 0)
(-0.185617 0.0683903 0)
(-0.19402 0.0316744 0)
(-0.197777 -0.00737086 0)
(-0.196538 -0.0476098 0)
(-0.189685 -0.0874923 0)
(-0.176425 -0.124678 0)
(-0.156056 -0.155726 0)
(-0.128435 -0.175973 0)
(-0.0945759 -0.179794 0)
(-0.0574521 -0.16145 0)
(-0.0237953 -0.116723 0)
(-0.00449508 -0.0456265 0)
(-0.00458343 0.0531728 0)
(-0.0228694 0.129593 0)
(-0.0534587 0.175104 0)
(-0.0865231 0.193953 0)
(-0.116806 0.192316 0)
(-0.142452 0.175996 0)
(-0.16301 0.149624 0)
(-0.178746 0.11651 0)
(-0.190201 0.0788028 0)
(-0.197842 0.0377914 0)
(-0.201844 -0.0057035 0)
(-0.201948 -0.0509015 0)
(-0.197413 -0.0965857 0)
(-0.187053 -0.140584 0)
(-0.169469 -0.179249 0)
(-0.143546 -0.207059 0)
(-0.109235 -0.216615 0)
(-0.0688104 -0.1994 0)
(-0.0297379 -0.14785 0)
(-0.00595682 -0.0594414 0)
(-0.00591664 0.0664605 0)
(-0.0276475 0.15783 0)
(-0.0615564 0.208348 0)
(-0.0955516 0.225825 0)
(-0.124166 0.219681 0)
(-0.146367 0.197902 0)
(-0.162688 0.166329 0)
(-0.174277 0.128771 0)
(-0.182379 0.0874034 0)
(-0.187984 0.0432524 0)
(-0.191621 -0.00330806 0)
(-0.193219 -0.0520556 0)
(-0.19201 -0.102368 0)
(-0.186485 -0.152575 0)
(-0.174496 -0.199197 0)
(-0.153679 -0.236151 0)
(-0.122299 -0.254212 0)
(-0.0809856 -0.241312 0)
(-0.0371327 -0.184747 0)
(-0.00803808 -0.0769796 0)
(-0.00799717 0.0829824 0)
(-0.0340112 0.190063 0)
(-0.0703627 0.243089 0)
(-0.102561 0.256015 0)
(-0.125765 0.242896 0)
(-0.140609 0.214345 0)
(-0.149129 0.17737 0)
(-0.153603 0.136066 0)
(-0.156061 0.0924029 0)
(-0.158036 0.046952 0)
(-0.160434 -0.000522026 0)
(-0.163457 -0.0505283 0)
(-0.166468 -0.103287 0)
(-0.16783 -0.158017 0)
(-0.164798 -0.211959 0)
(-0.153666 -0.259102 0)
(-0.13042 -0.288791 0)
(-0.0927423 -0.284926 0)
(-0.0462547 -0.227422 0)
(-0.0110933 -0.0994105 0)
(-0.0114157 0.104232 0)
(-0.042733 0.226251 0)
(-0.0791424 0.276784 0)
(-0.10457 0.280391 0)
(-0.116637 0.257361 0)
(-0.118861 0.221021 0)
(-0.115282 0.179123 0)
(-0.109368 0.135559 0)
(-0.103815 0.0917367 0)
(-0.100528 0.0475604 0)
(-0.100695 0.0020824 0)
(-0.10481 -0.0460108 0)
(-0.112555 -0.097924 0)
(-0.122521 -0.154102 0)
(-0.131822 -0.213169 0)
(-0.135749 -0.270212 0)
(-0.127789 -0.314286 0)
(-0.101268 -0.32565 0)
(-0.057081 -0.27471 0)
(-0.0156273 -0.128331 0)
(-0.0169598 0.132755 0)
(-0.0541808 0.265256 0)
(-0.0848711 0.304328 0)
(-0.094898 0.292304 0)
(-0.0877618 0.256728 0)
(-0.0711735 0.212739 0)
(-0.0512393 0.167715 0)
(-0.0322227 0.124519 0)
(-0.0169737 0.0835389 0)
(-0.00733891 0.0438444 0)
(-0.00450225 0.00380311 0)
(-0.00915857 -0.0385881 0)
(-0.0214647 -0.0854332 0)
(-0.0407153 -0.138517 0)
(-0.0646937 -0.198413 0)
(-0.0887067 -0.262606 0)
(-0.104485 -0.321957 0)
(-0.100285 -0.355271 0)
(-0.068125 -0.322985 0)
(-0.0219824 -0.165899 0)
(-0.0247071 0.173108 0)
(-0.0656617 0.302694 0)
(-0.0777064 0.315434 0)
(-0.0586296 0.281291 0)
(-0.0227392 0.232928 0)
(0.0179907 0.184184 0)
(0.0565883 0.140045 0)
(0.0892323 0.101302 0)
(0.113911 0.0669394 0)
(0.129541 0.0352182 0)
(0.135393 0.00406631 0)
(0.130792 -0.0288345 0)
(0.115064 -0.0660637 0)
(0.0877841 -0.110418 0)
(0.0494771 -0.164507 0)
(0.00304427 -0.229306 0)
(-0.0439014 -0.300365 0)
(-0.0762621 -0.360122 0)
(-0.0731653 -0.363656 0)
(-0.0288202 -0.215241 0)
(-0.0293261 0.230205 0)
(-0.0626198 0.32428 0)
(-0.0302047 0.290574 0)
(0.035729 0.23283 0)
(0.106894 0.178041 0)
(0.171563 0.132357 0)
(0.225533 0.0959765 0)
(0.267595 0.0670297 0)
(0.297838 0.0432454 0)
(0.316659 0.0224912 0)
(0.324199 0.00277971 0)
(0.320073 -0.0179074 0)
(0.303249 -0.0418729 0)
(0.272077 -0.0720155 0)
(0.224674 -0.112092 0)
(0.160113 -0.166415 0)
(0.080881 -0.237584 0)
(-0.00146755 -0.319526 0)
(-0.053239 -0.376246 0)
(-0.027408 -0.275751 0)
(0.0064946 0.275552 0)
(0.0146518 0.288735 0)
(0.126929 0.207167 0)
(0.247697 0.14189 0)
(0.344466 0.0967969 0)
(0.418312 0.0658681 0)
(0.473467 0.0445739 0)
(0.513245 0.0295136 0)
(0.540322 0.0182505 0)
(0.556586 0.0090854 0)
(0.563 0.000739026 0)
(0.559581 -0.00793725 0)
(0.545314 -0.0182507 0)
(0.517946 -0.0320572 0)
(0.473747 -0.0523774 0)
(0.407417 -0.0842675 0)
(0.311726 -0.13553 0)
(0.181254 -0.215194 0)
(0.0491112 -0.314921 0)
(0.0237017 -0.304672 0)
(0.29816 0.144512 0)
(0.391823 0.126661 0)
(0.548682 0.0765377 0)
(0.66483 0.0446397 0)
(0.734326 0.0264257 0)
(0.7777 0.0158512 0)
(0.80615 0.00960318 0)
(0.824805 0.00577796 0)
(0.836564 0.00326345 0)
(0.843113 0.00141625 0)
(0.845268 -0.000163459 0)
(0.843178 -0.00178275 0)
(0.836337 -0.00377717 0)
(0.823383 -0.00666957 0)
(0.801599 -0.0114658 0)
(0.765764 -0.0202475 0)
(0.704116 -0.0372892 0)
(0.591276 -0.0706071 0)
(0.423636 -0.126761 0)
(0.313485 -0.149806 0)
)
;

boundaryField
{
    movingWall
    {
        type            fixedValue;
        value           uniform (1 0 0);
    }
    fixedWalls
    {
        type            noSlip;
    }
    frontAndBack
    {
        type            empty;
    }
}


// ************************************************************************* //
