/*--------------------------------*- C++ -*----------------------------------*\
  =========                 |
  \\      /  F ield         | OpenFOAM: The Open Source CFD Toolbox
   \\    /   O peration     | Website:  https://openfoam.org
    \\  /    A nd           | Version:  6
     \\/     M anipulation  |
\*---------------------------------------------------------------------------*/
FoamFile
{
    version     2.0;
    format      ascii;
    class       volScalarField;
    location    "0.03";
    object      p;
}
// * * * * * * * * * * * * * * * * * * * * * * * * * * * * * * * * * * * * * //

dimensions      [0 2 -2 0 0 0 0];

internalField   nonuniform List<scalar> 
400
(
-2.75512e-05
-0.0231434
-0.0518812
-0.073997
-0.0822218
-0.0733026
-0.0469995
-0.00524124
0.0485613
0.110029
0.174215
0.235951
0.290191
0.332395
0.358987
0.367938
0.359503
0.337072
0.30813
0.285059
0.0228021
-0.000926534
-0.0234747
-0.0387167
-0.0430738
-0.0342602
-0.0119827
0.0223679
0.0662043
0.116118
0.168199
0.21834
0.262551
0.297285
0.319816
0.328668
0.32414
0.308626
0.285894
0.262217
0.0531663
0.0202914
-0.00411013
-0.0181694
-0.0217029
-0.0134649
0.00652104
0.0369081
0.0754318
0.119175
0.164801
0.208802
0.24775
0.278582
0.298876
0.307183
0.303471
0.289093
0.264446
0.231605
0.0810852
0.0355968
0.00524297
-0.0107989
-0.0151274
-0.00741896
0.0118298
0.0410288
0.0779037
0.119687
0.163274
0.205403
0.242859
0.272688
0.292408
0.300282
0.295778
0.279328
0.248593
0.203045
0.100078
0.0412429
0.00375088
-0.0151329
-0.0203916
-0.0125213
0.00746102
0.0375945
0.0754297
0.11817
0.162758
0.205994
0.244677
0.275763
0.296522
0.30477
0.299401
0.280019
0.241947
0.182847
0.10549
0.0330132
-0.011935
-0.033589
-0.0391153
-0.0297902
-0.0072003
0.0262236
0.067737
0.114387
0.163033
0.210402
0.253169
0.288054
0.311926
0.322018
0.316569
0.294367
0.248575
0.175474
0.0932674
0.00671728
-0.0455751
-0.0692293
-0.0736431
-0.0609386
-0.0333646
0.00607645
0.0542488
0.107957
0.1639
0.218652
0.268673
0.310336
0.339979
0.354107
0.350161
0.326008
0.272557
0.184815
0.0590762
-0.0422353
-0.101369
-0.125506
-0.126619
-0.107885
-0.0723698
-0.0237648
0.0343332
0.0984523
0.165114
0.230729
0.291514
0.343442
0.382205
0.403408
0.403475
0.379078
0.318456
0.215132
-0.00242405
-0.11944
-0.184406
-0.206573
-0.201191
-0.172874
-0.12575
-0.0643268
0.00729916
0.0854083
0.166411
0.246626
0.322087
0.388369
0.440443
0.472815
0.480571
0.458715
0.391986
0.27186
-0.0982775
-0.232108
-0.301046
-0.317412
-0.300945
-0.258312
-0.195025
-0.116544
-0.0274441
0.0684271
0.167539
0.266308
0.36075
0.446147
0.516736
0.565728
0.586445
0.571481
0.500692
0.362396
-0.238174
-0.389861
-0.459328
-0.463879
-0.429701
-0.366421
-0.281326
-0.180918
-0.0701217
0.0473396
0.16831
0.289642
0.407657
0.517606
0.613104
0.685926
0.727135
0.725852
0.654845
0.497176
-0.436049
-0.605943
-0.669498
-0.652632
-0.5911
-0.498687
-0.384836
-0.257032
-0.120224
0.0224395
0.168688
0.316339
0.462555
0.603046
0.73116
0.837279
0.909742
0.932815
0.868756
0.691436
-0.713165
-0.899152
-0.944558
-0.890785
-0.787812
-0.654961
-0.503967
-0.342884
-0.176027
-0.0052267
0.168881
0.345844
0.524459
0.701718
0.871457
1.02314
1.1422
1.20651
1.16283
0.968526
-1.10452
-1.29698
-1.30057
-1.18479
-1.01999
-0.83198
-0.634161
-0.434027
-0.234033
-0.0335662
0.169392
0.377119
0.591128
0.81094
1.03227
1.24497
1.43228
1.56462
1.56684
1.36664
-1.67207
-1.8402
-1.75555
-1.5374
-1.28215
-1.02087
-0.766172
-0.522511
-0.288416
-0.0592574
0.170887
0.408175
0.658147
0.924562
1.20731
1.49942
1.78466
2.02729
2.12453
1.95243
-2.52756
-2.58698
-2.32544
-1.94254
-1.55896
-1.20435
-0.884558
-0.596272
-0.330945
-0.0779592
0.173803
0.43547
0.717936
1.03125
1.38287
1.77411
2.19581
2.61295
2.89738
2.84372
-3.87266
-3.61291
-3.01651
-2.38098
-1.82343
-1.35663
-0.968646
-0.640558
-0.352361
-0.0853677
0.177728
0.453688
0.759736
1.11432
1.53691
2.04542
2.64937
3.33043
3.96401
4.24854
-6.15925
-5.01374
-3.78658
-2.79053
-2.0196
-1.43451
-0.988732
-0.636879
-0.342708
-0.0782069
0.179947
0.453597
0.766091
1.14545
1.62793
2.25905
3.08466
4.13965
5.42481
6.62709
-10.5695
-6.84914
-4.35793
-2.91538
-1.9686
-1.32355
-0.875569
-0.545922
-0.282659
-0.0517107
0.172455
0.412911
0.695238
1.05359
1.54017
2.23493
3.24514
4.76453
7.34511
11.1674
-17.9827
-8.61147
-4.15486
-2.37866
-1.46235
-0.919099
-0.579039
-0.345047
-0.163791
-0.00569348
0.149014
0.317503
0.519502
0.784406
1.16525
1.76066
2.74799
4.62132
9.19194
18.6779
)
;

boundaryField
{
    movingWall
    {
        type            zeroGradient;
    }
    fixedWalls
    {
        type            zeroGradient;
    }
    frontAndBack
    {
        type            empty;
    }
}


// ************************************************************************* //
