/*--------------------------------*- C++ -*----------------------------------*\
  =========                 |
  \\      /  F ield         | OpenFOAM: The Open Source CFD Toolbox
   \\    /   O peration     | Website:  https://openfoam.org
    \\  /    A nd           | Version:  6
     \\/     M anipulation  |
\*---------------------------------------------------------------------------*/
FoamFile
{
    version     2.0;
    format      ascii;
    class       surfaceScalarField;
    location    "0.03";
    object      phi;
}
// * * * * * * * * * * * * * * * * * * * * * * * * * * * * * * * * * * * * * //

dimensions      [0 3 -1 0 0 0 0];

internalField   nonuniform List<scalar> 
760
(
1.46818e-08
-1.46293e-08
-2.08404e-08
3.55221e-08
-1.1236e-07
9.15184e-08
-2.43704e-07
1.31344e-07
-3.94898e-07
1.51194e-07
-5.46739e-07
1.5184e-07
-6.82627e-07
1.35887e-07
-7.8939e-07
1.06763e-07
-8.57537e-07
6.8148e-08
-8.81291e-07
2.37536e-08
-8.58583e-07
-2.27076e-08
-7.91105e-07
-6.74782e-08
-6.84399e-07
-1.06707e-07
-5.47949e-07
-1.3645e-07
-3.9517e-07
-1.52778e-07
-2.43074e-07
-1.52097e-07
-1.11269e-07
-1.31804e-07
-1.99228e-08
-9.13463e-08
1.50112e-08
-3.4934e-08
1.50113e-08
-3.28836e-08
1.82536e-08
-1.77016e-07
1.79653e-07
-4.29246e-07
3.43751e-07
-7.59527e-07
4.61624e-07
-1.12796e-06
5.19627e-07
-1.49359e-06
5.17466e-07
-1.81936e-06
4.61658e-07
-2.0749e-06
3.623e-07
-2.23783e-06
2.31087e-07
-2.29442e-06
8.03406e-08
-2.23979e-06
-7.734e-08
-2.07812e-06
-2.29151e-07
-1.82272e-06
-3.62108e-07
-1.49593e-06
-4.63233e-07
-1.12858e-06
-5.20135e-07
-7.5843e-07
-5.22243e-07
-4.27198e-07
-4.63036e-07
-1.75154e-07
-3.43391e-07
-3.20527e-08
-1.78035e-07
-1.70415e-08
-9.01681e-08
1.08422e-07
-3.51994e-07
4.41478e-07
-7.57768e-07
7.49525e-07
-1.26153e-06
9.6539e-07
-1.80853e-06
1.06662e-06
-2.3434e-06
1.05234e-06
-2.81597e-06
9.34233e-07
-3.18486e-06
7.31187e-07
-3.41942e-06
4.65653e-07
-3.50078e-06
1.61696e-07
-3.42224e-06
-1.55877e-07
-3.18958e-06
-4.61812e-07
-2.82109e-06
-7.30604e-07
-2.34731e-06
-9.37009e-07
-1.81016e-06
-1.05729e-06
-1.26073e-06
-1.07167e-06
-7.55405e-07
-9.68362e-07
-3.49573e-07
-7.49223e-07
-8.8976e-08
-4.38632e-07
-1.06017e-07
-1.42527e-07
2.5095e-07
-5.19614e-07
8.18565e-07
-1.07454e-06
1.30445e-06
-1.74126e-06
1.63211e-06
-2.44978e-06
1.77514e-06
-3.13267e-06
1.73523e-06
-3.73023e-06
1.53179e-06
-4.19378e-06
1.19474e-06
-4.48756e-06
7.59433e-07
-4.58957e-06
2.63706e-07
-4.492e-06
-2.53453e-07
-4.20143e-06
-7.52382e-07
-3.739e-06
-1.19303e-06
-3.14028e-06
-1.53573e-06
-2.45445e-06
-1.74311e-06
-1.74241e-06
-1.78372e-06
-1.07295e-06
-1.63782e-06
-5.17145e-07
-1.30503e-06
-1.41093e-07
-8.14685e-07
-2.4711e-07
-1.90765e-07
4.41715e-07
-6.80007e-07
1.30781e-06
-1.38159e-06
2.00604e-06
-2.2067e-06
2.45721e-06
-3.06875e-06
2.63719e-06
-3.88876e-06
2.55524e-06
-4.59932e-06
2.24235e-06
-5.14687e-06
1.74229e-06
-5.49274e-06
1.1053e-06
-5.61333e-06
3.843e-07
-5.50018e-06
-3.66605e-07
-5.16003e-06
-1.09253e-06
-4.6152e-06
-1.73787e-06
-3.90388e-06
-2.24705e-06
-3.08013e-06
-2.56686e-06
-2.2128e-06
-2.65105e-06
-1.38281e-06
-2.4678e-06
-6.78512e-07
-2.00933e-06
-1.89352e-07
-1.30384e-06
-4.36462e-07
-2.37774e-07
6.79489e-07
-8.39014e-07
1.90905e-06
-1.68754e-06
2.85457e-06
-2.66964e-06
3.43931e-06
-3.68086e-06
3.6484e-06
-4.63082e-06
3.50521e-06
-5.44583e-06
3.05735e-06
-6.06948e-06
2.36595e-06
-6.46217e-06
1.49798e-06
-6.60009e-06
5.22217e-07
-6.47452e-06
-4.92167e-07
-6.09175e-06
-1.4753e-06
-5.47366e-06
-2.35596e-06
-4.65893e-06
-3.06178e-06
-3.70434e-06
-3.52146e-06
-2.68529e-06
-3.6701e-06
-1.69483e-06
-3.45826e-06
-8.40228e-07
-2.86393e-06
-2.36884e-07
-1.90719e-06
-6.73346e-07
-2.86521e-07
9.66011e-07
-1.00342e-06
2.62595e-06
-2.00179e-06
3.85293e-06
-3.14047e-06
4.57799e-06
-4.29607e-06
4.80401e-06
-5.36754e-06
4.57667e-06
-6.27684e-06
3.96665e-06
-6.96724e-06
3.05635e-06
-7.40053e-06
1.93127e-06
-7.55428e-06
6.7597e-07
-7.42005e-06
-6.26396e-07
-7.00292e-06
-1.89243e-06
-6.32254e-06
-3.03634e-06
-5.41552e-06
-3.9688e-06
-4.33863e-06
-4.59835e-06
-3.17182e-06
-4.83691e-06
-2.0197e-06
-4.61038e-06
-1.00991e-06
-3.87372e-06
-2.86953e-07
-2.63015e-06
-9.60298e-07
-3.39781e-07
1.30579e-06
-1.17962e-06
3.46578e-06
-2.33211e-06
5.00543e-06
-3.62518e-06
5.87106e-06
-4.91589e-06
6.09471e-06
-6.09432e-06
5.7551e-06
-7.08142e-06
4.95374e-06
-7.82381e-06
3.79874e-06
-8.28788e-06
2.39534e-06
-8.45471e-06
8.42803e-07
-8.31684e-06
-7.64268e-07
-7.87732e-06
-2.33195e-06
-7.15126e-06
-3.7624e-06
-6.16976e-06
-4.9503e-06
-4.98561e-06
-5.7825e-06
-3.67974e-06
-6.14277e-06
-2.36647e-06
-5.92365e-06
-1.1948e-06
-5.04539e-06
-3.42663e-07
-3.48228e-06
-1.30296e-06
-4.00285e-07
1.70608e-06
-1.37335e-06
4.43885e-06
-2.68368e-06
6.31576e-06
-4.12345e-06
7.31083e-06
-5.53049e-06
7.50176e-06
-6.78988e-06
7.01449e-06
-7.82697e-06
5.99083e-06
-8.59718e-06
4.56895e-06
-9.07595e-06
2.87412e-06
-9.25075e-06
1.0176e-06
-9.11609e-06
-8.98919e-07
-8.67208e-06
-2.77597e-06
-7.92638e-06
-4.5081e-06
-6.89987e-06
-5.97681e-06
-5.6355e-06
-7.04686e-06
-4.20932e-06
-7.56895e-06
-2.74121e-06
-7.39176e-06
-1.40145e-06
-6.38515e-06
-4.07094e-07
-4.47664e-06
-1.71006e-06
-4.71298e-07
2.17737e-06
-1.59036e-06
5.55791e-06
-3.0586e-06
7.784e-06
-4.62657e-06
8.8788e-06
-6.11524e-06
8.99042e-06
-7.41168e-06
8.31094e-06
-8.45406e-06
7.03322e-06
-9.2143e-06
5.32918e-06
-9.68271e-06
3.34253e-06
-9.85679e-06
1.19168e-06
-9.73443e-06
-1.02127e-06
-9.31178e-06
-3.19863e-06
-8.5856e-06
-5.23428e-06
-7.56063e-06
-7.00179e-06
-6.2618e-06
-8.34569e-06
-4.75107e-06
-9.07969e-06
-3.14616e-06
-8.99667e-06
-1.63611e-06
-7.8952e-06
-4.83839e-07
-5.62891e-06
-2.19389e-06
-5.57644e-07
2.73502e-06
-1.83743e-06
6.8377e-06
-3.45528e-06
9.40185e-06
-5.11434e-06
1.05379e-05
-6.62527e-06
1.05014e-05
-7.88915e-06
9.57482e-06
-8.86925e-06
8.01332e-06
-9.56395e-06
6.02388e-06
-9.98548e-06
3.76405e-06
-1.01455e-05
1.35166e-06
-1.00468e-05
-1.11995e-06
-9.68081e-06
-3.5646e-06
-9.0299e-06
-5.88519e-06
-8.07574e-06
-7.95594e-06
-6.81482e-06
-9.60661e-06
-5.28164e-06
-1.06129e-05
-3.57843e-06
-1.06999e-05
-1.90553e-06
-9.5681e-06
-5.77974e-07
-6.95647e-06
-2.77187e-06
-6.67426e-07
3.40244e-06
-2.12352e-06
8.2938e-06
-3.86623e-06
1.11445e-05
-5.5488e-06
1.22204e-05
-6.98651e-06
1.19391e-05
-8.11374e-06
1.0702e-05
-8.93552e-06
8.8351e-06
-9.48839e-06
6.57676e-06
-9.81356e-06
4.08921e-06
-9.94058e-06
1.47868e-06
-9.87887e-06
-1.18166e-06
-9.61473e-06
-3.82874e-06
-9.11334e-06
-6.38659e-06
-8.32689e-06
-8.74239e-06
-7.2115e-06
-1.0722e-05
-5.75636e-06
-1.2068e-05
-4.02683e-06
-1.24294e-05
-2.21755e-06
-1.13774e-05
-6.97684e-07
-8.47633e-06
-3.46955e-06
-8.14807e-07
4.21725e-06
-2.45997e-06
9.93896e-06
-4.27134e-06
1.29559e-05
-5.86142e-06
1.38105e-05
-7.07999e-06
1.31576e-05
-7.92382e-06
1.15459e-05
-8.45992e-06
9.3712e-06
-8.77415e-06
6.89099e-06
-8.94159e-06
4.25665e-06
-9.01156e-06
1.54865e-06
-9.00089e-06
-1.19233e-06
-8.89148e-06
-3.93815e-06
-8.631e-06
-6.64706e-06
-8.13843e-06
-9.23497e-06
-7.31884e-06
-1.15416e-05
-6.09502e-06
-1.32918e-05
-4.46381e-06
-1.40606e-05
-2.58057e-06
-1.32606e-05
-8.56867e-07
-1.02e-05
-4.32642e-06
-1.0239e-06
5.24115e-06
-2.85616e-06
1.17712e-05
-4.62025e-06
1.472e-05
-5.92687e-06
1.51171e-05
-6.71483e-06
1.39456e-05
-7.08249e-06
1.19135e-05
-7.17859e-06
9.4673e-06
-7.14399e-06
6.85638e-06
-7.08643e-06
4.1991e-06
-7.07243e-06
1.53464e-06
-7.12544e-06
-1.13931e-06
-7.22517e-06
-3.83843e-06
-7.306e-06
-6.56623e-06
-7.25674e-06
-9.28423e-06
-6.92736e-06
-1.1871e-05
-6.15487e-06
-1.40643e-05
-4.82624e-06
-1.53893e-05
-2.99787e-06
-1.5089e-05
-1.07865e-06
-1.21193e-05
-5.40507e-06
-1.33095e-06
6.5721e-06
-3.29944e-06
1.37397e-05
-4.78871e-06
1.62093e-05
-5.5115e-06
1.58399e-05
-5.58344e-06
1.40175e-05
-5.24692e-06
1.1577e-05
-4.74109e-06
8.96147e-06
-4.2535e-06
6.3688e-06
-3.91187e-06
3.85747e-06
-3.78997e-06
1.41275e-06
-3.91442e-06
-1.01486e-06
-4.26668e-06
-3.48617e-06
-4.7789e-06
-6.05401e-06
-5.32457e-06
-8.73856e-06
-5.70992e-06
-1.14856e-05
-5.68031e-06
-1.40939e-05
-4.97058e-06
-1.6099e-05
-3.4454e-06
-1.66142e-05
-1.39659e-06
-1.41681e-05
-6.80166e-06
-1.7692e-06
8.3413e-06
-3.68591e-06
1.56564e-05
-4.47749e-06
1.70008e-05
-4.178e-06
1.55404e-05
-3.1937e-06
1.30332e-05
-1.93224e-06
1.03156e-05
-7.00822e-07
7.73005e-06
2.99973e-07
5.368e-06
9.51664e-07
3.20578e-06
1.19197e-06
1.17244e-06
9.98046e-07
-8.20936e-07
3.81085e-07
-2.8692e-06
-6.07109e-07
-5.06582e-06
-1.85536e-06
-7.49031e-06
-3.16369e-06
-1.01773e-05
-4.21403e-06
-1.30436e-05
-4.57317e-06
-1.57399e-05
-3.79965e-06
-1.73877e-05
-1.8369e-06
-1.61308e-05
-8.63856e-06
-2.28981e-06
1.06311e-05
-3.62569e-06
1.69923e-05
-2.99819e-06
1.63734e-05
-1.12552e-06
1.36678e-05
1.21856e-06
1.06891e-05
3.51645e-06
8.01766e-06
5.47402e-06
5.77248e-06
6.94467e-06
3.89735e-06
7.86371e-06
2.28674e-06
8.20514e-06
8.31011e-07
7.95884e-06
-5.74641e-07
7.12337e-06
-2.03373e-06
5.71256e-06
-3.65501e-06
3.77876e-06
-5.55651e-06
1.45865e-06
-7.85717e-06
-9.54732e-07
-1.06302e-05
-2.92689e-06
-1.37677e-05
-3.64368e-06
-1.66709e-05
-2.3348e-06
-1.74397e-05
-1.09734e-05
-2.50775e-06
1.31389e-05
-1.96333e-06
1.64479e-05
1.14054e-06
1.32695e-05
5.04522e-06
9.7631e-06
8.77169e-06
6.96267e-06
1.19137e-05
4.87568e-06
1.43462e-05
3.33997e-06
1.60645e-05
2.17901e-06
1.71007e-05
1.25058e-06
1.74836e-05
4.4811e-07
1.72223e-05
-3.13394e-07
1.63011e-05
-1.1125e-06
1.46822e-05
-2.03606e-06
1.23209e-05
-3.19526e-06
9.20552e-06
-4.74178e-06
5.44463e-06
-6.86931e-06
1.43991e-06
-9.76297e-06
-1.80689e-06
-1.34241e-05
-2.47829e-06
-1.67683e-05
-1.34516e-05
-6.05465e-07
1.37443e-05
4.57866e-06
1.12638e-05
1.09937e-05
6.85446e-06
1.65623e-05
4.19451e-06
2.08941e-05
2.6308e-06
2.40922e-05
1.67758e-06
2.63569e-05
1.07526e-06
2.78653e-05
6.70638e-07
2.87425e-05
3.73431e-07
2.90609e-05
1.29685e-07
2.88445e-05
-9.69696e-08
2.80697e-05
-3.37758e-07
2.66627e-05
-6.29048e-07
2.44926e-05
-1.02516e-06
2.13692e-05
-1.61841e-06
1.70696e-05
-2.56964e-06
1.14638e-05
-4.15721e-06
4.92831e-06
-6.88862e-06
-4.42696e-07
-1.13973e-05
-1.38943e-05
1.37443e-05
2.50081e-05
3.18625e-05
3.60571e-05
3.86879e-05
4.03654e-05
4.14407e-05
4.21113e-05
4.24848e-05
4.26144e-05
4.25175e-05
4.21797e-05
4.15507e-05
4.05255e-05
3.89071e-05
3.63375e-05
3.21803e-05
2.52916e-05
1.38943e-05
)
;

boundaryField
{
    movingWall
    {
        type            calculated;
        value           uniform 0;
    }
    fixedWalls
    {
        type            calculated;
        value           uniform 0;
    }
    frontAndBack
    {
        type            empty;
        value           nonuniform 0();
    }
}


// ************************************************************************* //
