/*--------------------------------*- C++ -*----------------------------------*\
  =========                 |
  \\      /  F ield         | OpenFOAM: The Open Source CFD Toolbox
   \\    /   O peration     | Website:  https://openfoam.org
    \\  /    A nd           | Version:  6
     \\/     M anipulation  |
\*---------------------------------------------------------------------------*/
FoamFile
{
    version     2.0;
    format      ascii;
    class       volVectorField;
    location    "0.03";
    object      U;
}
// * * * * * * * * * * * * * * * * * * * * * * * * * * * * * * * * * * * * * //

dimensions      [0 1 -1 0 0 0 0];

internalField   nonuniform List<vector> 
400
(
(0.000255176 -0.000250897 0)
(0.000156505 0.000107377 0)
(-0.0011432 0.000563989 0)
(-0.00344207 0.00089058 0)
(-0.00634676 0.00105561 0)
(-0.00945214 0.00107131 0)
(-0.0123933 0.000962313 0)
(-0.0148691 0.00075708 0)
(-0.0166517 0.000483823 0)
(-0.0175879 0.000169526 0)
(-0.0175991 -0.00015959 0)
(-0.0166812 -0.000477148 0)
(-0.0149063 -0.000755736 0)
(-0.012425 -0.000966361 0)
(-0.00946763 -0.00107866 0)
(-0.00634236 -0.00106273 0)
(-0.00342297 -0.000893954 0)
(-0.00112135 -0.000562028 0)
(0.00016968 -0.000102043 0)
(0.000258536 0.000254204 0)
(-6.88158e-05 -0.000184857 0)
(-0.00156826 0.00161325 0)
(-0.00560806 0.00359829 0)
(-0.0116177 0.00503945 0)
(-0.0187991 0.00576432 0)
(-0.0263239 0.00578028 0)
(-0.0333978 0.00517317 0)
(-0.0393361 0.0040661 0)
(-0.0436065 0.00259625 0)
(-0.0458458 0.000904782 0)
(-0.0458669 -0.000865665 0)
(-0.0436623 -0.00257048 0)
(-0.039407 -0.00406213 0)
(-0.0334591 -0.00519123 0)
(-0.0263552 -0.00581184 0)
(-0.0187926 -0.00579498 0)
(-0.011582 -0.00505494 0)
(-0.00556473 -0.00359187 0)
(-0.00153941 -0.00159202 0)
(-6.02601e-05 0.000199767 0)
(-0.000512995 0.00103969 0)
(-0.00364377 0.00564966 0)
(-0.0104652 0.0101669 0)
(-0.0198484 0.0134012 0)
(-0.0306325 0.0149742 0)
(-0.0417083 0.0148637 0)
(-0.0520066 0.0132413 0)
(-0.0605969 0.0103845 0)
(-0.0667518 0.00662129 0)
(-0.069973 0.00230124 0)
(-0.0700033 -0.00221622 0)
(-0.0668329 -0.00656541 0)
(-0.0607025 -0.0103764 0)
(-0.0521031 -0.0132819 0)
(-0.0417667 -0.0149348 0)
(-0.0306391 -0.0150447 0)
(-0.0198113 -0.0134397 0)
(-0.0104112 -0.0101571 0)
(-0.00360414 -0.00560449 0)
(-0.000500292 -0.0010042 0)
(-0.000906475 0.00337818 0)
(-0.00560767 0.012068 0)
(-0.015164 0.0198271 0)
(-0.0277771 0.0251914 0)
(-0.0418785 0.0276444 0)
(-0.0561049 0.0271734 0)
(-0.0691771 0.024073 0)
(-0.0799965 0.0188182 0)
(-0.0877116 0.0119766 0)
(-0.0917424 0.00415851 0)
(-0.0917896 -0.00400548 0)
(-0.0878401 -0.0118735 0)
(-0.0801709 -0.0187977 0)
(-0.0693505 -0.0241385 0)
(-0.0562334 -0.0272959 0)
(-0.0419364 -0.027772 0)
(-0.0277665 -0.0252689 0)
(-0.015115 -0.0198226 0)
(-0.0055625 -0.0119972 0)
(-0.000890161 -0.00331534 0)
(-0.0012542 0.00671799 0)
(-0.00745503 0.0207405 0)
(-0.0197025 0.0324033 0)
(-0.0354833 0.0401308 0)
(-0.0527767 0.0433863 0)
(-0.0699572 0.0422516 0)
(-0.0855626 0.0372082 0)
(-0.0983719 0.0289774 0)
(-0.107459 0.018405 0)
(-0.112202 0.00639345 0)
(-0.112281 -0.00612916 0)
(-0.107676 -0.0182191 0)
(-0.0986774 -0.028923 0)
(-0.0858878 -0.0372948 0)
(-0.0702332 -0.0424396 0)
(-0.0529547 -0.043598 0)
(-0.0355509 -0.0402785 0)
(-0.0196886 -0.0324286 0)
(-0.0074154 -0.0206537 0)
(-0.00123584 -0.00662485 0)
(-0.00158593 0.0110012 0)
(-0.00927259 0.0316372 0)
(-0.0242218 0.0478969 0)
(-0.043168 0.0582056 0)
(-0.0635978 0.0621378 0)
(-0.0836117 0.0599849 0)
(-0.101583 0.0525046 0)
(-0.116207 0.0407275 0)
(-0.126526 0.0258159 0)
(-0.131912 0.00898445 0)
(-0.132041 -0.00853199 0)
(-0.126888 -0.0254823 0)
(-0.116731 -0.0405968 0)
(-0.102167 -0.0525995 0)
(-0.0841473 -0.0602561 0)
(-0.0639987 -0.0624763 0)
(-0.0433938 -0.0584784 0)
(-0.0242925 -0.0480015 0)
(-0.00925854 -0.0315638 0)
(-0.00156903 -0.0108822 0)
(-0.00193133 0.0162325 0)
(-0.0111599 0.0447963 0)
(-0.0288893 0.0663514 0)
(-0.0510354 0.0794209 0)
(-0.0745501 0.0838395 0)
(-0.0972577 0.0802533 0)
(-0.117397 0.0698103 0)
(-0.133627 0.0539248 0)
(-0.145012 0.0341133 0)
(-0.150957 0.011911 0)
(-0.15116 -0.0111508 0)
(-0.145586 -0.0335293 0)
(-0.134474 -0.0536466 0)
(-0.11837 -0.0698848 0)
(-0.0981957 -0.0806261 0)
(-0.0753096 -0.0843646 0)
(-0.0515299 -0.0799034 0)
(-0.0291161 -0.0666204 0)
(-0.0112023 -0.0447951 0)
(-0.00192196 -0.0161049 0)
(-0.0023182 0.0224747 0)
(-0.0132131 0.0603291 0)
(-0.0338593 0.0878454 0)
(-0.0592383 0.103764 0)
(-0.0857194 0.10837 0)
(-0.110868 0.102849 0)
(-0.132847 0.0888796 0)
(-0.150354 0.0683452 0)
(-0.162544 0.0431484 0)
(-0.168916 0.0151351 0)
(-0.169216 -0.0139009 0)
(-0.163398 -0.0421678 0)
(-0.151631 -0.0678132 0)
(-0.134352 -0.0888828 0)
(-0.11237 -0.103336 0)
(-0.0869986 -0.109157 0)
(-0.0601392 -0.104575 0)
(-0.0343359 -0.0884087 0)
(-0.0133549 -0.0605 0)
(-0.00232545 -0.022375 0)
(-0.00277554 0.0298451 0)
(-0.0155276 0.0784149 0)
(-0.0392619 0.112471 0)
(-0.0678471 0.131156 0)
(-0.0970187 0.135475 0)
(-0.124137 0.127393 0)
(-0.147388 0.109294 0)
(-0.165626 0.083619 0)
(-0.178203 0.0526746 0)
(-0.184779 0.0185833 0)
(-0.185193 -0.0166659 0)
(-0.179389 -0.0511097 0)
(-0.167425 -0.0826882 0)
(-0.149551 -0.109145 0)
(-0.126358 -0.127995 0)
(-0.0989857 -0.136607 0)
(-0.069309 -0.132449 0)
(-0.040101 -0.11351 0)
(-0.0158238 -0.0789093 0)
(-0.00281202 -0.029836 0)
(-0.00334131 0.0385191 0)
(-0.0182134 0.0992893 0)
(-0.0452086 0.140285 0)
(-0.0768269 0.161368 0)
(-0.108132 0.164655 0)
(-0.136392 0.153222 0)
(-0.15999 0.130357 0)
(-0.178101 0.0991469 0)
(-0.190411 0.0622935 0)
(-0.196843 0.0221232 0)
(-0.197373 -0.019288 0)
(-0.191942 -0.0599269 0)
(-0.180455 -0.0976382 0)
(-0.162879 -0.12994 0)
(-0.13944 -0.153911 0)
(-0.110927 -0.16621 0)
(-0.0789994 -0.163316 0)
(-0.0465322 -0.142029 0)
(-0.0187298 -0.100317 0)
(-0.00342356 -0.0386967 0)
(-0.00407662 0.0487501 0)
(-0.0214247 0.123234 0)
(-0.0518022 0.171235 0)
(-0.0859997 0.193888 0)
(-0.118423 0.195019 0)
(-0.146474 0.179239 0)
(-0.168991 0.150975 0)
(-0.185702 0.114014 0)
(-0.196798 0.0713996 0)
(-0.202572 0.0255392 0)
(-0.203197 -0.0215624 0)
(-0.198617 -0.0680135 0)
(-0.188542 -0.111729 0)
(-0.172554 -0.150136 0)
(-0.150347 -0.179942 0)
(-0.122107 -0.197038 0)
(-0.0889889 -0.196662 0)
(-0.0537229 -0.17395 0)
(-0.0222335 -0.125063 0)
(-0.00422533 -0.0492496 0)
(-0.00509085 0.0609164 0)
(-0.0254025 0.150568 0)
(-0.0591334 0.205042 0)
(-0.0949569 0.227737 0)
(-0.12678 0.225077 0)
(-0.152533 0.203751 0)
(-0.1719 0.169533 0)
(-0.185444 0.12691 0)
(-0.194043 0.0791355 0)
(-0.198464 0.0285109 0)
(-0.199125 -0.0232389 0)
(-0.195985 -0.0745618 0)
(-0.188537 -0.123664 0)
(-0.175893 -0.16809 0)
(-0.157032 -0.204331 0)
(-0.131246 -0.227529 0)
(-0.0987632 -0.231457 0)
(-0.0617203 -0.208995 0)
(-0.0265734 -0.153514 0)
(-0.00533084 -0.061917 0)
(-0.00658607 0.0756188 0)
(-0.0305305 0.181614 0)
(-0.0672215 0.240991 0)
(-0.102851 0.261181 0)
(-0.131304 0.252487 0)
(-0.151713 0.22428 0)
(-0.165114 0.183799 0)
(-0.173215 0.136091 0)
(-0.177722 0.0843784 0)
(-0.179931 0.0306037 0)
(-0.180524 -0.0240352 0)
(-0.179493 -0.0785716 0)
(-0.176119 -0.131765 0)
(-0.169024 -0.181564 0)
(-0.156348 -0.224522 0)
(-0.136178 -0.255214 0)
(-0.107277 -0.265841 0)
(-0.0704436 -0.246377 0)
(-0.0321133 -0.186004 0)
(-0.00694538 -0.0773426 0)
(-0.00892702 0.0938457 0)
(-0.0373721 0.216582 0)
(-0.0757884 0.277527 0)
(-0.107922 0.291283 0)
(-0.128749 0.273732 0)
(-0.139634 0.237417 0)
(-0.143548 0.190904 0)
(-0.143557 0.139425 0)
(-0.142212 0.0857966 0)
(-0.141277 0.0312904 0)
(-0.141656 -0.0236682 0)
(-0.143386 -0.0789234 0)
(-0.145614 -0.134049 0)
(-0.14656 -0.187739 0)
(-0.143551 -0.237043 0)
(-0.133281 -0.276406 0)
(-0.112451 -0.296657 0)
(-0.0794239 -0.284362 0)
(-0.0393617 -0.222681 0)
(-0.00943304 -0.0965474 0)
(-0.0127057 0.117197 0)
(-0.0465384 0.255175 0)
(-0.0835754 0.311522 0)
(-0.106466 0.313307 0)
(-0.113508 0.283852 0)
(-0.109632 0.238855 0)
(-0.100175 0.187546 0)
(-0.0894913 0.134642 0)
(-0.080721 0.0820387 0)
(-0.0758463 0.0300275 0)
(-0.0758489 -0.021911 0)
(-0.0808144 -0.0745585 0)
(-0.0899117 -0.128482 0)
(-0.101243 -0.183453 0)
(-0.111631 -0.237582 0)
(-0.116512 -0.285973 0)
(-0.110141 -0.318858 0)
(-0.0870768 -0.319485 0)
(-0.0488024 -0.26305 0)
(-0.0133701 -0.121128 0)
(-0.0185876 0.148208 0)
(-0.0578334 0.295594 0)
(-0.0864849 0.336947 0)
(-0.0907289 0.319989 0)
(-0.075928 0.276428 0)
(-0.0517291 0.223823 0)
(-0.0256121 0.170589 0)
(-0.0025544 0.119879 0)
(0.0143875 0.0721153 0)
(0.0235054 0.0264151 0)
(0.0239997 -0.0186772 0)
(0.0157519 -0.0648051 0)
(-0.000665618 -0.11351 0)
(-0.0237351 -0.165828 0)
(-0.0505 -0.221499 0)
(-0.0759046 -0.277415 0)
(-0.0921092 -0.324846 0)
(-0.0888155 -0.345219 0)
(-0.0599613 -0.304902 0)
(-0.0193552 -0.153539 0)
(-0.0261525 0.191092 0)
(-0.0672459 0.332158 0)
(-0.0731332 0.342428 0)
(-0.0449644 0.300656 0)
(0.000142876 0.244026 0)
(0.048413 0.188124 0)
(0.0919494 0.138149 0)
(0.126699 0.0945519 0)
(0.150796 0.0559601 0)
(0.163482 0.0204312 0)
(0.164462 -0.0141178 0)
(0.153623 -0.0498188 0)
(0.131024 -0.0888495 0)
(0.0971743 -0.133342 0)
(0.0536964 -0.184944 0)
(0.00450045 -0.24348 0)
(-0.0424031 -0.3038 0)
(-0.0727261 -0.349662 0)
(-0.0683093 -0.3419 0)
(-0.02676 -0.197756 0)
(-0.0286893 0.248927 0)
(-0.0581995 0.348466 0)
(-0.0154474 0.308167 0)
(0.0609757 0.242058 0)
(0.140219 0.180745 0)
(0.209922 0.130794 0)
(0.265916 0.0916686 0)
(0.307366 0.0607277 0)
(0.334778 0.0352074 0)
(0.348885 0.0127348 0)
(0.350117 -0.0087428 0)
(0.338412 -0.0311821 0)
(0.313195 -0.0566982 0)
(0.273526 -0.0878078 0)
(0.2186 -0.127535 0)
(0.148904 -0.178915 0)
(0.068336 -0.242899 0)
(-0.0107525 -0.312861 0)
(-0.0566318 -0.356709 0)
(-0.0283711 -0.256026 0)
(0.0132478 0.287616 0)
(0.028848 0.301518 0)
(0.151478 0.213619 0)
(0.279632 0.142578 0)
(0.379828 0.0945101 0)
(0.454303 0.0625972 0)
(0.508157 0.0411469 0)
(0.545309 0.026079 0)
(0.568771 0.0146841 0)
(0.580529 0.00518673 0)
(0.581546 -0.00369548 0)
(0.571832 -0.0130972 0)
(0.550423 -0.0243119 0)
(0.51527 -0.0391538 0)
(0.463185 -0.0604435 0)
(0.389909 -0.0925387 0)
(0.289847 -0.141639 0)
(0.160081 -0.214983 0)
(0.0342306 -0.305696 0)
(0.0158699 -0.292143 0)
(0.304281 0.146879 0)
(0.404865 0.127586 0)
(0.567541 0.0749618 0)
(0.68421 0.0421562 0)
(0.751987 0.0241417 0)
(0.793404 0.0141575 0)
(0.819999 0.00845515 0)
(0.836962 0.004994 0)
(0.847122 0.00267173 0)
(0.852022 0.000887439 0)
(0.852342 -0.00072657 0)
(0.848111 -0.00246893 0)
(0.83871 -0.00469884 0)
(0.822653 -0.00800183 0)
(0.797134 -0.0134696 0)
(0.756933 -0.0231794 0)
(0.69039 -0.0410366 0)
(0.574185 -0.0741013 0)
(0.409764 -0.127675 0)
(0.306601 -0.147727 0)
)
;

boundaryField
{
    movingWall
    {
        type            fixedValue;
        value           uniform (1 0 0);
    }
    fixedWalls
    {
        type            noSlip;
    }
    frontAndBack
    {
        type            empty;
    }
}


// ************************************************************************* //
