/*--------------------------------*- C++ -*----------------------------------*\
  =========                 |
  \\      /  F ield         | OpenFOAM: The Open Source CFD Toolbox
   \\    /   O peration     | Website:  https://openfoam.org
    \\  /    A nd           | Version:  6
     \\/     M anipulation  |
\*---------------------------------------------------------------------------*/
FoamFile
{
    version     2.0;
    format      ascii;
    class       volScalarField;
    location    "0.075";
    object      p;
}
// * * * * * * * * * * * * * * * * * * * * * * * * * * * * * * * * * * * * * //

dimensions      [0 2 -2 0 0 0 0];

internalField   nonuniform List<scalar> 
400
(
4.02199e-08
-0.00077794
-0.00146
-0.00166723
-0.00127235
-0.000255858
0.00134004
0.00343775
0.00593853
0.00872612
0.0116659
0.0146045
0.0173718
0.0197887
0.0216823
0.0229103
0.0233967
0.0231732
0.0224228
0.0215951
0.000772045
-2.98996e-05
-0.000534508
-0.000580864
-0.000134625
0.000824984
0.00227687
0.00416528
0.00641063
0.00891277
0.0115517
0.0141894
0.0166741
0.0188497
0.0205701
0.0217214
0.0222522
0.022193
0.0216272
0.0207788
0.00149849
0.000424912
-0.000126771
-0.000144183
0.000308357
0.00123448
0.00261587
0.00440505
0.00653313
0.00891058
0.0114268
0.0139518
0.0163408
0.0184433
0.0201172
0.0212497
0.0217867
0.0217407
0.0211022
0.019962
0.0018166
0.000412156
-0.00028174
-0.000337353
0.000102239
0.00102089
0.00239556
0.00417982
0.00630975
0.00870161
0.0112492
0.013824
0.0162784
0.0184543
0.0201965
0.0213747
0.0219163
0.0218113
0.0209842
0.0194724
0.00155707
-0.000167529
-0.00102011
-0.00112644
-0.000692099
0.000249973
0.00167128
0.00352468
0.005749
0.00826398
0.0109649
0.0137201
0.0163731
0.0187487
0.0206669
0.021967
0.0225477
0.0223742
0.0213227
0.0194196
0.000606322
-0.00144094
-0.00245793
-0.00261041
-0.00215991
-0.00115455
0.000371745
0.00237055
0.00478281
0.0075309
0.0105102
0.0135836
0.0165804
0.0193003
0.0215264
0.0230529
0.0237362
0.0235085
0.0222003
0.0198499
-0.00113595
-0.00353764
-0.00472858
-0.00491474
-0.00441806
-0.00330325
-0.00161015
0.000611658
0.003306
0.00639907
0.00978739
0.0133285
0.0168348
0.0200739
0.0227788
0.0246792
0.0255673
0.0253236
0.0237141
0.020797
-0.00378704
-0.00660549
-0.0079859
-0.00818736
-0.00760815
-0.0063345
-0.00441337
-0.00189461
0.00117095
0.00471712
0.00864606
0.012814
0.0170185
0.0209912
0.0244011
0.0268883
0.0281463
0.0279663
0.0260016
0.0223202
-0.00750695
-0.0108351
-0.0124249
-0.0126156
-0.0119106
-0.0104268
-0.00821979
-0.00533836
-0.00182359
0.00227255
0.00686676
0.0118243
0.0169373
0.0219046
0.0263213
0.0297064
0.0316041
0.0316485
0.0292838
0.0245474
-0.0125228
-0.0164834
-0.0182992
-0.0184365
-0.0175501
-0.0158001
-0.0132536
-0.00995576
-0.00593226
-0.00121161
0.00415102
0.0100484
0.0162888
0.0225563
0.0283738
0.0331088
0.036086
0.0366702
0.0339203
0.027741
-0.019162
-0.0239036
-0.0259394
-0.025944
-0.0247925
-0.0227066
-0.0197661
-0.0160098
-0.0114419
-0.0060574
0.000134146
0.00708048
0.0146443
0.0225383
0.0302431
0.0369627
0.0417201
0.0434391
0.0404887
0.0324149
-0.0279095
-0.0335909
-0.0357756
-0.0354888
-0.0339296
-0.0314008
-0.027994
-0.0237381
-0.0186111
-0.012566
-0.00554935
0.00247546
0.0114824
0.0212917
0.031425
0.0409633
0.0485655
0.0524801
0.0498975
0.0395447
-0.0395147
-0.046254
-0.0483586
-0.0474606
-0.0452317
-0.0420706
-0.0380712
-0.0332461
-0.027545
-0.0208758
-0.0131097
-0.00408802
0.00634317
0.0182284
0.0312876
0.0446282
0.0565736
0.0644439
0.063548
0.0509442
-0.0552071
-0.0629303
-0.0643643
-0.0622207
-0.0588384
-0.0546986
-0.0498669
-0.0443255
-0.0379931
-0.0307337
-0.0223396
-0.0125069
-0.000838267
0.0130694
0.0293653
0.0474887
0.0656689
0.0801711
0.0835938
0.0699447
-0.0771527
-0.0851575
-0.0845191
-0.0799115
-0.0745211
-0.0688064
-0.0627283
-0.0562022
-0.0490989
-0.0412331
-0.032316
-0.021889
-0.00927305
0.00640165
0.0259603
0.0496234
0.0760965
0.100881
0.113304
0.102471
-0.10937
-0.115167
-0.109332
-0.100055
-0.0912691
-0.0830782
-0.0751706
-0.0673019
-0.0592341
-0.0506935
-0.0412874
-0.0303918
-0.0170366
0.00015706
0.0228557
0.0525153
0.0891737
0.128579
0.157366
0.158163
-0.159671
-0.155947
-0.138584
-0.121067
-0.10688
-0.0950826
-0.0847682
-0.0753108
-0.0662069
-0.0569898
-0.0470968
-0.0357032
-0.021539
-0.00271902
0.0233174
0.0595538
0.108192
0.166925
0.222704
0.252064
-0.246668
-0.210705
-0.169454
-0.138907
-0.117197
-0.101023
-0.08833
-0.0776592
-0.067962
-0.0584348
-0.0482723
-0.0364149
-0.0212828
-0.000479388
0.0295023
0.0734083
0.136365
0.220625
0.321637
0.41497
-0.42427
-0.278934
-0.186543
-0.139742
-0.112054
-0.093832
-0.0812008
-0.0714804
-0.0629115
-0.0543788
-0.0449346
-0.03341
-0.0180641
0.00384637
0.0366717
0.0871785
0.164973
0.282828
0.465878
0.713403
-0.763436
-0.339175
-0.159319
-0.104222
-0.0810333
-0.0683862
-0.0612781
-0.0563883
-0.0516874
-0.0461545
-0.0390618
-0.0294778
-0.0159003
0.0041939
0.0351177
0.0846083
0.167547
0.31519
0.610829
1.15048
)
;

boundaryField
{
    movingWall
    {
        type            zeroGradient;
    }
    fixedWalls
    {
        type            zeroGradient;
    }
    frontAndBack
    {
        type            empty;
    }
}


// ************************************************************************* //
