/*--------------------------------*- C++ -*----------------------------------*\
  =========                 |
  \\      /  F ield         | OpenFOAM: The Open Source CFD Toolbox
   \\    /   O peration     | Website:  https://openfoam.org
    \\  /    A nd           | Version:  6
     \\/     M anipulation  |
\*---------------------------------------------------------------------------*/
FoamFile
{
    version     2.0;
    format      ascii;
    class       surfaceScalarField;
    location    "0.075";
    object      phi;
}
// * * * * * * * * * * * * * * * * * * * * * * * * * * * * * * * * * * * * * //

dimensions      [0 3 -1 0 0 0 0];

internalField   nonuniform List<scalar> 
760
(
7.56582e-10
-7.56943e-10
-3.93506e-08
4.01072e-08
-1.12759e-07
7.34086e-08
-2.03581e-07
9.08215e-08
-2.98685e-07
9.51046e-08
-3.88502e-07
8.98168e-08
-4.66357e-07
7.78545e-08
-5.27593e-07
6.12369e-08
-5.68822e-07
4.12282e-08
-5.87479e-07
1.8657e-08
-5.81734e-07
-5.74452e-09
-5.50688e-07
-3.10461e-08
-4.94817e-07
-5.58714e-08
-4.1662e-07
-7.81966e-08
-3.21389e-07
-9.52305e-08
-2.17908e-07
-1.03482e-07
-1.18746e-07
-9.91619e-08
-3.98262e-08
-7.89194e-08
1.76407e-09
-4.15903e-08
1.76418e-09
-3.96295e-08
3.88726e-08
-1.59201e-07
1.59678e-07
-3.3945e-07
2.53658e-07
-5.53008e-07
3.04379e-07
-7.743e-07
3.16397e-07
-9.82835e-07
2.98352e-07
-1.16332e-06
2.58335e-07
-1.30461e-06
2.02537e-07
-1.39863e-06
1.35243e-07
-1.43952e-06
5.95483e-08
-1.42352e-06
-2.17488e-08
-1.34927e-06
-1.05293e-07
-1.21871e-06
-1.86436e-07
-1.03824e-06
-2.58663e-07
-8.20115e-07
-3.13354e-07
-5.83425e-07
-3.40172e-07
-3.54067e-07
-3.2852e-07
-1.62682e-07
-2.70304e-07
-3.89708e-08
-1.65301e-07
-3.72065e-08
-7.65831e-08
1.15456e-07
-2.66674e-07
3.49769e-07
-5.33481e-07
5.20465e-07
-8.40031e-07
6.1093e-07
-1.15322e-06
6.29585e-07
-1.44629e-06
5.91422e-07
-1.69891e-06
5.10951e-07
-1.89604e-06
3.99667e-07
-2.02667e-06
2.65875e-07
-2.08292e-06
1.15796e-07
-2.05977e-06
-4.48913e-08
-1.95556e-06
-2.09507e-07
-1.773e-06
-3.68997e-07
-1.52077e-06
-5.10895e-07
-1.21519e-06
-6.18933e-07
-8.81448e-07
-6.73912e-07
-5.5345e-07
-6.56518e-07
-2.71265e-07
-5.52489e-07
-7.54188e-08
-3.61147e-07
-1.12625e-07
-1.04725e-07
2.2018e-07
-3.54435e-07
5.99479e-07
-6.95001e-07
8.61031e-07
-1.079e-06
9.94925e-07
-1.46674e-06
1.01733e-06
-1.82705e-06
9.51737e-07
-2.13651e-06
8.20412e-07
-2.37784e-06
6.40994e-07
-2.53829e-06
4.26326e-07
-2.60858e-06
1.8609e-07
-2.58258e-06
-7.08967e-08
-2.45778e-06
-3.34304e-07
-2.23666e-06
-5.90119e-07
-1.9286e-06
-8.1895e-07
-1.55215e-06
-9.95383e-07
-1.13677e-06
-1.0893e-06
-7.23094e-07
-1.07019e-06
-3.60669e-07
-9.14914e-07
-1.02648e-07
-6.19168e-07
-2.15273e-07
-1.27877e-07
3.48058e-07
-4.3061e-07
9.02212e-07
-8.38551e-07
1.26897e-06
-1.29341e-06
1.44979e-06
-1.74886e-06
1.47277e-06
-2.16988e-06
1.37276e-06
-2.53088e-06
1.18142e-06
-2.81325e-06
9.23364e-07
-3.00318e-06
6.1625e-07
-3.09022e-06
2.73129e-07
-3.06682e-06
-9.42905e-08
-2.92889e-06
-4.72234e-07
-2.67739e-06
-8.41619e-07
-2.32094e-06
-1.1754e-06
-1.87896e-06
-1.43736e-06
-1.38456e-06
-1.5837e-06
-8.85733e-07
-1.56902e-06
-4.43453e-07
-1.35719e-06
-1.25892e-07
-9.36729e-07
-3.41165e-07
-1.50088e-07
4.98146e-07
-5.05467e-07
1.25759e-06
-9.81393e-07
1.7449e-06
-1.50808e-06
1.97647e-06
-2.03211e-06
1.9968e-06
-2.51477e-06
1.85543e-06
-2.92882e-06
1.59547e-06
-3.25491e-06
1.24945e-06
-3.47859e-06
8.3993e-07
-3.58833e-06
3.82867e-07
-3.57471e-06
-1.07907e-07
-3.43099e-06
-6.15954e-07
-3.15508e-06
-1.11753e-06
-2.75303e-06
-1.57745e-06
-2.24367e-06
-1.94672e-06
-1.66331e-06
-2.16406e-06
-1.06864e-06
-2.16369e-06
-5.35363e-07
-1.89047e-06
-1.50827e-07
-1.32126e-06
-4.91993e-07
-1.74847e-07
6.72993e-07
-5.88661e-07
1.6714e-06
-1.13978e-06
2.29602e-06
-1.74546e-06
2.58214e-06
-2.34452e-06
2.59586e-06
-2.89463e-06
2.40554e-06
-3.36743e-06
2.06827e-06
-3.74354e-06
1.62556e-06
-4.00843e-06
1.10481e-06
-4.14959e-06
5.24033e-07
-4.1553e-06
-1.02201e-07
-4.01493e-06
-7.56317e-07
-3.72138e-06
-1.41109e-06
-3.2756e-06
-2.02323e-06
-2.69342e-06
-2.5289e-06
-2.01316e-06
-2.84432e-06
-1.3015e-06
-2.87535e-06
-6.53574e-07
-2.53839e-06
-1.83146e-07
-1.79169e-06
-6.75139e-07
-2.05219e-07
8.78212e-07
-6.88894e-07
2.15508e-06
-1.3281e-06
2.93523e-06
-2.02455e-06
3.27858e-06
-2.70842e-06
3.27974e-06
-3.33408e-06
3.0312e-06
-3.87301e-06
2.60719e-06
-4.30689e-06
2.05944e-06
-4.62204e-06
1.41997e-06
-4.80554e-06
7.07528e-07
-4.84308e-06
-6.46552e-08
-4.71896e-06
-8.80434e-07
-4.41855e-06
-1.7115e-06
-3.93413e-06
-2.50765e-06
-3.2744e-06
-3.18863e-06
-2.4766e-06
-3.64212e-06
-1.61768e-06
-3.73427e-06
-8.18018e-07
-3.33806e-06
-2.29398e-07
-2.38031e-06
-9.04536e-07
-2.44211e-07
1.12242e-06
-8.14446e-07
2.72531e-06
-1.55924e-06
3.68003e-06
-2.3609e-06
4.08024e-06
-3.1401e-06
4.05893e-06
-3.84873e-06
3.73983e-06
-4.45975e-06
3.21821e-06
-4.95777e-06
2.55746e-06
-5.33163e-06
1.79383e-06
-5.56915e-06
9.4505e-07
-5.65387e-06
2.00657e-08
-5.56405e-06
-9.70248e-07
-5.27485e-06
-2.00071e-06
-4.76499e-06
-3.0175e-06
-4.02956e-06
-3.92406e-06
-3.09832e-06
-4.57336e-06
-2.05585e-06
-4.77675e-06
-1.05356e-06
-4.34035e-06
-2.98225e-07
-3.13565e-06
-1.20276e-06
-2.95351e-07
1.41777e-06
-9.7414e-07
3.4041e-06
-1.84527e-06
4.55116e-06
-2.76656e-06
5.00153e-06
-3.64864e-06
4.94101e-06
-4.44277e-06
4.53396e-06
-5.12611e-06
3.90155e-06
-5.68901e-06
3.12036e-06
-6.12549e-06
2.23031e-06
-6.42635e-06
1.24591e-06
-6.57441e-06
1.68126e-07
-6.54196e-06
-1.0027e-06
-6.29164e-06
-2.25103e-06
-5.78312e-06
-3.52603e-06
-4.98862e-06
-4.71856e-06
-3.91916e-06
-5.64281e-06
-2.65839e-06
-6.03752e-06
-1.39141e-06
-5.60733e-06
-4.01764e-07
-4.12529e-06
-1.60453e-06
-3.63475e-07
1.78125e-06
-1.17837e-06
4.21899e-06
-2.19757e-06
5.57036e-06
-3.24837e-06
6.05233e-06
-4.23208e-06
5.92472e-06
-5.10289e-06
5.40478e-06
-5.84633e-06
4.64499e-06
-6.46256e-06
3.73658e-06
-6.95452e-06
2.72227e-06
-7.31949e-06
1.61088e-06
-7.54262e-06
3.91254e-07
-7.59218e-06
-9.53139e-07
-7.41787e-06
-2.42534e-06
-6.95557e-06
-3.98833e-06
-6.14384e-06
-5.53029e-06
-4.95785e-06
-6.82881e-06
-3.46179e-06
-7.53358e-06
-1.86724e-06
-7.20188e-06
-5.56794e-07
-5.43574e-06
-2.16132e-06
-4.55849e-07
2.2371e-06
-1.43987e-06
5.20302e-06
-2.62514e-06
6.75563e-06
-3.80269e-06
7.22988e-06
-4.86829e-06
6.99032e-06
-5.78554e-06
6.32202e-06
-6.5545e-06
5.41395e-06
-7.19045e-06
4.37254e-06
-7.71002e-06
3.24185e-06
-8.12163e-06
2.02249e-06
-8.41763e-06
6.87254e-07
-8.5671e-06
-8.03676e-07
-8.51022e-06
-2.48221e-06
-8.1583e-06
-4.34025e-06
-7.40702e-06
-6.28157e-06
-6.17431e-06
-8.06152e-06
-4.47281e-06
-9.23508e-06
-2.5126e-06
-9.16209e-06
-7.85112e-07
-7.16322e-06
-2.94643e-06
-5.84054e-07
2.82115e-06
-1.77394e-06
6.3929e-06
-3.1294e-06
8.11109e-06
-4.40347e-06
8.50395e-06
-5.49691e-06
8.08376e-06
-6.39399e-06
7.2191e-06
-7.11817e-06
6.13813e-06
-7.70619e-06
4.96055e-06
-8.19335e-06
3.72901e-06
-8.6042e-06
2.43334e-06
-8.94443e-06
1.02749e-06
-9.19191e-06
-5.56193e-07
-9.28651e-06
-2.38761e-06
-9.12225e-06
-4.50451e-06
-8.55073e-06
-6.85309e-06
-7.41316e-06
-9.19908e-06
-5.62555e-06
-1.10227e-05
-3.33486e-06
-1.14528e-05
-1.11216e-06
-9.38592e-06
-4.05859e-06
-7.67534e-07
3.58869e-06
-2.19717e-06
7.82254e-06
-3.6917e-06
9.60561e-06
-4.97818e-06
9.79044e-06
-5.98656e-06
9.09214e-06
-6.74084e-06
7.97338e-06
-7.29963e-06
6.69692e-06
-7.72747e-06
5.3884e-06
-8.08185e-06
4.08338e-06
-8.40655e-06
2.75804e-06
-8.72593e-06
1.34688e-06
-9.03627e-06
-2.45859e-07
-9.29224e-06
-2.13164e-06
-9.38958e-06
-4.40717e-06
-9.15112e-06
-7.09155e-06
-8.33682e-06
-1.00134e-05
-6.71887e-06
-1.26407e-05
-4.27956e-06
-1.38921e-05
-1.56093e-06
-1.21045e-05
-5.61952e-06
-1.03962e-06
4.62831e-06
-2.72041e-06
9.50333e-06
-4.24357e-06
1.11288e-05
-5.35966e-06
1.09065e-05
-6.07745e-06
9.80993e-06
-6.48984e-06
8.38577e-06
-6.70355e-06
6.91063e-06
-6.81417e-06
5.49901e-06
-6.8997e-06
4.16891e-06
-7.02081e-06
2.87915e-06
-7.2209e-06
1.54697e-06
-7.52162e-06
5.48632e-08
-7.90997e-06
-1.74329e-06
-8.31357e-06
-4.00358e-06
-8.56516e-06
-6.83995e-06
-8.3721e-06
-1.02064e-05
-7.34118e-06
-1.36716e-05
-5.16521e-06
-1.60681e-05
-2.13149e-06
-1.51383e-05
-7.75102e-06
-1.45121e-06
6.07952e-06
-3.31581e-06
1.13679e-05
-4.59005e-06
1.2403e-05
-5.18661e-06
1.15031e-05
-5.28116e-06
9.90448e-06
-5.06972e-06
8.17432e-06
-4.71271e-06
6.55362e-06
-4.32894e-06
5.11525e-06
-4.00438e-06
3.84436e-06
-3.80397e-06
2.67873e-06
-3.78094e-06
1.52394e-06
-3.98052e-06
2.54451e-07
-4.43352e-06
-1.2903e-06
-5.13216e-06
-3.30494e-06
-5.97878e-06
-5.99333e-06
-6.70536e-06
-9.47986e-06
-6.80035e-06
-1.35766e-05
-5.57902e-06
-1.72894e-05
-2.74176e-06
-1.79755e-05
-1.04928e-05
-2.04352e-06
8.12304e-06
-3.77784e-06
1.31022e-05
-4.19845e-06
1.28236e-05
-3.68957e-06
1.09942e-05
-2.7056e-06
8.92051e-06
-1.55313e-06
7.02185e-06
-4.19723e-07
5.42022e-06
5.85669e-07
4.10985e-06
1.39946e-06
3.03057e-06
1.97767e-06
2.10052e-06
2.27731e-06
1.2243e-06
2.24383e-06
2.87932e-07
1.80656e-06
-8.53023e-07
8.90388e-07
-2.38877e-06
-5.3725e-07
-4.56569e-06
-2.35436e-06
-7.66276e-06
-4.09014e-06
-1.18408e-05
-4.74193e-06
-1.66376e-05
-3.09864e-06
-1.96188e-05
-1.35914e-05
-2.67524e-06
1.07983e-05
-3.21121e-06
1.36382e-05
-1.6258e-06
1.12382e-05
7.5998e-07
8.60843e-06
3.23065e-06
6.44984e-06
5.48586e-06
4.76664e-06
7.41143e-06
3.49465e-06
8.97845e-06
2.54283e-06
1.0192e-05
1.81698e-06
1.10602e-05
1.23237e-06
1.15735e-05
7.10956e-07
1.16898e-05
1.71695e-07
1.13199e-05
-4.83144e-07
1.03195e-05
-1.38836e-06
8.50209e-06
-2.74831e-06
5.7228e-06
-4.88346e-06
2.12965e-06
-8.24765e-06
-1.33295e-06
-1.3175e-05
-2.49291e-06
-1.84588e-05
-1.60843e-05
-1.80351e-06
1.26018e-05
1.82192e-06
1.00128e-05
6.84766e-06
6.21246e-06
1.13763e-05
4.07981e-06
1.50716e-05
2.75448e-06
1.79764e-05
1.86189e-06
2.0208e-05
1.26304e-06
2.18898e-05
8.61076e-07
2.31243e-05
5.82432e-07
2.39815e-05
3.75131e-07
2.44921e-05
2.00434e-07
2.46394e-05
2.43306e-08
2.43467e-05
-1.90401e-07
2.34533e-05
-4.95025e-07
2.16819e-05
-9.76853e-07
1.86145e-05
-1.81606e-06
1.37927e-05
-3.42586e-06
7.22898e-06
-6.61128e-06
8.65901e-07
-1.20958e-05
-1.52184e-05
1.26018e-05
2.26146e-05
2.8827e-05
3.29069e-05
3.56613e-05
3.75232e-05
3.87863e-05
3.96473e-05
4.02298e-05
4.06049e-05
4.08053e-05
4.08297e-05
4.06393e-05
4.01442e-05
3.91674e-05
3.73513e-05
3.39255e-05
2.73142e-05
1.52184e-05
)
;

boundaryField
{
    movingWall
    {
        type            calculated;
        value           uniform 0;
    }
    fixedWalls
    {
        type            calculated;
        value           uniform 0;
    }
    frontAndBack
    {
        type            empty;
        value           nonuniform 0();
    }
}


// ************************************************************************* //
