/*--------------------------------*- C++ -*----------------------------------*\
  =========                 |
  \\      /  F ield         | OpenFOAM: The Open Source CFD Toolbox
   \\    /   O peration     | Website:  https://openfoam.org
    \\  /    A nd           | Version:  6
     \\/     M anipulation  |
\*---------------------------------------------------------------------------*/
FoamFile
{
    version     2.0;
    format      ascii;
    class       volScalarField;
    location    "0.25";
    object      p;
}
// * * * * * * * * * * * * * * * * * * * * * * * * * * * * * * * * * * * * * //

dimensions      [0 2 -2 0 0 0 0];

internalField   nonuniform List<scalar> 
400
(
-4.59172e-08
-0.000301404
-0.000578128
-0.000689986
-0.000590241
-0.000266052
0.000279633
0.00103544
0.00198215
0.0030882
0.00430366
0.00555596
0.00675063
0.0077797
0.00853931
0.00895505
0.00900954
0.00876223
0.00835514
0.00801287
0.000300742
-1.12377e-05
-0.000213433
-0.000251583
-0.000117746
0.000198351
0.000698575
0.00137675
0.00221858
0.00319773
0.00427116
0.00537604
0.00643096
0.0073436
0.00802627
0.00841786
0.00850717
0.00834423
0.00802228
0.00767813
0.000591402
0.000168991
-4.69654e-05
-6.66785e-05
7.41264e-05
0.000376632
0.000842876
0.00147033
0.00225055
0.00316411
0.00417499
0.00522659
0.00624169
0.00712902
0.00779823
0.00818282
0.00826578
0.00808901
0.00771536
0.00724283
0.000711721
0.0001538
-0.000115033
-0.000148447
-1.9321e-05
0.000264483
0.000704412
0.00130162
0.00205442
0.00295143
0.0039638
0.00503891
0.00609773
0.00703951
0.00775701
0.0081632
0.00822479
0.00797656
0.00747079
0.00681
0.000568342
-0.000117657
-0.000446634
-0.000505272
-0.000396966
-0.000136257
0.000279172
0.00085555
0.00159958
0.00250971
0.00356599
0.00472036
0.00588999
0.00695846
0.00779039
0.00826369
0.00831582
0.0079705
0.00728122
0.0063855
9.05984e-05
-0.000714493
-0.00110514
-0.00119567
-0.00111557
-0.000884089
-0.000496478
6.02392e-05
0.000803308
0.00174411
0.00287554
0.00415813
0.00550734
0.00678795
0.00782514
0.00844218
0.00852544
0.00807332
0.00714132
0.00592893
-0.000780364
-0.00170016
-0.00215447
-0.00228363
-0.00224171
-0.00205196
-0.00170636
-0.00118382
-0.000454024
0.000511878
0.0017269
0.00316989
0.00476408
0.00635921
0.00773153
0.00862294
0.00883064
0.00829266
0.00704623
0.00537825
-0.00209823
-0.00313343
-0.00365548
-0.00383246
-0.00384463
-0.00372044
-0.00344927
-0.00300166
-0.00233227
-0.00138933
-0.000128692
0.00146458
0.00334415
0.00536376
0.00725129
0.00863545
0.00916157
0.00863316
0.00700557
0.00467104
-0.00391575
-0.00507195
-0.00566805
-0.00590486
-0.00599426
-0.00597378
-0.00583321
-0.00553716
-0.00502574
-0.0042202
-0.00303221
-0.0013839
0.000750646
0.00327695
0.00590339
0.00812237
0.00933653
0.00907506
0.0070611
0.00377367
-0.00628653
-0.0075738
-0.00824985
-0.00855749
-0.00875077
-0.00888371
-0.00895314
-0.00892435
-0.00872878
-0.00826203
-0.00738136
-0.00591384
-0.0036984
-0.000687995
0.00289176
0.00641842
0.00895202
0.00951794
0.00730114
0.00273377
-0.00926722
-0.0106999
-0.0114539
-0.0118311
-0.0121459
-0.0124807
-0.0128498
-0.013231
-0.0135603
-0.013719
-0.0135097
-0.0126373
-0.0107314
-0.00747283
-0.0028557
0.00250542
0.00728647
0.00970488
0.0078741
0.00179261
-0.012925
-0.0145205
-0.0153269
-0.015737
-0.0161573
-0.0167145
-0.0174526
-0.0183771
-0.0194488
-0.0205561
-0.0214624
-0.0217408
-0.0207518
-0.017763
-0.0123073
-0.00472515
0.00340666
0.00923196
0.00903862
0.00162831
-0.0173594
-0.019132
-0.0199095
-0.0202418
-0.0206794
-0.0214113
-0.0225205
-0.0240535
-0.0260151
-0.0283264
-0.0307373
-0.0327044
-0.0332999
-0.0312865
-0.0255183
-0.0156953
-0.00325838
0.00786372
0.0113807
0.00381166
-0.0227581
-0.0246929
-0.025241
-0.0252498
-0.0254971
-0.0262449
-0.0276128
-0.0296905
-0.0325346
-0.0361128
-0.0401817
-0.0441082
-0.0467051
-0.0462342
-0.0407776
-0.0290856
-0.0118985
0.0062743
0.0163255
0.0113906
-0.029528
-0.0314916
-0.0313594
-0.0305789
-0.0302675
-0.0307391
-0.0321224
-0.0345319
-0.0380616
-0.0427126
-0.0482411
-0.0539356
-0.0583955
-0.0594672
-0.0545421
-0.0413582
-0.0195048
0.00686918
0.0266964
0.0290979
-0.0385948
-0.0400584
-0.0382679
-0.035912
-0.0345079
-0.0343075
-0.0353785
-0.0378155
-0.0417072
-0.0470415
-0.0535275
-0.0603455
-0.0658957
-0.0676949
-0.0626132
-0.0475837
-0.0210201
0.0141818
0.0469644
0.0628875
-0.0521616
-0.0513454
-0.045878
-0.0407759
-0.0376363
-0.0363533
-0.0368105
-0.0390059
-0.0429506
-0.0485421
-0.055364
-0.0624191
-0.0678679
-0.0689041
-0.0619554
-0.0433556
-0.010642
0.0348455
0.0842413
0.121242
-0.076323
-0.0668889
-0.0538612
-0.0444767
-0.0389192
-0.0362461
-0.0359692
-0.037853
-0.0417188
-0.0472821
-0.0539251
-0.0604126
-0.0646187
-0.0633687
-0.05256
-0.0277412
0.0146549
0.0753508
0.150094
0.222789
-0.130106
-0.0869159
-0.0576788
-0.0427926
-0.0351396
-0.0316266
-0.0312264
-0.033341
-0.0374922
-0.0431764
-0.0495884
-0.0553031
-0.0579862
-0.0541824
-0.0392532
-0.00751214
0.0473048
0.13129
0.250996
0.397595
-0.255255
-0.102611
-0.042129
-0.0262827
-0.020859
-0.0191254
-0.0204478
-0.0241621
-0.0295865
-0.0361321
-0.042977
-0.0486999
-0.0509882
-0.0464045
-0.0301802
0.0042316
0.0664439
0.173036
0.350891
0.621509
)
;

boundaryField
{
    movingWall
    {
        type            zeroGradient;
    }
    fixedWalls
    {
        type            zeroGradient;
    }
    frontAndBack
    {
        type            empty;
    }
}


// ************************************************************************* //
