/*--------------------------------*- C++ -*----------------------------------*\
  =========                 |
  \\      /  F ield         | OpenFOAM: The Open Source CFD Toolbox
   \\    /   O peration     | Website:  https://openfoam.org
    \\  /    A nd           | Version:  6
     \\/     M anipulation  |
\*---------------------------------------------------------------------------*/
FoamFile
{
    version     2.0;
    format      ascii;
    class       surfaceScalarField;
    location    "0.25";
    object      phi;
}
// * * * * * * * * * * * * * * * * * * * * * * * * * * * * * * * * * * * * * //

dimensions      [0 3 -1 0 0 0 0];

internalField   nonuniform List<scalar> 
760
(
1.68466e-09
-1.68419e-09
-3.53657e-08
3.70503e-08
-1.04784e-07
6.94179e-08
-1.92485e-07
8.77012e-08
-2.87158e-07
9.46731e-08
-3.80533e-07
9.33755e-08
-4.66321e-07
8.57875e-08
-5.39108e-07
7.27874e-08
-5.93587e-07
5.44792e-08
-6.24352e-07
3.07646e-08
-6.2634e-07
1.98816e-09
-5.95879e-07
-3.04615e-08
-5.32164e-07
-6.37152e-08
-4.38829e-07
-9.33346e-08
-3.25046e-07
-1.13783e-07
-2.0546e-07
-1.19586e-07
-9.84082e-08
-1.07052e-07
-2.24426e-08
-7.59656e-08
8.87928e-09
-3.13219e-08
8.8793e-09
-3.78589e-08
3.61746e-08
-1.53496e-07
1.52687e-07
-3.29656e-07
2.45579e-07
-5.42126e-07
3.0017e-07
-7.68509e-07
3.21057e-07
-9.90331e-07
3.15197e-07
-1.19238e-06
2.87841e-07
-1.36137e-06
2.41776e-07
-1.48486e-06
1.77964e-07
-1.55109e-06
9.69983e-08
-1.54996e-06
8.55375e-10
-1.47497e-06
-1.05448e-07
-1.32599e-06
-2.12695e-07
-1.11201e-06
-3.07319e-07
-8.52931e-07
-3.72859e-07
-5.79141e-07
-3.93376e-07
-3.2767e-07
-3.58523e-07
-1.34772e-07
-2.68864e-07
-2.54063e-08
-1.40687e-07
-1.6527e-08
-7.68157e-08
1.1299e-07
-2.66473e-07
3.42345e-07
-5.33845e-07
5.1295e-07
-8.45681e-07
6.12007e-07
-1.17272e-06
6.48098e-07
-1.49049e-06
6.32966e-07
-1.77837e-06
5.75723e-07
-2.01812e-06
4.81521e-07
-2.19272e-06
3.52569e-07
-2.28631e-06
1.90582e-07
-2.28529e-06
-1.60096e-10
-2.18087e-06
-2.09867e-07
-1.97248e-06
-4.21091e-07
-1.67146e-06
-6.08339e-07
-1.30375e-06
-7.40562e-07
-9.09759e-07
-7.87371e-07
-5.39673e-07
-7.28609e-07
-2.43784e-07
-5.64752e-07
-5.94035e-08
-3.25067e-07
-7.59305e-08
-1.08529e-07
2.21519e-07
-3.63175e-07
5.96991e-07
-7.10396e-07
8.60172e-07
-1.10707e-06
1.00868e-06
-1.51824e-06
1.05927e-06
-1.91563e-06
1.03036e-06
-2.27563e-06
9.35724e-07
-2.57719e-06
7.83079e-07
-2.80032e-06
5.75705e-07
-2.9258e-06
3.1606e-07
-2.93626e-06
1.02981e-08
-2.81897e-06
-3.27158e-07
-2.57006e-06
-6.69996e-07
-2.19964e-06
-9.78758e-07
-1.73632e-06
-1.20389e-06
-1.22876e-06
-1.29493e-06
-7.41303e-07
-1.21606e-06
-3.4209e-07
-9.63966e-07
-8.59147e-08
-5.81242e-07
-1.61845e-07
-1.34897e-07
3.56416e-07
-4.46524e-07
9.08618e-07
-8.65047e-07
1.27869e-06
-1.33776e-06
1.48139e-06
-1.82477e-06
1.54627e-06
-2.29543e-06
1.50101e-06
-2.72482e-06
1.36511e-06
-3.09063e-06
1.14889e-06
-3.3709e-06
8.55976e-07
-3.54304e-06
4.88197e-07
-3.58458e-06
5.18395e-08
-3.47601e-06
-4.35725e-07
-3.20595e-06
-9.40062e-07
-2.77841e-06
-1.40629e-06
-2.22087e-06
-1.76143e-06
-1.5895e-06
-1.9263e-06
-9.66811e-07
-1.83875e-06
-4.46982e-07
-1.4838e-06
-1.1072e-07
-9.17504e-07
-2.72565e-07
-1.58137e-07
5.14552e-07
-5.21521e-07
1.272e-06
-1.00603e-06
1.7632e-06
-1.55022e-06
2.02559e-06
-2.11017e-06
2.10623e-06
-2.65415e-06
2.04499e-06
-3.15748e-06
1.86844e-06
-3.59801e-06
1.58943e-06
-3.95266e-06
1.21062e-06
-4.19533e-06
7.30865e-07
-4.29675e-06
1.53262e-07
-4.22698e-06
-5.05498e-07
-3.96147e-06
-1.20557e-06
-3.49135e-06
-1.87641e-06
-2.83681e-06
-2.41597e-06
-2.05936e-06
-2.70375e-06
-1.26446e-06
-2.63366e-06
-5.84889e-07
-2.16337e-06
-1.42163e-07
-1.36023e-06
-4.14728e-07
-1.80021e-07
6.94574e-07
-5.9269e-07
1.68467e-06
-1.14066e-06
2.31117e-06
-1.75456e-06
2.63949e-06
-2.38749e-06
2.73915e-06
-3.00806e-06
2.66557e-06
-3.59355e-06
2.45393e-06
-4.12365e-06
2.11953e-06
-4.57542e-06
1.6624e-06
-4.91956e-06
1.075e-06
-5.11861e-06
3.5231e-07
-5.12839e-06
-4.95715e-07
-4.90455e-06
-1.42941e-06
-4.4161e-06
-2.36486e-06
-3.66612e-06
-3.16596e-06
-2.71489e-06
-3.65497e-06
-1.69356e-06
-3.65499e-06
-7.8964e-07
-3.06729e-06
-1.9056e-07
-1.95931e-06
-6.05287e-07
-2.01836e-07
8.96409e-07
-6.63417e-07
2.14625e-06
-1.27406e-06
2.9218e-06
-1.95684e-06
3.32228e-06
-2.66291e-06
3.44522e-06
-3.36288e-06
3.36553e-06
-4.03794e-06
3.12899e-06
-4.67183e-06
2.75341e-06
-5.24374e-06
2.23431e-06
-5.72245e-06
1.55371e-06
-6.0621e-06
6.91962e-07
-6.20156e-06
-3.56264e-07
-6.07027e-06
-1.5607e-06
-5.60455e-06
-2.83058e-06
-4.77627e-06
-3.99424e-06
-3.63087e-06
-4.80038e-06
-2.32044e-06
-4.96541e-06
-1.10283e-06
-4.2849e-06
-2.69093e-07
-2.79305e-06
-8.7438e-07
-2.24515e-07
1.12092e-06
-7.36037e-07
2.65777e-06
-1.40899e-06
3.59475e-06
-2.15855e-06
4.07184e-06
-2.93478e-06
4.22146e-06
-3.71193e-06
4.14269e-06
-4.47734e-06
3.89439e-06
-5.22126e-06
3.49734e-06
-5.92783e-06
2.94088e-06
-6.56657e-06
2.19244e-06
-7.08517e-06
1.21057e-06
-7.40567e-06
-3.57678e-08
-7.42802e-06
-1.53835e-06
-7.04691e-06
-3.21169e-06
-6.18676e-06
-4.85438e-06
-4.85563e-06
-6.13151e-06
-3.20689e-06
-6.61414e-06
-1.57274e-06
-5.91905e-06
-3.95236e-07
-3.97055e-06
-1.26962e-06
-2.49085e-07
1.37001e-06
-8.12715e-07
3.2214e-06
-1.54685e-06
4.32889e-06
-2.35742e-06
4.8824e-06
-3.19387e-06
5.05791e-06
-4.03559e-06
4.98441e-06
-4.87798e-06
4.73679e-06
-5.72034e-06
4.3397e-06
-6.55485e-06
3.77539e-06
-7.3559e-06
2.99349e-06
-8.06975e-06
1.92442e-06
-8.60681e-06
5.01286e-07
-8.8411e-06
-1.30405e-06
-8.62389e-06
-3.42891e-06
-7.81915e-06
-5.65911e-06
-6.36833e-06
-7.58234e-06
-4.38467e-06
-8.59781e-06
-2.24846e-06
-8.05526e-06
-5.92833e-07
-5.62618e-06
-1.86245e-06
-2.77507e-07
1.64752e-06
-8.97204e-07
3.8411e-06
-1.68985e-06
5.12154e-06
-2.5495e-06
5.74205e-06
-3.42524e-06
5.93365e-06
-4.30267e-06
5.86184e-06
-5.18655e-06
5.62066e-06
-6.08683e-06
5.23998e-06
-7.00668e-06
4.69524e-06
-7.93048e-06
3.9173e-06
-8.81143e-06
2.80537e-06
-9.56018e-06
1.25004e-06
-1.00389e-05
-8.25379e-07
-1.00665e-05
-3.40126e-06
-9.44543e-06
-6.28018e-06
-8.02325e-06
-9.00452e-06
-5.81144e-06
-1.08096e-05
-3.16244e-06
-1.07043e-05
-8.93913e-07
-7.8947e-06
-2.75636e-06
-3.14164e-07
1.96168e-06
-9.97713e-07
4.52465e-06
-1.84431e-06
5.96813e-06
-2.73253e-06
6.63028e-06
-3.61171e-06
6.81282e-06
-4.4747e-06
6.72483e-06
-5.33598e-06
6.48195e-06
-6.21656e-06
6.12055e-06
-7.13237e-06
5.61105e-06
-8.08311e-06
4.86804e-06
-9.03974e-06
3.76199e-06
-9.93119e-06
2.1415e-06
-1.06325e-05
-1.24078e-07
-1.09578e-05
-3.07592e-06
-1.06667e-05
-6.57136e-06
-9.50307e-06
-1.01681e-05
-7.31236e-06
-1.30003e-05
-4.29148e-06
-1.37251e-05
-1.33524e-06
-1.08509e-05
-4.09161e-06
-3.6851e-07
2.33019e-06
-1.13128e-06
5.28742e-06
-2.02487e-06
6.86173e-06
-2.90942e-06
7.51483e-06
-3.73755e-06
7.64095e-06
-4.51166e-06
7.49894e-06
-5.25609e-06
7.22638e-06
-6.00211e-06
6.86657e-06
-6.77884e-06
6.38778e-06
-7.60532e-06
5.69452e-06
-8.48089e-06
4.63756e-06
-9.37262e-06
3.03323e-06
-1.01989e-05
7.02235e-07
-1.08091e-05
-2.46578e-06
-1.09618e-05
-6.41868e-06
-1.0322e-05
-1.08079e-05
-8.53483e-06
-1.47875e-05
-5.49549e-06
-1.67645e-05
-1.93802e-06
-1.44084e-05
-6.02962e-06
-4.59955e-07
2.79015e-06
-1.32999e-06
6.15746e-06
-2.25811e-06
7.78984e-06
-3.08853e-06
8.34525e-06
-3.78737e-06
8.33979e-06
-4.37268e-06
8.08426e-06
-4.88031e-06
7.73401e-06
-5.35108e-06
7.33734e-06
-5.82646e-06
6.86316e-06
-6.34608e-06
6.21415e-06
-6.94369e-06
5.23517e-06
-7.63836e-06
3.72789e-06
-8.41745e-06
1.48133e-06
-9.20646e-06
-1.67676e-06
-9.82201e-06
-5.80313e-06
-9.91634e-06
-1.07136e-05
-8.96525e-06
-1.57386e-05
-6.46317e-06
-1.92666e-05
-2.66005e-06
-1.82115e-05
-8.68967e-06
-6.26855e-07
3.417e-06
-1.64835e-06
7.17895e-06
-2.57945e-06
8.72094e-06
-3.27005e-06
9.03585e-06
-3.72528e-06
8.79502e-06
-3.99238e-06
8.35136e-06
-4.12402e-06
7.86565e-06
-4.17155e-06
7.38486e-06
-4.18721e-06
6.87882e-06
-4.22852e-06
6.25546e-06
-4.36109e-06
5.36775e-06
-4.65641e-06
4.02321e-06
-5.17926e-06
2.00418e-06
-5.95723e-06
-8.98803e-07
-6.92151e-06
-4.83884e-06
-7.80825e-06
-9.82681e-06
-8.03583e-06
-1.5511e-05
-6.71631e-06
-2.05861e-05
-3.33321e-06
-2.15946e-05
-1.20229e-05
-9.4102e-07
4.35802e-06
-2.16318e-06
8.40112e-06
-3.00071e-06
9.55846e-06
-3.38523e-06
9.42038e-06
-3.41423e-06
8.82401e-06
-3.18741e-06
8.12455e-06
-2.78349e-06
7.46173e-06
-2.26645e-06
6.86782e-06
-1.69652e-06
6.30889e-06
-1.14175e-06
5.70069e-06
-6.87989e-07
4.91399e-06
-4.44317e-07
3.77954e-06
-5.38978e-07
2.09884e-06
-1.09863e-06
-3.39146e-07
-2.19752e-06
-3.73996e-06
-3.74697e-06
-8.27736e-06
-5.27961e-06
-1.39783e-05
-5.69784e-06
-2.01679e-05
-3.62667e-06
-2.36658e-05
-1.56496e-05
-1.52085e-06
5.87887e-06
-2.91069e-06
9.79096e-06
-3.35357e-06
1.00013e-05
-3.07779e-06
9.1446e-06
-2.36475e-06
8.11097e-06
-1.39215e-06
7.15195e-06
-2.67683e-07
6.33726e-06
9.37101e-07
5.66303e-06
2.16355e-06
5.08244e-06
3.34689e-06
4.51735e-06
4.39964e-06
3.86124e-06
5.19925e-06
2.97993e-06
5.58296e-06
1.71513e-06
5.35459e-06
-1.10776e-07
4.31238e-06
-2.69774e-06
2.33018e-06
-6.29516e-06
-4.07664e-07
-1.12405e-05
-2.8948e-06
-1.76807e-05
-3.0695e-06
-2.34911e-05
-1.87191e-05
-2.48289e-06
8.36176e-06
-3.46027e-06
1.07683e-05
-2.63427e-06
9.17534e-06
-9.92069e-07
7.5024e-06
9.35697e-07
6.1832e-06
2.9366e-06
5.15105e-06
4.92044e-06
4.35343e-06
6.84302e-06
3.74045e-06
8.67471e-06
3.25075e-06
1.03774e-05
2.81469e-06
1.18848e-05
2.3538e-06
1.30868e-05
1.77794e-06
1.38176e-05
9.84359e-07
1.38502e-05
-1.43454e-07
1.29004e-05
-1.74794e-06
1.06551e-05
-4.0498e-06
6.91959e-06
-7.50503e-06
2.22469e-06
-1.29858e-05
-1.11556e-06
-2.01508e-05
-1.98346e-05
-2.93289e-06
1.12946e-05
-6.2859e-07
8.46404e-06
3.25683e-06
5.28993e-06
6.95615e-06
3.80308e-06
1.02411e-05
2.89822e-06
1.31476e-05
2.24459e-06
1.57236e-05
1.77746e-06
1.80168e-05
1.44724e-06
2.00645e-05
1.20301e-06
2.18784e-05
1.00076e-06
2.34315e-05
8.00705e-07
2.46465e-05
5.62993e-07
2.53847e-05
2.46125e-07
2.5435e-05
-1.93757e-07
2.44969e-05
-8.09871e-07
2.21515e-05
-1.70438e-06
1.78378e-05
-3.19129e-06
1.1132e-05
-6.27999e-06
3.306e-06
-1.23249e-05
-1.65286e-05
1.12946e-05
1.97587e-05
2.50486e-05
2.88517e-05
3.17499e-05
3.39945e-05
3.5772e-05
3.72192e-05
3.84222e-05
3.9423e-05
4.02237e-05
4.07867e-05
4.10328e-05
4.0839e-05
4.00292e-05
3.83248e-05
3.51335e-05
2.88535e-05
1.65286e-05
)
;

boundaryField
{
    movingWall
    {
        type            calculated;
        value           uniform 0;
    }
    fixedWalls
    {
        type            calculated;
        value           uniform 0;
    }
    frontAndBack
    {
        type            empty;
        value           nonuniform 0();
    }
}


// ************************************************************************* //
