/*--------------------------------*- C++ -*----------------------------------*\
  =========                 |
  \\      /  F ield         | OpenFOAM: The Open Source CFD Toolbox
   \\    /   O peration     | Website:  https://openfoam.org
    \\  /    A nd           | Version:  6
     \\/     M anipulation  |
\*---------------------------------------------------------------------------*/
FoamFile
{
    version     2.0;
    format      ascii;
    class       volScalarField;
    location    "0.1";
    object      p;
}
// * * * * * * * * * * * * * * * * * * * * * * * * * * * * * * * * * * * * * //

dimensions      [0 2 -2 0 0 0 0];

internalField   nonuniform List<scalar> 
400
(
-2.64512e-06
-0.0044884
-0.0100123
-0.0141824
-0.0156635
-0.0138733
-0.00876964
-0.000691843
0.0097546
0.0217735
0.0344327
0.0467185
0.0576018
0.0661263
0.0715229
0.0733511
0.0716624
0.0671691
0.061415
0.0569275
0.00443647
-0.000180666
-0.00450609
-0.00735331
-0.0080953
-0.006326
-0.00198918
0.00467512
0.0132111
0.0230005
0.0333057
0.0433191
0.0522225
0.0592641
0.0638513
0.0656575
0.0647427
0.0616162
0.0570885
0.0524932
0.0102838
0.00387603
-0.000799407
-0.00340521
-0.00398708
-0.00234113
0.00153175
0.00740559
0.0148926
0.0234738
0.0325257
0.0413565
0.0492561
0.0555613
0.059732
0.0614402
0.0606764
0.0577458
0.0528091
0.0464055
0.0154976
0.0066452
0.000839718
-0.00213061
-0.00287311
-0.00136546
0.00230867
0.00789126
0.0150093
0.0231871
0.0318539
0.0403664
0.0480465
0.0542361
0.0583633
0.0600239
0.0590991
0.0557151
0.0495146
0.0405721
0.0187617
0.00734773
0.000194629
-0.00331268
-0.00426701
-0.00280398
0.000908582
0.00656566
0.0137865
0.0221113
0.0309909
0.0397942
0.0478338
0.0544099
0.0588693
0.0606883
0.0596131
0.0556021
0.0478548
0.0361478
0.0190981
0.00510108
-0.00345078
-0.00749995
-0.00858145
-0.00697394
-0.00292813
0.00319673
0.0109994
0.0200195
0.0297095
0.0394264
0.0484431
0.0559815
0.0612648
0.0636061
0.0625836
0.0579784
0.0485704
0.0339248
0.0156455
-0.000968506
-0.0108909
-0.0153701
-0.0163815
-0.0143477
-0.00960563
-0.00257388
0.00632019
0.0166088
0.0277377
0.0390394
0.0497281
0.0589183
0.0656688
0.0690788
0.0685074
0.0635165
0.0524255
0.0346054
0.00750992
-0.0117891
-0.0229871
-0.0276677
-0.0282921
-0.0254493
-0.0195744
-0.0111495
-0.000626774
0.0115237
0.0247468
0.0383538
0.0514952
0.0631602
0.0722047
0.0774537
0.077971
0.0730134
0.0603187
0.0390088
-0.00635
-0.0284406
-0.0407401
-0.0452514
-0.0450247
-0.0408652
-0.0333286
-0.0229656
-0.010244
0.00438246
0.0203807
0.0370631
0.053532
0.0686486
0.0810354
0.0891739
0.0917272
0.0875039
0.0734374
0.048258
-0.0272251
-0.0522469
-0.0653418
-0.0690994
-0.0673446
-0.0611847
-0.0513321
-0.0384102
-0.0228831
-0.00515363
0.0143112
0.0348725
0.0556267
0.0753314
0.0923633
0.104792
0.110744
0.108366
0.0934241
0.0639781
-0.0567956
-0.0849005
-0.0982316
-0.100292
-0.0959967
-0.0868901
-0.0738886
-0.0576873
-0.0387123
-0.0172592
0.00634074
0.0315758
0.0576164
0.0831831
0.106433
0.124976
0.136251
0.137446
0.122594
0.0885653
-0.0973894
-0.128663
-0.141169
-0.139964
-0.13158
-0.118187
-0.100952
-0.0806241
-0.0575293
-0.0317721
-0.00344684
0.0271775
0.0594728
0.0922503
0.123545
0.150516
0.169785
0.177208
0.164245
0.125616
-0.152515
-0.186709
-0.196317
-0.189201
-0.174341
-0.154751
-0.131868
-0.106423
-0.0785327
-0.0479863
-0.0145045
0.0220422
0.0614093
0.102707
0.144055
0.182304
0.213214
0.230916
0.223126
0.180693
-0.228025
-0.263712
-0.266279
-0.248789
-0.223814
-0.19537
-0.165052
-0.133389
-0.100099
-0.0644706
-0.0256756
0.0170049
0.0639447
0.114853
0.168301
0.221191
0.268625
0.302763
0.306161
0.262827
-0.334614
-0.366755
-0.353893
-0.318607
-0.278193
-0.237417
-0.197609
-0.158696
-0.119657
-0.0790225
-0.0352042
0.0133162
0.0677953
0.128924
0.196276
0.26753
0.337839
0.397708
0.423405
0.387405
-0.492377
-0.506276
-0.461487
-0.396629
-0.333503
-0.276329
-0.225122
-0.178402
-0.133866
-0.088944
-0.0410631
0.0122862
0.0734913
0.144642
0.227061
0.320401
0.421447
0.520623
0.588619
0.580601
-0.739225
-0.696395
-0.589541
-0.478203
-0.383412
-0.305831
-0.242191
-0.188195
-0.139446
-0.0918819
-0.04176
0.0145349
0.0806912
0.16059
0.258199
0.376917
0.517775
0.674641
0.819014
0.88672
-1.16257
-0.955055
-0.729361
-0.550732
-0.416382
-0.316808
-0.242394
-0.183967
-0.134085
-0.086928
-0.0376039
0.0185017
0.0863236
0.17174
0.282267
0.42729
0.615911
0.85339
1.13743
1.40167
-1.99697
-1.29246
-0.825321
-0.563616
-0.397063
-0.286629
-0.212232
-0.158455
-0.1148
-0.0742557
-0.0314882
0.0183753
0.0807384
0.162747
0.275211
0.434858
0.664476
1.00298
1.55985
2.3661
-3.44303
-1.61231
-0.762801
-0.442445
-0.284727
-0.195225
-0.142862
-0.108751
-0.0819287
-0.0561561
-0.0271775
0.00874935
0.0558773
0.120346
0.21294
0.35414
0.582557
1.00001
1.96382
3.909
)
;

boundaryField
{
    movingWall
    {
        type            zeroGradient;
    }
    fixedWalls
    {
        type            zeroGradient;
    }
    frontAndBack
    {
        type            empty;
    }
}


// ************************************************************************* //
