/*--------------------------------*- C++ -*----------------------------------*\
  =========                 |
  \\      /  F ield         | OpenFOAM: The Open Source CFD Toolbox
   \\    /   O peration     | Website:  https://openfoam.org
    \\  /    A nd           | Version:  6
     \\/     M anipulation  |
\*---------------------------------------------------------------------------*/
FoamFile
{
    version     2.0;
    format      ascii;
    class       volVectorField;
    location    "0.1";
    object      U;
}
// * * * * * * * * * * * * * * * * * * * * * * * * * * * * * * * * * * * * * //

dimensions      [0 1 -1 0 0 0 0];

internalField   nonuniform List<vector> 
400
(
(0.000239306 -0.000236259 0)
(0.000122956 0.000118919 0)
(-0.00116058 0.000558158 0)
(-0.00340068 0.000866609 0)
(-0.00620969 0.00102055 0)
(-0.00920486 0.00103542 0)
(-0.0120474 0.000935167 0)
(-0.014457 0.000744788 0)
(-0.016216 0.00048773 0)
(-0.0171698 0.000186465 0)
(-0.0172285 -0.000135759 0)
(-0.016372 -0.000453264 0)
(-0.0146568 -0.000736985 0)
(-0.012224 -0.00095461 0)
(-0.00930258 -0.0010721 0)
(-0.00620707 -0.00105718 0)
(-0.00332039 -0.000885675 0)
(-0.00105964 -0.000551146 0)
(0.000187742 -9.46452e-05 0)
(0.000257059 0.000251525 0)
(-8.7311e-05 -0.000149781 0)
(-0.00159019 0.00161945 0)
(-0.00555747 0.00352901 0)
(-0.0114096 0.00489405 0)
(-0.0183657 0.0055732 0)
(-0.0256419 0.00558805 0)
(-0.0324944 0.00502237 0)
(-0.0382798 0.00398504 0)
(-0.0424869 0.00259299 0)
(-0.0447512 0.000967788 0)
(-0.0448656 -0.00076137 0)
(-0.0427919 -0.0024539 0)
(-0.0386748 -0.00395653 0)
(-0.032852 -0.00510707 0)
(-0.0258541 -0.00574502 0)
(-0.0183866 -0.00573168 0)
(-0.0112746 -0.00498222 0)
(-0.00536851 -0.00351059 0)
(-0.00145735 -0.00152513 0)
(-4.66705e-05 0.000219171 0)
(-0.000527969 0.00108161 0)
(-0.0036356 0.00560085 0)
(-0.0103212 0.0099446 0)
(-0.0194555 0.0130115 0)
(-0.0299091 0.0144879 0)
(-0.0406341 0.0143821 0)
(-0.0506278 0.0128609 0)
(-0.0590122 0.01017 0)
(-0.0650859 0.00659264 0)
(-0.0683477 0.00243456 0)
(-0.0685133 -0.00197545 0)
(-0.0655323 -0.006282 0)
(-0.0596042 -0.0101042 0)
(-0.0511905 -0.0130482 0)
(-0.0410126 -0.0147356 0)
(-0.0300248 -0.0148537 0)
(-0.0193375 -0.0132303 0)
(-0.0100959 -0.0099294 0)
(-0.00345788 -0.00540494 0)
(-0.000469068 -0.000917216 0)
(-0.000919529 0.0034159 0)
(-0.00556971 0.0119189 0)
(-0.0149207 0.0193748 0)
(-0.0271898 0.0244617 0)
(-0.0408607 0.0267662 0)
(-0.0546511 0.0263211 0)
(-0.0673634 0.0234091 0)
(-0.0779589 0.0184501 0)
(-0.0856126 0.0119355 0)
(-0.0897352 0.0044023 0)
(-0.0899892 -0.00357066 0)
(-0.0863074 -0.0113596 0)
(-0.078912 -0.0182998 0)
(-0.0683308 -0.0237076 0)
(-0.0554023 -0.0269299 0)
(-0.0412538 -0.0274278 0)
(-0.0272225 -0.0248972 0)
(-0.014733 -0.0194135 0)
(-0.00537095 -0.0116205 0)
(-0.000844371 -0.0031277 0)
(-0.00126613 0.00673856 0)
(-0.00738244 0.0204378 0)
(-0.0193396 0.0316345 0)
(-0.0346661 0.0389621 0)
(-0.0514234 0.0420277 0)
(-0.0680929 0.0409696 0)
(-0.0833109 0.0362422 0)
(-0.0959221 0.0284792 0)
(-0.105022 0.0184114 0)
(-0.109966 0.00683229 0)
(-0.110378 -0.00540617 0)
(-0.106164 -0.0173874 0)
(-0.0975383 -0.0281332 0)
(-0.0850468 -0.0366317 0)
(-0.0695909 -0.0419043 0)
(-0.0524259 -0.0431224 0)
(-0.0350972 -0.039773 0)
(-0.0193332 -0.0318532 0)
(-0.00721488 -0.0200898 0)
(-0.00118181 -0.00631492 0)
(-0.00159383 0.010987 0)
(-0.0091456 0.0311099 0)
(-0.0236884 0.0467019 0)
(-0.0420408 0.056481 0)
(-0.0618148 0.0602074 0)
(-0.0812514 0.0582314 0)
(-0.0988411 0.0512555 0)
(-0.113347 0.0401772 0)
(-0.123822 0.0259946 0)
(-0.129594 0.0097706 0)
(-0.130259 -0.00736474 0)
(-0.125686 -0.0241975 0)
(-0.116048 -0.039423 0)
(-0.101862 -0.0516705 0)
(-0.0840398 -0.0595801 0)
(-0.0639244 -0.0619481 0)
(-0.0432577 -0.0579409 0)
(-0.0241016 -0.0473489 0)
(-0.00910503 -0.0308589 0)
(-0.00151695 -0.010451 0)
(-0.00192725 0.0161515 0)
(-0.0109383 0.0439387 0)
(-0.0280944 0.0645813 0)
(-0.0494632 0.0769957 0)
(-0.0721823 0.0812408 0)
(-0.0942569 0.0780085 0)
(-0.114061 0.0683446 0)
(-0.130318 0.0534681 0)
(-0.142083 0.0346695 0)
(-0.148689 0.013281 0)
(-0.149718 -0.00930369 0)
(-0.144993 -0.0315904 0)
(-0.13461 -0.0519538 0)
(-0.119003 -0.0686445 0)
(-0.0990285 -0.0798627 0)
(-0.0760583 -0.0839239 0)
(-0.0520017 -0.0795246 0)
(-0.0292737 -0.066077 0)
(-0.0111738 -0.0440755 0)
(-0.00188677 -0.0155876 0)
(-0.00228808 0.022268 0)
(-0.0128333 0.0589802 0)
(-0.0326676 0.0852944 0)
(-0.0570293 0.100457 0)
(-0.0825539 0.105001 0)
(-0.107032 0.100121 0)
(-0.128771 0.0873206 0)
(-0.146522 0.0682048 0)
(-0.159401 0.0443751 0)
(-0.166797 0.0174171 0)
(-0.1683 -0.01105 0)
(-0.163684 -0.0392958 0)
(-0.152931 -0.0654068 0)
(-0.136323 -0.0872553 0)
(-0.11457 -0.102548 0)
(-0.0889799 -0.108998 0)
(-0.0615597 -0.104641 0)
(-0.0350695 -0.0882775 0)
(-0.0135529 -0.0599943 0)
(-0.00232794 -0.0218537 0)
(-0.00269825 0.029413 0)
(-0.0149003 0.0763365 0)
(-0.037496 0.108861 0)
(-0.0647639 0.126745 0)
(-0.0928068 0.131236 0)
(-0.119249 0.12423 0)
(-0.142419 0.10783 0)
(-0.161191 0.0840951 0)
(-0.174836 0.0549473 0)
(-0.182868 0.0221876 0)
(-0.184928 -0.0124064 0)
(-0.180743 -0.0469475 0)
(-0.170149 -0.0793039 0)
(-0.15319 -0.107004 0)
(-0.130309 -0.127228 0)
(-0.102602 -0.136958 0)
(-0.0720419 -0.133333 0)
(-0.0416718 -0.114219 0)
(-0.0163736 -0.0789681 0)
(-0.00287986 -0.0294531 0)
(-0.0031878 0.0377062 0)
(-0.017226 0.096148 0)
(-0.042662 0.135259 0)
(-0.0726179 0.1556 0)
(-0.102639 0.159465 0)
(-0.130279 0.149725 0)
(-0.154028 0.129244 0)
(-0.173026 0.100606 0)
(-0.186827 0.0660438 0)
(-0.195163 0.0275079 0)
(-0.197792 -0.0131682 0)
(-0.194416 -0.0540626 0)
(-0.184692 -0.0929449 0)
(-0.168342 -0.127086 0)
(-0.145384 -0.153154 0)
(-0.116492 -0.167286 0)
(-0.0833787 -0.165446 0)
(-0.0492131 -0.144123 0)
(-0.0197771 -0.101425 0)
(-0.00359237 -0.0386685 0)
(-0.00380923 0.0473312 0)
(-0.0199471 0.118594 0)
(-0.0482694 0.164374 0)
(-0.0804621 0.186515 0)
(-0.111524 0.188855 0)
(-0.139114 0.17559 0)
(-0.1621 0.150537 0)
(-0.180089 0.116859 0)
(-0.193075 0.0770597 0)
(-0.201135 0.0331398 0)
(-0.204222 -0.0131549 0)
(-0.202056 -0.0600371 0)
(-0.194108 -0.105358 0)
(-0.179696 -0.146293 0)
(-0.158241 -0.179087 0)
(-0.129718 -0.198975 0)
(-0.0952296 -0.20045 0)
(-0.0577551 -0.178048 0)
(-0.0239354 -0.127836 0)
(-0.00453947 -0.0498791 0)
(-0.00466321 0.0585868 0)
(-0.0233021 0.143902 0)
(-0.0544672 0.195916 0)
(-0.0880453 0.218587 0)
(-0.118599 0.21804 0)
(-0.144214 0.200242 0)
(-0.164457 0.17015 0)
(-0.179653 0.131522 0)
(-0.190424 0.0870461 0)
(-0.197316 0.0386266 0)
(-0.200571 -0.0122585 0)
(-0.199989 -0.0641696 0)
(-0.194881 -0.11528 0)
(-0.184122 -0.162921 0)
(-0.16638 -0.203123 0)
(-0.140614 -0.230286 0)
(-0.106823 -0.237188 0)
(-0.0672368 -0.215701 0)
(-0.0290786 -0.158663 0)
(-0.00584341 -0.0636016 0)
(-0.00594407 0.0719909 0)
(-0.0277018 0.172362 0)
(-0.0614335 0.229267 0)
(-0.0948464 0.250282 0)
(-0.122427 0.244891 0)
(-0.143238 0.221345 0)
(-0.157985 0.18587 0)
(-0.168006 0.142739 0)
(-0.174714 0.094658 0)
(-0.179223 0.0432437 0)
(-0.182135 -0.0105019 0)
(-0.183409 -0.0657198 0)
(-0.182272 -0.121188 0)
(-0.177196 -0.174736 0)
(-0.166027 -0.222551 0)
(-0.146418 -0.258469 0)
(-0.116661 -0.273501 0)
(-0.0773424 -0.25612 0)
(-0.0355213 -0.194256 0)
(-0.00771584 -0.0805732 0)
(-0.00801417 0.0884636 0)
(-0.0337962 0.204266 0)
(-0.0692152 0.263166 0)
(-0.0996684 0.279044 0)
(-0.120457 0.266203 0)
(-0.132511 0.235635 0)
(-0.138219 0.194769 0)
(-0.140171 0.148137 0)
(-0.140645 0.0981834 0)
(-0.141324 0.0459995 0)
(-0.14318 -0.00809026 0)
(-0.146393 -0.0640151 0)
(-0.150243 -0.121431 0)
(-0.152973 -0.179061 0)
(-0.151723 -0.233789 0)
(-0.142725 -0.279485 0)
(-0.121975 -0.305741 0)
(-0.0871716 -0.297146 0)
(-0.0436425 -0.234603 0)
(-0.0105167 -0.101883 0)
(-0.0114869 0.109595 0)
(-0.0424107 0.23964 0)
(-0.07714 0.295061 0)
(-0.0996475 0.300707 0)
(-0.107961 0.277375 0)
(-0.106126 0.238872 0)
(-0.0986963 0.193346 0)
(-0.0895519 0.145044 0)
(-0.0816726 0.0957413 0)
(-0.0771226 0.0457487 0)
(-0.0771284 -0.00542639 0)
(-0.0821075 -0.0586091 0)
(-0.0915698 -0.114505 0)
(-0.10387 -0.173086 0)
(-0.115868 -0.232586 0)
(-0.122667 -0.287888 0)
(-0.117714 -0.328208 0)
(-0.0944309 -0.334559 0)
(-0.0536284 -0.278745 0)
(-0.0147802 -0.129111 0)
(-0.017137 0.138049 0)
(-0.0538406 0.277396 0)
(-0.0820472 0.319846 0)
(-0.0880384 0.308681 0)
(-0.0760507 0.272229 0)
(-0.054515 0.226127 0)
(-0.0301372 0.178044 0)
(-0.00761193 0.131049 0)
(0.00993714 0.0857493 0)
(0.0205268 0.0414876 0)
(0.0229646 -0.00304314 0)
(0.0166718 -0.0494757 0)
(0.00172877 -0.0995136 0)
(-0.0208177 -0.154524 0)
(-0.0483506 -0.214675 0)
(-0.0758127 -0.277123 0)
(-0.0947542 -0.332689 0)
(-0.0935319 -0.360799 0)
(-0.0643808 -0.323573 0)
(-0.0209432 -0.164523 0)
(-0.0249135 0.178454 0)
(-0.0650517 0.313077 0)
(-0.0736906 0.327228 0)
(-0.049731 0.292716 0)
(-0.00847536 0.243116 0)
(0.0373679 0.192621 0)
(0.0802927 0.146299 0)
(0.116132 0.104965 0)
(0.142666 0.0676776 0)
(0.158714 0.0328392 0)
(0.163549 -0.00142113 0)
(0.156616 -0.0371797 0)
(0.137485 -0.0767426 0)
(0.106109 -0.122595 0)
(0.0635124 -0.176979 0)
(0.0131421 -0.240448 0)
(-0.036967 -0.308226 0)
(-0.0716063 -0.362977 0)
(-0.0702855 -0.36136 0)
(-0.0279112 -0.211573 0)
(-0.0290756 0.235371 0)
(-0.0608257 0.332045 0)
(-0.0242613 0.297852 0)
(0.0466196 0.238907 0)
(0.122596 0.182963 0)
(0.19149 0.136224 0)
(0.248806 0.0987193 0)
(0.293149 0.0684558 0)
(0.324488 0.0431399 0)
(0.343145 0.0206986 0)
(0.349248 -0.000749368 0)
(0.342483 -0.023094 0)
(0.321996 -0.0484993 0)
(0.286442 -0.0797021 0)
(0.234404 -0.120224 0)
(0.165569 -0.173985 0)
(0.0830848 -0.243033 0)
(-0.000948554 -0.320984 0)
(-0.0529706 -0.372841 0)
(-0.0274391 -0.27066 0)
(0.00839716 0.278711 0)
(0.0187541 0.292566 0)
(0.134662 0.209867 0)
(0.25896 0.143476 0)
(0.358627 0.0978165 0)
(0.434796 0.0666461 0)
(0.491685 0.0451399 0)
(0.532546 0.0297493 0)
(0.559977 0.0180131 0)
(0.575777 0.00826645 0)
(0.580861 -0.000716134 0)
(0.57525 -0.0100325 0)
(0.558 -0.0209535 0)
(0.527006 -0.0353113 0)
(0.478803 -0.056081 0)
(0.408511 -0.08814 0)
(0.309506 -0.138812 0)
(0.177295 -0.216496 0)
(0.0455535 -0.313119 0)
(0.0215323 -0.301136 0)
(0.29986 0.145043 0)
(0.395411 0.126882 0)
(0.55416 0.0762 0)
(0.671086 0.0441495 0)
(0.740926 0.0260447 0)
(0.784647 0.0156453 0)
(0.813431 0.00952097 0)
(0.832326 0.00573619 0)
(0.844139 0.00319283 0)
(0.850477 0.00127266 0)
(0.85211 -0.000402231 0)
(0.849171 -0.00212576 0)
(0.841167 -0.00423315 0)
(0.826756 -0.00726405 0)
(0.803246 -0.0122569 0)
(0.765458 -0.0213108 0)
(0.701658 -0.0386104 0)
(0.587064 -0.0718722 0)
(0.419781 -0.127197 0)
(0.311467 -0.149174 0)
)
;

boundaryField
{
    movingWall
    {
        type            fixedValue;
        value           uniform (1 0 0);
    }
    fixedWalls
    {
        type            noSlip;
    }
    frontAndBack
    {
        type            empty;
    }
}


// ************************************************************************* //
