/*--------------------------------*- C++ -*----------------------------------*\
  =========                 |
  \\      /  F ield         | OpenFOAM: The Open Source CFD Toolbox
   \\    /   O peration     | Website:  https://openfoam.org
    \\  /    A nd           | Version:  6
     \\/     M anipulation  |
\*---------------------------------------------------------------------------*/
FoamFile
{
    version     2.0;
    format      ascii;
    class       volScalarField;
    location    "0.02";
    object      p;
}
// * * * * * * * * * * * * * * * * * * * * * * * * * * * * * * * * * * * * * //

dimensions      [0 2 -2 0 0 0 0];

internalField   nonuniform List<scalar> 
400
(
2.75293e-05
-0.0345768
-0.0776511
-0.110845
-0.123193
-0.109779
-0.0702391
-0.00749135
0.0733107
0.165562
0.261821
0.354338
0.435574
0.49876
0.53858
0.552015
0.539442
0.505913
0.462603
0.427984
0.0343593
-0.00120922
-0.0350197
-0.0579061
-0.0644507
-0.0511969
-0.0177052
0.0339179
0.0997592
0.174674
0.252781
0.327922
0.394133
0.446134
0.479872
0.493155
0.486427
0.463253
0.42924
0.393702
0.0799616
0.0306634
-0.00594873
-0.0270798
-0.0323957
-0.0199989
0.0100716
0.0557707
0.113664
0.17934
0.247776
0.313707
0.372021
0.41816
0.448533
0.46099
0.455488
0.434027
0.397158
0.347884
0.121993
0.0537498
0.0081763
-0.015954
-0.022464
-0.0108381
0.0181685
0.0621341
0.117597
0.180361
0.245742
0.30885
0.364891
0.409482
0.438955
0.45074
0.444048
0.419502
0.373542
0.305235
0.150779
0.0624618
0.00613471
-0.0222822
-0.0301728
-0.0182521
0.0119312
0.0573806
0.114353
0.178594
0.245481
0.310215
0.368033
0.414431
0.445387
0.457679
0.449674
0.420755
0.363843
0.27526
0.159386
0.0505122
-0.017061
-0.0496464
-0.0578936
-0.0436949
-0.00947486
0.0410383
0.103632
0.173797
0.246775
0.317659
0.381504
0.433475
0.468972
0.483933
0.475759
0.442622
0.374203
0.264703
0.141779
0.0116466
-0.067019
-0.102594
-0.109078
-0.0896495
-0.0477583
0.0119716
0.084706
0.165545
0.249475
0.331357
0.405936
0.467885
0.511841
0.532687
0.526667
0.49059
0.410765
0.279437
0.0914743
-0.0610139
-0.150023
-0.186267
-0.187629
-0.1589
-0.104805
-0.0310536
0.0567845
0.153361
0.253379
0.35145
0.441973
0.519043
0.576381
0.607574
0.607387
0.570881
0.480381
0.325878
0.000434813
-0.175894
-0.273725
-0.306879
-0.298209
-0.254719
-0.18279
-0.0894254
0.0190009
0.13673
0.258275
0.378109
0.490368
0.588587
0.66546
0.713
0.724039
0.691192
0.591595
0.412155
-0.141998
-0.343894
-0.447714
-0.471911
-0.446162
-0.380637
-0.283881
-0.16441
-0.0293798
0.115214
0.26395
0.411441
0.55181
0.678193
0.782246
0.854124
0.884117
0.861318
0.755644
0.549283
-0.350549
-0.579611
-0.684169
-0.690201
-0.63722
-0.539948
-0.409712
-0.256683
-0.0886126
0.0886464
0.270212
0.451341
0.626627
0.789193
0.929828
1.03664
1.09664
1.09387
0.987772
0.752728
-0.646451
-0.903178
-0.998646
-0.971861
-0.876912
-0.734926
-0.560597
-0.365666
-0.157992
0.057402
0.276941
0.497323
0.714404
0.922017
1.11061
1.26629
1.37217
1.40515
1.30918
1.04503
-1.06212
-1.34319
-1.41094
-1.32777
-1.16942
-0.965532
-0.734365
-0.488615
-0.235225
0.0227364
0.284138
0.548263
0.813409
1.07533
1.32524
1.54796
1.72239
1.8161
1.75006
1.46067
-1.65084
-1.94143
-1.94555
-1.76795
-1.51532
-1.22724
-0.924637
-0.619394
-0.31567
-0.0128566
0.291904
0.601977
0.919717
1.24464
1.57076
1.88351
2.15866
2.35281
2.35449
2.05616
-2.50672
-2.75981
-2.63002
-2.29699
-1.90687
-1.50737
-1.11829
-0.746932
-0.391526
-0.045384
0.300231
0.654503
1.02579
1.41989
1.83703
2.26735
2.68748
3.04497
3.18734
2.9303
-3.79891
-3.88634
-3.48888
-2.90637
-2.32175
-1.78081
-1.29311
-0.85421
-0.451589
-0.0695179
0.308573
0.699326
1.11909
1.58302
2.10255
2.68012
3.30287
3.9196
4.33994
4.2583
-5.83155
-5.43515
-4.53212
-3.56793
-2.72028
-2.00976
-1.41905
-0.920053
-0.482932
-0.079766
0.315336
0.727468
1.18244
1.70793
2.33325
3.08548
3.97954
4.98926
5.92945
6.35066
-9.28426
-7.55062
-5.69674
-4.18858
-3.01881
-2.12978
-1.45188
-0.916993
-0.470811
-0.0713591
0.316307
0.724906
1.18941
1.7518
2.46641
3.40146
4.62592
6.19302
8.10488
9.89533
-15.9311
-10.3232
-6.56617
-4.38424
-2.94873
-1.96897
-1.28736
-0.785535
-0.385558
-0.0363624
0.300307
0.659008
1.07805
1.60858
2.32878
3.35825
4.85719
7.11595
10.9623
16.6722
-27.0776
-12.9901
-6.27724
-3.58915
-2.19725
-1.36954
-0.849289
-0.490435
-0.213082
0.027034
0.259498
0.510007
0.808103
1.19787
1.75891
2.63879
4.1017
6.88693
13.7138
27.9161
)
;

boundaryField
{
    movingWall
    {
        type            zeroGradient;
    }
    fixedWalls
    {
        type            zeroGradient;
    }
    frontAndBack
    {
        type            empty;
    }
}


// ************************************************************************* //
