/*--------------------------------*- C++ -*----------------------------------*\
  =========                 |
  \\      /  F ield         | OpenFOAM: The Open Source CFD Toolbox
   \\    /   O peration     | Website:  https://openfoam.org
    \\  /    A nd           | Version:  6
     \\/     M anipulation  |
\*---------------------------------------------------------------------------*/
FoamFile
{
    version     2.0;
    format      ascii;
    class       surfaceScalarField;
    location    "0.16";
    object      phi;
}
// * * * * * * * * * * * * * * * * * * * * * * * * * * * * * * * * * * * * * //

dimensions      [0 3 -1 0 0 0 0];

internalField   nonuniform List<scalar> 
760
(
-8.19815e-10
8.19964e-10
-3.9357e-08
3.85372e-08
-1.06719e-07
6.73624e-08
-1.88253e-07
8.15338e-08
-2.73073e-07
8.48194e-08
-3.53929e-07
8.0856e-08
-4.25938e-07
7.20096e-08
-4.85412e-07
5.9474e-08
-5.29063e-07
4.36507e-08
-5.53682e-07
2.46194e-08
-5.56238e-07
2.5552e-09
-5.3431e-07
-2.19278e-08
-4.8683e-07
-4.748e-08
-4.15051e-07
-7.17785e-08
-3.23619e-07
-9.14319e-08
-2.21435e-07
-1.02184e-07
-1.21852e-07
-9.95832e-08
-4.18076e-08
-8.00443e-08
9.36177e-10
-4.27439e-08
9.36149e-10
-3.91407e-08
3.99607e-08
-1.51002e-07
1.50398e-07
-3.15082e-07
2.31443e-07
-5.06428e-07
2.72879e-07
-7.03732e-07
2.82123e-07
-8.9104e-07
2.68164e-07
-1.0567e-06
2.37667e-07
-1.19169e-06
1.94467e-07
-1.28836e-06
1.40324e-07
-1.33984e-06
7.60966e-08
-1.34018e-06
2.89399e-09
-1.28518e-06
-7.69224e-08
-1.17379e-06
-1.58874e-07
-1.00986e-06
-2.35711e-07
-8.0406e-07
-2.9723e-07
-5.75225e-07
-3.31019e-07
-3.50204e-07
-3.24604e-07
-1.61139e-07
-2.6911e-07
-3.87207e-08
-1.65162e-07
-3.77846e-08
-7.31923e-08
1.13153e-07
-2.48318e-07
3.25524e-07
-4.88591e-07
4.71716e-07
-7.60901e-07
5.45189e-07
-1.038e-06
5.59223e-07
-1.29918e-06
5.29339e-07
-1.52892e-06
4.67412e-07
-1.71508e-06
3.80628e-07
-1.84738e-06
2.7262e-07
-1.91672e-06
1.45443e-07
-1.9154e-06
1.56654e-09
-1.83802e-06
-1.54298e-07
-1.68331e-06
-3.13587e-07
-1.45637e-06
-4.62648e-07
-1.17119e-06
-5.82411e-07
-8.52372e-07
-6.49837e-07
-5.34965e-07
-6.42012e-07
-2.60966e-07
-5.43109e-07
-7.18324e-08
-3.54295e-07
-1.09617e-07
-9.82336e-08
2.11387e-07
-3.2459e-07
5.5188e-07
-6.26769e-07
7.73895e-07
-9.6326e-07
8.8168e-07
-1.30214e-06
8.98105e-07
-1.61983e-06
8.47023e-07
-1.8988e-06
7.46392e-07
-2.12529e-06
6.0711e-07
-2.28744e-06
4.34773e-07
-2.37454e-06
2.32545e-07
-2.37709e-06
4.11889e-09
-2.2879e-06
-2.4349e-07
-2.10415e-06
-4.97336e-07
-1.83037e-06
-7.36428e-07
-1.48181e-06
-9.30976e-07
-1.08717e-06
-1.04448e-06
-6.89027e-07
-1.04015e-06
-3.4008e-07
-8.92057e-07
-9.47767e-08
-5.99599e-07
-2.04394e-07
-1.17663e-07
3.2905e-07
-3.8677e-07
8.20987e-07
-7.41944e-07
1.12907e-06
-1.13362e-06
1.27336e-06
-1.52571e-06
1.2902e-06
-1.89267e-06
1.21398e-06
-2.21604e-06
1.06976e-06
-2.48129e-06
8.72358e-07
-2.67559e-06
6.29074e-07
-2.78664e-06
3.43598e-07
-2.8026e-06
2.00713e-08
-2.71315e-06
-3.32939e-07
-2.51201e-06
-6.98476e-07
-2.2008e-06
-1.04763e-06
-1.79405e-06
-1.33773e-06
-1.32379e-06
-1.51473e-06
-8.41553e-07
-1.52239e-06
-4.144e-07
-1.31921e-06
-1.13744e-07
-9.00255e-07
-3.18137e-07
-1.34931e-07
4.63981e-07
-4.43426e-07
1.12948e-06
-8.48431e-07
1.53407e-06
-1.29268e-06
1.7176e-06
-1.73625e-06
1.73377e-06
-2.15224e-06
1.62998e-06
-2.52197e-06
1.43949e-06
-2.83086e-06
1.18124e-06
-3.06547e-06
8.63685e-07
-3.21183e-06
4.89964e-07
-3.25496e-06
6.3197e-08
-3.17976e-06
-4.08137e-07
-2.97387e-06
-9.04366e-07
-2.63277e-06
-1.38873e-06
-2.16719e-06
-1.80332e-06
-1.6112e-06
-2.07072e-06
-1.02738e-06
-2.10621e-06
-5.03332e-07
-1.84326e-06
-1.35133e-07
-1.26845e-06
-4.5327e-07
-1.52764e-07
6.16745e-07
-5.01957e-07
1.47868e-06
-9.58604e-07
1.99072e-06
-1.45762e-06
2.21662e-06
-1.95551e-06
2.23166e-06
-2.42462e-06
2.09908e-06
-2.84684e-06
1.86171e-06
-3.20832e-06
1.54273e-06
-3.49564e-06
1.15101e-06
-3.69332e-06
6.8764e-07
-3.7826e-06
1.52473e-07
-3.74181e-06
-4.48919e-07
-3.54922e-06
-1.09696e-06
-3.18939e-06
-1.74856e-06
-2.6639e-06
-2.3288e-06
-2.00521e-06
-2.72941e-06
-1.28827e-06
-2.82315e-06
-6.30135e-07
-2.5014e-06
-1.65839e-07
-1.73275e-06
-6.1911e-07
-1.73214e-07
7.89959e-07
-5.68092e-07
1.87355e-06
-1.08187e-06
2.5045e-06
-1.64091e-06
2.77566e-06
-2.19832e-06
2.78907e-06
-2.72648e-06
2.62725e-06
-3.20898e-06
2.3442e-06
-3.63389e-06
1.96764e-06
-3.98895e-06
1.50607e-06
-4.25798e-06
9.56672e-07
-4.41851e-06
3.13003e-07
-4.44085e-06
-4.2658e-07
-4.29007e-06
-1.24774e-06
-3.93313e-06
-2.10551e-06
-3.35352e-06
-2.90841e-06
-2.57364e-06
-3.50929e-06
-1.67885e-06
-3.71793e-06
-8.26641e-07
-3.35361e-06
-2.1529e-07
-2.3441e-06
-8.34399e-07
-1.9793e-07
9.87888e-07
-6.46348e-07
2.32197e-06
-1.22515e-06
3.0833e-06
-1.85073e-06
3.40124e-06
-2.47302e-06
3.41136e-06
-3.06554e-06
3.21977e-06
-3.61507e-06
2.89373e-06
-4.11341e-06
2.46599e-06
-4.55138e-06
1.94404e-06
-4.91401e-06
1.3193e-06
-5.17637e-06
5.75362e-07
-5.30038e-06
-3.02565e-07
-5.23445e-06
-1.31367e-06
-4.91975e-06
-2.42021e-06
-4.30835e-06
-3.51981e-06
-3.39693e-06
-4.42071e-06
-2.27143e-06
-4.84343e-06
-1.13917e-06
-4.48587e-06
-2.98327e-07
-3.18494e-06
-1.13273e-06
-2.28663e-07
1.21655e-06
-7.41069e-07
2.83438e-06
-1.39418e-06
3.73641e-06
-2.09231e-06
4.09937e-06
-2.78257e-06
4.10162e-06
-3.44111e-06
3.87831e-06
-4.05987e-06
3.51249e-06
-4.63669e-06
3.0428e-06
-5.16818e-06
2.47553e-06
-5.6437e-06
1.79481e-06
-6.03894e-06
9.70602e-07
-6.30925e-06
-3.22531e-08
-6.38486e-06
-1.23806e-06
-6.17355e-06
-2.63151e-06
-5.57995e-06
-4.11342e-06
-4.55107e-06
-5.44959e-06
-3.14996e-06
-6.24455e-06
-1.63141e-06
-6.00442e-06
-4.38549e-07
-4.3778e-06
-1.57127e-06
-2.68014e-07
1.48456e-06
-8.57877e-07
3.42424e-06
-1.59507e-06
4.47361e-06
-2.36909e-06
4.87339e-06
-3.12501e-06
4.85754e-06
-3.84359e-06
4.59689e-06
-4.52412e-06
4.19302e-06
-5.1729e-06
3.69158e-06
-5.79544e-06
3.09808e-06
-6.3895e-06
2.38887e-06
-6.93635e-06
1.51746e-06
-7.38984e-06
4.21231e-07
-7.66516e-06
-9.62741e-07
-7.63442e-06
-2.66225e-06
-7.14189e-06
-4.60594e-06
-6.05692e-06
-6.53456e-06
-4.37843e-06
-7.92304e-06
-2.37666e-06
-8.00619e-06
-6.71493e-07
-6.08296e-06
-2.24277e-06
-3.20585e-07
1.80515e-06
-1.00559e-06
4.10925e-06
-1.83591e-06
5.30392e-06
-2.68323e-06
5.7207e-06
-3.49248e-06
5.66679e-06
-4.25164e-06
5.35606e-06
-4.96943e-06
4.91081e-06
-5.66248e-06
4.38463e-06
-6.34769e-06
3.78329e-06
-7.0351e-06
3.07627e-06
-7.71772e-06
2.20008e-06
-8.35667e-06
1.06019e-06
-8.86292e-06
-4.56488e-07
-9.08264e-06
-2.44254e-06
-8.80122e-06
-4.88737e-06
-7.79063e-06
-7.54515e-06
-5.9313e-06
-9.78236e-06
-3.42769e-06
-1.05098e-05
-1.04601e-06
-8.46465e-06
-3.28878e-06
-3.95025e-07
2.20018e-06
-1.19889e-06
4.91312e-06
-2.12784e-06
6.23287e-06
-3.03401e-06
6.62688e-06
-3.86673e-06
6.4995e-06
-4.625e-06
6.11433e-06
-5.32875e-06
5.61456e-06
-6.00553e-06
5.06141e-06
-6.68418e-06
4.46194e-06
-7.38911e-06
3.7812e-06
-8.13062e-06
2.94159e-06
-8.88867e-06
1.81823e-06
-9.58972e-06
2.44566e-07
-1.00815e-05
-1.95072e-06
-1.01187e-05
-4.85026e-06
-9.3838e-06
-8.27999e-06
-7.59207e-06
-1.15741e-05
-4.75038e-06
-1.33515e-05
-1.61534e-06
-1.15997e-05
-4.90412e-06
-5.07936e-07
2.70811e-06
-1.46202e-06
5.8672e-06
-2.48413e-06
7.25498e-06
-3.41082e-06
7.55357e-06
-4.2066e-06
7.29528e-06
-4.88799e-06
6.79571e-06
-5.48818e-06
6.21475e-06
-6.04501e-06
5.61823e-06
-6.59741e-06
5.01435e-06
-7.18291e-06
4.3667e-06
-7.83153e-06
3.5902e-06
-8.55291e-06
2.53962e-06
-9.31414e-06
1.00579e-06
-1.00079e-05
-1.25696e-06
-1.04162e-05
-4.44197e-06
-1.01856e-05
-8.51056e-06
-8.86287e-06
-1.28968e-05
-6.11795e-06
-1.60964e-05
-2.39431e-06
-1.53233e-05
-7.29843e-06
-6.91579e-07
3.39969e-06
-1.83311e-06
7.00873e-06
-2.91199e-06
8.33386e-06
-3.77145e-06
8.41302e-06
-4.41563e-06
7.93946e-06
-4.89089e-06
7.27097e-06
-5.24797e-06
6.57184e-06
-5.53476e-06
5.90502e-06
-5.79708e-06
5.27667e-06
-6.08085e-06
4.65046e-06
-6.43258e-06
3.94193e-06
-6.89543e-06
3.00248e-06
-7.49605e-06
1.6064e-06
-8.21559e-06
-5.37421e-07
-8.93772e-06
-3.71984e-06
-9.37077e-06
-8.07751e-06
-8.97029e-06
-1.32973e-05
-7.01043e-06
-1.80563e-05
-3.26118e-06
-1.90726e-05
-1.05596e-05
-1.00743e-06
4.40712e-06
-2.36235e-06
8.36366e-06
-3.37701e-06
9.34852e-06
-3.97717e-06
9.01318e-06
-4.25799e-06
8.22028e-06
-4.31737e-06
7.33035e-06
-4.23189e-06
6.48635e-06
-4.0609e-06
5.73403e-06
-3.85377e-06
5.06954e-06
-3.65764e-06
4.45433e-06
-3.52581e-06
3.8101e-06
-3.52561e-06
3.00228e-06
-3.74095e-06
1.82175e-06
-4.25868e-06
-1.96905e-08
-5.11968e-06
-2.85885e-06
-6.20741e-06
-6.98978e-06
-7.05065e-06
-1.24541e-05
-6.63747e-06
-1.84695e-05
-3.84591e-06
-2.18641e-05
-1.44055e-05
-1.56175e-06
5.96887e-06
-3.05516e-06
9.85706e-06
-3.657e-06
9.95037e-06
-3.59128e-06
8.94746e-06
-3.13548e-06
7.76448e-06
-2.46466e-06
6.65953e-06
-1.68441e-06
5.70611e-06
-8.61184e-07
4.9108e-06
-3.99966e-08
4.24836e-06
7.4133e-07
3.673e-06
1.43697e-06
3.11446e-06
1.97558e-06
2.46368e-06
2.24236e-06
1.55496e-06
2.07032e-06
1.52354e-07
1.26247e-06
-2.051e-06
-3.10809e-07
-5.4165e-06
-2.45453e-06
-1.03104e-05
-4.16986e-06
-1.67541e-05
-3.52974e-06
-2.25043e-05
-1.79353e-05
-2.47153e-06
8.44041e-06
-3.47867e-06
1.08642e-05
-2.73973e-06
9.21142e-06
-1.2428e-06
7.45053e-06
4.8448e-07
6.0372e-06
2.23204e-06
4.91197e-06
3.91155e-06
4.0266e-06
5.48404e-06
3.33832e-06
6.934e-06
2.79839e-06
8.25141e-06
2.35559e-06
9.4139e-06
1.95197e-06
1.0366e-05
1.51153e-06
1.09941e-05
9.26871e-07
1.11002e-05
4.63081e-08
1.03893e-05
-1.34007e-06
8.50579e-06
-3.53303e-06
5.22497e-06
-7.02953e-06
1.08955e-06
-1.26187e-05
-1.60609e-06
-1.98086e-05
-1.95414e-05
-2.8836e-06
1.1324e-05
-5.34881e-07
8.51548e-06
3.35088e-06
5.32566e-06
6.99572e-06
3.80569e-06
1.01695e-05
2.86339e-06
1.29089e-05
2.17256e-06
1.52643e-05
1.67121e-06
1.72896e-05
1.31308e-06
1.90358e-05
1.05213e-06
2.05404e-05
8.51013e-07
2.18153e-05
6.77055e-07
2.28322e-05
4.94627e-07
2.35002e-05
2.58835e-07
2.36362e-05
-8.96206e-08
2.29281e-05
-6.3195e-07
2.08985e-05
-1.50344e-06
1.691e-05
-3.04102e-06
1.05138e-05
-6.22254e-06
3.01855e-06
-1.23134e-05
-1.65228e-05
1.1324e-05
1.98395e-05
2.51652e-05
2.89708e-05
3.18342e-05
3.40068e-05
3.5678e-05
3.69911e-05
3.80432e-05
3.88942e-05
3.95713e-05
4.00659e-05
4.03248e-05
4.02351e-05
3.96032e-05
3.80997e-05
3.50587e-05
2.88362e-05
1.65228e-05
)
;

boundaryField
{
    movingWall
    {
        type            calculated;
        value           uniform 0;
    }
    fixedWalls
    {
        type            calculated;
        value           uniform 0;
    }
    frontAndBack
    {
        type            empty;
        value           nonuniform 0();
    }
}


// ************************************************************************* //
