/*--------------------------------*- C++ -*----------------------------------*\
  =========                 |
  \\      /  F ield         | OpenFOAM: The Open Source CFD Toolbox
   \\    /   O peration     | Website:  https://openfoam.org
    \\  /    A nd           | Version:  6
     \\/     M anipulation  |
\*---------------------------------------------------------------------------*/
FoamFile
{
    version     2.0;
    format      ascii;
    class       volVectorField;
    location    "0.01";
    object      U;
}
// * * * * * * * * * * * * * * * * * * * * * * * * * * * * * * * * * * * * * //

dimensions      [0 1 -1 0 0 0 0];

internalField   nonuniform List<vector> 
400
(
(-0.00036883 0.000365098 0)
(-0.00123447 0.000485608 0)
(-0.00222424 0.00047705 0)
(-0.00316778 0.000441827 0)
(-0.00402339 0.000394212 0)
(-0.00477087 0.000336698 0)
(-0.00539218 0.000271011 0)
(-0.00587248 0.000198932 0)
(-0.00620062 0.00012225 0)
(-0.00636905 4.27245e-05 0)
(-0.00637377 -3.79108e-05 0)
(-0.0062143 -0.000117908 0)
(-0.00589377 -0.000195483 0)
(-0.00541893 -0.000268796 0)
(-0.00480039 -0.000335953 0)
(-0.00405267 -0.000395042 0)
(-0.00319379 -0.000444197 0)
(-0.00224387 -0.00048084 0)
(-0.00124606 -0.000490825 0)
(-0.000371679 -0.000369432 0)
(-0.000509771 0.0012469 0)
(-0.00168621 0.00163616 0)
(-0.00300901 0.00160536 0)
(-0.00426745 0.00148689 0)
(-0.00540826 0.00132627 0)
(-0.00640435 0.00113228 0)
(-0.00723157 0.000910937 0)
(-0.00787043 0.000668287 0)
(-0.0083064 0.000410334 0)
(-0.00852972 0.00014296 0)
(-0.00853528 -0.000128049 0)
(-0.00832254 -0.0003969 0)
(-0.00789553 -0.00065767 0)
(-0.00726308 -0.000904222 0)
(-0.00643903 -0.0011302 0)
(-0.00544252 -0.00132911 0)
(-0.00429763 -0.00149445 0)
(-0.00303165 -0.00161691 0)
(-0.00169901 -0.00165049 0)
(-0.000513038 -0.00125826 0)
(-0.000546882 0.00231789 0)
(-0.00181163 0.00301395 0)
(-0.00323279 0.0029541 0)
(-0.00458147 0.00273549 0)
(-0.00580195 0.00243885 0)
(-0.00686604 0.00208093 0)
(-0.0077485 0.00167319 0)
(-0.00842923 0.00122685 0)
(-0.00889347 0.000752934 0)
(-0.0091314 0.000262091 0)
(-0.00913787 -0.000235272 0)
(-0.00891225 -0.000728772 0)
(-0.00845848 -0.00120777 0)
(-0.00778527 -0.00166117 0)
(-0.0069066 -0.00207731 0)
(-0.00584212 -0.00244415 0)
(-0.00461695 -0.0027493 0)
(-0.00325971 -0.00297494 0)
(-0.00182756 -0.0030388 0)
(-0.000551664 -0.00233842 0)
(-0.000586637 0.00346733 0)
(-0.00194496 0.00449028 0)
(-0.00347084 0.00439641 0)
(-0.00491587 0.00406805 0)
(-0.00622029 0.00362392 0)
(-0.00735469 0.00308945 0)
(-0.00829327 0.00248219 0)
(-0.00901597 0.001819 0)
(-0.00950838 0.00111611 0)
(-0.0097611 0.00038894 0)
(-0.00976918 -0.000347632 0)
(-0.00953185 -0.00107884 0)
(-0.00905259 -0.00178949 0)
(-0.00833944 -0.0024635 0)
(-0.00740579 -0.00308367 0)
(-0.00627107 -0.00363191 0)
(-0.00496093 -0.0040892 0)
(-0.00350523 -0.0044284 0)
(-0.00196547 -0.00452819 0)
(-0.000593006 -0.00349893 0)
(-0.00064272 0.00471021 0)
(-0.00213075 0.00608732 0)
(-0.0038002 0.00595382 0)
(-0.00537692 0.00550307 0)
(-0.00679519 0.00489621 0)
(-0.008024 0.0041689 0)
(-0.00903709 0.00334579 0)
(-0.00981497 0.00244997 0)
(-0.0103442 0.00150304 0)
(-0.0106163 0.000524992 0)
(-0.0106268 -0.000465245 0)
(-0.0103747 -0.00144903 0)
(-0.00986263 -0.00240704 0)
(-0.00909739 -0.00331837 0)
(-0.008091 -0.00416014 0)
(-0.00686208 -0.00490746 0)
(-0.00543653 -0.00553357 0)
(-0.00384591 -0.00600027 0)
(-0.00215808 -0.00614254 0)
(-0.000651263 -0.00475677 0)
(-0.000718338 0.00608555 0)
(-0.0023801 0.00785294 0)
(-0.00424031 0.00767112 0)
(-0.00599035 0.00707934 0)
(-0.00755664 0.00628756 0)
(-0.00890639 0.00534411 0)
(-0.0100136 0.0042823 0)
(-0.0108602 0.00313232 0)
(-0.0114349 0.00192126 0)
(-0.0117309 0.000673282 0)
(-0.0117447 -0.000589439 0)
(-0.0114751 -0.0018453 0)
(-0.0109233 -0.0030716 0)
(-0.0100939 -0.0042431 0)
(-0.00899611 -0.005331 0)
(-0.00764671 -0.00630276 0)
(-0.00607107 -0.00712206 0)
(-0.00430253 -0.00773685 0)
(-0.00241738 -0.0079315 0)
(-0.000729999 -0.00615224 0)
(-0.000817121 0.0076364 0)
(-0.00270481 0.00984017 0)
(-0.00481085 0.0095965 0)
(-0.0067811 0.00883697 0)
(-0.008532 0.00782923 0)
(-0.0100294 0.00663804 0)
(-0.011249 0.00530766 0)
(-0.0121761 0.00387641 0)
(-0.0128033 0.00237685 0)
(-0.0131271 0.000836459 0)
(-0.0131455 -0.000720713 0)
(-0.0128569 -0.00227164 0)
(-0.0122605 -0.0037917 0)
(-0.0113569 -0.00525218 0)
(-0.0101508 -0.00661842 0)
(-0.00865478 -0.00784907 0)
(-0.00689194 -0.00889575 0)
(-0.00489683 -0.00968829 0)
(-0.00275651 -0.00995071 0)
(-0.0008333 -0.00773075 0)
(-0.000944487 0.00941428 0)
(-0.00312192 0.0121119 0)
(-0.00553948 0.0117853 0)
(-0.00778327 0.0108197 0)
(-0.00975745 0.00955301 0)
(-0.0114281 0.00807206 0)
(-0.0127752 0.00643517 0)
(-0.013791 0.00468996 0)
(-0.0144748 0.00287407 0)
(-0.0148285 0.00101668 0)
(-0.0148529 -0.000858556 0)
(-0.0145461 -0.00272972 0)
(-0.0139039 -0.00457264 0)
(-0.0129206 -0.00635685 0)
(-0.0115931 -0.00804242 0)
(-0.00992602 -0.00957793 0)
(-0.00793693 -0.0108995 0)
(-0.0056597 -0.0119127 0)
(-0.0031946 -0.0122669 0)
(-0.000967256 -0.0095473 0)
(-0.00110865 0.011484 0)
(-0.00365686 0.0147458 0)
(-0.00646643 0.0143029 0)
(-0.00904483 0.0130755 0)
(-0.0112819 0.0114902 0)
(-0.0131475 0.00966387 0)
(-0.0146311 0.0076732 0)
(-0.0157372 0.00557612 0)
(-0.0164767 0.00341405 0)
(-0.0168597 0.00121515 0)
(-0.0168919 -0.00100096 0)
(-0.016571 -0.00321744 0)
(-0.0158876 -0.00541435 0)
(-0.0148267 -0.0075626 0)
(-0.0133721 -0.00961851 0)
(-0.0115143 -0.0115198 0)
(-0.0092595 -0.0131827 0)
(-0.00663637 -0.014479 0)
(-0.00376043 -0.0149632 0)
(-0.00114117 -0.0116719 0)
(-0.00132237 0.0139307 0)
(-0.00434841 0.0178407 0)
(-0.00765129 0.0172277 0)
(-0.0106341 0.0156561 0)
(-0.0131718 0.0136684 0)
(-0.0152453 0.0114236 0)
(-0.016863 0.00902132 0)
(-0.0180502 0.00653026 0)
(-0.0188358 0.0039928 0)
(-0.0192435 0.00143146 0)
(-0.0192855 -0.00114367 0)
(-0.0189595 -0.00372678 0)
(-0.018249 -0.00630796 0)
(-0.0171247 -0.00886466 0)
(-0.0155505 -0.0113531 0)
(-0.0134931 -0.0137003 0)
(-0.0109362 -0.0157977 0)
(-0.00789435 -0.0174703 0)
(-0.00449837 -0.0181468 0)
(-0.0013697 -0.0141976 0)
(-0.00160631 0.0168713 0)
(-0.00525776 0.0215275 0)
(-0.00918454 0.0206549 0)
(-0.01265 0.0186147 0)
(-0.0155178 0.0161064 0)
(-0.0177948 0.0133469 0)
(-0.0195245 0.0104641 0)
(-0.0207658 0.00753532 0)
(-0.0215755 0.00459826 0)
(-0.0219963 0.00166249 0)
(-0.0220501 -0.00127941 0)
(-0.0217353 -0.00424095 0)
(-0.0210255 -0.00723083 0)
(-0.0198718 -0.0102414 0)
(-0.0182079 -0.0132356 0)
(-0.0159626 -0.0161335 0)
(-0.0130783 -0.0187973 0)
(-0.0095371 -0.0209877 0)
(-0.00547931 -0.0219608 0)
(-0.00167686 -0.0172542 0)
(-0.00199551 0.020475 0)
(-0.00648538 0.0259854 0)
(-0.0112076 0.0246996 0)
(-0.0152378 0.0219993 0)
(-0.0184436 0.0188024 0)
(-0.0208879 0.0154041 0)
(-0.0226747 0.011962 0)
(-0.0239161 0.00855509 0)
(-0.0247087 0.00520626 0)
(-0.0251213 0.00190091 0)
(-0.0251889 -0.00139682 0)
(-0.024911 -0.00473075 0)
(-0.0242495 -0.00813985 0)
(-0.0231295 -0.011644 0)
(-0.0214429 -0.0152259 0)
(-0.0190592 -0.0188085 0)
(-0.0158499 -0.0222258 0)
(-0.0117277 -0.0251532 0)
(-0.00682144 -0.0266031 0)
(-0.00210421 -0.021033 0)
(-0.00255296 0.0250019 0)
(-0.00820375 0.0314681 0)
(-0.0139476 0.029498 0)
(-0.0186137 0.0258379 0)
(-0.022118 0.0217151 0)
(-0.0246358 0.0175217 0)
(-0.0263736 0.0134374 0)
(-0.0275216 0.00952546 0)
(-0.0282297 0.00577558 0)
(-0.0285994 0.00213331 0)
(-0.0286818 -0.00147951 0)
(-0.0284784 -0.00515022 0)
(-0.0279388 -0.00896276 0)
(-0.0269578 -0.0129825 0)
(-0.0253728 -0.017234 0)
(-0.0229678 -0.021666 0)
(-0.0194955 -0.026099 0)
(-0.014731 -0.030107 0)
(-0.0087317 -0.0323563 0)
(-0.00272837 -0.0258342 0)
(-0.00339965 0.0308795 0)
(-0.0107244 0.038345 0)
(-0.0177807 0.0351958 0)
(-0.0231011 0.0301038 0)
(-0.0267658 0.0247274 0)
(-0.029166 0.019556 0)
(-0.030671 0.0147576 0)
(-0.0315779 0.0103441 0)
(-0.0321008 0.00624269 0)
(-0.0323762 0.00233806 0)
(-0.0324724 -0.00150564 0)
(-0.0323941 -0.00543292 0)
(-0.0320817 -0.00958881 0)
(-0.0314006 -0.0141075 0)
(-0.0301265 -0.0190894 0)
(-0.0279306 -0.0245553 0)
(-0.0243801 -0.0303598 0)
(-0.0189889 -0.0359893 0)
(-0.0115929 -0.0396322 0)
(-0.00370163 -0.0321635 0)
(-0.00478559 0.0388592 0)
(-0.0146416 0.0471573 0)
(-0.023343 0.041902 0)
(-0.0291786 0.034642 0)
(-0.0326711 0.0275861 0)
(-0.0346039 0.0212529 0)
(-0.0355831 0.0157133 0)
(-0.0360339 0.0108607 0)
(-0.036233 0.0065177 0)
(-0.0363449 0.00248351 0)
(-0.03645 -0.00144883 0)
(-0.0365587 -0.00549074 0)
(-0.0366104 -0.0098617 0)
(-0.0364553 -0.0147899 0)
(-0.0358177 -0.0204991 0)
(-0.0342427 -0.0271627 0)
(-0.0310374 -0.0347842 0)
(-0.0252518 -0.0428685 0)
(-0.0161527 -0.0490188 0)
(-0.00534972 -0.0409227 0)
(-0.00725748 0.0503744 0)
(-0.0211354 0.0586706 0)
(-0.0317072 0.0495493 0)
(-0.0375061 0.0390226 0)
(-0.0401276 0.0298042 0)
(-0.0410005 0.0221996 0)
(-0.0410223 0.0160002 0)
(-0.0407313 0.010874 0)
(-0.0404347 0.00648539 0)
(-0.0402985 0.00252771 0)
(-0.0404014 -0.00128147 0)
(-0.0407608 -0.00521919 0)
(-0.0413335 -0.00958138 0)
(-0.0419892 -0.0147077 0)
(-0.0424489 -0.0209982 0)
(-0.0421716 -0.0288987 0)
(-0.040169 -0.0387887 0)
(-0.0347562 -0.0505224 0)
(-0.0238909 -0.0612602 0)
(-0.00838219 -0.0538221 0)
(-0.0120055 0.0687574 0)
(-0.0324907 0.0739004 0)
(-0.0444017 0.0574934 0)
(-0.0485871 0.0422269 0)
(-0.0489752 0.0304997 0)
(-0.047853 0.0217647 0)
(-0.0463356 0.0152096 0)
(-0.0449625 0.0101379 0)
(-0.0439826 0.0060121 0)
(-0.0435058 0.00241814 0)
(-0.0435819 -0.000985379 0)
(-0.0442338 -0.0045182 0)
(-0.0454625 -0.00853063 0)
(-0.0472204 -0.0134636 0)
(-0.0493356 -0.0199223 0)
(-0.0513385 -0.0287575 0)
(-0.0520834 -0.0410881 0)
(-0.0489771 -0.0579277 0)
(-0.0373653 -0.0772936 0)
(-0.0141009 -0.0753021 0)
(-0.0209011 0.102456 0)
(-0.0514096 0.0930321 0)
(-0.0602685 0.0627876 0)
(-0.058569 0.041714 0)
(-0.0541634 0.0280339 0)
(-0.0496641 0.0189918 0)
(-0.0458989 0.0128116 0)
(-0.043091 0.00836648 0)
(-0.0412483 0.00494462 0)
(-0.0403299 0.00207602 0)
(-0.0403125 -0.000586694 0)
(-0.0412149 -0.00335221 0)
(-0.043106 -0.00656585 0)
(-0.0460965 -0.0107034 0)
(-0.0502933 -0.0165206 0)
(-0.0556352 -0.0253154 0)
(-0.061403 -0.0393615 0)
(-0.0648512 -0.0624762 0)
(-0.057444 -0.0981785 0)
(-0.0221668 -0.116792 0)
(-0.0236498 0.154834 0)
(-0.0559786 0.103937 0)
(-0.0410517 0.055432 0)
(-0.0230147 0.0323847 0)
(-0.00991446 0.0201224 0)
(-0.000607376 0.0129033 0)
(0.00591164 0.00840309 0)
(0.0103209 0.00539018 0)
(0.0131005 0.00319114 0)
(0.0145469 0.00141692 0)
(0.0148035 -0.000192156 0)
(0.0138812 -0.00185444 0)
(0.0116555 -0.00381776 0)
(0.00783557 -0.00645501 0)
(0.00190836 -0.0104521 0)
(-0.00690504 -0.0172483 0)
(-0.0196548 -0.0301326 0)
(-0.0372799 -0.0568125 0)
(-0.0495896 -0.111244 0)
(-0.00319209 -0.166576 0)
(0.220663 0.095283 0)
(0.234076 0.0576383 0)
(0.291616 0.027233 0)
(0.328793 0.0141183 0)
(0.34755 0.00807789 0)
(0.358448 0.00489668 0)
(0.365409 0.0030833 0)
(0.36989 0.00195707 0)
(0.372676 0.00118413 0)
(0.374198 0.000592425 0)
(0.374662 7.97116e-05 0)
(0.374114 -0.000431162 0)
(0.372447 -0.00102192 0)
(0.369348 -0.0018156 0)
(0.364127 -0.00305252 0)
(0.355287 -0.00528975 0)
(0.339277 -0.00998611 0)
(0.305571 -0.0212927 0)
(0.244251 -0.0508469 0)
(0.237242 -0.0914839 0)
)
;

boundaryField
{
    movingWall
    {
        type            fixedValue;
        value           uniform (1 0 0);
    }
    fixedWalls
    {
        type            noSlip;
    }
    frontAndBack
    {
        type            empty;
    }
}


// ************************************************************************* //
