/*--------------------------------*- C++ -*----------------------------------*\
  =========                 |
  \\      /  F ield         | OpenFOAM: The Open Source CFD Toolbox
   \\    /   O peration     | Website:  https://openfoam.org
    \\  /    A nd           | Version:  6
     \\/     M anipulation  |
\*---------------------------------------------------------------------------*/
FoamFile
{
    version     2.0;
    format      ascii;
    class       volVectorField;
    location    "0.05";
    object      U;
}
// * * * * * * * * * * * * * * * * * * * * * * * * * * * * * * * * * * * * * //

dimensions      [0 1 -1 0 0 0 0];

internalField   nonuniform List<vector> 
400
(
(0.000257731 -0.000254076 0)
(0.000161295 0.000105166 0)
(-0.00114235 0.000564967 0)
(-0.00345247 0.000894678 0)
(-0.00637484 0.00106166 0)
(-0.00950068 0.00107771 0)
(-0.0124609 0.000967544 0)
(-0.014951 0.000760123 0)
(-0.016741 0.000484327 0)
(-0.0176775 0.000167784 0)
(-0.017683 -0.00016284 0)
(-0.0167555 -0.000481016 0)
(-0.0149692 -0.000759476 0)
(-0.0124763 -0.000969585 0)
(-0.0095079 -0.00108138 0)
(-0.0063721 -0.00106521 0)
(-0.00344245 -0.000896342 0)
(-0.001131 -0.000563978 0)
(0.000168343 -0.000102581 0)
(0.000259655 0.000255483 0)
(-6.59516e-05 -0.000191178 0)
(-0.00156714 0.00161358 0)
(-0.00562332 0.00361235 0)
(-0.011664 0.00506677 0)
(-0.0188882 0.00579984 0)
(-0.0264606 0.00581685 0)
(-0.0335786 0.00520384 0)
(-0.0395503 0.00408593 0)
(-0.0438395 0.00260314 0)
(-0.0460819 0.000899513 0)
(-0.0460922 -0.00088021 0)
(-0.0438668 -0.0025905 0)
(-0.0395848 -0.00408415 0)
(-0.033608 -0.00521301 0)
(-0.0264749 -0.00583265 0)
(-0.0188837 -0.00581508 0)
(-0.0116451 -0.00507434 0)
(-0.00560088 -0.00360898 0)
(-0.00155223 -0.001603 0)
(-6.15132e-05 0.000198281 0)
(-0.000511197 0.00103477 0)
(-0.00364982 0.0056641 0)
(-0.0105006 0.0102126 0)
(-0.0199326 0.0134762 0)
(-0.0307796 0.0150666 0)
(-0.0419229 0.0149573 0)
(-0.0522824 0.0133201 0)
(-0.0609187 0.0104369 0)
(-0.0670991 0.00664209 0)
(-0.0703239 0.0022917 0)
(-0.0703387 -0.00224998 0)
(-0.0671386 -0.00661489 0)
(-0.06097 -0.0104335 0)
(-0.0523288 -0.0133408 0)
(-0.0419501 -0.0149929 0)
(-0.030781 -0.0151017 0)
(-0.0199124 -0.0134949 0)
(-0.0104725 -0.0102071 0)
(-0.00362946 -0.00564111 0)
(-0.000504705 -0.00101704 0)
(-0.000905437 0.00337741 0)
(-0.00562029 0.0121057 0)
(-0.0152188 0.0199189 0)
(-0.0278971 0.0253315 0)
(-0.0420788 0.0278117 0)
(-0.056388 0.0273398 0)
(-0.0695325 0.0242116 0)
(-0.0804034 0.0189097 0)
(-0.0881439 0.0120124 0)
(-0.0921735 0.0041409 0)
(-0.0921967 -0.00406597 0)
(-0.0882069 -0.0119622 0)
(-0.0804886 -0.0189006 0)
(-0.0696167 -0.024245 0)
(-0.0564496 -0.0274011 0)
(-0.0421053 -0.027875 0)
(-0.0278898 -0.0253692 0)
(-0.0151929 -0.0199154 0)
(-0.00559704 -0.0120693 0)
(-0.000897121 -0.00334564 0)
(-0.00125353 0.00672424 0)
(-0.00747361 0.0208108 0)
(-0.0197764 0.0325554 0)
(-0.035639 0.0403519 0)
(-0.0530284 0.0436428 0)
(-0.070303 0.042501 0)
(-0.0859855 0.0374111 0)
(-0.0988441 0.0291067 0)
(-0.107948 0.0184494 0)
(-0.112677 0.00635777 0)
(-0.112715 -0.00622818 0)
(-0.108055 -0.0183588 0)
(-0.0989946 -0.0290812 0)
(-0.0861454 -0.0374555 0)
(-0.0704381 -0.0425951 0)
(-0.0531146 -0.0437478 0)
(-0.0356705 -0.0404242 0)
(-0.0197679 -0.032566 0)
(-0.00745305 -0.0207657 0)
(-0.00124416 -0.00667692 0)
(-0.00158571 0.0110173 0)
(-0.00929839 0.0317505 0)
(-0.0243185 0.0481247 0)
(-0.0433646 0.058524 0)
(-0.0639055 0.0624959 0)
(-0.0840211 0.0603228 0)
(-0.102068 0.0527695 0)
(-0.116729 0.0408845 0)
(-0.127045 0.025853 0)
(-0.132392 0.00891153 0)
(-0.132456 -0.00868887 0)
(-0.127225 -0.0256894 0)
(-0.116989 -0.0408215 0)
(-0.102357 -0.0528183 0)
(-0.0842861 -0.0604585 0)
(-0.0641032 -0.062664 0)
(-0.0434753 -0.0586581 0)
(-0.0243523 -0.0481743 0)
(-0.00929061 -0.0317112 0)
(-0.00157707 -0.0109566 0)
(-0.00193236 0.0162624 0)
(-0.0111969 0.0449657 0)
(-0.0290178 0.0666734 0)
(-0.0512855 0.0798538 0)
(-0.0749266 0.0843098 0)
(-0.0977394 0.08068 0)
(-0.117944 0.0701259 0)
(-0.13419 0.0540884 0)
(-0.14554 0.0341154 0)
(-0.15141 0.0117703 0)
(-0.151511 -0.0113947 0)
(-0.145826 -0.0338273 0)
(-0.134611 -0.0539524 0)
(-0.118429 -0.0701648 0)
(-0.0982062 -0.0808665 0)
(-0.0753042 -0.0845709 0)
(-0.0515311 -0.0800923 0)
(-0.0291299 -0.0668045 0)
(-0.0112175 -0.0449619 0)
(-0.0019275 -0.016197 0)
(-0.00232217 0.0225253 0)
(-0.013269 0.0605739 0)
(-0.034035 0.0882859 0)
(-0.059563 0.104331 0)
(-0.086186 0.108961 0)
(-0.111439 0.103358 0)
(-0.133463 0.0892248 0)
(-0.150951 0.0684826 0)
(-0.163063 0.0430749 0)
(-0.169311 0.0148838 0)
(-0.169461 -0.0142717 0)
(-0.16349 -0.0425891 0)
(-0.151589 -0.06822 0)
(-0.134215 -0.0892283 0)
(-0.112189 -0.103602 0)
(-0.0868246 -0.109353 0)
(-0.0600126 -0.104734 0)
(-0.0342727 -0.0885637 0)
(-0.0133395 -0.0606557 0)
(-0.00232567 -0.0224736 0)
(-0.00278516 0.0299283 0)
(-0.0156134 0.0787636 0)
(-0.0395065 0.113062 0)
(-0.0682743 0.131882 0)
(-0.0976025 0.136192 0)
(-0.124816 0.12797 0)
(-0.148084 0.109637 0)
(-0.166257 0.0836848 0)
(-0.1787 0.0524731 0)
(-0.185093 0.0181674 0)
(-0.1853 -0.0172138 0)
(-0.179293 -0.0516952 0)
(-0.167157 -0.0832229 0)
(-0.149166 -0.109564 0)
(-0.125927 -0.128272 0)
(-0.0985866 -0.136757 0)
(-0.0690056 -0.132525 0)
(-0.0399263 -0.113578 0)
(-0.0157615 -0.079007 0)
(-0.00280338 -0.0299218 0)
(-0.0033605 0.038654 0)
(-0.0183438 0.0997822 0)
(-0.0455483 0.141068 0)
(-0.0773869 0.162277 0)
(-0.108859 0.165501 0)
(-0.137196 0.153844 0)
(-0.160768 0.130654 0)
(-0.178759 0.0990857 0)
(-0.190873 0.061903 0)
(-0.19706 0.021482 0)
(-0.197325 -0.0200691 0)
(-0.191639 -0.0607239 0)
(-0.179938 -0.0983345 0)
(-0.162215 -0.130448 0)
(-0.138722 -0.154188 0)
(-0.110259 -0.166277 0)
(-0.078475 -0.163248 0)
(-0.0462114 -0.141937 0)
(-0.0186026 -0.100292 0)
(-0.00340172 -0.0387409 0)
(-0.00411056 0.0489646 0)
(-0.0216171 0.123925 0)
(-0.0522633 0.172258 0)
(-0.0867168 0.195003 0)
(-0.119306 0.195983 0)
(-0.147398 0.17987 0)
(-0.169836 0.151173 0)
(-0.186365 0.113764 0)
(-0.197206 0.0707584 0)
(-0.202682 0.0246144 0)
(-0.202995 -0.0226297 0)
(-0.198117 -0.0690686 0)
(-0.187788 -0.112624 0)
(-0.171621 -0.150755 0)
(-0.149339 -0.180221 0)
(-0.121151 -0.196992 0)
(-0.0882147 -0.196388 0)
(-0.0532259 -0.173614 0)
(-0.0220226 -0.124837 0)
(-0.00418515 -0.049213 0)
(-0.00514611 0.0612496 0)
(-0.025675 0.15152 0)
(-0.0597345 0.206355 0)
(-0.0958343 0.22907 0)
(-0.127796 0.226134 0)
(-0.153535 0.204339 0)
(-0.172757 0.169571 0)
(-0.186061 0.126414 0)
(-0.194363 0.0781938 0)
(-0.198459 0.0272615 0)
(-0.19879 -0.0246279 0)
(-0.195336 -0.0759089 0)
(-0.187611 -0.124792 0)
(-0.174758 -0.16885 0)
(-0.15579 -0.204628 0)
(-0.130034 -0.227359 0)
(-0.0977419 -0.230929 0)
(-0.061031 -0.20833 0)
(-0.0262619 -0.152992 0)
(-0.00526649 -0.0617492 0)
(-0.00667056 0.0761206 0)
(-0.0308976 0.182898 0)
(-0.0679594 0.242626 0)
(-0.103848 0.262713 0)
(-0.132373 0.25358 0)
(-0.152685 0.224754 0)
(-0.165872 0.183615 0)
(-0.173693 0.135306 0)
(-0.177896 0.083117 0)
(-0.1798 0.0290268 0)
(-0.180098 -0.0257433 0)
(-0.178784 -0.080214 0)
(-0.175149 -0.133143 0)
(-0.167832 -0.182497 0)
(-0.155009 -0.224875 0)
(-0.134816 -0.254943 0)
(-0.106066 -0.265043 0)
(-0.069574 -0.24532 0)
(-0.0316908 -0.185094 0)
(-0.00685072 -0.0769828 0)
(-0.00904928 0.0945756 0)
(-0.0378368 0.218255 0)
(-0.0766161 0.279479 0)
(-0.108924 0.292948 0)
(-0.129703 0.274767 0)
(-0.140385 0.237695 0)
(-0.144025 0.19045 0)
(-0.143753 0.138348 0)
(-0.142157 0.0842491 0)
(-0.141007 0.0294438 0)
(-0.141197 -0.0256319 0)
(-0.142745 -0.0808114 0)
(-0.144785 -0.135658 0)
(-0.145535 -0.188865 0)
(-0.142348 -0.237507 0)
(-0.131974 -0.276104 0)
(-0.111194 -0.295636 0)
(-0.0784372 -0.282899 0)
(-0.0388335 -0.221306 0)
(-0.00930291 -0.0959278 0)
(-0.0128717 0.118216 0)
(-0.0470746 0.257249 0)
(-0.0843679 0.313706 0)
(-0.107252 0.314964 0)
(-0.114071 0.284694 0)
(-0.109884 0.238853 0)
(-0.100133 0.186809 0)
(-0.0892333 0.133327 0)
(-0.0803406 0.080312 0)
(-0.0754215 0.0280481 0)
(-0.0754231 -0.0239879 0)
(-0.0803882 -0.0765697 0)
(-0.0894451 -0.130244 0)
(-0.100669 -0.18476 0)
(-0.110886 -0.238215 0)
(-0.115577 -0.285755 0)
(-0.109093 -0.317741 0)
(-0.0861211 -0.317691 0)
(-0.0482084 -0.26119 0)
(-0.0132047 -0.120184 0)
(-0.0187888 0.149559 0)
(-0.0583494 0.297985 0)
(-0.0869964 0.339162 0)
(-0.090955 0.32142 0)
(-0.0757442 0.276926 0)
(-0.0511738 0.223493 0)
(-0.0248229 0.169621 0)
(-0.00169792 0.118459 0)
(0.0151609 0.0703965 0)
(0.024087 0.0245184 0)
(0.0243343 -0.0206472 0)
(0.0158435 -0.0667388 0)
(-0.000753226 -0.115272 0)
(-0.0238842 -0.167238 0)
(-0.0505596 -0.222329 0)
(-0.0757333 -0.277419 0)
(-0.0916464 -0.32385 0)
(-0.0881629 -0.343302 0)
(-0.0594147 -0.302644 0)
(-0.0191733 -0.152227 0)
(-0.0263306 0.192759 0)
(-0.0675222 0.334622 0)
(-0.0729816 0.34434 0)
(-0.0442286 0.301603 0)
(0.00139057 0.244072 0)
(0.0499691 0.187505 0)
(0.0935688 0.137097 0)
(0.128161 0.0932396 0)
(0.151933 0.0544948 0)
(0.164183 0.0188769 0)
(0.164674 -0.0157186 0)
(0.153348 -0.0514221 0)
(0.130325 -0.0903857 0)
(0.0961836 -0.134691 0)
(0.0526134 -0.185912 0)
(0.00357156 -0.243798 0)
(-0.0429464 -0.303176 0)
(-0.0727773 -0.347961 0)
(-0.0680547 -0.339496 0)
(-0.0266352 -0.196093 0)
(-0.0286606 0.250696 0)
(-0.057851 0.350541 0)
(-0.0142403 0.309411 0)
(0.0628947 0.242373 0)
(0.142531 0.180398 0)
(0.212306 0.130077 0)
(0.268104 0.0907816 0)
(0.309167 0.0597763 0)
(0.336072 0.0342345 0)
(0.3496 0.011748 0)
(0.350216 -0.00975143 0)
(0.33789 -0.0322208 0)
(0.312084 -0.0577598 0)
(0.271912 -0.0888488 0)
(0.21665 -0.128445 0)
(0.146878 -0.179481 0)
(0.0665789 -0.242794 0)
(-0.0118901 -0.311761 0)
(-0.0570672 -0.354666 0)
(-0.0285024 -0.254248 0)
(0.0138341 0.2888 0)
(0.0301291 0.302649 0)
(0.153658 0.214044 0)
(0.282259 0.142412 0)
(0.382471 0.094067 0)
(0.456699 0.0620912 0)
(0.510156 0.0406687 0)
(0.546843 0.0256491 0)
(0.569814 0.0142935 0)
(0.581072 0.00481559 0)
(0.581581 -0.00407063 0)
(0.571346 -0.0135004 0)
(0.549401 -0.0247654 0)
(0.513715 -0.0396715 0)
(0.461143 -0.0610134 0)
(0.387516 -0.0930807 0)
(0.287371 -0.141943 0)
(0.157964 -0.214729 0)
(0.032821 -0.304742 0)
(0.0151442 -0.291066 0)
(0.304806 0.147146 0)
(0.406021 0.127687 0)
(0.569196 0.0748002 0)
(0.685789 0.0419036 0)
(0.753284 0.0239113 0)
(0.794416 0.0139866 0)
(0.820754 0.00833942 0)
(0.837498 0.00491724 0)
(0.847472 0.00261878 0)
(0.852207 0.000846192 0)
(0.852367 -0.00076645 0)
(0.847967 -0.00251798 0)
(0.838372 -0.00477009 0)
(0.822082 -0.00811298 0)
(0.796282 -0.0136427 0)
(0.755759 -0.0234301 0)
(0.688881 -0.041344 0)
(0.57252 -0.0743709 0)
(0.408471 -0.127734 0)
(0.305965 -0.147572 0)
)
;

boundaryField
{
    movingWall
    {
        type            fixedValue;
        value           uniform (1 0 0);
    }
    fixedWalls
    {
        type            noSlip;
    }
    frontAndBack
    {
        type            empty;
    }
}


// ************************************************************************* //
