/*--------------------------------*- C++ -*----------------------------------*\
  =========                 |
  \\      /  F ield         | OpenFOAM: The Open Source CFD Toolbox
   \\    /   O peration     | Website:  https://openfoam.org
    \\  /    A nd           | Version:  6
     \\/     M anipulation  |
\*---------------------------------------------------------------------------*/
FoamFile
{
    version     2.0;
    format      ascii;
    class       volScalarField;
    location    "0.295";
    object      p;
}
// * * * * * * * * * * * * * * * * * * * * * * * * * * * * * * * * * * * * * //

dimensions      [0 2 -2 0 0 0 0];

internalField   nonuniform List<scalar> 
400
(
3.0707e-08
-0.000318463
-0.000621616
-0.000761766
-0.000688049
-0.000384893
0.000147334
0.000899722
0.00185465
0.00297998
0.00422176
0.0054993
0.00670668
0.00772394
0.00843926
0.00877931
0.00873955
0.00840277
0.00793916
0.00758891
0.000318067
-1.22299e-05
-0.000235538
-0.000294698
-0.000180886
0.000117377
0.000603492
0.00127302
0.00211305
0.00309723
0.00417999
0.00529285
0.00634601
0.00723819
0.00787577
0.00819885
0.00820664
0.00796736
0.00759674
0.00724666
0.000636639
0.000187396
-5.02062e-05
-8.80993e-05
3.49368e-05
0.000319659
0.00076883
0.00138149
0.00215111
0.00305937
0.00406929
0.00512018
0.00612747
0.00699105
0.0076138
0.00792897
0.00792847
0.00767129
0.00724213
0.00675573
0.000783998
0.000187087
-0.000107312
-0.000159351
-4.91085e-05
0.000213644
0.000630581
0.00120471
0.00193732
0.0028198
0.0038242
0.0048951
0.00594623
0.00686633
0.00753823
0.00787123
0.007839
0.00749391
0.00691196
0.00621597
0.000654469
-8.31464e-05
-0.000442761
-0.000522583
-0.000437332
-0.000204739
0.000177487
0.000718015
0.00142803
0.00231108
0.00335075
0.00449835
0.00566426
0.00671925
0.00751301
0.00791351
0.00786072
0.00739563
0.00659785
0.00563128
0.000165149
-0.000702463
-0.00112909
-0.00124562
-0.00119666
-0.00100575
-0.000668309
-0.000168178
0.000518257
0.00141063
0.00250957
0.00377922
0.00513065
0.00641426
0.00743353
0.00799136
0.00796705
0.00737226
0.00628996
0.00495532
-0.000754034
-0.00174355
-0.00223898
-0.00240186
-0.00240452
-0.00227559
-0.00200758
-0.00157569
-0.000941274
-6.30769e-05
0.00108624
0.00249729
0.00409597
0.0057194
0.00711489
0.00798798
0.00811013
0.00741979
0.0059779
0.00412006
-0.00216533
-0.00327189
-0.00383972
-0.00406181
-0.00413896
-0.00410641
-0.00395517
-0.00365254
-0.00314341
-0.00235876
-0.00123043
0.000282567
0.00215206
0.00422893
0.00620808
0.00766061
0.00817377
0.00752144
0.00566535
0.003061
-0.00412532
-0.00534726
-0.00599298
-0.00629039
-0.00647308
-0.00658747
-0.00662771
-0.00655751
-0.0063075
-0.00577692
-0.00484067
-0.00337282
-0.00130163
0.00129901
0.0041103
0.00654515
0.00790086
0.00762024
0.00538747
0.00175118
-0.00668438
-0.00802322
-0.00875112
-0.0091379
-0.00945925
-0.00978149
-0.0101107
-0.0104164
-0.0106237
-0.0106026
-0.0101586
-0.00904136
-0.0070035
-0.00393766
-7.50195e-05
0.00387007
0.00679908
0.00756589
0.00522816
0.000263429
-0.00988666
-0.0113475
-0.0121522
-0.0126263
-0.0131048
-0.0136875
-0.0144049
-0.0152476
-0.0161508
-0.0169685
-0.0174351
-0.0171438
-0.0155903
-0.0123459
-0.00737612
-0.00138192
0.00411677
0.00707357
0.00534667
-0.00109916
-0.0137761
-0.0153677
-0.0162169
-0.0167334
-0.0173428
-0.018196
-0.0193628
-0.0208711
-0.0226876
-0.0246709
-0.0264983
-0.0275962
-0.0271462
-0.0242661
-0.018433
-0.0100587
-0.000917966
0.00581762
0.00606254
-0.00153896
-0.0184184
-0.0201486
-0.0209493
-0.021378
-0.0220045
-0.0230513
-0.024638
-0.0268422
-0.0296782
-0.0330304
-0.0365408
-0.0394862
-0.0407274
-0.0388633
-0.0327
-0.0220159
-0.00843062
0.00384239
0.00812573
0.000690046
-0.0239591
-0.0258106
-0.026345
-0.0264081
-0.0268036
-0.0278408
-0.0296866
-0.0324667
-0.0362442
-0.0409351
-0.0461611
-0.0510778
-0.0542687
-0.0538464
-0.0478974
-0.0353121
-0.0170191
0.00227773
0.0132406
0.00880486
-0.0307602
-0.0326031
-0.0323977
-0.0315892
-0.0313397
-0.0320299
-0.0338453
-0.0369364
-0.0413927
-0.0471402
-0.0537693
-0.0603288
-0.0651789
-0.0660434
-0.060391
-0.0462062
-0.023347
0.00390108
0.0244985
0.0275928
-0.0397103
-0.041025
-0.0390798
-0.0365779
-0.035117
-0.0350387
-0.0364748
-0.0395504
-0.0443315
-0.050704
-0.0581821
-0.0656842
-0.0713663
-0.0726411
-0.0665079
-0.0502434
-0.022654
0.0131753
0.0463885
0.0628875
-0.0530077
-0.0520288
-0.0463157
-0.0409402
-0.0376261
-0.0363778
-0.0371446
-0.0399441
-0.0447445
-0.0513174
-0.0590315
-0.066619
-0.0719973
-0.0722628
-0.0639851
-0.0438781
-0.00996137
0.0361096
0.0856379
0.122891
-0.0768317
-0.0672414
-0.053897
-0.0441418
-0.0383288
-0.0356363
-0.0356373
-0.0381024
-0.0427928
-0.0492841
-0.0567397
-0.0636631
-0.0676997
-0.0655822
-0.0533351
-0.0268632
0.0169163
0.0783234
0.153121
0.225791
-0.13042
-0.0870932
-0.0575004
-0.0421865
-0.0342316
-0.0306648
-0.0305119
-0.0331701
-0.0380924
-0.0446344
-0.051785
-0.0578819
-0.0603885
-0.0557667
-0.039483
-0.00615443
0.0500593
0.134865
0.254724
0.401213
-0.255606
-0.102831
-0.0419721
-0.025661
-0.0198934
-0.0180613
-0.0195796
-0.0237766
-0.0299038
-0.0372408
-0.0447778
-0.05088
-0.0530527
-0.047779
-0.0303714
0.0054645
0.0689788
0.176402
0.354504
0.625056
)
;

boundaryField
{
    movingWall
    {
        type            zeroGradient;
    }
    fixedWalls
    {
        type            zeroGradient;
    }
    frontAndBack
    {
        type            empty;
    }
}


// ************************************************************************* //
