/*--------------------------------*- C++ -*----------------------------------*\
  =========                 |
  \\      /  F ield         | OpenFOAM: The Open Source CFD Toolbox
   \\    /   O peration     | Website:  https://openfoam.org
    \\  /    A nd           | Version:  6
     \\/     M anipulation  |
\*---------------------------------------------------------------------------*/
FoamFile
{
    version     2.0;
    format      ascii;
    class       volVectorField;
    location    "0.295";
    object      U;
}
// * * * * * * * * * * * * * * * * * * * * * * * * * * * * * * * * * * * * * //

dimensions      [0 1 -1 0 0 0 0];

internalField   nonuniform List<vector> 
400
(
(9.86006e-05 -0.000101019 0)
(-0.000183194 0.000202582 0)
(-0.0013107 0.000484571 0)
(-0.00300064 0.000647134 0)
(-0.004963 0.000714938 0)
(-0.00699408 0.000717395 0)
(-0.00894257 0.000671623 0)
(-0.0106815 0.000582961 0)
(-0.0120881 0.000448918 0)
(-0.013034 0.000265254 0)
(-0.0133911 3.27331e-05 0)
(-0.0130518 -0.000236587 0)
(-0.0119631 -0.000515018 0)
(-0.0101646 -0.000759027 0)
(-0.00781937 -0.000915376 0)
(-0.00522084 -0.000934424 0)
(-0.00276042 -0.000787901 0)
(-0.00085464 -0.000484708 0)
(0.000159346 -8.95727e-05 0)
(0.000204895 0.000192115 0)
(-0.000211385 0.000176353 0)
(-0.00163425 0.00158738 0)
(-0.00476746 0.00279718 0)
(-0.00899631 0.00352762 0)
(-0.0137648 0.00383721 0)
(-0.0186526 0.00381831 0)
(-0.0233058 0.00353361 0)
(-0.0274111 0.00300904 0)
(-0.0306718 0.00224545 0)
(-0.0327979 0.0012415 0)
(-0.0335204 2.04161e-05 0)
(-0.032633 -0.00134554 0)
(-0.0300543 -0.00271962 0)
(-0.0258977 -0.00390296 0)
(-0.0205238 -0.00466292 0)
(-0.0145484 -0.00479039 0)
(-0.00877246 -0.00417573 0)
(-0.00402957 -0.0028783 0)
(-0.00100774 -0.0011874 0)
(4.63162e-07 0.000196872 0)
(-0.000549969 0.00137133 0)
(-0.00312159 0.00480277 0)
(-0.00809161 0.00751181 0)
(-0.0144528 0.00915498 0)
(-0.0214492 0.00983493 0)
(-0.0285377 0.00971968 0)
(-0.0352439 0.00893356 0)
(-0.0411366 0.00753665 0)
(-0.0458068 0.00554548 0)
(-0.0488583 0.0029789 0)
(-0.0499262 -8.66038e-05 0)
(-0.0487288 -0.003466 0)
(-0.0451453 -0.00683412 0)
(-0.039307 -0.009732 0)
(-0.0316731 -0.0116294 0)
(-0.0230547 -0.0120512 0)
(-0.0145346 -0.0107493 0)
(-0.00727046 -0.0078641 0)
(-0.00229293 -0.0040318 0)
(-0.000246422 -0.000536033 0)
(-0.000826335 0.00335218 0)
(-0.00440782 0.0095741 0)
(-0.0110311 0.0141445 0)
(-0.0192737 0.016852 0)
(-0.0281865 0.0179171 0)
(-0.0371438 0.0176125 0)
(-0.0456038 0.0161354 0)
(-0.05307 0.0135838 0)
(-0.0590648 0.00999025 0)
(-0.063113 0.00539434 0)
(-0.0647575 -6.98679e-05 0)
(-0.0636138 -0.00608992 0)
(-0.0594614 -0.0121189 0)
(-0.0523627 -0.0173769 0)
(-0.0427844 -0.0209444 0)
(-0.0316689 -0.0219702 0)
(-0.0203788 -0.019971 0)
(-0.0104707 -0.0151297 0)
(-0.00344996 -0.00846725 0)
(-0.000421362 -0.00190404 0)
(-0.00105291 0.00597369 0)
(-0.00551519 0.0156782 0)
(-0.0136251 0.0224214 0)
(-0.0235713 0.0262977 0)
(-0.0342255 0.0277446 0)
(-0.0449048 0.027187 0)
(-0.0550392 0.0249123 0)
(-0.0641072 0.021055 0)
(-0.071594 0.01565 0)
(-0.0769573 0.00873421 0)
(-0.0796301 0.000471658 0)
(-0.0790705 -0.00872008 0)
(-0.0748658 -0.0180719 0)
(-0.066892 -0.0264373 0)
(-0.0555093 -0.0323977 0)
(-0.0417294 -0.034555 0)
(-0.0272342 -0.0320056 0)
(-0.0141426 -0.0248581 0)
(-0.0046738 -0.0145473 0)
(-0.000561835 -0.00381608 0)
(-0.00124801 0.00914716 0)
(-0.00649704 0.0229816 0)
(-0.015965 0.0322137 0)
(-0.027492 0.0373821 0)
(-0.0397937 0.0392436 0)
(-0.0521573 0.0384338 0)
(-0.0640195 0.0353536 0)
(-0.0748719 0.0301692 0)
(-0.0841912 0.0228894 0)
(-0.0913773 0.0134997 0)
(-0.0957305 0.00213107 0)
(-0.0964853 -0.0107567 0)
(-0.092923 -0.0242073 0)
(-0.0845804 -0.036675 0)
(-0.0715497 -0.0461021 0)
(-0.0547994 -0.0502839 0)
(-0.0363446 -0.0475719 0)
(-0.0190735 -0.0377567 0)
(-0.00629892 -0.0227039 0)
(-0.000734968 -0.00634524 0)
(-0.0014242 0.012817 0)
(-0.00739641 0.0313869 0)
(-0.0181283 0.0434234 0)
(-0.031146 0.0500314 0)
(-0.0450354 0.0523893 0)
(-0.0590838 0.0514091 0)
(-0.0727732 0.0476328 0)
(-0.0856489 0.0412506 0)
(-0.0972147 0.032204 0)
(-0.106831 0.020353 0)
(-0.113654 0.005694 0)
(-0.116638 -0.0113828 0)
(-0.114642 -0.0298205 0)
(-0.106688 -0.0476783 0)
(-0.0923812 -0.0621127 0)
(-0.0724375 -0.0697663 0)
(-0.0491122 -0.0677348 0)
(-0.0262357 -0.055013 0)
(-0.00875343 -0.0338041 0)
(-0.00102364 -0.00976528 0)
(-0.00158884 0.0169474 0)
(-0.00824 0.0408224 0)
(-0.0201593 0.0559684 0)
(-0.0345779 0.0641751 0)
(-0.0499742 0.0671508 0)
(-0.0656667 0.0661574 0)
(-0.0812232 0.0619111 0)
(-0.0962888 0.054619 0)
(-0.11044 0.0441051 0)
(-0.123037 0.0300096 0)
(-0.133108 0.0120576 0)
(-0.139305 -0.00959366 0)
(-0.13999 -0.0339395 0)
(-0.133509 -0.05872 0)
(-0.118726 -0.0802074 0)
(-0.095777 -0.0935107 0)
(-0.066857 -0.0937597 0)
(-0.0367217 -0.0782971 0)
(-0.0125745 -0.0492367 0)
(-0.00153827 -0.0145929 0)
(-0.00174647 0.0215133 0)
(-0.00904299 0.05123 0)
(-0.0220722 0.0697618 0)
(-0.037766 0.0797087 0)
(-0.0545056 0.0834296 0)
(-0.0716677 0.0826215 0)
(-0.0889443 0.0782166 0)
(-0.106127 0.0704357 0)
(-0.12292 0.0589357 0)
(-0.138742 0.0430353 0)
(-0.152559 0.0220324 0)
(-0.162776 -0.00435101 0)
(-0.167265 -0.0353838 0)
(-0.163628 -0.0686675 0)
(-0.149772 -0.0996229 0)
(-0.124834 -0.121535 0)
(-0.0903627 -0.126749 0)
(-0.051597 -0.109602 0)
(-0.0184414 -0.0709625 0)
(-0.0024444 -0.0216535 0)
(-0.00190467 0.0264972 0)
(-0.00982658 0.0625556 0)
(-0.0238782 0.0846867 0)
(-0.0406518 0.0964436 0)
(-0.0584252 0.100979 0)
(-0.0766506 0.100526 0)
(-0.0951723 0.0962836 0)
(-0.113966 0.0884933 0)
(-0.13292 0.0766089 0)
(-0.151597 0.0595416 0)
(-0.169018 0.0360189 0)
(-0.183492 0.00512073 0)
(-0.192573 -0.0329608 0)
(-0.193221 -0.0759898 0)
(-0.182314 -0.118792 0)
(-0.157594 -0.152824 0)
(-0.119125 -0.166967 0)
(-0.0715452 -0.150771 0)
(-0.0271893 -0.101461 0)
(-0.0040099 -0.0321844 0)
(-0.00208478 0.0319007 0)
(-0.010651 0.0747564 0)
(-0.0256375 0.10058 0)
(-0.0432048 0.114061 0)
(-0.0615012 0.119326 0)
(-0.080064 0.11926 0)
(-0.0989048 0.115388 0)
(-0.118205 0.107995 0)
(-0.13808 0.0963249 0)
(-0.158331 0.0788416 0)
(-0.178208 0.0536176 0)
(-0.19619 0.0189379 0)
(-0.209847 -0.0258032 0)
(-0.215848 -0.0789356 0)
(-0.210244 -0.135225 0)
(-0.189182 -0.184789 0)
(-0.150364 -0.212911 0)
(-0.0961485 -0.202578 0)
(-0.0396888 -0.143428 0)
(-0.00666008 -0.0479777 0)
(-0.0023411 0.0377823 0)
(-0.0116695 0.0878391 0)
(-0.0275409 0.117237 0)
(-0.0455176 0.132079 0)
(-0.0635866 0.137708 0)
(-0.0813887 0.137787 0)
(-0.0991121 0.134232 0)
(-0.117147 0.127405 0)
(-0.135861 0.116376 0)
(-0.155385 0.0991989 0)
(-0.175388 0.0733161 0)
(-0.194852 0.0361798 0)
(-0.211837 -0.0137921 0)
(-0.223296 -0.0759292 0)
(-0.224991 -0.145728 0)
(-0.211701 -0.213043 0)
(-0.178219 -0.260398 0)
(-0.122824 -0.263327 0)
(-0.0563696 -0.198926 0)
(-0.010982 -0.071491 0)
(-0.00279583 0.0443402 0)
(-0.0132141 0.10194 0)
(-0.0300169 0.134434 0)
(-0.0479139 0.149837 0)
(-0.0647361 0.155043 0)
(-0.0803001 0.154631 0)
(-0.0950017 0.150945 0)
(-0.109438 0.144468 0)
(-0.12424 0.134173 0)
(-0.139924 0.117835 0)
(-0.15674 0.0924209 0)
(-0.174465 0.0546745 0)
(-0.192134 0.00201734 0)
(-0.207659 -0.0662192 0)
(-0.217351 -0.147136 0)
(-0.215396 -0.23189 0)
(-0.193909 -0.302265 0)
(-0.145934 -0.327357 0)
(-0.0761978 -0.267625 0)
(-0.0175455 -0.105664 0)
(-0.00370494 0.0520742 0)
(-0.0159298 0.117449 0)
(-0.0338524 0.151944 0)
(-0.0510089 0.166461 0)
(-0.065223 0.169922 0)
(-0.0766951 0.167922 0)
(-0.0861249 0.163224 0)
(-0.0943399 0.15645 0)
(-0.102231 0.146578 0)
(-0.110714 0.131297 0)
(-0.120668 0.107359 0)
(-0.132817 0.0710839 0)
(-0.147462 0.01909 0)
(-0.164035 -0.0507114 0)
(-0.18032 -0.137681 0)
(-0.191212 -0.235933 0)
(-0.187414 -0.329505 0)
(-0.156967 -0.384612 0)
(-0.0953643 -0.34445 0)
(-0.0263637 -0.15305 0)
(-0.00558157 0.0620909 0)
(-0.0209763 0.135154 0)
(-0.0402594 0.169458 0)
(-0.0555481 0.180731 0)
(-0.0651857 0.180538 0)
(-0.0702188 0.17546 0)
(-0.0718533 0.168553 0)
(-0.0712119 0.160537 0)
(-0.0694424 0.150467 0)
(-0.0678044 0.136131 0)
(-0.0677278 0.114365 0)
(-0.0707879 0.081433 0)
(-0.0785345 0.0335391 0)
(-0.0921007 -0.032528 0)
(-0.111416 -0.118471 0)
(-0.133564 -0.222488 0)
(-0.150111 -0.334105 0)
(-0.14611 -0.422531 0)
(-0.106641 -0.418545 0)
(-0.0358732 -0.214332 0)
(-0.00939691 0.0767288 0)
(-0.03024 0.156323 0)
(-0.0505681 0.186246 0)
(-0.0614282 0.190696 0)
(-0.0631249 0.184421 0)
(-0.0583949 0.174624 0)
(-0.0492379 0.164325 0)
(-0.0371499 0.154171 0)
(-0.0235033 0.143279 0)
(-0.00977315 0.129649 0)
(0.00228255 0.110429 0)
(0.0105309 0.0821724 0)
(0.0125096 0.041152 0)
(0.00565201 -0.0163372 0)
(-0.0121811 -0.0936781 0)
(-0.0412702 -0.193099 0)
(-0.076707 -0.311935 0)
(-0.104369 -0.429491 0)
(-0.100286 -0.47501 0)
(-0.0415714 -0.286937 0)
(-0.0167525 0.101003 0)
(-0.0459915 0.182144 0)
(-0.0639647 0.199659 0)
(-0.0636518 0.192213 0)
(-0.0508476 0.177307 0)
(-0.0310801 0.16162 0)
(-0.00724821 0.147426 0)
(0.0188804 0.134938 0)
(0.0459044 0.123181 0)
(0.0724061 0.110368 0)
(0.0966484 0.0940879 0)
(0.116362 0.0714487 0)
(0.128659 0.039235 0)
(0.130082 -0.00601074 0)
(0.116819 -0.068158 0)
(0.0854546 -0.152 0)
(0.0355404 -0.262761 0)
(-0.0245128 -0.396162 0)
(-0.0659105 -0.495934 0)
(-0.0349452 -0.361986 0)
(-0.0289636 0.144901 0)
(-0.0664699 0.209172 0)
(-0.0657612 0.198074 0)
(-0.0374547 0.173533 0)
(0.00125761 0.149894 0)
(0.0429665 0.12973 0)
(0.0851087 0.113385 0)
(0.126482 0.100229 0)
(0.16629 0.0890349 0)
(0.203702 0.0782139 0)
(0.237481 0.0658924 0)
(0.265696 0.049943 0)
(0.285542 0.028027 0)
(0.293255 -0.00242828 0)
(0.284077 -0.0445554 0)
(0.252392 -0.103295 0)
(0.19241 -0.188521 0)
(0.102395 -0.314306 0)
(0.0086428 -0.456074 0)
(-0.00171431 -0.411681 0)
(-0.0318053 0.214219 0)
(-0.0476901 0.213543 0)
(0.0217531 0.156858 0)
(0.102004 0.120111 0)
(0.173647 0.0953284 0)
(0.236575 0.0769858 0)
(0.292521 0.063358 0)
(0.342576 0.0532467 0)
(0.38747 0.0453919 0)
(0.427533 0.0385579 0)
(0.462437 0.0315346 0)
(0.490977 0.0230888 0)
(0.510918 0.0119455 0)
(0.51887 -0.00324888 0)
(0.510043 -0.0241459 0)
(0.477919 -0.0536123 0)
(0.413156 -0.0994288 0)
(0.302139 -0.184867 0)
(0.15433 -0.324645 0)
(0.0912657 -0.3689 0)
(0.260467 0.131819 0)
(0.320265 0.116441 0)
(0.43991 0.0780451 0)
(0.539521 0.0533419 0)
(0.608918 0.0380083 0)
(0.659735 0.0277202 0)
(0.699658 0.0206588 0)
(0.732187 0.0158141 0)
(0.759202 0.0124063 0)
(0.781772 0.00980944 0)
(0.800208 0.00751112 0)
(0.814049 0.00506537 0)
(0.822062 0.0020661 0)
(0.822255 -0.00187123 0)
(0.811689 -0.00716422 0)
(0.786095 -0.0145292 0)
(0.737512 -0.0259777 0)
(0.651055 -0.0483938 0)
(0.489333 -0.103434 0)
(0.35772 -0.149608 0)
)
;

boundaryField
{
    movingWall
    {
        type            fixedValue;
        value           uniform (1 0 0);
    }
    fixedWalls
    {
        type            noSlip;
    }
    frontAndBack
    {
        type            empty;
    }
}


// ************************************************************************* //
