/*--------------------------------*- C++ -*----------------------------------*\
  =========                 |
  \\      /  F ield         | OpenFOAM: The Open Source CFD Toolbox
   \\    /   O peration     | Website:  https://openfoam.org
    \\  /    A nd           | Version:  6
     \\/     M anipulation  |
\*---------------------------------------------------------------------------*/
FoamFile
{
    version     2.0;
    format      ascii;
    class       volScalarField;
    location    "0.24";
    object      p;
}
// * * * * * * * * * * * * * * * * * * * * * * * * * * * * * * * * * * * * * //

dimensions      [0 2 -2 0 0 0 0];

internalField   nonuniform List<scalar> 
400
(
-5.60773e-08
-0.000298017
-0.000569205
-0.000674935
-0.000569453
-0.000240642
0.000307922
0.00106431
0.00200896
0.00311048
0.00431984
0.00556633
0.00675804
0.00778973
0.00855935
0.00899232
0.00906836
0.00884153
0.00844736
0.00810681
0.000297364
-1.10028e-05
-0.000208832
-0.000242549
-0.00010447
0.000215359
0.000718449
0.00139825
0.00224017
0.00321793
0.00428906
0.00539203
0.0064473
0.0073646
0.00805755
0.00846481
0.00857281
0.00842741
0.00811661
0.00777368
0.00058219
0.000165198
-4.62995e-05
-6.22634e-05
8.21759e-05
0.000388269
0.000857903
0.00148822
0.00227039
0.00318479
0.00419564
0.00524729
0.00626415
0.00715694
0.00783683
0.00823741
0.00833963
0.00818149
0.00782063
0.00735105
0.000696619
0.000146786
-0.000116729
-0.000146332
-1.33991e-05
0.000274602
0.000719089
0.00132083
0.00207756
0.0029773
0.0039911
0.005067
0.0061276
0.0070745
0.00780266
0.00822593
0.00830946
0.00808393
0.00759589
0.00694286
0.000549974
-0.000125108
-0.00044762
-0.000501902
-0.000388941
-0.000122601
0.000299458
0.000882961
0.00163368
0.00254905
0.00360845
0.00476406
0.00593461
0.00700653
0.00784781
0.00833861
0.00841586
0.00809916
0.00743551
0.00655581
7.42913e-05
-0.000717408
-0.00110037
-0.00118549
-0.00109904
-0.000859352
-0.000461643
0.000106392
0.000860683
0.00181094
0.00294855
0.00423346
0.00558222
0.00686287
0.00790549
0.00853793
0.00864813
0.00823115
0.00733545
0.0061515
-0.000786829
-0.00169156
-0.002137
-0.00225907
-0.00220795
-0.00200576
-0.00164442
-0.00110362
-0.000354784
0.000628441
0.00185626
0.00330526
0.00489837
0.00648825
0.00785768
0.00875677
0.00898845
0.00849007
0.00729241
0.00567003
-0.00208521
-0.0031049
-0.003617
-0.00378438
-0.00378298
-0.00363984
-0.00334407
-0.00286695
-0.00216511
-0.00119024
9.70715e-05
0.00170657
0.00358825
0.00559662
0.00746694
0.00884103
0.00937731
0.00888534
0.00731769
0.00505033
-0.00387278
-0.00501457
-0.00559981
-0.0058236
-0.00589326
-0.00584449
-0.00566629
-0.00532346
-0.00475795
-0.00389524
-0.00265427
-0.000967029
0.00118246
0.00369475
0.00628395
0.00846065
0.00965194
0.00940649
0.00745508
0.00425813
-0.00620384
-0.00747967
-0.00814423
-0.00843464
-0.00860038
-0.00869296
-0.00870726
-0.00860756
-0.00832615
-0.00776321
-0.00678604
-0.00523803
-0.00297789
2.59317e-05
0.00354715
0.00698428
0.00943568
0.00996795
0.00779543
0.00333637
-0.0091377
-0.0105639
-0.0113065
-0.0116622
-0.0119412
-0.0122221
-0.0125155
-0.012796
-0.0129987
-0.013009
-0.0126423
-0.0116275
-0.00962689
-0.00635124
-0.0018068
0.0034107
0.00802687
0.0103268
0.00848762
0.00251304
-0.0127466
-0.0143426
-0.0151391
-0.0155251
-0.0159032
-0.0163946
-0.017037
-0.0178302
-0.0187313
-0.019632
-0.0203115
-0.0203756
-0.0192304
-0.0161887
-0.0108072
-0.00341349
0.00446866
0.0100702
0.00977981
0.00243744
-0.0171377
-0.0189193
-0.0196909
-0.0200009
-0.0203955
-0.0210558
-0.0220556
-0.023433
-0.0251866
-0.0272409
-0.0293656
-0.0310584
-0.0314489
-0.0293548
-0.0236586
-0.0140483
-0.00191513
0.00889938
0.0122198
0.0046331
-0.0225081
-0.0244611
-0.0250116
-0.0250074
-0.0252206
-0.0259014
-0.0271578
-0.0290681
-0.0316826
-0.0349741
-0.038725
-0.0423525
-0.0447352
-0.0441922
-0.0388256
-0.0273606
-0.0104843
0.00736279
0.0171565
0.012096
-0.0292752
-0.0312657
-0.0311498
-0.0303758
-0.0300506
-0.030472
-0.0317537
-0.033998
-0.0372938
-0.0416524
-0.0468635
-0.0522751
-0.0565587
-0.0576149
-0.0528387
-0.0399152
-0.0183577
0.00773994
0.0273272
0.0295333
-0.0383735
-0.0398708
-0.0381164
-0.0357958
-0.0344075
-0.0341816
-0.0351681
-0.03745
-0.0411143
-0.0461656
-0.052355
-0.0589304
-0.0643683
-0.0662363
-0.0613942
-0.0466944
-0.0204379
0.0145492
0.0471756
0.0629216
-0.0520068
-0.0512278
-0.0458189
-0.0407843
-0.0376913
-0.0364068
-0.0367956
-0.0388458
-0.0425716
-0.0478935
-0.0544439
-0.0612978
-0.0666928
-0.0678715
-0.0612466
-0.0430589
-0.0107057
0.0345805
0.0839052
0.120815
-0.0762487
-0.0668502
-0.0538988
-0.0446072
-0.0391188
-0.0364602
-0.0361252
-0.0378713
-0.0415271
-0.046836
-0.0532313
-0.0595493
-0.0637371
-0.0626662
-0.0522203
-0.0278608
0.0141215
0.0745819
0.149283
0.22197
-0.130075
-0.0869162
-0.0577653
-0.0429875
-0.0354168
-0.0319284
-0.0314787
-0.0334658
-0.0374215
-0.0428715
-0.0490603
-0.0546277
-0.0573046
-0.0536756
-0.0390921
-0.00779356
0.046607
0.130329
0.24997
0.39659
-0.255212
-0.102598
-0.0422074
-0.0264789
-0.0211482
-0.0194505
-0.0207364
-0.0243386
-0.0295861
-0.0359175
-0.0425567
-0.0481405
-0.0504139
-0.0459757
-0.0300509
0.00396788
0.0657972
0.172128
0.349894
0.620525
)
;

boundaryField
{
    movingWall
    {
        type            zeroGradient;
    }
    fixedWalls
    {
        type            zeroGradient;
    }
    frontAndBack
    {
        type            empty;
    }
}


// ************************************************************************* //
