/*--------------------------------*- C++ -*----------------------------------*\
  =========                 |
  \\      /  F ield         | OpenFOAM: The Open Source CFD Toolbox
   \\    /   O peration     | Website:  https://openfoam.org
    \\  /    A nd           | Version:  6
     \\/     M anipulation  |
\*---------------------------------------------------------------------------*/
FoamFile
{
    version     2.0;
    format      ascii;
    class       surfaceScalarField;
    location    "0.025";
    object      phi;
}
// * * * * * * * * * * * * * * * * * * * * * * * * * * * * * * * * * * * * * //

dimensions      [0 3 -1 0 0 0 0];

internalField   nonuniform List<scalar> 
760
(
1.44827e-08
-1.45334e-08
-2.0817e-08
3.53008e-08
-1.11698e-07
9.0881e-08
-2.42077e-07
1.30378e-07
-3.92117e-07
1.5004e-07
-5.42765e-07
1.50649e-07
-6.77564e-07
1.34798e-07
-7.8346e-07
1.05896e-07
-8.51054e-07
6.75936e-08
-8.74622e-07
2.35684e-08
-8.52117e-07
-2.25043e-08
-7.8521e-07
-6.69062e-08
-6.79385e-07
-1.05825e-07
-5.44034e-07
-1.35351e-07
-3.92448e-07
-1.51586e-07
-2.41494e-07
-1.50953e-07
-1.10633e-07
-1.30861e-07
-1.98924e-08
-9.0741e-08
1.48611e-08
-3.47533e-08
1.48613e-08
-3.27082e-08
1.81738e-08
-1.75836e-07
1.78428e-07
-4.26221e-07
3.41267e-07
-7.54001e-07
4.58159e-07
-1.11957e-06
5.15606e-07
-1.48228e-06
5.13364e-07
-1.80542e-06
4.57931e-07
-2.05886e-06
3.59341e-07
-2.22047e-06
2.29199e-07
-2.27661e-06
7.97154e-08
-2.22248e-06
-7.66397e-08
-2.06219e-06
-2.27195e-07
-1.80892e-06
-3.59092e-07
-1.4848e-06
-4.59471e-07
-1.12036e-06
-5.16029e-07
-7.53057e-07
-5.18257e-07
-4.24278e-07
-4.5964e-07
-1.7402e-07
-3.40998e-07
-3.1875e-08
-1.76899e-07
-1.70135e-08
-8.9542e-08
1.07716e-07
-3.49513e-07
4.38398e-07
-7.52349e-07
7.44104e-07
-1.25238e-06
9.58191e-07
-1.79522e-06
1.05845e-06
-2.32595e-06
1.04409e-06
-2.7948e-06
9.26784e-07
-3.16075e-06
7.25295e-07
-3.39346e-06
4.61905e-07
-3.47421e-06
1.60462e-07
-3.39637e-06
-1.54475e-07
-3.16565e-06
-4.57911e-07
-2.80015e-06
-7.2459e-07
-2.33014e-06
-9.29486e-07
-1.79713e-06
-1.04904e-06
-1.25182e-06
-1.06356e-06
-7.50168e-07
-9.61296e-07
-3.47191e-07
-7.43975e-07
-8.83782e-08
-4.35712e-07
-1.05391e-07
-1.41545e-07
2.49263e-07
-5.16082e-07
8.12934e-07
-1.06723e-06
1.29525e-06
-1.72932e-06
1.62028e-06
-2.43281e-06
1.76194e-06
-3.11075e-06
1.72204e-06
-3.70391e-06
1.51994e-06
-4.16401e-06
1.1854e-06
-4.45561e-06
7.53506e-07
-4.55692e-06
2.61763e-07
-4.46017e-06
-2.51226e-07
-4.17188e-06
-7.46198e-07
-3.71298e-06
-1.18349e-06
-3.11871e-06
-1.52376e-06
-2.43783e-06
-1.72991e-06
-1.73077e-06
-1.77062e-06
-1.06587e-06
-1.6262e-06
-5.13752e-07
-1.2961e-06
-1.40157e-07
-8.09306e-07
-2.45548e-07
-1.89566e-07
4.38828e-07
-6.75828e-07
1.2992e-06
-1.37313e-06
1.99255e-06
-2.19312e-06
2.44027e-06
-3.04971e-06
2.61853e-06
-3.86441e-06
2.53674e-06
-4.57027e-06
2.2258e-06
-5.11416e-06
1.72929e-06
-5.45772e-06
1.09707e-06
-5.57756e-06
3.81609e-07
-5.46529e-06
-3.63504e-07
-5.12756e-06
-1.08392e-06
-4.58647e-06
-1.72457e-06
-3.8799e-06
-2.23034e-06
-3.06147e-06
-2.54834e-06
-2.19956e-06
-2.63253e-06
-1.37462e-06
-2.45114e-06
-6.7449e-07
-1.99622e-06
-1.88207e-07
-1.29559e-06
-4.33755e-07
-2.36505e-07
6.75333e-07
-8.34652e-07
1.89734e-06
-1.67881e-06
2.83671e-06
-2.65577e-06
3.41722e-06
-3.66154e-06
3.6243e-06
-4.60626e-06
3.48145e-06
-5.41666e-06
3.0362e-06
-6.03673e-06
2.34937e-06
-6.42717e-06
1.4875e-06
-6.56436e-06
5.18796e-07
-6.43964e-06
-4.88218e-07
-6.05922e-06
-1.46434e-06
-5.44479e-06
-2.33901e-06
-4.63472e-06
-3.04041e-06
-3.68537e-06
-3.49768e-06
-2.67173e-06
-3.64618e-06
-1.68634e-06
-3.43652e-06
-8.36016e-07
-2.84655e-06
-2.35669e-07
-1.89594e-06
-6.69424e-07
-2.85328e-07
9.60661e-07
-9.99348e-07
2.61136e-06
-1.99368e-06
3.83104e-06
-3.12764e-06
4.55119e-06
-4.2783e-06
4.77496e-06
-5.34502e-06
4.54817e-06
-6.25017e-06
3.94134e-06
-6.93735e-06
3.03655e-06
-7.36861e-06
1.91877e-06
-7.5217e-06
6.71883e-07
-7.38822e-06
-6.21699e-07
-6.97318e-06
-1.87938e-06
-6.29608e-06
-3.01612e-06
-5.39324e-06
-3.94324e-06
-4.32111e-06
-4.56981e-06
-3.15922e-06
-4.80806e-06
-2.01177e-06
-4.58398e-06
-1.00595e-06
-3.85237e-06
-2.85803e-07
-2.61608e-06
-9.55227e-07
-3.38794e-07
1.29946e-06
-1.17626e-06
3.44883e-06
-2.32545e-06
4.98024e-06
-3.61467e-06
5.84041e-06
-4.90136e-06
6.06165e-06
-6.07593e-06
5.72275e-06
-7.05966e-06
4.92507e-06
-7.79944e-06
3.77632e-06
-8.26186e-06
2.38119e-06
-8.42814e-06
8.38162e-07
-8.29085e-06
-7.58989e-07
-7.853e-06
-2.31723e-06
-7.12957e-06
-3.73954e-06
-6.15145e-06
-4.92137e-06
-4.97115e-06
-5.75011e-06
-3.66931e-06
-6.10991e-06
-2.35987e-06
-5.89341e-06
-1.19149e-06
-5.02076e-06
-3.41697e-07
-3.46587e-06
-1.29692e-06
-3.99615e-07
1.69907e-06
-1.37107e-06
4.42028e-06
-2.67916e-06
6.28833e-06
-4.11631e-06
7.27756e-06
-5.52061e-06
7.46595e-06
-6.77738e-06
6.97951e-06
-7.81216e-06
5.95985e-06
-8.58058e-06
4.54474e-06
-9.05821e-06
2.85882e-06
-9.23259e-06
1.01255e-06
-9.0983e-06
-8.93279e-07
-8.65539e-06
-2.76014e-06
-7.91144e-06
-4.48349e-06
-6.88721e-06
-5.9456e-06
-5.62547e-06
-7.01185e-06
-4.20204e-06
-7.53334e-06
-2.73658e-06
-7.35887e-06
-1.39912e-06
-6.35822e-06
-4.06411e-07
-4.45858e-06
-1.70334e-06
-4.71021e-07
2.17009e-06
-1.58941e-06
5.53867e-06
-3.0567e-06
7.75561e-06
-4.62355e-06
8.84441e-06
-6.11102e-06
8.95343e-06
-7.4063e-06
8.27479e-06
-8.44765e-06
7.0012e-06
-9.20706e-06
5.30415e-06
-9.67492e-06
3.32668e-06
-9.84877e-06
1.1864e-06
-9.72653e-06
-1.01553e-06
-9.3043e-06
-3.18236e-06
-8.57886e-06
-5.20893e-06
-7.55485e-06
-6.9696e-06
-6.25717e-06
-8.30953e-06
-4.74767e-06
-9.04284e-06
-3.14397e-06
-8.96256e-06
-1.635e-06
-7.8672e-06
-4.83508e-07
-5.61007e-06
-2.18684e-06
-5.57799e-07
2.72789e-06
-1.83794e-06
6.81881e-06
-3.45625e-06
9.37392e-06
-5.1158e-06
1.0504e-05
-6.62721e-06
1.04648e-05
-7.89151e-06
9.53909e-06
-8.87195e-06
7.98164e-06
-9.56688e-06
5.99908e-06
-9.98851e-06
3.74831e-06
-1.01485e-05
1.34636e-06
-1.00496e-05
-1.11436e-06
-9.68338e-06
-3.54862e-06
-9.03209e-06
-5.86023e-06
-8.07749e-06
-7.92419e-06
-6.81612e-06
-9.57091e-06
-5.28251e-06
-1.05765e-05
-3.57894e-06
-1.06661e-05
-1.90575e-06
-9.54038e-06
-5.78032e-07
-6.93779e-06
-2.76488e-06
-6.68007e-07
3.3959e-06
-2.12546e-06
8.27627e-06
-3.87001e-06
1.11185e-05
-5.55468e-06
1.21886e-05
-6.99452e-06
1.19047e-05
-8.12374e-06
1.06683e-05
-8.94722e-06
8.80512e-06
-9.50137e-06
6.55324e-06
-9.8273e-06
4.07424e-06
-9.9545e-06
1.47357e-06
-9.89239e-06
-1.17648e-06
-9.62727e-06
-3.81373e-06
-9.12442e-06
-6.36308e-06
-8.33614e-06
-8.71247e-06
-7.21871e-06
-1.06883e-05
-5.76149e-06
-1.20337e-05
-4.03002e-06
-1.23976e-05
-2.21912e-06
-1.13513e-05
-6.98132e-07
-8.45878e-06
-3.46301e-06
-8.15759e-07
4.21166e-06
-2.46316e-06
9.92368e-06
-4.27759e-06
1.29329e-05
-5.87118e-06
1.37822e-05
-7.09336e-06
1.31269e-05
-7.9406e-06
1.15156e-05
-8.47966e-06
9.34417e-06
-8.79614e-06
6.86972e-06
-8.96496e-06
4.24305e-06
-9.03532e-06
1.54393e-06
-9.02404e-06
-1.18777e-06
-8.91303e-06
-3.92473e-06
-8.65012e-06
-6.62599e-06
-8.15446e-06
-9.20813e-06
-7.3314e-06
-1.15114e-05
-6.104e-06
-1.32611e-05
-4.46943e-06
-1.40322e-05
-2.58336e-06
-1.32373e-05
-8.57669e-07
-1.01845e-05
-4.32068e-06
-1.02512e-06
5.23678e-06
-2.86027e-06
1.17588e-05
-4.62833e-06
1.4701e-05
-5.93955e-06
1.50934e-05
-6.73229e-06
1.39196e-05
-7.10452e-06
1.18878e-05
-7.20459e-06
9.44424e-06
-7.17305e-06
6.83818e-06
-7.11741e-06
4.18741e-06
-7.104e-06
1.53052e-06
-7.15625e-06
-1.13551e-06
-7.2539e-06
-3.82708e-06
-7.33152e-06
-6.54837e-06
-7.27817e-06
-9.26149e-06
-6.94416e-06
-1.18454e-05
-6.1669e-06
-1.40383e-05
-4.83377e-06
-1.53653e-05
-3.00162e-06
-1.50695e-05
-1.07973e-06
-1.21064e-05
-5.40041e-06
-1.3323e-06
6.56907e-06
-3.304e-06
1.37305e-05
-4.79776e-06
1.61947e-05
-5.5258e-06
1.58215e-05
-5.60326e-06
1.39971e-05
-5.27207e-06
1.15566e-05
-4.77091e-06
8.94309e-06
-4.28697e-06
6.35423e-06
-3.94764e-06
3.84808e-06
-3.82651e-06
1.40939e-06
-3.95011e-06
-1.01191e-06
-4.3e-06
-3.4772e-06
-4.80849e-06
-6.03987e-06
-5.34942e-06
-8.72056e-06
-5.72939e-06
-1.14654e-05
-5.69423e-06
-1.40735e-05
-4.97929e-06
-1.60803e-05
-3.44973e-06
-1.65991e-05
-1.39783e-06
-1.41583e-05
-6.79824e-06
-1.7705e-06
8.33957e-06
-3.69038e-06
1.56504e-05
-4.48649e-06
1.69908e-05
-4.19239e-06
1.55274e-05
-3.21386e-06
1.30185e-05
-1.95802e-06
1.03008e-05
-7.31587e-07
7.71666e-06
2.65289e-07
5.35736e-06
9.14476e-07
3.1989e-06
1.15391e-06
1.16996e-06
9.60822e-07
-8.18817e-07
3.46338e-07
-2.86271e-06
-6.37952e-07
-5.05558e-06
-1.88121e-06
-7.47731e-06
-3.18389e-06
-1.01627e-05
-4.22843e-06
-1.30289e-05
-4.58214e-06
-1.57266e-05
-3.80408e-06
-1.73771e-05
-1.83817e-06
-1.61242e-05
-8.63642e-06
-2.29088e-06
1.06305e-05
-3.6295e-06
1.6989e-05
-3.00608e-06
1.63674e-05
-1.13842e-06
1.36597e-05
1.20019e-06
1.06799e-05
3.49267e-06
8.00827e-06
5.44539e-06
5.76394e-06
6.91221e-06
3.89055e-06
7.82877e-06
2.28234e-06
8.1693e-06
8.29422e-07
7.92378e-06
-5.73293e-07
7.09066e-06
-2.0296e-06
5.68359e-06
-3.64851e-06
3.75457e-06
-5.54828e-06
1.43985e-06
-7.84803e-06
-9.6803e-07
-1.06211e-05
-2.93509e-06
-1.37595e-05
-3.64767e-06
-1.66645e-05
-2.33593e-06
-1.74359e-05
-1.09723e-05
-2.50842e-06
1.31389e-05
-1.966e-06
1.64466e-05
1.13466e-06
1.32668e-05
5.03521e-06
9.75918e-06
8.75706e-06
6.95806e-06
1.18944e-05
4.87094e-06
1.43227e-05
3.33565e-06
1.60377e-05
2.17557e-06
1.70716e-05
1.24836e-06
1.74537e-05
4.4732e-07
1.71931e-05
-3.12696e-07
1.62739e-05
-1.1104e-06
1.46582e-05
-2.03278e-06
1.23011e-05
-3.19113e-06
9.19026e-06
-4.73722e-06
5.43399e-06
-6.86479e-06
1.4335e-06
-9.75899e-06
-1.8099e-06
-1.34211e-05
-2.4791e-06
-1.67667e-05
-1.34514e-05
-6.05645e-07
1.37445e-05
4.57741e-06
1.12636e-05
1.09904e-05
6.85375e-06
1.65562e-05
4.1934e-06
2.08848e-05
2.62946e-06
2.40795e-05
1.67618e-06
2.63412e-05
1.07399e-06
2.78471e-05
6.6963e-07
2.87227e-05
3.72789e-07
2.90406e-05
1.29466e-07
2.88246e-05
-9.67503e-08
2.80513e-05
-3.37131e-07
2.66466e-05
-6.2808e-07
2.44795e-05
-1.02395e-06
2.13593e-05
-1.61709e-06
1.70629e-05
-2.56835e-06
1.146e-05
-4.15611e-06
4.9267e-06
-6.88785e-06
-4.43023e-07
-1.1397e-05
-1.38945e-05
1.37445e-05
2.50081e-05
3.18618e-05
3.60552e-05
3.86847e-05
4.03609e-05
4.14349e-05
4.21045e-05
4.24773e-05
4.26067e-05
4.251e-05
4.21729e-05
4.15448e-05
4.05208e-05
3.89037e-05
3.63354e-05
3.21793e-05
2.52914e-05
1.38945e-05
)
;

boundaryField
{
    movingWall
    {
        type            calculated;
        value           uniform 0;
    }
    fixedWalls
    {
        type            calculated;
        value           uniform 0;
    }
    frontAndBack
    {
        type            empty;
        value           nonuniform 0();
    }
}


// ************************************************************************* //
