/*--------------------------------*- C++ -*----------------------------------*\
  =========                 |
  \\      /  F ield         | OpenFOAM: The Open Source CFD Toolbox
   \\    /   O peration     | Website:  https://openfoam.org
    \\  /    A nd           | Version:  6
     \\/     M anipulation  |
\*---------------------------------------------------------------------------*/
FoamFile
{
    version     2.0;
    format      ascii;
    class       volScalarField;
    location    "0.055";
    object      p;
}
// * * * * * * * * * * * * * * * * * * * * * * * * * * * * * * * * * * * * * //

dimensions      [0 2 -2 0 0 0 0];

internalField   nonuniform List<scalar> 
400
(
1.75509e-05
-0.0347912
-0.0781444
-0.111599
-0.124129
-0.110788
-0.0712048
-0.008305
0.0727357
0.165281
0.261854
0.354668
0.436144
0.499485
0.53935
0.552713
0.539959
0.506175
0.462597
0.427791
0.0345242
-0.00124234
-0.0352701
-0.0583491
-0.0650346
-0.0518488
-0.0183452
0.0333637
0.0993502
0.17445
0.252754
0.328082
0.394441
0.446531
0.480283
0.493499
0.486633
0.463271
0.429048
0.39332
0.0803849
0.0308313
-0.00599639
-0.0272982
-0.0327406
-0.0204157
0.00964194
0.0553821
0.11336
0.17915
0.247709
0.313756
0.372159
0.418342
0.448705
0.461094
0.455466
0.433837
0.396758
0.347235
0.122663
0.0540961
0.00828603
-0.0160146
-0.0226514
-0.0111055
0.0178695
0.0618464
0.117355
0.180187
0.245645
0.308824
0.364916
0.409524
0.43897
0.450679
0.443862
0.419147
0.372953
0.304328
0.151622
0.0629346
0.00635535
-0.0222323
-0.0302503
-0.0184159
0.0117217
0.0571602
0.11415
0.178425
0.245356
0.310129
0.36797
0.414366
0.445283
0.457496
0.449365
0.420276
0.363114
0.274167
0.16029
0.0510358
-0.0167882
-0.0495382
-0.0579088
-0.0437978
-0.00963168
0.0408557
0.103446
0.173623
0.246621
0.317521
0.381373
0.433329
0.468784
0.483666
0.475373
0.442073
0.373404
0.26353
0.14262
0.0121358
-0.0667584
-0.102482
-0.109078
-0.0897324
-0.0478967
0.0117995
0.0845182
0.165355
0.249289
0.331175
0.405752
0.467683
0.511599
0.532375
0.52625
0.490027
0.409975
0.278302
0.0921329
-0.0606404
-0.149835
-0.1862
-0.187655
-0.158996
-0.104953
-0.0312365
0.05658
0.153146
0.25316
0.351229
0.441747
0.518802
0.576109
0.607247
0.606979
0.570358
0.479675
0.32489
0.000814406
-0.175703
-0.273657
-0.306894
-0.298291
-0.254855
-0.182968
-0.0896345
0.0187694
0.136484
0.258023
0.377853
0.49011
0.588322
0.665178
0.712686
0.723673
0.690751
0.591034
0.411404
-0.141962
-0.343929
-0.447799
-0.472034
-0.446319
-0.380826
-0.284099
-0.164653
-0.0296429
0.114937
0.263666
0.411155
0.551526
0.677913
0.781966
0.853839
0.883817
0.860991
0.755269
0.548829
-0.350879
-0.579888
-0.684417
-0.690438
-0.637456
-0.540192
-0.40997
-0.256959
-0.0889051
0.088341
0.2699
0.45103
0.626325
0.788906
0.929559
1.03639
1.09642
1.09367
0.987601
0.752599
-0.647127
-0.903682
-0.999044
-0.972199
-0.877214
-0.735213
-0.560884
-0.365964
-0.158305
0.0570762
0.276609
0.496993
0.714088
0.921727
1.11035
1.26608
1.37202
1.40508
1.30921
1.04521
-1.06307
-1.34387
-1.41145
-1.32818
-1.16977
-0.965836
-0.734659
-0.488916
-0.235543
0.022402
0.283794
0.54792
0.813083
1.07504
1.325
1.54778
1.72231
1.81612
1.75026
1.46113
-1.65198
-1.94222
-1.94612
-1.76838
-1.51565
-1.22753
-0.924908
-0.619674
-0.315973
-0.0131852
0.291556
0.601626
0.91938
1.24434
1.57051
1.88335
2.15861
2.35291
2.3548
2.05681
-2.50792
-2.76062
-2.63058
-2.29739
-1.90715
-1.5076
-1.1185
-0.747161
-0.391792
-0.0456915
0.299889
0.654144
1.02543
1.41958
1.83677
2.26718
2.68743
3.04509
3.1877
2.93104
-3.80002
-3.88706
-3.48935
-2.90667
-2.32193
-1.78093
-1.29323
-0.854358
-0.451795
-0.0697909
0.308241
0.698955
1.1187
1.58266
2.10224
2.67991
3.30279
3.91969
4.34028
4.25901
-5.83245
-5.43571
-4.53243
-3.56807
-2.7203
-2.00973
-1.41903
-0.920091
-0.48306
-0.0799953
0.315012
0.72707
1.182
1.7075
2.33287
3.08518
3.97938
4.98926
5.92968
6.35123
-9.28487
-7.55096
-5.69686
-4.18851
-3.01863
-2.12956
-1.45169
-0.916893
-0.470842
-0.071539
0.315982
0.724461
1.18888
1.75125
2.46589
3.40102
4.62562
6.19288
8.10495
9.89567
-15.9314
-10.3233
-6.56605
-4.38392
-2.94828
-1.96849
-1.28693
-0.785241
-0.385457
-0.0364846
0.299961
0.658466
1.07736
1.60782
2.32802
3.35757
4.85666
7.11561
10.9622
16.6723
-27.0777
-12.99
-6.27686
-3.58849
-2.19642
-1.36866
-0.848503
-0.489854
-0.212792
0.0269845
0.259102
0.509297
0.807147
1.19677
1.75777
2.63773
4.10084
6.88632
13.7135
27.916
)
;

boundaryField
{
    movingWall
    {
        type            zeroGradient;
    }
    fixedWalls
    {
        type            zeroGradient;
    }
    frontAndBack
    {
        type            empty;
    }
}


// ************************************************************************* //
