/*--------------------------------*- C++ -*----------------------------------*\
  =========                 |
  \\      /  F ield         | OpenFOAM: The Open Source CFD Toolbox
   \\    /   O peration     | Website:  https://openfoam.org
    \\  /    A nd           | Version:  6
     \\/     M anipulation  |
\*---------------------------------------------------------------------------*/
FoamFile
{
    version     2.0;
    format      ascii;
    class       volScalarField;
    location    "0.085";
    object      p;
}
// * * * * * * * * * * * * * * * * * * * * * * * * * * * * * * * * * * * * * //

dimensions      [0 2 -2 0 0 0 0];

internalField   nonuniform List<scalar> 
400
(
-3.10733e-09
-0.00308919
-0.00680916
-0.00951182
-0.0103066
-0.00881601
-0.00502371
0.00083455
0.00834733
0.016974
0.0260763
0.0349512
0.0428734
0.0491578
0.0532429
0.0547956
0.053832
0.0508384
0.0468903
0.0437693
0.0030601
-0.000125167
-0.00303018
-0.00484027
-0.00514432
-0.00367734
-0.00040881
0.00449356
0.0107172
0.0178376
0.0253438
0.032669
0.0392303
0.044484
0.0479931
0.0495083
0.0490577
0.0469935
0.0438868
0.0406887
0.00701285
0.00258763
-0.000565235
-0.00221676
-0.00241677
-0.00103571
0.00192025
0.00629413
0.0118194
0.0181377
0.0248132
0.031355
0.037251
0.0420149
0.0452439
0.046687
0.0463257
0.0443748
0.0409617
0.036495
0.0104475
0.00432744
0.000388671
-0.00151797
-0.00183003
-0.000541649
0.00228611
0.00647638
0.0117743
0.0178514
0.0243068
0.0306799
0.0364756
0.0412049
0.0444359
0.0458592
0.0453779
0.0430848
0.0387554
0.0324927
0.0124693
0.00455509
-0.000329567
-0.00261455
-0.00307659
-0.00181826
0.0010439
0.0053038
0.0107042
0.0169292
0.0235927
0.0302393
0.0363614
0.0414319
0.0449517
0.046517
0.04593
0.0431662
0.0376977
0.0294396
0.012402
0.00264596
-0.00323799
-0.00591464
-0.00647635
-0.0051247
-0.0020302
0.00256823
0.00840401
0.0151644
0.0224655
0.0298414
0.0367498
0.0425975
0.046783
0.0487714
0.0482337
0.0450153
0.0382925
0.027851
0.00962988
-0.00203332
-0.00892142
-0.011928
-0.0124676
-0.0108421
-0.00727706
-0.00204572
0.00457459
0.0122724
0.0206626
0.0292613
0.0374785
0.0446316
0.0499823
0.0528197
0.0526373
0.049111
0.041077
0.0281986
0.00349305
-0.0101703
-0.0180254
-0.021225
-0.0215455
-0.0194049
-0.0150897
-0.00890755
-0.00114196
0.00790398
0.0178516
0.0282045
0.0383228
0.0474199
0.0545874
0.0588838
0.0595566
0.0560353
0.0467078
0.0310664
-0.00679345
-0.0225753
-0.0313069
-0.0344696
-0.0342805
-0.0313071
-0.0259095
-0.018429
-0.00914468
0.00166623
0.0136527
0.0263266
0.0390125
0.0508191
0.0606401
0.0672411
0.0695282
0.0665587
0.0560798
0.0372948
-0.0222086
-0.0402441
-0.0496689
-0.0524201
-0.0512903
-0.0470537
-0.0401644
-0.0309957
-0.0198047
-0.00681303
0.00769281
0.0232735
0.0392559
0.0546655
0.0681878
0.0782332
0.0832453
0.0817213
0.0704578
0.0481411
-0.0440176
-0.0644413
-0.0741953
-0.0759097
-0.0731771
-0.0670676
-0.0581572
-0.0468463
-0.0333419
-0.0177672
-0.000288515
0.0187686
0.0388012
0.058811
0.0772994
0.0922793
0.101597
0.102931
0.0916508
0.0654985
-0.0739442
-0.0968352
-0.106193
-0.1058
-0.100419
-0.0915429
-0.0798974
-0.0658939
-0.0496454
-0.0311155
-0.0102745
0.0127573
0.0375538
0.0632032
0.0881101
0.109904
0.125718
0.132091
0.122261
0.0922457
-0.114537
-0.139735
-0.147239
-0.142886
-0.133194
-0.120228
-0.104872
-0.0874975
-0.0680505
-0.0462489
-0.0217689
0.00559229
0.0357322
0.0680012
0.100889
0.13177
0.157035
0.171747
0.166058
0.132862
-0.169992
-0.196504
-0.199195
-0.18769
-0.171087
-0.152126
-0.131766
-0.110216
-0.0871249
-0.0618406
-0.033624
-0.00181008
0.0340018
0.0736676
0.116072
0.15865
0.19724
0.225228
0.228547
0.194617
-0.247955
-0.272221
-0.264037
-0.239993
-0.2126
-0.185077
-0.158157
-0.131612
-0.104557
-0.0757944
-0.044026
-0.00797818
0.033445
0.0808985
0.134108
0.191177
0.247999
0.296561
0.317718
0.289797
-0.362898
-0.374405
-0.343295
-0.298075
-0.254519
-0.215363
-0.180365
-0.148288
-0.117333
-0.0855128
-0.0508126
-0.0112213
0.0352224
0.0902729
0.155063
0.229322
0.310296
0.389859
0.444434
0.438992
-0.542498
-0.513322
-0.437085
-0.358189
-0.291796
-0.237919
-0.193928
-0.156561
-0.122511
-0.0887102
-0.0522915
-0.0104305
0.0398086
0.101547
0.177975
0.271789
0.383645
0.508112
0.622228
0.676437
-0.851233
-0.701968
-0.538726
-0.410746
-0.315573
-0.245663
-0.193778
-0.153117
-0.118148
-0.0845117
-0.0485012
-0.00655748
0.0451798
0.111334
0.197795
0.311883
0.460602
0.647399
0.869369
1.07546
-1.46399
-0.947234
-0.606322
-0.417851
-0.299378
-0.221618
-0.169809
-0.132588
-0.102153
-0.0732607
-0.0418802
-0.00426706
0.0437829
0.10784
0.196276
0.322039
0.502838
0.768012
1.19899
1.81756
-2.53905
-1.1786
-0.554006
-0.323951
-0.212924
-0.150971
-0.115694
-0.093203
-0.0753005
-0.0573004
-0.0359743
-0.00842405
0.0286917
0.0801763
0.154337
0.266937
0.448085
0.775238
1.5145
2.98948
)
;

boundaryField
{
    movingWall
    {
        type            zeroGradient;
    }
    fixedWalls
    {
        type            zeroGradient;
    }
    frontAndBack
    {
        type            empty;
    }
}


// ************************************************************************* //
