/*--------------------------------*- C++ -*----------------------------------*\
  =========                 |
  \\      /  F ield         | OpenFOAM: The Open Source CFD Toolbox
   \\    /   O peration     | Website:  https://openfoam.org
    \\  /    A nd           | Version:  6
     \\/     M anipulation  |
\*---------------------------------------------------------------------------*/
FoamFile
{
    version     2.0;
    format      ascii;
    class       surfaceScalarField;
    location    "0.205";
    object      phi;
}
// * * * * * * * * * * * * * * * * * * * * * * * * * * * * * * * * * * * * * //

dimensions      [0 3 -1 0 0 0 0];

internalField   nonuniform List<scalar> 
760
(
6.786e-10
-6.78283e-10
-3.63967e-08
3.70753e-08
-1.0404e-07
6.76429e-08
-1.88147e-07
8.4107e-08
-2.77664e-07
8.95171e-08
-3.64768e-07
8.71042e-08
-4.43798e-07
7.90302e-08
-5.10163e-07
6.63645e-08
-5.59553e-07
4.93901e-08
-5.87655e-07
2.8102e-08
-5.90391e-07
2.73611e-09
-5.64647e-07
-2.5744e-08
-5.09391e-07
-5.52564e-08
-4.26981e-07
-8.24097e-08
-3.24306e-07
-1.02675e-07
-2.13221e-07
-1.11085e-07
-1.09738e-07
-1.03483e-07
-3.17544e-08
-7.79834e-08
5.07249e-09
-3.68269e-08
5.07251e-09
-3.77533e-08
3.7075e-08
-1.50137e-07
1.49459e-07
-3.18992e-07
2.36497e-07
-5.20132e-07
2.85248e-07
-7.31773e-07
3.01158e-07
-9.36572e-07
2.91903e-07
-1.12094e-06
2.63398e-07
-1.27362e-06
2.19045e-07
-1.38452e-06
1.60291e-07
-1.44429e-06
8.78742e-08
-1.44483e-06
3.27417e-09
-1.38066e-06
-8.99182e-08
-1.251e-06
-1.84915e-07
-1.06215e-06
-2.71261e-07
-8.29393e-07
-3.35431e-07
-5.77509e-07
-3.6297e-07
-3.38741e-07
-3.42251e-07
-1.47563e-07
-2.69162e-07
-3.18361e-08
-1.52553e-07
-2.67636e-08
-7.41386e-08
1.11214e-07
-2.5511e-07
3.3043e-07
-5.07786e-07
4.89173e-07
-7.99382e-07
5.76844e-07
-1.10165e-06
6.03427e-07
-1.39179e-06
5.82044e-07
-1.65152e-06
5.23128e-07
-1.86549e-06
4.33018e-07
-2.02e-06
3.14796e-07
-2.10251e-06
1.70381e-07
-2.10228e-06
3.04729e-09
-2.01209e-06
-1.80108e-07
-1.83084e-06
-3.66161e-07
-1.56667e-06
-5.35435e-07
-1.23956e-06
-6.62544e-07
-8.82213e-07
-7.20313e-07
-5.37609e-07
-6.86855e-07
-2.52206e-07
-5.54564e-07
-6.54548e-08
-3.39305e-07
-9.22184e-08
-1.02619e-07
2.13833e-07
-3.41965e-07
5.69776e-07
-6.6594e-07
8.13149e-07
-1.03256e-06
9.4346e-07
-1.40828e-06
9.79152e-07
-1.76689e-06
9.40653e-07
-2.08754e-06
8.43781e-07
-2.35264e-06
6.98118e-07
-2.54622e-06
5.08369e-07
-2.65325e-06
2.77416e-07
-2.66027e-06
1.00679e-08
-2.55724e-06
-2.83139e-07
-2.34074e-06
-5.82661e-07
-2.01806e-06
-8.58119e-07
-1.61119e-06
-1.06941e-06
-1.15902e-06
-1.17248e-06
-7.15319e-07
-1.13056e-06
-3.40794e-07
-9.2909e-07
-9.01269e-08
-5.89971e-07
-1.82345e-07
-1.25642e-07
3.39475e-07
-4.15158e-07
8.59292e-07
-8.01711e-07
1.1997e-06
-1.2344e-06
1.37615e-06
-1.67502e-06
1.41978e-06
-2.09511e-06
1.36074e-06
-2.47263e-06
1.2213e-06
-2.78897e-06
1.01446e-06
-3.02669e-06
7.46088e-07
-3.16836e-06
4.1908e-07
-3.19685e-06
3.85638e-08
-3.09733e-06
-3.82665e-07
-2.861e-06
-8.18983e-07
-2.49079e-06
-1.22833e-06
-2.00774e-06
-1.55246e-06
-1.45611e-06
-1.72412e-06
-9.03084e-07
-1.68358e-06
-4.29569e-07
-1.40261e-06
-1.11663e-07
-9.07877e-07
-2.94008e-07
-1.45945e-07
4.8542e-07
-4.81229e-07
1.19458e-06
-9.25985e-07
1.64446e-06
-1.42099e-06
1.87116e-06
-1.92402e-06
1.9228e-06
-2.40528e-06
1.842e-06
-2.84272e-06
1.65873e-06
-3.21777e-06
1.38952e-06
-3.51216e-06
1.04048e-06
-3.70597e-06
6.12889e-07
-3.77725e-06
1.09846e-07
-3.70372e-06
-4.56201e-07
-3.4671e-06
-1.0556e-06
-3.06079e-06
-1.63465e-06
-2.50017e-06
-2.11308e-06
-1.83296e-06
-2.39133e-06
-1.14329e-06
-2.37324e-06
-5.41789e-07
-2.00411e-06
-1.37477e-07
-1.31219e-06
-4.31485e-07
-1.65794e-07
6.51214e-07
-5.4618e-07
1.57496e-06
-1.0487e-06
2.14698e-06
-1.60617e-06
2.42863e-06
-2.17298e-06
2.48961e-06
-2.71909e-06
2.3881e-06
-3.22368e-06
2.16332e-06
-3.66952e-06
1.83537e-06
-4.03853e-06
1.40949e-06
-4.30857e-06
8.82928e-07
-4.45192e-06
2.532e-07
-4.43604e-06
-4.72085e-07
-4.22799e-06
-1.26365e-06
-3.80424e-06
-2.0584e-06
-3.16644e-06
-2.75087e-06
-2.36044e-06
-3.19733e-06
-1.48962e-06
-3.24406e-06
-7.07537e-07
-2.78619e-06
-1.76579e-07
-1.84315e-06
-6.08064e-07
-1.86941e-07
8.38155e-07
-6.14798e-07
2.00282e-06
-1.17752e-06
2.7097e-06
-1.79979e-06
3.05091e-06
-2.43329e-06
3.12311e-06
-3.04896e-06
3.00378e-06
-3.62888e-06
2.74324e-06
-4.15893e-06
2.36542e-06
-4.62291e-06
1.87346e-06
-4.99767e-06
1.25769e-06
-5.24967e-06
5.05207e-07
-5.33382e-06
-3.87941e-07
-5.19685e-06
-1.40062e-06
-4.78879e-06
-2.46646e-06
-4.08508e-06
-3.45459e-06
-3.11826e-06
-4.16416e-06
-2.00823e-06
-4.35408e-06
-9.66402e-07
-3.82802e-06
-2.41082e-07
-2.56847e-06
-8.49146e-07
-2.10773e-07
1.04893e-06
-6.90764e-07
2.48281e-06
-1.31774e-06
3.33667e-06
-2.0074e-06
3.74057e-06
-2.70929e-06
3.825e-06
-3.39687e-06
3.69135e-06
-4.05706e-06
3.40343e-06
-4.68123e-06
2.98959e-06
-5.25761e-06
2.44984e-06
-5.76449e-06
1.76457e-06
-6.1641e-06
9.0481e-07
-6.39818e-06
-1.53858e-07
-6.38878e-06
-1.41002e-06
-6.04947e-06
-2.80576e-06
-5.3134e-06
-4.19066e-06
-4.18027e-06
-5.29728e-06
-2.77275e-06
-5.7616e-06
-1.36906e-06
-5.23172e-06
-3.48091e-07
-3.58944e-06
-1.19724e-06
-2.38733e-07
1.28766e-06
-7.77476e-07
3.02155e-06
-1.47317e-06
4.03237e-06
-2.23085e-06
4.49825e-06
-2.99846e-06
4.59261e-06
-3.75356e-06
4.44646e-06
-4.49011e-06
4.13998e-06
-5.20756e-06
3.70704e-06
-5.90172e-06
3.14401e-06
-6.55603e-06
2.41888e-06
-7.13222e-06
1.481e-06
-7.56171e-06
2.75633e-07
-7.74165e-06
-1.23008e-06
-7.54318e-06
-3.00423e-06
-6.84171e-06
-4.89213e-06
-5.57743e-06
-6.56156e-06
-3.84403e-06
-7.495e-06
-1.97392e-06
-7.10183e-06
-5.21935e-07
-5.04142e-06
-1.71917e-06
-2.73073e-07
1.56073e-06
-8.79522e-07
3.628e-06
-1.64779e-06
4.80064e-06
-2.46962e-06
5.32007e-06
-3.29193e-06
5.41492e-06
-4.09811e-06
5.25263e-06
-4.89098e-06
4.93285e-06
-5.68023e-06
4.49629e-06
-6.47227e-06
3.93605e-06
-7.26003e-06
3.20663e-06
-8.01091e-06
2.23188e-06
-8.65375e-06
9.1848e-07
-9.06884e-06
-8.14991e-07
-9.08939e-06
-2.98368e-06
-8.52688e-06
-5.45464e-06
-7.23515e-06
-7.85329e-06
-5.22681e-06
-9.50334e-06
-2.83267e-06
-9.49597e-06
-7.96626e-07
-7.07746e-06
-2.5158e-06
-3.18145e-07
1.87888e-06
-1.00499e-06
4.31484e-06
-1.84799e-06
5.64364e-06
-2.72233e-06
6.19441e-06
-3.57523e-06
6.26782e-06
-4.39769e-06
6.07509e-06
-5.20258e-06
5.73774e-06
-6.01071e-06
5.30441e-06
-6.84077e-06
4.76611e-06
-7.69916e-06
4.06502e-06
-8.56691e-06
3.09963e-06
-9.38364e-06
1.73522e-06
-1.00318e-05
-1.66884e-07
-1.03278e-05
-2.68764e-06
-1.00328e-05
-5.74962e-06
-8.90125e-06
-8.98486e-06
-6.80259e-06
-1.1602e-05
-3.9545e-06
-1.23441e-05
-1.2153e-06
-9.81666e-06
-3.7311e-06
-3.82737e-07
2.26162e-06
-1.16896e-06
5.10106e-06
-2.08521e-06
6.55989e-06
-2.98772e-06
7.09693e-06
-3.82774e-06
7.10784e-06
-4.60671e-06
6.85406e-06
-5.34811e-06
6.47914e-06
-6.0831e-06
6.0394e-06
-6.8423e-06
5.52531e-06
-7.64789e-06
4.87061e-06
-8.50252e-06
3.95426e-06
-9.37363e-06
2.60633e-06
-1.01742e-05
6.33639e-07
-1.07425e-05
-2.11929e-06
-1.08288e-05
-5.66328e-06
-1.01063e-05
-9.70743e-06
-8.25763e-06
-1.34506e-05
-5.23936e-06
-1.53623e-05
-1.81429e-06
-1.32417e-05
-5.54539e-06
-4.84546e-07
2.74616e-06
-1.3987e-06
6.01522e-06
-2.37763e-06
7.53883e-06
-3.26182e-06
7.98111e-06
-4.01681e-06
7.86283e-06
-4.66051e-06
7.49776e-06
-5.22823e-06
7.04687e-06
-5.76004e-06
6.57121e-06
-6.29632e-06
6.06158e-06
-6.87469e-06
5.44898e-06
-7.52436e-06
4.60393e-06
-8.25537e-06
3.33734e-06
-9.0403e-06
1.41857e-06
-9.78577e-06
-1.37382e-06
-1.02925e-05
-5.15659e-06
-1.02128e-05
-9.78707e-06
-9.05656e-06
-1.46069e-05
-6.39618e-06
-1.80227e-05
-2.57307e-06
-1.70648e-05
-8.11846e-06
-6.58745e-07
3.40491e-06
-1.7401e-06
7.09657e-06
-2.74565e-06
8.54438e-06
-3.52201e-06
8.75747e-06
-4.07395e-06
8.41477e-06
-4.44851e-06
7.87232e-06
-4.69734e-06
7.2957e-06
-4.86936e-06
6.74323e-06
-5.0122e-06
6.20442e-06
-5.17553e-06
5.61231e-06
-5.4134e-06
4.8418e-06
-5.78227e-06
3.70622e-06
-6.32976e-06
1.96606e-06
-7.06597e-06
-6.37609e-07
-7.90682e-06
-4.31574e-06
-8.58117e-06
-9.11273e-06
-8.52318e-06
-1.46649e-05
-6.90745e-06
-1.96384e-05
-3.33295e-06
-2.06393e-05
-1.14514e-05
-9.72423e-07
4.37733e-06
-2.25774e-06
8.38188e-06
-3.1797e-06
9.46635e-06
-3.6671e-06
9.24486e-06
-3.81644e-06
8.56412e-06
-3.72654e-06
7.78242e-06
-3.47426e-06
7.04342e-06
-3.11954e-06
6.38852e-06
-2.71479e-06
5.79966e-06
-2.31532e-06
5.21284e-06
-1.99002e-06
4.5165e-06
-1.82966e-06
3.54586e-06
-1.94729e-06
2.08369e-06
-2.46036e-06
-1.24536e-07
-3.43807e-06
-3.33803e-06
-4.78608e-06
-7.76472e-06
-6.03458e-06
-1.34164e-05
-6.11263e-06
-1.95604e-05
-3.73646e-06
-2.30155e-05
-1.51879e-05
-1.53932e-06
5.91665e-06
-2.97605e-06
9.81862e-06
-3.49074e-06
9.98104e-06
-3.30976e-06
9.06388e-06
-2.71299e-06
7.96735e-06
-1.87686e-06
6.94628e-06
-9.07028e-07
6.07359e-06
1.2944e-07
5.35205e-06
1.18313e-06
4.74597e-06
2.20449e-06
4.19149e-06
3.1262e-06
3.59478e-06
3.84651e-06
2.82555e-06
4.21731e-06
1.71289e-06
4.04524e-06
4.75331e-08
3.12078e-06
-2.41357e-06
1.31029e-06
-5.95423e-06
-1.19755e-06
-1.09085e-05
-3.39273e-06
-1.73652e-05
-3.25511e-06
-2.31531e-05
-1.8443e-05
-2.4778e-06
8.39444e-06
-3.46773e-06
1.08086e-05
-2.67868e-06
9.19199e-06
-1.09831e-06
7.4835e-06
7.43675e-07
6.12537e-06
2.63579e-06
5.05416e-06
4.48937e-06
4.22001e-06
6.26425e-06
3.57717e-06
7.93949e-06
3.07073e-06
9.49187e-06
2.63911e-06
1.08756e-05
2.21111e-06
1.20022e-05
1.69891e-06
1.27224e-05
9.92684e-07
1.28127e-05
-4.27559e-08
1.1976e-05
-1.57687e-06
9.87746e-06
-3.85572e-06
6.31062e-06
-7.3417e-06
1.81494e-06
-1.28695e-05
-1.29515e-06
-2.0043e-05
-1.97381e-05
-2.91212e-06
1.13066e-05
-5.88854e-07
8.48529e-06
3.29782e-06
5.30532e-06
6.97604e-06
3.80528e-06
1.02163e-05
2.88508e-06
1.30545e-05
2.21596e-06
1.55399e-05
1.73461e-06
1.77238e-05
1.39328e-06
1.96511e-05
1.14347e-06
2.13461e-05
9.44066e-07
2.27995e-05
7.57718e-07
2.39534e-05
5.44992e-07
2.4685e-05
2.61121e-07
2.47878e-05
-1.45537e-07
2.39501e-05
-7.39193e-07
2.17267e-05
-1.63229e-06
1.75282e-05
-3.14319e-06
1.09254e-05
-6.26672e-06
3.2087e-06
-1.23264e-05
-1.65294e-05
1.13066e-05
1.97919e-05
2.50972e-05
2.89025e-05
3.17875e-05
3.40035e-05
3.57381e-05
3.71314e-05
3.82748e-05
3.92189e-05
3.99766e-05
4.05216e-05
4.07827e-05
4.06372e-05
3.9898e-05
3.82657e-05
3.51225e-05
2.88558e-05
1.65294e-05
)
;

boundaryField
{
    movingWall
    {
        type            calculated;
        value           uniform 0;
    }
    fixedWalls
    {
        type            calculated;
        value           uniform 0;
    }
    frontAndBack
    {
        type            empty;
        value           nonuniform 0();
    }
}


// ************************************************************************* //
