/*--------------------------------*- C++ -*----------------------------------*\
  =========                 |
  \\      /  F ield         | OpenFOAM: The Open Source CFD Toolbox
   \\    /   O peration     | Website:  https://openfoam.org
    \\  /    A nd           | Version:  6
     \\/     M anipulation  |
\*---------------------------------------------------------------------------*/
FoamFile
{
    version     2.0;
    format      ascii;
    class       volVectorField;
    location    "0.06";
    object      U;
}
// * * * * * * * * * * * * * * * * * * * * * * * * * * * * * * * * * * * * * //

dimensions      [0 1 -1 0 0 0 0];

internalField   nonuniform List<vector> 
400
(
(0.00025805 -0.000254365 0)
(0.000162088 0.000104716 0)
(-0.00114132 0.000564695 0)
(-0.00345162 0.000894691 0)
(-0.00637476 0.00106188 0)
(-0.00950168 0.00107794 0)
(-0.0124628 0.000967631 0)
(-0.0149532 0.000759963 0)
(-0.0167429 0.000483935 0)
(-0.0176785 0.000167268 0)
(-0.0176829 -0.000163312 0)
(-0.0167545 -0.000481284 0)
(-0.0149678 -0.000759445 0)
(-0.0124751 -0.000969265 0)
(-0.00950744 -0.00108089 0)
(-0.00637257 -0.00106472 0)
(-0.00344359 -0.000896023 0)
(-0.00113223 -0.000563902 0)
(0.000167746 -0.000102651 0)
(0.000259604 0.000255478 0)
(-6.52999e-05 -0.000192019 0)
(-0.00156549 0.00161238 0)
(-0.00562128 0.00361192 0)
(-0.0116625 0.00506748 0)
(-0.0188883 0.00580133 0)
(-0.0264628 0.0058184 0)
(-0.0335824 0.00520474 0)
(-0.0395548 0.00408573 0)
(-0.0438433 0.00260185 0)
(-0.046084 0.000897574 0)
(-0.0460923 -0.000882134 0)
(-0.0438651 -0.00259174 0)
(-0.0395824 -0.0040843 0)
(-0.0336059 -0.00521207 0)
(-0.0264742 -0.00583106 0)
(-0.0188847 -0.00581354 0)
(-0.0116473 -0.00507354 0)
(-0.00560331 -0.00360922 0)
(-0.00155356 -0.00160392 0)
(-6.17438e-05 0.000197683 0)
(-0.000510323 0.00103306 0)
(-0.00364765 0.00566201 0)
(-0.0104981 0.0102124 0)
(-0.0199311 0.0134784 0)
(-0.0307805 0.0150705 0)
(-0.0419267 0.0149612 0)
(-0.0522884 0.0133225 0)
(-0.0609254 0.0104368 0)
(-0.0671046 0.00663952 0)
(-0.0703271 0.00228757 0)
(-0.0703389 -0.00225421 0)
(-0.0671362 -0.00661776 0)
(-0.0609664 -0.010434 0)
(-0.0523254 -0.013339 0)
(-0.0419484 -0.0149897 0)
(-0.0307816 -0.0150985 0)
(-0.0199149 -0.0134934 0)
(-0.0104756 -0.010208 0)
(-0.00363135 -0.00564363 0)
(-0.000505127 -0.00101888 0)
(-0.000904357 0.00337435 0)
(-0.00561783 0.0121025 0)
(-0.0152166 0.0199191 0)
(-0.027897 0.0253359 0)
(-0.0420824 0.0278187 0)
(-0.0563954 0.0273465 0)
(-0.0695424 0.0242155 0)
(-0.0804137 0.0189092 0)
(-0.0881521 0.0120076 0)
(-0.0921778 0.00413349 0)
(-0.0921963 -0.00407357 0)
(-0.0882025 -0.0119675 0)
(-0.0804818 -0.0189019 0)
(-0.0696097 -0.0242422 0)
(-0.0564447 -0.0273956 0)
(-0.0421036 -0.0278693 0)
(-0.0278912 -0.0253661 0)
(-0.0151959 -0.0199163 0)
(-0.00559922 -0.0120733 0)
(-0.000897699 -0.00334894 0)
(-0.0012523 0.0067197 0)
(-0.00747139 0.0208069 0)
(-0.019776 0.0325573 0)
(-0.0356428 0.0403601 0)
(-0.053038 0.0436542 0)
(-0.0703178 0.0425113 0)
(-0.086003 0.0374164 0)
(-0.0988609 0.0291048 0)
(-0.107961 0.0184408 0)
(-0.112683 0.00634494 0)
(-0.112714 -0.00624129 0)
(-0.108046 -0.0183683 0)
(-0.0989813 -0.0290844 0)
(-0.0861309 -0.0374518 0)
(-0.0704258 -0.0425865 0)
(-0.0531069 -0.0437382 0)
(-0.035668 -0.0404179 0)
(-0.0197692 -0.0325658 0)
(-0.00745492 -0.0207708 0)
(-0.0012448 -0.00668184 0)
(-0.0015845 0.0110115 0)
(-0.00929738 0.0317473 0)
(-0.0243222 0.0481307 0)
(-0.0433762 0.0585386 0)
(-0.063926 0.0625139 0)
(-0.0840486 0.0603376 0)
(-0.102098 0.0527755 0)
(-0.116757 0.040879 0)
(-0.127065 0.0258372 0)
(-0.1324 0.00888945 0)
(-0.132452 -0.00871134 0)
(-0.127209 -0.0257063 0)
(-0.116964 -0.0408287 0)
(-0.102329 -0.0528145 0)
(-0.0842606 -0.0604462 0)
(-0.0640842 -0.0626484 0)
(-0.0434647 -0.0586459 0)
(-0.0243492 -0.0481703 0)
(-0.00929114 -0.0317159 0)
(-0.00157758 -0.010963 0)
(-0.00193147 0.0162563 0)
(-0.0111987 0.0449662 0)
(-0.0290292 0.0666877 0)
(-0.0513104 0.079879 0)
(-0.0749648 0.0843373 0)
(-0.0977867 0.0807001 0)
(-0.117993 0.0701311 0)
(-0.134233 0.0540759 0)
(-0.14557 0.0340872 0)
(-0.151421 0.011733 0)
(-0.151502 -0.0114325 0)
(-0.145799 -0.0338568 0)
(-0.13457 -0.0539671 0)
(-0.118381 -0.0701623 0)
(-0.0981601 -0.0808493 0)
(-0.0752669 -0.0845462 0)
(-0.0515068 -0.0800698 0)
(-0.0291189 -0.0667925 0)
(-0.0112151 -0.0449632 0)
(-0.00192758 -0.0162039 0)
(-0.00232206 0.0225205 0)
(-0.0132756 0.060583 0)
(-0.0340587 0.0883149 0)
(-0.0596079 0.104373 0)
(-0.0862498 0.109002 0)
(-0.111514 0.103384 0)
(-0.133539 0.0892267 0)
(-0.151016 0.0684577 0)
(-0.163107 0.0430272 0)
(-0.169327 0.0148229 0)
(-0.169447 -0.0143333 0)
(-0.163448 -0.0426386 0)
(-0.151526 -0.0682476 0)
(-0.13414 -0.0892296 0)
(-0.112114 -0.103579 0)
(-0.0867607 -0.109315 0)
(-0.0599676 -0.104695 0)
(-0.0342489 -0.0885371 0)
(-0.013332 -0.0606484 0)
(-0.00232486 -0.0224791 0)
(-0.00278648 0.029928 0)
(-0.0156276 0.0787888 0)
(-0.0395482 0.113115 0)
(-0.0683469 0.131948 0)
(-0.0977003 0.136251 0)
(-0.124927 0.128002 0)
(-0.148192 0.109632 0)
(-0.166348 0.0836403 0)
(-0.178759 0.0523964 0)
(-0.185115 0.0180724 0)
(-0.18528 -0.0173096 0)
(-0.179234 -0.0517741 0)
(-0.167067 -0.0832708 0)
(-0.149057 -0.109574 0)
(-0.125815 -0.128244 0)
(-0.0984876 -0.136702 0)
(-0.0689319 -0.132462 0)
(-0.039884 -0.113527 0)
(-0.0157461 -0.0789835 0)
(-0.00280105 -0.0299228 0)
(-0.00336409 0.038663 0)
(-0.0183689 0.0998337 0)
(-0.0456139 0.141156 0)
(-0.0774947 0.162375 0)
(-0.108997 0.16558 0)
(-0.137347 0.15388 0)
(-0.160913 0.130636 0)
(-0.178877 0.0990127 0)
(-0.19095 0.0617865 0)
(-0.197087 0.0213411 0)
(-0.1973 -0.0202109 0)
(-0.191563 -0.0608433 0)
(-0.17982 -0.0984117 0)
(-0.16207 -0.13047 0)
(-0.138569 -0.154156 0)
(-0.110118 -0.166201 0)
(-0.0783652 -0.163152 0)
(-0.0461444 -0.141851 0)
(-0.0185759 -0.100242 0)
(-0.00339707 -0.0387326 0)
(-0.00411751 0.0489897 0)
(-0.0216567 0.124016 0)
(-0.0523585 0.172394 0)
(-0.0868651 0.195142 0)
(-0.119489 0.196086 0)
(-0.147591 0.179908 0)
(-0.170014 0.151134 0)
(-0.186508 0.113653 0)
(-0.197298 0.0705912 0)
(-0.202714 0.0244165 0)
(-0.202965 -0.0228288 0)
(-0.198027 -0.0692394 0)
(-0.187646 -0.112741 0)
(-0.171442 -0.150799 0)
(-0.149144 -0.180189 0)
(-0.120965 -0.196892 0)
(-0.0880635 -0.19625 0)
(-0.0531286 -0.173478 0)
(-0.0219811 -0.124745 0)
(-0.00417719 -0.0491884 0)
(-0.00515775 0.0612995 0)
(-0.0257327 0.151667 0)
(-0.0598628 0.206552 0)
(-0.0960234 0.229256 0)
(-0.128018 0.226259 0)
(-0.15376 0.204371 0)
(-0.172957 0.169502 0)
(-0.186217 0.126255 0)
(-0.194461 0.0779675 0)
(-0.198493 0.0269989 0)
(-0.198758 -0.024892 0)
(-0.19524 -0.0761396 0)
(-0.187457 -0.124957 0)
(-0.174558 -0.168925 0)
(-0.155564 -0.204602 0)
(-0.129809 -0.227239 0)
(-0.0975495 -0.230743 0)
(-0.0609 -0.208132 0)
(-0.0262023 -0.152845 0)
(-0.00525407 -0.0616993 0)
(-0.00668845 0.0762066 0)
(-0.0309761 0.183116 0)
(-0.0681193 0.242895 0)
(-0.104069 0.262947 0)
(-0.132617 0.253719 0)
(-0.152917 0.22477 0)
(-0.166069 0.183508 0)
(-0.17384 0.135094 0)
(-0.177987 0.0828293 0)
(-0.179832 0.0286994 0)
(-0.18007 -0.0260725 0)
(-0.178697 -0.0805068 0)
(-0.175005 -0.133363 0)
(-0.167637 -0.182613 0)
(-0.154776 -0.224867 0)
(-0.134571 -0.25481 0)
(-0.105843 -0.264811 0)
(-0.069411 -0.245049 0)
(-0.0316107 -0.184873 0)
(-0.00683261 -0.0768963 0)
(-0.00907511 0.0947103 0)
(-0.0379362 0.218557 0)
(-0.0767969 0.27982 0)
(-0.10915 0.293218 0)
(-0.129931 0.274904 0)
(-0.140582 0.237681 0)
(-0.144178 0.190296 0)
(-0.143859 0.138083 0)
(-0.142218 0.0839081 0)
(-0.141028 0.0290636 0)
(-0.14118 -0.026014 0)
(-0.142689 -0.0811578 0)
(-0.144684 -0.135931 0)
(-0.145386 -0.189029 0)
(-0.142153 -0.237531 0)
(-0.131748 -0.275974 0)
(-0.110966 -0.295369 0)
(-0.0782538 -0.282556 0)
(-0.0387336 -0.220999 0)
(-0.00927807 -0.0957921 0)
(-0.0129067 0.118412 0)
(-0.0471891 0.25764 0)
(-0.0845425 0.314104 0)
(-0.107437 0.315245 0)
(-0.114224 0.284805 0)
(-0.109986 0.238795 0)
(-0.100189 0.186609 0)
(-0.0892568 0.133023 0)
(-0.0803471 0.0799403 0)
(-0.0754231 0.0276429 0)
(-0.0754244 -0.0243947 0)
(-0.0803853 -0.0769464 0)
(-0.0894263 -0.130557 0)
(-0.100618 -0.18497 0)
(-0.110789 -0.238285 0)
(-0.115428 -0.285654 0)
(-0.108909 -0.317466 0)
(-0.0859452 -0.317292 0)
(-0.0480962 -0.260792 0)
(-0.0131731 -0.119986 0)
(-0.018831 0.149825 0)
(-0.0584596 0.298447 0)
(-0.0871137 0.339576 0)
(-0.0910263 0.321667 0)
(-0.0757464 0.276981 0)
(-0.0511155 0.223382 0)
(-0.0247311 0.169388 0)
(-0.00160427 0.118144 0)
(0.0152296 0.0700326 0)
(0.0241128 0.0241318 0)
(0.0243106 -0.0210349 0)
(0.0157756 -0.0671064 0)
(-0.000848488 -0.115594 0)
(-0.0239802 -0.167481 0)
(-0.0506242 -0.222451 0)
(-0.0757378 -0.277375 0)
(-0.0915795 -0.323611 0)
(-0.088047 -0.342888 0)
(-0.059312 -0.302174 0)
(-0.0191388 -0.15196 0)
(-0.0263683 0.193092 0)
(-0.0675833 0.335104 0)
(-0.0729629 0.344703 0)
(-0.0441033 0.301765 0)
(0.00160544 0.24405 0)
(0.0502318 0.18735 0)
(0.0938305 0.13686 0)
(0.128379 0.0929559 0)
(0.152078 0.0541883 0)
(0.164237 0.0185613 0)
(0.164629 -0.0160346 0)
(0.15321 -0.0517301 0)
(0.130111 -0.0906727 0)
(0.0959225 -0.134935 0)
(0.0523473 -0.186076 0)
(0.00335024 -0.243831 0)
(-0.0430776 -0.303023 0)
(-0.0727995 -0.3476 0)
(-0.0680095 -0.339004 0)
(-0.0266121 -0.19576 0)
(-0.0286568 0.251052 0)
(-0.057785 0.350951 0)
(-0.014006 0.309648 0)
(0.0632623 0.24242 0)
(0.142966 0.18031 0)
(0.212743 0.129917 0)
(0.268489 0.0905892 0)
(0.309464 0.0595746 0)
(0.33626 0.0340328 0)
(0.349669 0.0115482 0)
(0.350162 -0.00995092 0)
(0.337715 -0.0324218 0)
(0.311798 -0.0579613 0)
(0.271536 -0.0890429 0)
(0.216217 -0.128611 0)
(0.146444 -0.179577 0)
(0.0662098 -0.242757 0)
(-0.0121258 -0.311528 0)
(-0.0571583 -0.354251 0)
(-0.0285305 -0.253893 0)
(0.0139495 0.28904 0)
(0.0303833 0.302875 0)
(0.154091 0.214125 0)
(0.282774 0.142373 0)
(0.38298 0.0939716 0)
(0.457149 0.0619837 0)
(0.510519 0.0405679 0)
(0.547106 0.0255592 0)
(0.569974 0.0142131 0)
(0.58113 0.00474064 0)
(0.581537 -0.00414477 0)
(0.571199 -0.0135787 0)
(0.549152 -0.0248523 0)
(0.513366 -0.0397702 0)
(0.460705 -0.0611215 0)
(0.387016 -0.0931826 0)
(0.286864 -0.141998 0)
(0.157536 -0.214673 0)
(0.0325366 -0.30455 0)
(0.0149974 -0.290853 0)
(0.304909 0.147201 0)
(0.40625 0.127709 0)
(0.569525 0.0747679 0)
(0.686099 0.0418525 0)
(0.753534 0.0238646 0)
(0.794606 0.0139518 0)
(0.820891 0.00831572 0)
(0.837589 0.00490147 0)
(0.847524 0.00260797 0)
(0.852225 0.000837931 0)
(0.852353 -0.000774224 0)
(0.84792 -0.00252741 0)
(0.838288 -0.00478383 0)
(0.821953 -0.00813463 0)
(0.796099 -0.0136767 0)
(0.755514 -0.0234796 0)
(0.688573 -0.0414049 0)
(0.572185 -0.0744246 0)
(0.40821 -0.127747 0)
(0.305837 -0.147542 0)
)
;

boundaryField
{
    movingWall
    {
        type            fixedValue;
        value           uniform (1 0 0);
    }
    fixedWalls
    {
        type            noSlip;
    }
    frontAndBack
    {
        type            empty;
    }
}


// ************************************************************************* //
