/*--------------------------------*- C++ -*----------------------------------*\
  =========                 |
  \\      /  F ield         | OpenFOAM: The Open Source CFD Toolbox
   \\    /   O peration     | Website:  https://openfoam.org
    \\  /    A nd           | Version:  6
     \\/     M anipulation  |
\*---------------------------------------------------------------------------*/
FoamFile
{
    version     2.0;
    format      ascii;
    class       volScalarField;
    location    "0.1";
    object      p;
}
// * * * * * * * * * * * * * * * * * * * * * * * * * * * * * * * * * * * * * //

dimensions      [0 2 -2 0 0 0 0];

internalField   nonuniform List<scalar> 
400
(
1.27869e-05
-0.0231758
-0.0520545
-0.0743094
-0.0826303
-0.0737438
-0.047405
-0.00554734
0.048406
0.110058
0.174439
0.236358
0.290746
0.333045
0.359665
0.368573
0.36003
0.337445
0.308343
0.28516
0.0229999
-0.000829911
-0.0234922
-0.0388357
-0.0432655
-0.0344829
-0.0121904
0.0222186
0.0661487
0.116179
0.168385
0.218643
0.262946
0.297736
0.320277
0.32909
0.32448
0.308853
0.285995
0.262206
0.0535477
0.0205264
-0.00399487
-0.0181461
-0.0217461
-0.0135429
0.00644211
0.0368598
0.0754396
0.119256
0.164962
0.209036
0.248041
0.278903
0.299193
0.307459
0.303674
0.289195
0.264422
0.231432
0.0816336
0.0359529
0.00546231
-0.0106746
-0.0150718
-0.00740443
0.0118312
0.041042
0.0779485
0.119777
0.163414
0.20559
0.243081
0.272923
0.29263
0.30046
0.295881
0.279329
0.248455
0.202718
0.100742
0.0416848
0.00404455
-0.0149371
-0.020267
-0.0124432
0.00751645
0.0376475
0.0754962
0.118261
0.162879
0.206142
0.244843
0.275931
0.29667
0.304872
0.29943
0.279946
0.241724
0.182407
0.106196
0.0334917
-0.0116047
-0.0333544
-0.0389512
-0.0296751
-0.00711433
0.0262972
0.0678113
0.114471
0.163132
0.210515
0.25329
0.288171
0.31202
0.322067
0.316549
0.294249
0.248308
0.174984
0.093938
0.00717839
-0.0452491
-0.0689901
-0.0734688
-0.060812
-0.0332698
0.00615288
0.0543178
0.108027
0.163976
0.218734
0.268757
0.310413
0.340036
0.354124
0.350118
0.325878
0.272292
0.184343
0.059638
-0.0418427
-0.101085
-0.125293
-0.126461
-0.107768
-0.0722839
-0.0236996
0.0343863
0.0985007
0.165163
0.23078
0.291567
0.34349
0.382239
0.403412
0.403432
0.378967
0.318236
0.214743
-0.00203059
-0.119158
-0.184196
-0.206411
-0.201067
-0.172783
-0.125685
-0.0642825
0.00732955
0.0854313
0.166432
0.246649
0.322114
0.388396
0.440463
0.47282
0.480548
0.458648
0.391847
0.271607
-0.0980914
-0.231962
-0.300928
-0.317316
-0.300869
-0.258256
-0.194988
-0.116525
-0.0274388
0.068424
0.167533
0.266305
0.360754
0.446158
0.516752
0.565744
0.586455
0.571476
0.500659
0.362317
-0.238209
-0.389861
-0.459309
-0.463852
-0.429674
-0.366401
-0.281317
-0.180923
-0.0701389
0.0473136
0.168282
0.289618
0.407643
0.517606
0.613121
0.68596
0.727185
0.725919
0.654931
0.497286
-0.436291
-0.606078
-0.669567
-0.652665
-0.591113
-0.498693
-0.384846
-0.257052
-0.120256
0.0223977
0.168643
0.316299
0.462529
0.603041
0.731182
0.837334
0.909834
0.932953
0.868959
0.691732
-0.713573
-0.899391
-0.944692
-0.890857
-0.787845
-0.654976
-0.50398
-0.342906
-0.176062
-0.00527394
0.168828
0.345795
0.524426
0.701711
0.871486
1.02321
1.14233
1.20671
1.16313
0.968982
-1.10503
-1.29727
-1.30073
-1.18487
-1.02002
-0.831978
-0.634154
-0.434032
-0.234056
-0.0336067
0.169341
0.377069
0.591093
0.810933
1.03231
1.24506
1.43244
1.56487
1.56721
1.36721
-1.6726
-1.8405
-1.7557
-1.53745
-1.28214
-1.02082
-0.76612
-0.522477
-0.28841
-0.0592789
0.170846
0.408128
0.65811
0.924551
1.20735
1.49951
1.78483
2.02755
2.12494
1.95307
-2.52803
-2.58722
-2.32552
-1.94251
-1.55886
-1.20423
-0.884436
-0.596179
-0.330893
-0.0779515
0.173775
0.435424
0.71789
1.03123
1.38289
1.77418
2.19597
2.6132
2.89778
2.84435
-3.87299
-3.61304
-3.01649
-2.38085
-1.82323
-1.3564
-0.968432
-0.640388
-0.352252
-0.0853236
0.177716
0.453636
0.759668
1.11426
1.5369
2.04546
2.64949
3.33064
3.96436
4.2491
-6.1594
-5.01372
-3.78643
-2.79026
-2.01927
-1.43416
-0.988408
-0.636618
-0.342532
-0.078124
0.179943
0.453525
0.765979
1.14534
1.62784
2.25901
3.08471
4.13979
5.42508
6.62752
-10.5695
-6.84898
-4.35763
-2.91496
-1.9681
-1.32304
-0.875096
-0.545538
-0.282397
-0.0515864
0.172445
0.412787
0.695034
1.05335
1.53994
2.23476
3.24506
4.76456
7.34527
11.1677
-17.9825
-8.61119
-4.1544
-2.37804
-1.46162
-0.91835
-0.57835
-0.344488
-0.163412
-0.00552225
0.148977
0.317282
0.519141
0.783965
1.1648
1.76027
2.74771
4.62119
9.19197
18.678
)
;

boundaryField
{
    movingWall
    {
        type            zeroGradient;
    }
    fixedWalls
    {
        type            zeroGradient;
    }
    frontAndBack
    {
        type            empty;
    }
}


// ************************************************************************* //
