/*--------------------------------*- C++ -*----------------------------------*\
  =========                 |
  \\      /  F ield         | OpenFOAM: The Open Source CFD Toolbox
   \\    /   O peration     | Website:  https://openfoam.org
    \\  /    A nd           | Version:  6
     \\/     M anipulation  |
\*---------------------------------------------------------------------------*/
FoamFile
{
    version     2.0;
    format      ascii;
    class       surfaceScalarField;
    location    "0.1";
    object      phi;
}
// * * * * * * * * * * * * * * * * * * * * * * * * * * * * * * * * * * * * * //

dimensions      [0 3 -1 0 0 0 0];

internalField   nonuniform List<scalar> 
760
(
1.47389e-08
-1.47627e-08
-2.09025e-08
3.56414e-08
-1.12833e-07
9.19304e-08
-2.44806e-07
1.31974e-07
-3.96752e-07
1.51945e-07
-5.49367e-07
1.52615e-07
-6.8596e-07
1.36593e-07
-7.93284e-07
1.07324e-07
-8.6179e-07
6.8506e-08
-8.85662e-07
2.38722e-08
-8.62821e-07
-2.28406e-08
-7.94971e-07
-6.78499e-08
-6.87691e-07
-1.0728e-07
-5.50527e-07
-1.37165e-07
-3.96971e-07
-1.53556e-07
-2.44126e-07
-1.52845e-07
-1.11701e-07
-1.32425e-07
-1.99513e-08
-9.17492e-08
1.51075e-08
-3.50587e-08
1.51076e-08
-3.30354e-08
1.82728e-08
-1.77835e-07
1.80441e-07
-4.3128e-07
3.45376e-07
-7.63196e-07
4.6389e-07
-1.1335e-06
5.22249e-07
-1.50102e-06
5.20134e-07
-1.8285e-06
4.64077e-07
-2.0854e-06
3.64217e-07
-2.2492e-06
2.32306e-07
-2.30607e-06
8.0742e-08
-2.25111e-06
-7.77966e-08
-2.08854e-06
-2.30422e-07
-1.83175e-06
-3.64066e-07
-1.50324e-06
-4.65679e-07
-1.13398e-06
-5.22808e-07
-7.61982e-07
-5.24848e-07
-4.29141e-07
-4.65266e-07
-1.75916e-07
-3.44974e-07
-3.21769e-08
-1.78798e-07
-1.70692e-08
-9.05996e-08
1.08872e-07
-3.53656e-07
4.43497e-07
-7.6136e-07
7.53079e-07
-1.26757e-06
9.70098e-07
-1.81726e-06
1.07194e-06
-2.35482e-06
1.05769e-06
-2.82981e-06
9.39064e-07
-3.20059e-06
7.35001e-07
-3.43636e-06
4.68073e-07
-3.51811e-06
1.62487e-07
-3.43911e-06
-1.56791e-07
-3.20519e-06
-4.64342e-07
-2.83475e-06
-7.34505e-07
-2.35854e-06
-9.41891e-07
-1.81869e-06
-1.06266e-06
-1.26659e-06
-1.07695e-06
-7.58864e-07
-9.7299e-07
-3.51156e-07
-7.52682e-07
-8.9378e-08
-4.40576e-07
-1.06447e-07
-1.43184e-07
2.52056e-07
-5.2195e-07
8.22263e-07
-1.07935e-06
1.31048e-06
-1.74908e-06
1.63983e-06
-2.46086e-06
1.78372e-06
-3.14695e-06
1.74379e-06
-3.74734e-06
1.53946e-06
-4.21312e-06
1.20078e-06
-4.5083e-06
7.63252e-07
-4.61076e-06
2.64948e-07
-4.51264e-06
-2.54904e-07
-4.2206e-06
-7.56389e-07
-3.75589e-06
-1.19921e-06
-3.15429e-06
-1.54349e-06
-2.46527e-06
-1.75168e-06
-1.75e-06
-1.79223e-06
-1.07759e-06
-1.6454e-06
-5.19379e-07
-1.31089e-06
-1.41713e-07
-8.18242e-07
-2.4816e-07
-1.91557e-07
4.43613e-07
-6.82741e-07
1.31345e-06
-1.3871e-06
2.01484e-06
-2.21551e-06
2.46823e-06
-3.08107e-06
2.64928e-06
-3.9045e-06
2.56721e-06
-4.61806e-06
2.25302e-06
-5.16795e-06
1.75067e-06
-5.51528e-06
1.11058e-06
-5.63634e-06
3.8601e-07
-5.52262e-06
-3.68625e-07
-5.18093e-06
-1.09809e-06
-4.63369e-06
-1.74645e-06
-3.91933e-06
-2.25785e-06
-3.09217e-06
-2.57884e-06
-2.22135e-06
-2.66304e-06
-1.38813e-06
-2.47862e-06
-6.8113e-07
-2.01789e-06
-1.90102e-07
-1.30927e-06
-4.38261e-07
-2.38601e-07
6.82214e-07
-8.41834e-07
1.91668e-06
-1.69316e-06
2.86617e-06
-2.67855e-06
3.45362e-06
-3.69323e-06
3.66396e-06
-4.64652e-06
3.52051e-06
-5.46444e-06
3.07095e-06
-6.09036e-06
2.37658e-06
-6.48446e-06
1.50469e-06
-6.62283e-06
5.24381e-07
-6.49672e-06
-4.94733e-07
-6.11245e-06
-1.48236e-06
-5.49204e-06
-2.36686e-06
-4.67436e-06
-3.07553e-06
-3.71643e-06
-3.53677e-06
-2.69395e-06
-3.68552e-06
-1.70026e-06
-3.47231e-06
-8.42932e-07
-2.87522e-06
-2.37668e-07
-1.91453e-06
-6.7593e-07
-2.87286e-07
9.69499e-07
-1.00602e-06
2.63541e-06
-2.00693e-06
3.86708e-06
-3.14857e-06
4.59527e-06
-4.30728e-06
4.82267e-06
-5.38172e-06
4.59494e-06
-6.29361e-06
3.98284e-06
-6.98602e-06
3.06899e-06
-7.42056e-06
1.93923e-06
-7.57472e-06
6.78538e-07
-7.44001e-06
-6.2944e-07
-7.02156e-06
-1.90081e-06
-6.33912e-06
-3.0493e-06
-5.42949e-06
-3.98517e-06
-4.34963e-06
-4.61663e-06
-3.17974e-06
-4.85541e-06
-2.02469e-06
-4.62735e-06
-1.01241e-06
-3.8875e-06
-2.87682e-07
-2.63926e-06
-9.63612e-07
-3.40398e-07
1.3099e-06
-1.18171e-06
3.47672e-06
-2.33625e-06
5.02162e-06
-3.63168e-06
5.8907e-06
-4.92486e-06
6.11585e-06
-6.10565e-06
5.77573e-06
-7.0948e-06
4.97199e-06
-7.83879e-06
3.81297e-06
-8.30386e-06
2.4043e-06
-8.47102e-06
8.45699e-07
-8.33278e-06
-7.67677e-07
-7.89222e-06
-2.34136e-06
-7.16456e-06
-3.77697e-06
-6.18099e-06
-4.96873e-06
-4.99448e-06
-5.80314e-06
-3.68615e-06
-6.16374e-06
-2.37053e-06
-5.94298e-06
-1.19684e-06
-5.06118e-06
-3.4326e-07
-3.49285e-06
-1.30687e-06
-4.00687e-07
1.71058e-06
-1.37471e-06
4.45075e-06
-2.68638e-06
6.33329e-06
-4.1277e-06
7.33202e-06
-5.53636e-06
7.52451e-06
-6.7973e-06
7.03667e-06
-7.83573e-06
6.01043e-06
-8.607e-06
4.58423e-06
-9.08643e-06
2.88374e-06
-9.26146e-06
1.02072e-06
-9.12659e-06
-9.0255e-07
-8.68192e-06
-2.78603e-06
-7.93517e-06
-4.52371e-06
-6.90732e-06
-5.99659e-06
-5.64141e-06
-7.06905e-06
-4.21361e-06
-7.59154e-06
-2.74394e-06
-7.41265e-06
-1.40283e-06
-6.4023e-06
-4.07499e-07
-4.48817e-06
-1.71437e-06
-4.71442e-07
2.18203e-06
-1.59085e-06
5.57016e-06
-3.05958e-06
7.80201e-06
-4.62813e-06
8.90057e-06
-6.11741e-06
9.01379e-06
-7.41446e-06
8.33372e-06
-8.45738e-06
7.05335e-06
-9.21803e-06
5.34489e-06
-9.68673e-06
3.35243e-06
-9.86093e-06
1.19492e-06
-9.73852e-06
-1.02496e-06
-9.31564e-06
-3.20891e-06
-8.58909e-06
-5.25026e-06
-7.56361e-06
-7.02206e-06
-6.2642e-06
-8.36846e-06
-4.75283e-06
-9.10291e-06
-3.14729e-06
-9.01818e-06
-1.6367e-06
-7.91289e-06
-4.84012e-07
-5.64086e-06
-2.19838e-06
-5.5751e-07
2.73954e-06
-1.83699e-06
6.84964e-06
-3.45443e-06
9.41945e-06
-5.11304e-06
1.05592e-05
-6.62353e-06
1.05243e-05
-7.88701e-06
9.5972e-06
-8.86678e-06
8.03312e-06
-9.56124e-06
6.03936e-06
-9.98264e-06
3.77383e-06
-1.01426e-05
1.3549e-06
-1.00441e-05
-1.12352e-06
-9.67832e-06
-3.57466e-06
-9.02772e-06
-5.90085e-06
-8.07396e-06
-7.97583e-06
-6.81346e-06
-9.62896e-06
-5.28069e-06
-1.06357e-05
-3.57786e-06
-1.0721e-05
-1.90525e-06
-9.5855e-06
-5.77898e-07
-6.96821e-06
-2.77628e-06
-6.67026e-07
3.40656e-06
-2.12219e-06
8.3048e-06
-3.86362e-06
1.11609e-05
-5.54476e-06
1.22403e-05
-6.98099e-06
1.19605e-05
-8.10685e-06
1.0723e-05
-8.92745e-06
8.85373e-06
-9.47944e-06
6.59135e-06
-9.80407e-06
4.09846e-06
-9.93096e-06
1.48179e-06
-9.86953e-06
-1.18495e-06
-9.60605e-06
-3.83814e-06
-9.10565e-06
-6.40125e-06
-8.32046e-06
-8.76103e-06
-7.20648e-06
-1.07429e-05
-5.75277e-06
-1.20894e-05
-4.02459e-06
-1.24492e-05
-2.21644e-06
-1.13936e-05
-6.97365e-07
-8.48729e-06
-3.47365e-06
-8.14181e-07
4.22074e-06
-2.45788e-06
9.94849e-06
-4.26723e-06
1.29702e-05
-5.85502e-06
1.38281e-05
-7.07121e-06
1.31767e-05
-7.9128e-06
1.15646e-05
-8.44698e-06
9.3879e-06
-8.75974e-06
6.9041e-06
-8.92627e-06
4.265e-06
-8.99598e-06
1.5515e-06
-8.98572e-06
-1.19522e-06
-8.87734e-06
-3.94651e-06
-8.61846e-06
-6.66013e-06
-8.1279e-06
-9.25159e-06
-7.31058e-06
-1.15603e-05
-6.08911e-06
-1.33109e-05
-4.4601e-06
-1.40782e-05
-2.57873e-06
-1.3275e-05
-8.56334e-07
-1.02097e-05
-4.32998e-06
-1.02312e-06
5.24386e-06
-2.85352e-06
1.17789e-05
-4.61506e-06
1.47318e-05
-5.91874e-06
1.51318e-05
-6.70364e-06
1.39616e-05
-7.06839e-06
1.19294e-05
-7.16196e-06
9.48147e-06
-7.1254e-06
6.86755e-06
-7.06664e-06
4.20623e-06
-7.05225e-06
1.53712e-06
-7.10577e-06
-1.1417e-06
-7.20682e-06
-3.84546e-06
-7.2897e-06
-6.57725e-06
-7.24305e-06
-9.29824e-06
-6.91661e-06
-1.18867e-05
-6.14717e-06
-1.40803e-05
-4.8214e-06
-1.5404e-05
-2.99547e-06
-1.5101e-05
-1.07796e-06
-1.21272e-05
-5.40794e-06
-1.3301e-06
6.57396e-06
-3.29656e-06
1.37454e-05
-4.783e-06
1.62182e-05
-5.50248e-06
1.58513e-05
-5.57094e-06
1.40301e-05
-5.23108e-06
1.15895e-05
-4.72232e-06
8.9727e-06
-4.23245e-06
6.37768e-06
-3.88939e-06
3.86317e-06
-3.76703e-06
1.41475e-06
-3.89201e-06
-1.01672e-06
-4.24577e-06
-3.4917e-06
-4.76032e-06
-6.0627e-06
-5.30897e-06
-8.74959e-06
-5.6977e-06
-1.1498e-05
-5.67156e-06
-1.41064e-05
-4.9651e-06
-1.61104e-05
-3.44268e-06
-1.66234e-05
-1.3958e-06
-1.41741e-05
-6.80374e-06
-1.76839e-06
8.34235e-06
-3.68313e-06
1.56601e-05
-4.47189e-06
1.7007e-05
-4.16904e-06
1.55484e-05
-3.18116e-06
1.30422e-05
-1.91622e-06
1.03246e-05
-6.81708e-07
7.7382e-06
3.21507e-07
5.37447e-06
9.7474e-07
3.20994e-06
1.21558e-06
1.17391e-06
1.02112e-06
-8.22265e-07
4.02614e-07
-2.87319e-06
-5.88005e-07
-5.07208e-06
-1.83935e-06
-7.49824e-06
-3.15118e-06
-1.01861e-05
-4.20511e-06
-1.30525e-05
-4.56761e-06
-1.57479e-05
-3.7969e-06
-1.73941e-05
-1.83611e-06
-1.61349e-05
-8.63985e-06
-2.28916e-06
1.06315e-05
-3.62333e-06
1.69943e-05
-2.99333e-06
1.6377e-05
-1.11757e-06
1.36727e-05
1.22986e-06
1.06948e-05
3.53108e-06
8.02337e-06
5.49162e-06
5.77766e-06
6.96462e-06
3.90146e-06
7.88517e-06
2.28939e-06
8.22714e-06
8.3195e-07
7.98035e-06
-5.75484e-07
7.14342e-06
-2.03626e-06
5.73031e-06
-3.65896e-06
3.79357e-06
-5.5615e-06
1.47016e-06
-7.86272e-06
-9.46592e-07
-1.06357e-05
-2.92188e-06
-1.37727e-05
-3.64123e-06
-1.66747e-05
-2.33411e-06
-1.7442e-05
-1.0974e-05
-2.50734e-06
1.31389e-05
-1.9617e-06
1.64486e-05
1.14413e-06
1.32711e-05
5.05132e-06
9.76547e-06
8.78062e-06
6.96546e-06
1.19254e-05
4.87854e-06
1.43605e-05
3.34258e-06
1.60809e-05
2.18109e-06
1.71184e-05
1.25191e-06
1.75018e-05
4.48576e-07
1.72401e-05
-3.13829e-07
1.63176e-05
-1.11378e-06
1.46967e-05
-2.03805e-06
1.2333e-05
-3.19776e-06
9.21478e-06
-4.74454e-06
5.45107e-06
-6.87204e-06
1.44379e-06
-9.76537e-06
-1.80506e-06
-1.34259e-05
-2.47781e-06
-1.67692e-05
-1.34518e-05
-6.0536e-07
1.37442e-05
4.57941e-06
1.12639e-05
1.09957e-05
6.85488e-06
1.6566e-05
4.19518e-06
2.08998e-05
2.63162e-06
2.40999e-05
1.67842e-06
2.63665e-05
1.07603e-06
2.78763e-05
6.71245e-07
2.87544e-05
3.73816e-07
2.90732e-05
1.29813e-07
2.88565e-05
-9.71062e-08
2.80808e-05
-3.38141e-07
2.66724e-05
-6.29635e-07
2.45005e-05
-1.02589e-06
2.13752e-05
-1.61921e-06
1.70736e-05
-2.57042e-06
1.14661e-05
-4.15788e-06
4.92927e-06
-6.88907e-06
-4.42506e-07
-1.13975e-05
-1.38943e-05
1.37442e-05
2.50081e-05
3.1863e-05
3.60581e-05
3.86898e-05
4.03682e-05
4.14442e-05
4.21155e-05
4.24893e-05
4.26191e-05
4.2522e-05
4.21838e-05
4.15542e-05
4.05283e-05
3.89091e-05
3.63387e-05
3.21808e-05
2.52917e-05
1.38943e-05
)
;

boundaryField
{
    movingWall
    {
        type            calculated;
        value           uniform 0;
    }
    fixedWalls
    {
        type            calculated;
        value           uniform 0;
    }
    frontAndBack
    {
        type            empty;
        value           nonuniform 0();
    }
}


// ************************************************************************* //
