/*--------------------------------*- C++ -*----------------------------------*\
  =========                 |
  \\      /  F ield         | OpenFOAM: The Open Source CFD Toolbox
   \\    /   O peration     | Website:  https://openfoam.org
    \\  /    A nd           | Version:  6
     \\/     M anipulation  |
\*---------------------------------------------------------------------------*/
FoamFile
{
    version     2.0;
    format      ascii;
    class       volVectorField;
    location    "0.1";
    object      U;
}
// * * * * * * * * * * * * * * * * * * * * * * * * * * * * * * * * * * * * * //

dimensions      [0 1 -1 0 0 0 0];

internalField   nonuniform List<vector> 
400
(
(0.000256298 -0.000252761 0)
(0.000157534 0.000107283 0)
(-0.00114756 0.000566268 0)
(-0.00345713 0.000894631 0)
(-0.00637604 0.00106067 0)
(-0.00949709 0.00107661 0)
(-0.0124534 0.000967187 0)
(-0.0149422 0.000760968 0)
(-0.0167342 0.000486313 0)
(-0.0176753 0.000170362 0)
(-0.0176863 -0.000160495 0)
(-0.0167632 -0.000479708 0)
(-0.0149787 -0.000759689 0)
(-0.0124841 -0.000971284 0)
(-0.00951151 -0.00108398 0)
(-0.00637058 -0.00106776 0)
(-0.00343711 -0.000897951 0)
(-0.00112496 -0.000564256 0)
(0.000171439 -0.000102036 0)
(0.000260022 0.00025569 0)
(-6.90312e-05 -0.000187143 0)
(-0.00157532 0.00161959 0)
(-0.00563419 0.00361487 0)
(-0.0116732 0.00506391 0)
(-0.0188906 0.00579323 0)
(-0.026454 0.00580999 0)
(-0.0335649 0.00520023 0)
(-0.0395346 0.0040876 0)
(-0.0438277 0.00260996 0)
(-0.0460788 0.000909326 0)
(-0.0460994 -0.000870748 0)
(-0.0438823 -0.00258469 0)
(-0.0396036 -0.00408405 0)
(-0.0336237 -0.00521857 0)
(-0.0264826 -0.00584161 0)
(-0.0188815 -0.00582373 0)
(-0.0116354 -0.00507903 0)
(-0.0055894 -0.00360804 0)
(-0.00154566 -0.00159828 0)
(-6.02472e-05 0.000201534 0)
(-0.000515438 0.00104333 0)
(-0.00366094 0.00567523 0)
(-0.0105145 0.0102154 0)
(-0.0199427 0.0134672 0)
(-0.0307795 0.0150498 0)
(-0.0419107 0.0149404 0)
(-0.0522612 0.0133107 0)
(-0.0608957 0.0104394 0)
(-0.0670823 0.00665619 0)
(-0.0703198 0.00231271 0)
(-0.0703494 -0.00222931 0)
(-0.0671614 -0.00660179 0)
(-0.0609982 -0.0104325 0)
(-0.0523539 -0.013352 0)
(-0.0419649 -0.0150116 0)
(-0.0307823 -0.0151199 0)
(-0.0199024 -0.0135046 0)
(-0.0104584 -0.0102043 0)
(-0.0036203 -0.00562915 0)
(-0.000502506 -0.00100777 0)
(-0.000910747 0.00339301 0)
(-0.00563308 0.0121235 0)
(-0.0152318 0.0199208 0)
(-0.0279013 0.0253135 0)
(-0.042067 0.0277815 0)
(-0.0563595 0.0273108 0)
(-0.0694935 0.0241965 0)
(-0.0803646 0.0189156 0)
(-0.0881168 0.0120383 0)
(-0.0921665 0.00417865 0)
(-0.0922128 -0.00402883 0)
(-0.0882426 -0.0119381 0)
(-0.080535 -0.0188973 0)
(-0.0696619 -0.0242633 0)
(-0.0564827 -0.0274334 0)
(-0.0421199 -0.0279079 0)
(-0.0278867 -0.0253889 0)
(-0.0151801 -0.0199138 0)
(-0.00558662 -0.0120506 0)
(-0.000894143 -0.00332942 0)
(-0.00125958 0.0067477 0)
(-0.00748538 0.0208331 0)
(-0.0197812 0.0325508 0)
(-0.0356246 0.0403175 0)
(-0.0529878 0.0435926 0)
(-0.0702391 0.0424565 0)
(-0.0859101 0.0373915 0)
(-0.098774 0.0291214 0)
(-0.1079 0.018496 0)
(-0.112663 0.00642298 0)
(-0.112741 -0.00616384 0)
(-0.108114 -0.0183147 0)
(-0.099075 -0.0290705 0)
(-0.0862298 -0.0374801 0)
(-0.0705091 -0.0426447 0)
(-0.0531602 -0.0438026 0)
(-0.0356876 -0.0404619 0)
(-0.0197641 -0.032572 0)
(-0.00744426 -0.0207429 0)
(-0.00124087 -0.00665302 0)
(-0.00159164 0.0110475 0)
(-0.00930417 0.0317703 0)
(-0.0243026 0.0481015 0)
(-0.0433115 0.0584598 0)
(-0.0638105 0.0624154 0)
(-0.0838937 0.0602587 0)
(-0.101929 0.0527484 0)
(-0.116606 0.0409184 0)
(-0.126962 0.0259363 0)
(-0.132367 0.00902336 0)
(-0.132495 -0.00857807 0)
(-0.127322 -0.0256091 0)
(-0.117125 -0.0407926 0)
(-0.102507 -0.0528459 0)
(-0.0844237 -0.0605301 0)
(-0.0642059 -0.0627516 0)
(-0.0435329 -0.0587279 0)
(-0.0243702 -0.0482005 0)
(-0.00928863 -0.0316917 0)
(-0.00157439 -0.0109261 0)
(-0.00193665 0.0162951 0)
(-0.011189 0.0449686 0)
(-0.0289635 0.0666108 0)
(-0.0511664 0.079739 0)
(-0.0747433 0.0841842 0)
(-0.0975129 0.0805915 0)
(-0.117709 0.0701103 0)
(-0.133986 0.0541592 0)
(-0.145404 0.0342609 0)
(-0.151366 0.0119586 0)
(-0.151569 -0.0112074 0)
(-0.145976 -0.0336848 0)
(-0.134829 -0.0538871 0)
(-0.118678 -0.0701882 0)
(-0.0984464 -0.0809645 0)
(-0.0754986 -0.0847064 0)
(-0.0516575 -0.0802159 0)
(-0.0291878 -0.0668728 0)
(-0.0112302 -0.0449609 0)
(-0.00192697 -0.0161643 0)
(-0.00232251 0.0225514 0)
(-0.0132367 0.0605352 0)
(-0.033919 0.0881518 0)
(-0.0593435 0.104137 0)
(-0.0858742 0.108772 0)
(-0.111072 0.103241 0)
(-0.133096 0.089227 0)
(-0.15064 0.0686163 0)
(-0.162857 0.0433189 0)
(-0.169243 0.0151901 0)
(-0.169542 -0.0139661 0)
(-0.16371 -0.0423474 0)
(-0.151916 -0.0680911 0)
(-0.134599 -0.089234 0)
(-0.112572 -0.103729 0)
(-0.0871514 -0.109555 0)
(-0.0602427 -0.104942 0)
(-0.0343944 -0.0887073 0)
(-0.0133778 -0.0606988 0)
(-0.00232958 -0.0224479 0)
(-0.00277834 0.0299322 0)
(-0.0155429 0.078646 0)
(-0.0393008 0.112812 0)
(-0.0679159 0.131569 0)
(-0.0971198 0.135918 0)
(-0.12427 0.127826 0)
(-0.147551 0.109676 0)
(-0.165814 0.083917 0)
(-0.178408 0.0528621 0)
(-0.184994 0.018644 0)
(-0.185407 -0.0167371 0)
(-0.179594 -0.0513065 0)
(-0.167613 -0.0829932 0)
(-0.149715 -0.109531 0)
(-0.126492 -0.128428 0)
(-0.0990878 -0.137047 0)
(-0.0693785 -0.132855 0)
(-0.0401405 -0.113843 0)
(-0.0158393 -0.0791328 0)
(-0.00281483 -0.0299192 0)
(-0.0033423 0.0386119 0)
(-0.0182189 0.0995339 0)
(-0.0452226 0.140645 0)
(-0.076852 0.161803 0)
(-0.108169 0.165122 0)
(-0.136442 0.153676 0)
(-0.160051 0.130759 0)
(-0.178172 0.09946 0)
(-0.190489 0.0624908 0)
(-0.196925 0.0221875 0)
(-0.197456 -0.019362 0)
(-0.192022 -0.0601327 0)
(-0.180529 -0.0979576 0)
(-0.162944 -0.130345 0)
(-0.139494 -0.154365 0)
(-0.110969 -0.166673 0)
(-0.0790282 -0.163745 0)
(-0.0465488 -0.142382 0)
(-0.0187364 -0.100554 0)
(-0.00342479 -0.0387858 0)
(-0.00407566 0.048843 0)
(-0.0214196 0.123479 0)
(-0.0517897 0.171596 0)
(-0.0859783 0.194324 0)
(-0.118393 0.195487 0)
(-0.146434 0.179696 0)
(-0.168944 0.151378 0)
(-0.18565 0.114329 0)
(-0.196742 0.0715985 0)
(-0.202515 0.0256047 0)
(-0.203141 -0.0216358 0)
(-0.198564 -0.0682193 0)
(-0.188494 -0.112049 0)
(-0.172515 -0.150542 0)
(-0.150315 -0.180398 0)
(-0.122084 -0.197504 0)
(-0.088974 -0.197093 0)
(-0.0537149 -0.174306 0)
(-0.0222305 -0.125303 0)
(-0.00422484 -0.0493397 0)
(-0.00508801 0.0610039 0)
(-0.0253873 0.1508 0)
(-0.0590954 0.205386 0)
(-0.0948909 0.228154 0)
(-0.126684 0.225526 0)
(-0.152408 0.20419 0)
(-0.171749 0.169922 0)
(-0.185272 0.127214 0)
(-0.193857 0.0793277 0)
(-0.198271 0.0285749 0)
(-0.198933 -0.0233083 0)
(-0.195803 -0.0747584 0)
(-0.188372 -0.12397 0)
(-0.175751 -0.168479 0)
(-0.156917 -0.204768 0)
(-0.13116 -0.227976 0)
(-0.0987056 -0.231871 0)
(-0.0616884 -0.209335 0)
(-0.0265612 -0.153744 0)
(-0.00532868 -0.0620031 0)
(-0.00658165 0.0756958 0)
(-0.0305067 0.181821 0)
(-0.0671617 0.241301 0)
(-0.102747 0.261559 0)
(-0.131152 0.252897 0)
(-0.151514 0.224681 0)
(-0.164873 0.184156 0)
(-0.172939 0.13637 0)
(-0.177422 0.084556 0)
(-0.179619 0.0306639 0)
(-0.180213 -0.0240977 0)
(-0.179197 -0.0787509 0)
(-0.17585 -0.132045 0)
(-0.168792 -0.18192 0)
(-0.156159 -0.224922 0)
(-0.136037 -0.255622 0)
(-0.107182 -0.266218 0)
(-0.0703905 -0.246687 0)
(-0.0320928 -0.186213 0)
(-0.00694175 -0.07742 0)
(-0.00892151 0.0939083 0)
(-0.0373423 0.216755 0)
(-0.0757132 0.277791 0)
(-0.10779 0.291608 0)
(-0.128556 0.274086 0)
(-0.13938 0.237766 0)
(-0.143239 0.191216 0)
(-0.143202 0.13967 0)
(-0.141824 0.0859528 0)
(-0.140873 0.0313441 0)
(-0.141253 -0.0237214 0)
(-0.143001 -0.0790784 0)
(-0.145264 -0.134291 0)
(-0.146257 -0.188048 0)
(-0.143306 -0.23739 0)
(-0.133097 -0.276759 0)
(-0.112327 -0.296983 0)
(-0.0793548 -0.284628 0)
(-0.039335 -0.222858 0)
(-0.00942829 -0.0966123 0)
(-0.0126998 0.117243 0)
(-0.0465059 0.255309 0)
(-0.0834931 0.31173 0)
(-0.106321 0.313568 0)
(-0.113293 0.284139 0)
(-0.109347 0.23914 0)
(-0.0998264 0.187802 0)
(-0.0890894 0.134844 0)
(-0.0802812 0.0821679 0)
(-0.0753871 0.0300727 0)
(-0.0753903 -0.0219536 0)
(-0.0803765 -0.0746846 0)
(-0.0895129 -0.12868 0)
(-0.100898 -0.183705 0)
(-0.111352 -0.237864 0)
(-0.116303 -0.286259 0)
(-0.110001 -0.319121 0)
(-0.0869985 -0.319698 0)
(-0.0487722 -0.263189 0)
(-0.0133648 -0.121178 0)
(-0.0185821 0.148237 0)
(-0.0578024 0.295687 0)
(-0.0864048 0.337097 0)
(-0.0905851 0.320182 0)
(-0.0757133 0.276643 0)
(-0.0514422 0.224038 0)
(-0.0252581 0.170783 0)
(-0.00214405 0.120033 0)
(0.0148383 0.0722142 0)
(0.0239774 0.0264501 0)
(0.0244717 -0.0187089 0)
(0.0162028 -0.0649001 0)
(-0.000255326 -0.11366 0)
(-0.0233812 -0.166018 0)
(-0.0502136 -0.221711 0)
(-0.0756906 -0.277629 0)
(-0.0919664 -0.325041 0)
(-0.0887365 -0.345375 0)
(-0.059931 -0.305002 0)
(-0.0193499 -0.153572 0)
(-0.0261483 0.191106 0)
(-0.0672204 0.332213 0)
(-0.0730648 0.342523 0)
(-0.0448384 0.300783 0)
(0.000334823 0.24417 0)
(0.0486733 0.18827 0)
(0.0922742 0.138281 0)
(0.127078 0.0946568 0)
(0.151215 0.0560277 0)
(0.163921 0.0204552 0)
(0.164902 -0.0141391 0)
(0.154043 -0.0498832 0)
(0.131405 -0.0889504 0)
(0.0975025 -0.13347 0)
(0.0539608 -0.185086 0)
(0.00469653 -0.243622 0)
(-0.0422736 -0.303929 0)
(-0.0726553 -0.349762 0)
(-0.0682827 -0.341961 0)
(-0.0267555 -0.197774 0)
(-0.0286872 0.24893 0)
(-0.058183 0.348491 0)
(-0.0153986 0.308216 0)
(0.0610704 0.242127 0)
(0.140369 0.180826 0)
(0.21013 0.130877 0)
(0.266179 0.0917434 0)
(0.307676 0.0607872 0)
(0.335122 0.0352457 0)
(0.349248 0.0127483 0)
(0.350481 -0.00875504 0)
(0.338758 -0.0312186 0)
(0.313508 -0.0567552 0)
(0.273794 -0.0878795 0)
(0.218814 -0.127614 0)
(0.149061 -0.178994 0)
(0.0684374 -0.242969 0)
(-0.0106988 -0.312913 0)
(-0.0566127 -0.356739 0)
(-0.0283682 -0.256032 0)
(0.0132475 0.287614 0)
(0.0288538 0.301524 0)
(0.151503 0.213636 0)
(0.279686 0.142603 0)
(0.37992 0.0945411 0)
(0.454437 0.0626293 0)
(0.50833 0.0411763 0)
(0.545517 0.0261022 0)
(0.569003 0.014699 0)
(0.580774 0.00519178 0)
(0.581792 -0.00370055 0)
(0.572066 -0.0131117 0)
(0.550633 -0.0243343 0)
(0.515448 -0.0391819 0)
(0.463324 -0.0604742 0)
(0.390008 -0.0925688 0)
(0.289908 -0.141665 0)
(0.160111 -0.215002 0)
(0.0342392 -0.305704 0)
(0.0158704 -0.292142 0)
(0.304279 0.146877 0)
(0.404862 0.127586 0)
(0.567544 0.074964 0)
(0.684225 0.0421605 0)
(0.752016 0.0241472 0)
(0.793451 0.0141633 0)
(0.820062 0.00846043 0)
(0.837039 0.00499814 0)
(0.847209 0.00267431 0)
(0.852114 0.000888221 0)
(0.852434 -0.000727625 0)
(0.848198 -0.00247167 0)
(0.838788 -0.00470298 0)
(0.822717 -0.00800692 0)
(0.797182 -0.0134751 0)
(0.756965 -0.0231846 0)
(0.690407 -0.041041 0)
(0.574191 -0.074104 0)
(0.409764 -0.127675 0)
(0.306599 -0.147726 0)
)
;

boundaryField
{
    movingWall
    {
        type            fixedValue;
        value           uniform (1 0 0);
    }
    fixedWalls
    {
        type            noSlip;
    }
    frontAndBack
    {
        type            empty;
    }
}


// ************************************************************************* //
