/*--------------------------------*- C++ -*----------------------------------*\
  =========                 |
  \\      /  F ield         | OpenFOAM: The Open Source CFD Toolbox
   \\    /   O peration     | Website:  https://openfoam.org
    \\  /    A nd           | Version:  6
     \\/     M anipulation  |
\*---------------------------------------------------------------------------*/
FoamFile
{
    version     2.0;
    format      ascii;
    class       volScalarField;
    location    "0.23";
    object      p;
}
// * * * * * * * * * * * * * * * * * * * * * * * * * * * * * * * * * * * * * //

dimensions      [0 2 -2 0 0 0 0];

internalField   nonuniform List<scalar> 
400
(
-6.28176e-08
-0.000294854
-0.000560616
-0.000660182
-0.000548852
-0.000215273
0.000336317
0.00109341
0.00203611
0.00313317
0.00433649
0.00557719
0.00676595
0.00780026
0.00857995
0.00903026
0.009128
0.00892186
0.00854072
0.00820189
0.000294175
-1.07994e-05
-0.000204382
-0.000233672
-9.13094e-05
0.00023232
0.000738354
0.00141985
0.00226193
0.00323836
0.00430726
0.00540838
0.00646408
0.00738609
0.00808941
0.00851245
0.00863932
0.00851164
0.00821209
0.00787036
0.000573274
0.000161456
-4.57119e-05
-5.79562e-05
9.01185e-05
0.00039982
0.000872872
0.00150609
0.00229025
0.00320552
0.0042164
0.00526817
0.0062869
0.00718526
0.00787597
0.00829269
0.00841439
0.0082751
0.00792717
0.00746048
0.000681746
0.000139755
-0.000118566
-0.00014439
-7.67091e-06
0.000284521
0.000733562
0.00133984
0.00210048
0.00300298
0.00401824
0.005095
0.0061575
0.00710965
0.00784868
0.00828928
0.00839506
0.00819259
0.00772252
0.00707719
0.00053161
-0.000132775
-0.000448928
-0.000498881
-0.000381294
-0.000109359
0.000319281
0.000909841
0.00166718
0.00258772
0.0036502
0.00480707
0.00597864
0.00705423
0.00790518
0.00841392
0.00851683
0.00822935
0.00759179
0.00672814
5.76061e-05
-0.000720884
-0.00109624
-0.00117597
-0.00108321
-0.000835386
-0.000427705
0.00015146
0.000916731
0.00187618
0.00301976
0.00430689
0.00565529
0.0069363
0.00798487
0.00863348
0.00877161
0.00839087
0.0075324
0.00637721
-0.000794223
-0.00168403
-0.00212065
-0.00223565
-0.00217538
-0.00196089
-0.00158406
-0.00102541
-0.000258065
0.000741882
0.00198193
0.00343661
0.00502863
0.00661368
0.00798109
0.00888918
0.00914657
0.0086898
0.00754275
0.00596702
-0.00207388
-0.00307814
-0.0035803
-0.00373811
-0.00372322
-0.00356137
-0.00324145
-0.00273552
-0.0020022
-0.000996515
0.000316388
0.00194135
0.00382497
0.00582263
0.00767703
0.00904309
0.00959236
0.00914022
0.00763587
0.00543821
-0.00383249
-0.0049599
-0.00553423
-0.005745
-0.00579504
-0.00571834
-0.00550316
-0.00511458
-0.0044964
-0.00357818
-0.00228581
-0.000560686
0.00160355
0.0041026
0.00665621
0.00879325
0.00996549
0.00974105
0.00785777
0.00475626
-0.00612504
-0.00738937
-0.00804234
-0.00831548
-0.0084538
-0.00850637
-0.00846627
-0.00829682
-0.00793118
-0.00727378
-0.00620149
-0.00457338
-0.00226767
0.0007313
0.00419598
0.00754591
0.00991864
0.0104228
0.00830231
0.00395987
-0.00901351
-0.0104331
-0.0111641
-0.0114981
-0.0117412
-0.0119685
-0.0121866
-0.0123673
-0.0124443
-0.0123066
-0.0117818
-0.0106218
-0.00852178
-0.00522428
-0.000749624
0.0043247
0.00877594
0.01096
0.00912027
0.00326426
-0.0125751
-0.0141714
-0.0149575
-0.0153192
-0.0156547
-0.0160799
-0.0166265
-0.017288
-0.0180173
-0.0187087
-0.0191556
-0.0189952
-0.017681
-0.014575
-0.00926236
-0.00205997
0.00556452
0.0109362
0.0105513
0.00328951
-0.0169245
-0.0187148
-0.0194802
-0.0197674
-0.0201182
-0.0207058
-0.021595
-0.0228142
-0.0243555
-0.0261447
-0.027969
-0.0293668
-0.0295279
-0.027332
-0.0216981
-0.012307
-0.000496045
0.00999067
0.0131055
0.00550886
-0.0222684
-0.0242395
-0.024792
-0.0247743
-0.0249522
-0.0255647
-0.026707
-0.0284454
-0.0308221
-0.0338127
-0.0372226
-0.0405191
-0.0426518
-0.0420067
-0.0367171
-0.0254885
-0.00895028
0.00853771
0.0180505
0.0128598
-0.0290349
-0.0310523
-0.0309526
-0.0301849
-0.0298454
-0.0302153
-0.0313924
-0.0334656
-0.0365167
-0.0405637
-0.0454276
-0.050517
-0.0545822
-0.0555901
-0.0509511
-0.0383014
-0.0170723
0.00870995
0.0280244
0.0300169
-0.0381672
-0.0396985
-0.0379808
-0.0356965
-0.0343249
-0.0340731
-0.034973
-0.0370937
-0.0405184
-0.045265
-0.0511253
-0.057417
-0.0627014
-0.0646101
-0.0600037
-0.0456551
-0.0197425
0.014992
0.0474307
0.0629756
-0.0518701
-0.0511288
-0.0457803
-0.0408159
-0.0377722
-0.0364878
-0.0368072
-0.038707
-0.0422014
-0.0472317
-0.0534783
-0.0600922
-0.0653978
-0.0666997
-0.060406
-0.042663
-0.010714
0.0343338
0.0835642
0.120366
-0.0761953
-0.0668332
-0.0539608
-0.0447667
-0.0393519
-0.0367112
-0.0363184
-0.0379222
-0.041356
-0.0463891
-0.0525067
-0.0586206
-0.0627612
-0.0618581
-0.0517907
-0.0279314
0.0135861
0.0737714
0.148412
0.221084
-0.130066
-0.0869386
-0.0578777
-0.0432141
-0.0357316
-0.0322722
-0.0317742
-0.0336295
-0.0373785
-0.0425747
-0.0485132
-0.0539038
-0.0565508
-0.0530899
-0.0388696
-0.00805436
0.0458786
0.129297
0.248854
0.395494
-0.25519
-0.102606
-0.0423106
-0.0267066
-0.0214755
-0.0198187
-0.0210697
-0.0245564
-0.0296169
-0.0357167
-0.0421261
-0.0475447
-0.0497824
-0.0454833
-0.0298726
0.00371832
0.0651195
0.171151
0.34881
0.61945
)
;

boundaryField
{
    movingWall
    {
        type            zeroGradient;
    }
    fixedWalls
    {
        type            zeroGradient;
    }
    frontAndBack
    {
        type            empty;
    }
}


// ************************************************************************* //
