/*--------------------------------*- C++ -*----------------------------------*\
  =========                 |
  \\      /  F ield         | OpenFOAM: The Open Source CFD Toolbox
   \\    /   O peration     | Website:  https://openfoam.org
    \\  /    A nd           | Version:  6
     \\/     M anipulation  |
\*---------------------------------------------------------------------------*/
FoamFile
{
    version     2.0;
    format      ascii;
    class       surfaceScalarField;
    location    "0.23";
    object      phi;
}
// * * * * * * * * * * * * * * * * * * * * * * * * * * * * * * * * * * * * * //

dimensions      [0 3 -1 0 0 0 0];

internalField   nonuniform List<scalar> 
760
(
1.26597e-09
-1.26535e-09
-3.56813e-08
3.69473e-08
-1.04179e-07
6.84977e-08
-1.90186e-07
8.6007e-08
-2.82521e-07
9.2335e-08
-3.73107e-07
9.0586e-08
-4.55921e-07
8.28138e-08
-5.25905e-07
6.99843e-08
-5.7819e-07
5.22849e-08
-6.07849e-07
2.96595e-08
-6.10251e-07
2.40112e-09
-5.81956e-07
-2.8295e-08
-5.22045e-07
-5.99111e-08
-4.33575e-07
-8.84694e-08
-3.24706e-07
-1.08869e-07
-2.08861e-07
-1.15846e-07
-1.03371e-07
-1.05489e-07
-2.65194e-08
-7.6852e-08
7.21169e-09
-3.37312e-08
7.2117e-09
-3.76919e-08
3.64266e-08
-1.51638e-07
1.50893e-07
-3.24301e-07
2.41161e-07
-5.31562e-07
2.93268e-07
-7.51325e-07
3.12097e-07
-9.65604e-07
3.04866e-07
-1.15989e-06
2.77098e-07
-1.32177e-06
2.31861e-07
-1.43982e-06
1.70341e-07
-1.50336e-06
9.31979e-08
-1.50314e-06
2.17918e-09
-1.43309e-06
-9.83422e-08
-1.29277e-06
-2.00229e-07
-1.08996e-06
-2.91282e-07
-8.42521e-07
-3.56308e-07
-5.78379e-07
-3.79987e-07
-3.32491e-07
-3.51377e-07
-1.40357e-07
-2.68986e-07
-2.82185e-08
-1.4587e-07
-2.10067e-08
-7.54681e-08
1.11895e-07
-2.60979e-07
3.36404e-07
-5.21553e-07
5.01735e-07
-8.24236e-07
5.95951e-07
-1.14024e-06
6.28101e-07
-1.44581e-06
6.10435e-07
-1.72133e-06
5.52618e-07
-1.94981e-06
4.6034e-07
-2.11568e-06
3.36215e-07
-2.20454e-06
1.82056e-07
-2.20404e-06
1.68214e-09
-2.10606e-06
-1.96324e-07
-1.90977e-06
-3.96522e-07
-1.62508e-06
-5.75971e-07
-1.27531e-06
-7.06081e-07
-8.97474e-07
-7.57821e-07
-5.38625e-07
-7.10227e-07
-2.47393e-07
-5.60218e-07
-6.20305e-08
-3.31233e-07
-8.30371e-08
-1.05748e-07
2.17642e-07
-3.53328e-07
5.83984e-07
-6.89998e-07
8.38405e-07
-1.07322e-06
9.79172e-07
-1.46867e-06
1.02356e-06
-1.84896e-06
9.90725e-07
-2.19166e-06
8.95312e-07
-2.4772e-06
7.45883e-07
-2.68737e-06
5.46384e-07
-2.80479e-06
2.99474e-07
-2.81381e-06
1.07029e-08
-2.70289e-06
-3.07247e-07
-2.46835e-06
-6.3106e-07
-2.11905e-06
-9.25273e-07
-1.68067e-06
-1.14445e-06
-1.19759e-06
-1.24091e-06
-7.29491e-07
-1.17832e-06
-3.41276e-07
-9.48433e-07
-8.7677e-08
-5.84831e-07
-1.70714e-07
-1.30644e-07
3.48287e-07
-4.3222e-07
8.85561e-07
-8.36378e-07
1.24256e-06
-1.29128e-06
1.43407e-06
-1.75777e-06
1.49005e-06
-2.20612e-06
1.43907e-06
-2.61262e-06
1.30182e-06
-2.95659e-06
1.08985e-06
-3.21804e-06
8.07832e-07
-3.37667e-06
4.58106e-07
-3.41241e-06
4.64396e-08
-3.30782e-06
-4.11837e-07
-3.05268e-06
-8.86199e-07
-2.65052e-06
-1.32743e-06
-2.12595e-06
-1.66903e-06
-1.52986e-06
-1.83699e-06
-9.38036e-07
-1.77015e-06
-4.38836e-07
-1.44763e-06
-1.10941e-07
-9.12726e-07
-2.81655e-07
-1.52589e-07
5.00875e-07
-5.03295e-07
1.23627e-06
-9.70031e-07
1.7093e-06
-1.4924e-06
1.95644e-06
-2.02719e-06
2.02484e-06
-2.54346e-06
1.95534e-06
-3.01765e-06
1.77601e-06
-3.42917e-06
1.50137e-06
-3.75708e-06
1.13574e-06
-3.97804e-06
6.79071e-07
-4.06609e-06
1.34493e-07
-3.99471e-06
-4.83217e-07
-3.74213e-06
-1.13878e-06
-3.3004e-06
-1.76916e-06
-2.68749e-06
-2.28194e-06
-1.95875e-06
-2.56573e-06
-1.21029e-06
-2.51861e-06
-5.65268e-07
-2.09265e-06
-1.39794e-07
-1.3382e-06
-4.21449e-07
-1.73571e-07
6.74446e-07
-5.71731e-07
1.63443e-06
-1.09944e-06
2.23701e-06
-1.68835e-06
2.54535e-06
-2.29207e-06
2.62855e-06
-2.87975e-06
2.54302e-06
-3.42945e-06
2.32572e-06
-3.92226e-06
1.99418e-06
-4.33743e-06
1.55091e-06
-4.64892e-06
9.90565e-07
-4.82369e-06
3.09253e-07
-4.8227e-06
-4.84202e-07
-4.60655e-06
-1.35494e-06
-4.14726e-06
-2.22844e-06
-3.44698e-06
-2.98222e-06
-2.55946e-06
-3.45324e-06
-1.60384e-06
-3.47423e-06
-7.53132e-07
-2.94336e-06
-1.84084e-07
-1.90725e-06
-6.05533e-07
-1.95097e-07
8.69543e-07
-6.41567e-07
2.0809e-06
-1.23091e-06
2.82636e-06
-1.88697e-06
3.2014e-06
-2.56106e-06
3.30264e-06
-3.22389e-06
3.20586e-06
-3.85705e-06
2.95888e-06
-4.4453e-06
2.58243e-06
-4.97e-06
2.07561e-06
-5.40369e-06
1.42425e-06
-5.70605e-06
6.1162e-07
-5.82296e-06
-3.67302e-07
-5.69108e-06
-1.48681e-06
-5.25209e-06
-2.66744e-06
-4.47873e-06
-3.75558e-06
-3.41054e-06
-4.52144e-06
-2.186e-06
-4.69877e-06
-1.04365e-06
-4.08572e-06
-2.56662e-07
-2.69424e-06
-8.62195e-07
-2.18316e-07
1.08786e-06
-7.15778e-07
2.57836e-06
-1.36841e-06
3.47899e-06
-2.09167e-06
3.92465e-06
-2.83534e-06
4.04631e-06
-3.57332e-06
3.94384e-06
-4.29285e-06
3.67841e-06
-4.98487e-06
3.27445e-06
-5.63558e-06
2.72632e-06
-6.21864e-06
2.00731e-06
-6.68823e-06
1.08121e-06
-6.97472e-06
-8.08122e-08
-6.98688e-06
-1.47465e-06
-6.62635e-06
-3.02796e-06
-5.82021e-06
-4.56173e-06
-4.57258e-06
-5.76908e-06
-3.02449e-06
-6.24686e-06
-1.48654e-06
-5.62366e-06
-3.74943e-07
-3.80583e-06
-1.23714e-06
-2.44449e-07
1.33231e-06
-7.97096e-07
3.13101e-06
-1.51444e-06
4.19634e-06
-2.30205e-06
4.71226e-06
-3.10872e-06
4.85299e-06
-3.91312e-06
4.74824e-06
-4.71019e-06
4.47548e-06
-5.49964e-06
4.06389e-06
-6.27566e-06
3.50234e-06
-7.01691e-06
2.74857e-06
-7.6764e-06
1.7407e-06
-8.17299e-06
4.15774e-07
-8.38927e-06
-1.25837e-06
-8.18317e-06
-3.23405e-06
-7.42209e-06
-5.32281e-06
-6.04674e-06
-7.14442e-06
-4.16358e-06
-8.13003e-06
-2.13503e-06
-7.65221e-06
-5.63022e-07
-5.37784e-06
-1.80016e-06
-2.75578e-07
1.60789e-06
-8.8962e-07
3.74505e-06
-1.67194e-06
4.97866e-06
-2.51561e-06
5.55593e-06
-3.36884e-06
5.70621e-06
-4.21641e-06
5.59581e-06
-5.06255e-06
5.32162e-06
-5.91756e-06
4.9189e-06
-6.78649e-06
4.37127e-06
-7.65772e-06
3.6198e-06
-8.49033e-06
2.57331e-06
-9.20168e-06
1.12712e-06
-9.65967e-06
-8.00379e-07
-9.68715e-06
-3.20657e-06
-9.08883e-06
-5.92113e-06
-7.71511e-06
-8.51813e-06
-5.57991e-06
-1.02652e-05
-3.02964e-06
-1.02025e-05
-8.53862e-07
-7.55362e-06
-2.65402e-06
-3.16041e-07
1.92393e-06
-1.00142e-06
4.43042e-06
-1.84709e-06
5.82434e-06
-2.7302e-06
6.43903e-06
-3.59924e-06
6.57526e-06
-4.4465e-06
6.44307e-06
-5.28613e-06
6.16125e-06
-6.13952e-06
5.77228e-06
-7.02421e-06
5.25597e-06
-7.94288e-06
4.53847e-06
-8.87021e-06
3.50064e-06
-9.73826e-06
1.99517e-06
-1.04231e-05
-1.1558e-07
-1.07378e-05
-2.89186e-06
-1.04415e-05
-6.2174e-06
-9.2832e-06
-9.67645e-06
-7.12004e-06
-1.24284e-05
-4.16036e-06
-1.31622e-05
-1.28713e-06
-1.04268e-05
-3.94115e-06
-3.74954e-07
2.29888e-06
-1.14853e-06
5.204e-06
-2.05288e-06
6.72868e-06
-2.94645e-06
7.33261e-06
-3.78137e-06
7.41018e-06
-4.55985e-06
7.22155e-06
-5.30616e-06
6.90757e-06
-6.05187e-06
6.51799e-06
-6.82691e-06
6.03101e-06
-7.65148e-06
5.36304e-06
-8.52554e-06
4.3747e-06
-9.41495e-06
2.88458e-06
-1.02342e-05
7.0369e-07
-1.08269e-05
-2.29918e-06
-1.09479e-05
-6.09639e-06
-1.02663e-05
-1.03581e-05
-8.44377e-06
-1.42509e-05
-5.40226e-06
-1.62037e-05
-1.89032e-06
-1.39388e-05
-5.83147e-06
-4.70929e-07
2.76981e-06
-1.36079e-06
6.09386e-06
-2.31191e-06
7.67981e-06
-3.16687e-06
8.18756e-06
-3.89158e-06
8.13489e-06
-4.50415e-06
7.83412e-06
-5.04035e-06
7.44376e-06
-5.5407e-06
7.01834e-06
-6.04608e-06
6.53639e-06
-6.59484e-06
5.9118e-06
-7.21809e-06
4.99795e-06
-7.93029e-06
3.59677e-06
-8.71205e-06
1.48546e-06
-9.48105e-06
-1.53018e-06
-1.00479e-05
-5.52954e-06
-1.00656e-05
-1.03404e-05
-9.02397e-06
-1.52925e-05
-6.44915e-06
-1.87785e-05
-2.62925e-06
-1.77587e-05
-8.46072e-06
-6.40914e-07
3.41072e-06
-1.68889e-06
7.14183e-06
-2.65296e-06
8.64388e-06
-3.38153e-06
8.91613e-06
-3.87955e-06
8.63291e-06
-4.19416e-06
8.14873e-06
-4.37748e-06
7.62709e-06
-4.47957e-06
7.12043e-06
-4.5503e-06
6.60711e-06
-4.64334e-06
6.00484e-06
-4.81902e-06
5.17364e-06
-5.14251e-06
3.92025e-06
-5.67197e-06
2.01492e-06
-6.42884e-06
-7.73304e-07
-7.33926e-06
-4.61912e-06
-8.137e-06
-9.54265e-06
-8.24648e-06
-1.5183e-05
-6.80374e-06
-2.02212e-05
-3.33785e-06
-2.12246e-05
-1.17986e-05
-9.54729e-07
4.36545e-06
-2.20448e-06
8.39158e-06
-3.0788e-06
9.51821e-06
-3.50801e-06
9.34534e-06
-3.58908e-06
8.71398e-06
-3.42122e-06
7.98087e-06
-3.08208e-06
7.28794e-06
-2.63345e-06
6.6718e-06
-2.13168e-06
6.10534e-06
-1.63897e-06
5.51213e-06
-1.23398e-06
4.76864e-06
-1.01874e-06
3.70501e-06
-1.11649e-06
2.11266e-06
-1.65177e-06
-2.38017e-07
-2.69821e-06
-3.57268e-06
-4.16546e-06
-8.0754e-06
-5.58472e-06
-1.37638e-05
-5.86755e-06
-1.99384e-05
-3.67341e-06
-2.34187e-05
-1.5472e-05
-1.52891e-06
5.89436e-06
-2.93907e-06
9.80174e-06
-3.41286e-06
9.992e-06
-3.17767e-06
9.11015e-06
-2.51417e-06
8.05048e-06
-1.59938e-06
7.06608e-06
-5.39761e-07
6.22833e-06
5.95553e-07
5.53649e-06
1.7524e-06
4.94849e-06
2.87279e-06
4.39174e-06
3.87755e-06
3.76388e-06
4.65188e-06
2.93068e-06
5.03749e-06
1.72705e-06
4.83757e-06
-3.80967e-08
3.84587e-06
-2.58098e-06
1.93272e-06
-6.16225e-06
-7.15446e-07
-1.11156e-05
-3.08972e-06
-1.75641e-05
-3.14302e-06
-2.33654e-05
-1.8615e-05
-2.48093e-06
8.37529e-06
-3.46391e-06
1.07847e-05
-2.65376e-06
9.18185e-06
-1.03778e-06
7.49416e-06
8.5383e-07
6.15887e-06
2.80918e-06
5.11073e-06
4.73902e-06
4.29849e-06
6.60131e-06
3.6742e-06
8.37059e-06
3.17921e-06
1.00153e-05
2.74704e-06
1.14775e-05
2.30163e-06
1.26553e-05
1.75289e-06
1.33881e-05
9.94251e-07
1.34488e-05
-9.87459e-08
1.25466e-05
-1.67879e-06
1.03595e-05
-3.97518e-06
6.68865e-06
-7.44475e-06
2.06895e-06
-1.29444e-05
-1.18422e-06
-2.01123e-05
-1.97992e-05
-2.92432e-06
1.12996e-05
-6.1235e-07
8.47275e-06
3.27334e-06
5.29616e-06
6.96366e-06
3.80384e-06
1.02299e-05
2.89264e-06
1.3108e-05
2.23266e-06
1.56466e-05
1.75982e-06
1.78955e-05
1.42537e-06
1.98953e-05
1.1794e-06
2.16633e-05
9.79014e-07
2.31797e-05
7.85218e-07
2.43746e-05
5.57992e-07
2.51147e-05
2.54181e-07
2.51893e-05
-1.73349e-07
2.42925e-05
-7.81962e-07
2.19946e-05
-1.67727e-06
1.7724e-05
-3.17422e-06
1.10558e-05
-6.27623e-06
3.26992e-06
-1.23263e-05
-1.65293e-05
1.12996e-05
1.97724e-05
2.50685e-05
2.88724e-05
3.1765e-05
3.39977e-05
3.57575e-05
3.71829e-05
3.83623e-05
3.93413e-05
4.01265e-05
4.06845e-05
4.09387e-05
4.07653e-05
3.99834e-05
3.83061e-05
3.51319e-05
2.88556e-05
1.65293e-05
)
;

boundaryField
{
    movingWall
    {
        type            calculated;
        value           uniform 0;
    }
    fixedWalls
    {
        type            calculated;
        value           uniform 0;
    }
    frontAndBack
    {
        type            empty;
        value           nonuniform 0();
    }
}


// ************************************************************************* //
