/*--------------------------------*- C++ -*----------------------------------*\
  =========                 |
  \\      /  F ield         | OpenFOAM: The Open Source CFD Toolbox
   \\    /   O peration     | Website:  https://openfoam.org
    \\  /    A nd           | Version:  6
     \\/     M anipulation  |
\*---------------------------------------------------------------------------*/
FoamFile
{
    version     2.0;
    format      ascii;
    class       volScalarField;
    location    "0.275";
    object      p;
}
// * * * * * * * * * * * * * * * * * * * * * * * * * * * * * * * * * * * * * //

dimensions      [0 2 -2 0 0 0 0];

internalField   nonuniform List<scalar> 
400
(
6.40357e-06
-0.0231863
-0.052066
-0.0743212
-0.0826422
-0.0737557
-0.0474167
-0.005559
0.0483943
0.110046
0.174427
0.236346
0.290735
0.333034
0.359654
0.368563
0.360019
0.337434
0.308331
0.285148
0.0229898
-0.000840752
-0.0235035
-0.0388474
-0.0432773
-0.0344947
-0.0122021
0.0222071
0.0661374
0.116168
0.168373
0.218632
0.262935
0.297725
0.320266
0.32908
0.324468
0.308841
0.285984
0.262194
0.0535367
0.0205155
-0.00400593
-0.0181575
-0.0217577
-0.0135547
0.0064303
0.0368482
0.0754284
0.119245
0.164951
0.209024
0.248029
0.278891
0.299182
0.307448
0.303663
0.289184
0.264411
0.23142
0.0816226
0.0359419
0.00545131
-0.0106857
-0.0150832
-0.00741611
0.0118193
0.0410302
0.077937
0.119766
0.163403
0.205579
0.243069
0.272911
0.292618
0.300448
0.29587
0.279318
0.248444
0.202706
0.100731
0.0416736
0.00403343
-0.0149482
-0.0202781
-0.0124545
0.00750476
0.0376356
0.0754844
0.11825
0.162868
0.206131
0.244832
0.275919
0.296659
0.30486
0.299418
0.279934
0.241712
0.182396
0.106185
0.0334805
-0.0116161
-0.0333656
-0.0389622
-0.0296861
-0.00712566
0.0262855
0.0677994
0.114459
0.16312
0.210504
0.253279
0.28816
0.312009
0.322055
0.316537
0.294237
0.248296
0.174972
0.0939271
0.00716715
-0.0452606
-0.0690016
-0.0734801
-0.0608231
-0.0332809
0.00614155
0.0543061
0.108015
0.163964
0.218723
0.268746
0.310402
0.340025
0.354113
0.350106
0.325866
0.27228
0.184331
0.0596272
-0.0418538
-0.101096
-0.125305
-0.126472
-0.107779
-0.0722949
-0.0237107
0.034375
0.098489
0.165151
0.230768
0.291555
0.343479
0.382227
0.403401
0.40342
0.378955
0.318224
0.214732
-0.00204161
-0.119169
-0.184207
-0.206422
-0.201079
-0.172795
-0.125697
-0.0642936
0.00731851
0.08542
0.16642
0.246637
0.322102
0.388384
0.440452
0.472808
0.480537
0.458636
0.391835
0.271595
-0.0981028
-0.231974
-0.300939
-0.317327
-0.300881
-0.258268
-0.195
-0.116537
-0.0274499
0.0684129
0.167522
0.266294
0.360742
0.446146
0.516741
0.565733
0.586444
0.571465
0.500648
0.362305
-0.238221
-0.389872
-0.45932
-0.463863
-0.429686
-0.366412
-0.281329
-0.180935
-0.0701505
0.0473024
0.168271
0.289607
0.407632
0.517594
0.61311
0.685949
0.727174
0.725907
0.654919
0.497274
-0.436303
-0.60609
-0.669579
-0.652676
-0.591124
-0.498704
-0.384858
-0.257064
-0.120268
0.0223861
0.168631
0.316288
0.462517
0.603029
0.73117
0.837322
0.909823
0.932941
0.868948
0.691721
-0.713585
-0.899403
-0.944703
-0.890869
-0.787856
-0.654987
-0.503991
-0.342918
-0.176074
-0.00528589
0.168816
0.345784
0.524415
0.7017
0.871474
1.0232
1.14232
1.2067
1.16312
0.968971
-1.10504
-1.29729
-1.30074
-1.18488
-1.02003
-0.831989
-0.634165
-0.434043
-0.234068
-0.0336187
0.169329
0.377058
0.591082
0.810921
1.0323
1.24505
1.43243
1.56485
1.5672
1.3672
-1.67261
-1.84051
-1.75571
-1.53746
-1.28215
-1.02083
-0.766132
-0.522488
-0.288421
-0.0592906
0.170834
0.408116
0.658098
0.92454
1.20733
1.4995
1.78482
2.02754
2.12493
1.95306
-2.52804
-2.58723
-2.32554
-1.94252
-1.55887
-1.20424
-0.884447
-0.59619
-0.330904
-0.0779628
0.173764
0.435412
0.717879
1.03122
1.38287
1.77417
2.19596
2.61319
2.89777
2.84434
-3.873
-3.61305
-3.0165
-2.38086
-1.82324
-1.35642
-0.968443
-0.640399
-0.352263
-0.0853348
0.177704
0.453625
0.759657
1.11425
1.53688
2.04545
2.64948
3.33063
3.96435
4.24908
-6.15941
-5.01373
-3.78644
-2.79027
-2.01928
-1.43417
-0.98842
-0.636629
-0.342543
-0.0781353
0.179932
0.453514
0.765967
1.14532
1.62783
2.259
3.0847
4.13978
5.42507
6.62751
-10.5695
-6.84899
-4.35764
-2.91497
-1.96811
-1.32305
-0.875108
-0.54555
-0.282409
-0.0515979
0.172433
0.412775
0.695022
1.05334
1.53993
2.23474
3.24505
4.76455
7.34525
11.1677
-17.9825
-8.6112
-4.15441
-2.37805
-1.46163
-0.918361
-0.578361
-0.344499
-0.163423
-0.00553387
0.148965
0.31727
0.519129
0.783953
1.16479
1.76025
2.74769
4.62118
9.19196
18.678
)
;

boundaryField
{
    movingWall
    {
        type            zeroGradient;
    }
    fixedWalls
    {
        type            zeroGradient;
    }
    frontAndBack
    {
        type            empty;
    }
}


// ************************************************************************* //
