/*--------------------------------*- C++ -*----------------------------------*\
  =========                 |
  \\      /  F ield         | OpenFOAM: The Open Source CFD Toolbox
   \\    /   O peration     | Website:  https://openfoam.org
    \\  /    A nd           | Version:  6
     \\/     M anipulation  |
\*---------------------------------------------------------------------------*/
FoamFile
{
    version     2.0;
    format      ascii;
    class       volVectorField;
    location    "0.015";
    object      U;
}
// * * * * * * * * * * * * * * * * * * * * * * * * * * * * * * * * * * * * * //

dimensions      [0 1 -1 0 0 0 0];

internalField   nonuniform List<vector> 
400
(
(0.000255854 -0.000252454 0)
(0.00015925 0.000105024 0)
(-0.00113733 0.000562169 0)
(-0.00343413 0.000889754 0)
(-0.00633892 0.00105551 0)
(-0.00944533 0.00107125 0)
(-0.0123867 0.000961591 0)
(-0.0148605 0.000755354 0)
(-0.0166387 0.000481247 0)
(-0.0175691 0.000166709 0)
(-0.0175746 -0.000161796 0)
(-0.0166533 -0.000477955 0)
(-0.0148788 -0.000754713 0)
(-0.0124022 -0.000963634 0)
(-0.00945269 -0.00107493 0)
(-0.00633632 -0.00105908 0)
(-0.0034242 -0.000891454 0)
(-0.00112597 -0.000561214 0)
(0.000166478 -0.000102497 0)
(0.000257909 0.000253746 0)
(-6.58891e-05 -0.000189554 0)
(-0.00155879 0.00160507 0)
(-0.0055913 0.00359172 0)
(-0.0115956 0.0050365 0)
(-0.018775 0.00576401 0)
(-0.0262992 0.00577993 0)
(-0.0333708 0.00517011 0)
(-0.0393031 0.00405901 0)
(-0.0435635 0.00258582 0)
(-0.0457908 0.000893555 0)
(-0.0458013 -0.000874205 0)
(-0.0435911 -0.00257312 0)
(-0.0393381 -0.00405715 0)
(-0.0334009 -0.0051792 0)
(-0.0263143 -0.00579573 0)
(-0.0187712 -0.00577933 0)
(-0.0115773 -0.00504423 0)
(-0.00556921 -0.00358856 0)
(-0.00154397 -0.00159474 0)
(-6.14376e-05 0.000196431 0)
(-0.000508335 0.00102938 0)
(-0.00362889 0.00563183 0)
(-0.0104398 0.0101524 0)
(-0.0198158 0.0133942 0)
(-0.0305969 0.0149724 0)
(-0.041671 0.0148615 0)
(-0.0519647 0.0132331 0)
(-0.0605452 0.0103678 0)
(-0.0666852 0.00659774 0)
(-0.069889 0.00227654 0)
(-0.0699041 -0.00223443 0)
(-0.0667255 -0.00657014 0)
(-0.0605977 -0.010364 0)
(-0.0520125 -0.0132535 0)
(-0.0416998 -0.0148971 0)
(-0.0305999 -0.0150076 0)
(-0.0197969 -0.0134133 0)
(-0.0104126 -0.0101475 0)
(-0.00360888 -0.00560942 0)
(-0.000501915 -0.00101196 0)
(-0.000900338 0.00335845 0)
(-0.00558917 0.0120365 0)
(-0.015135 0.0198024 0)
(-0.0277429 0.0251795 0)
(-0.0418441 0.0276406 0)
(-0.0560701 0.0271677 0)
(-0.0691366 0.0240562 0)
(-0.0799418 0.0187866 0)
(-0.0876351 0.0119336 0)
(-0.0916401 0.00411415 0)
(-0.0916636 -0.00403817 0)
(-0.0876991 -0.0118825 0)
(-0.0800288 -0.0187767 0)
(-0.069223 -0.0240891 0)
(-0.0561341 -0.0272289 0)
(-0.0418728 -0.0277042 0)
(-0.0277375 -0.0252181 0)
(-0.0151104 -0.0198001 0)
(-0.00556651 -0.0120012 0)
(-0.00089215 -0.00332725 0)
(-0.00124708 0.0066871 0)
(-0.00743632 0.0206955 0)
(-0.019679 0.0323719 0)
(-0.0354631 0.040119 0)
(-0.0527648 0.0433845 0)
(-0.06995 0.0422435 0)
(-0.0855493 0.03718 0)
(-0.0983383 0.0289242 0)
(-0.107393 0.018333 0)
(-0.112095 0.00631836 0)
(-0.112134 -0.00618684 0)
(-0.107501 -0.0182406 0)
(-0.0984909 -0.0288973 0)
(-0.0857118 -0.0372234 0)
(-0.0700878 -0.0423374 0)
(-0.0528537 -0.0434901 0)
(-0.0354969 -0.0401927 0)
(-0.019672 -0.0323845 0)
(-0.00741648 -0.0206523 0)
(-0.00123788 -0.00664071 0)
(-0.00157884 0.0109598 0)
(-0.00925944 0.031585 0)
(-0.024218 0.0478698 0)
(-0.0431851 0.0582063 0)
(-0.0636388 0.0621476 0)
(-0.0836664 0.0599781 0)
(-0.101632 0.0524614 0)
(-0.116226 0.0406419 0)
(-0.126494 0.0256985 0)
(-0.131815 0.00885942 0)
(-0.13188 -0.00863386 0)
(-0.126675 -0.0255323 0)
(-0.116487 -0.0405769 0)
(-0.101923 -0.0525089 0)
(-0.0839342 -0.0601136 0)
(-0.0638392 -0.0623166 0)
(-0.0432981 -0.0583424 0)
(-0.0242534 -0.047922 0)
(-0.00925241 -0.0315484 0)
(-0.00157037 -0.0109005 0)
(-0.00192592 0.0161848 0)
(-0.0111607 0.0447513 0)
(-0.028925 0.0663495 0)
(-0.0511207 0.0794552 0)
(-0.0746829 0.0838763 0)
(-0.0974167 0.0802533 0)
(-0.117549 0.0697459 0)
(-0.133734 0.05379 0)
(-0.145041 0.0339256 0)
(-0.150889 0.0117064 0)
(-0.15099 -0.011327 0)
(-0.145328 -0.0336341 0)
(-0.134157 -0.0536512 0)
(-0.118035 -0.0697832 0)
(-0.0978855 -0.0804395 0)
(-0.0750626 -0.0841386 0)
(-0.051368 -0.0796963 0)
(-0.0290384 -0.066484 0)
(-0.011182 -0.0447509 0)
(-0.00192122 -0.0161212 0)
(-0.0023169 0.0224301 0)
(-0.0132395 0.0603169 0)
(-0.0339595 0.0879024 0)
(-0.0594294 0.103863 0)
(-0.085989 0.108455 0)
(-0.111178 0.102861 0)
(-0.133145 0.0887838 0)
(-0.150585 0.0681368 0)
(-0.162663 0.0428552 0)
(-0.168892 0.0148098 0)
(-0.169042 -0.0141935 0)
(-0.163089 -0.0423656 0)
(-0.151223 -0.0678711 0)
(-0.133897 -0.0887854 0)
(-0.111929 -0.103105 0)
(-0.0866283 -0.108848 0)
(-0.0598797 -0.104269 0)
(-0.0341978 -0.088184 0)
(-0.0133103 -0.0604025 0)
(-0.0023205 -0.0223804 0)
(-0.00278164 0.0298199 0)
(-0.0155937 0.0784747 0)
(-0.0394562 0.112634 0)
(-0.0681853 0.131362 0)
(-0.0974714 0.135632 0)
(-0.124643 0.127422 0)
(-0.147872 0.109151 0)
(-0.166014 0.0833041 0)
(-0.178433 0.0522313 0)
(-0.184815 0.0180858 0)
(-0.185022 -0.017128 0)
(-0.179026 -0.0514496 0)
(-0.166913 -0.0828391 0)
(-0.148953 -0.109076 0)
(-0.125753 -0.127723 0)
(-0.0984544 -0.136198 0)
(-0.0689158 -0.132008 0)
(-0.0398756 -0.113153 0)
(-0.0157417 -0.078722 0)
(-0.00279985 -0.0298156 0)
(-0.00335913 0.0385382 0)
(-0.0183361 0.0994755 0)
(-0.0455285 0.140616 0)
(-0.0773518 0.161728 0)
(-0.108807 0.16491 0)
(-0.137127 0.153267 0)
(-0.160684 0.130143 0)
(-0.178661 0.0986852 0)
(-0.190765 0.0616486 0)
(-0.196947 0.0213958 0)
(-0.197212 -0.0199794 0)
(-0.191531 -0.0604663 0)
(-0.179837 -0.0979315 0)
(-0.162127 -0.129934 0)
(-0.13865 -0.153611 0)
(-0.110204 -0.165687 0)
(-0.0784373 -0.162702 0)
(-0.0461899 -0.141487 0)
(-0.0185941 -0.0999892 0)
(-0.00340021 -0.0386271 0)
(-0.00411151 0.0488482 0)
(-0.0216223 0.123616 0)
(-0.0522764 0.171803 0)
(-0.0867395 0.194451 0)
(-0.119338 0.195389 0)
(-0.147441 0.179289 0)
(-0.169887 0.150658 0)
(-0.186424 0.113361 0)
(-0.197269 0.0705018 0)
(-0.202747 0.0245271 0)
(-0.20306 -0.0225401 0)
(-0.198178 -0.06881 0)
(-0.187843 -0.112219 0)
(-0.171668 -0.150239 0)
(-0.149376 -0.17964 0)
(-0.121179 -0.196398 0)
(-0.0882332 -0.195837 0)
(-0.0532361 -0.17316 0)
(-0.0220264 -0.12453 0)
(-0.00418582 -0.049098 0)
(-0.00514933 0.0611393 0)
(-0.0256927 0.151227 0)
(-0.0597794 0.205919 0)
(-0.0959131 0.228541 0)
(-0.127911 0.225564 0)
(-0.153687 0.20378 0)
(-0.172941 0.169075 0)
(-0.186272 0.126025 0)
(-0.194592 0.0779461 0)
(-0.198697 0.0271767 0)
(-0.199027 -0.0245424 0)
(-0.195563 -0.0756607 0)
(-0.187818 -0.124403 0)
(-0.174936 -0.168354 0)
(-0.155935 -0.20407 0)
(-0.130143 -0.226789 0)
(-0.0978153 -0.2304 0)
(-0.0610722 -0.207895 0)
(-0.0262779 -0.152699 0)
(-0.00526929 -0.0616394 0)
(-0.00667571 0.0760227 0)
(-0.0309261 0.182634 0)
(-0.0680319 0.242232 0)
(-0.103976 0.262231 0)
(-0.132561 0.253059 0)
(-0.152931 0.224242 0)
(-0.166172 0.183159 0)
(-0.174038 0.134948 0)
(-0.178272 0.0828884 0)
(-0.180192 0.028948 0)
(-0.180489 -0.0256656 0)
(-0.179157 -0.0799867 0)
(-0.17549 -0.132786 0)
(-0.168127 -0.182042 0)
(-0.155249 -0.224363 0)
(-0.134997 -0.254422 0)
(-0.106188 -0.26456 0)
(-0.0696424 -0.244924 0)
(-0.0317173 -0.184828 0)
(-0.0068554 -0.0768843 0)
(-0.00905583 0.0944952 0)
(-0.0378732 0.218032 0)
(-0.0767088 0.279143 0)
(-0.109088 0.292533 0)
(-0.129944 0.274315 0)
(-0.140703 0.237249 0)
(-0.144414 0.190052 0)
(-0.144201 0.138034 0)
(-0.142646 0.0840487 0)
(-0.141518 0.0293741 0)
(-0.141707 -0.0255648 0)
(-0.143233 -0.0806137 0)
(-0.14523 -0.135348 0)
(-0.14592 -0.18847 0)
(-0.142662 -0.237063 0)
(-0.13221 -0.275652 0)
(-0.111352 -0.295219 0)
(-0.0785262 -0.282559 0)
(-0.038868 -0.221081 0)
(-0.009309 -0.0958455 0)
(-0.0128789 0.118156 0)
(-0.0471148 0.257076 0)
(-0.0844707 0.313439 0)
(-0.107435 0.314631 0)
(-0.114342 0.284327 0)
(-0.110243 0.238489 0)
(-0.100575 0.186483 0)
(-0.0897434 0.133069 0)
(-0.0808997 0.0801466 0)
(-0.0760061 0.0279901 0)
(-0.0760075 -0.0239335 0)
(-0.0809467 -0.076408 0)
(-0.0899542 -0.12999 0)
(-0.101109 -0.184437 0)
(-0.111244 -0.237853 0)
(-0.115845 -0.285388 0)
(-0.109273 -0.317405 0)
(-0.0862216 -0.317419 0)
(-0.0482472 -0.261012 0)
(-0.0132115 -0.120121 0)
(-0.0187956 0.14952 0)
(-0.0583884 0.297864 0)
(-0.0870978 0.338968 0)
(-0.0911375 0.321173 0)
(-0.0760173 0.276651 0)
(-0.0515393 0.223218 0)
(-0.0252745 0.169374 0)
(-0.00222179 0.118263 0)
(0.014585 0.0702705 0)
(0.0234837 0.0244738 0)
(0.0237307 -0.0206063 0)
(0.0152668 -0.0666165 0)
(-0.00127818 -0.11508 0)
(-0.024337 -0.166994 0)
(-0.0509262 -0.222056 0)
(-0.0760071 -0.277144 0)
(-0.091829 -0.3236 0)
(-0.0882641 -0.343104 0)
(-0.0594534 -0.302517 0)
(-0.0191801 -0.152185 0)
(-0.026336 0.192739 0)
(-0.067555 0.334549 0)
(-0.0730696 0.344217 0)
(-0.0443905 0.30144 0)
(0.00114401 0.243888 0)
(0.049635 0.18732 0)
(0.0931521 0.13693 0)
(0.127674 0.0931064 0)
(0.151396 0.054409 0)
(0.16362 0.0188466 0)
(0.16411 -0.0156909 0)
(0.152809 -0.0513392 0)
(0.129836 -0.0902556 0)
(0.0957635 -0.134526 0)
(0.0522753 -0.185729 0)
(0.00332118 -0.243614 0)
(-0.0431115 -0.303012 0)
(-0.0728673 -0.347833 0)
(-0.0680884 -0.339419 0)
(-0.0266408 -0.196071 0)
(-0.0286636 0.250691 0)
(-0.057873 0.350507 0)
(-0.0143045 0.309347 0)
(0.0627711 0.242285 0)
(0.142337 0.180296 0)
(0.212038 0.129973 0)
(0.267765 0.090687 0)
(0.308768 0.0597011 0)
(0.335629 0.0341861 0)
(0.349134 0.0117309 0)
(0.349749 -0.00973566 0)
(0.337445 -0.0321739 0)
(0.311682 -0.0576865 0)
(0.271569 -0.0887564 0)
(0.216376 -0.128343 0)
(0.146679 -0.17938 0)
(0.0664503 -0.242705 0)
(-0.0119579 -0.311694 0)
(-0.0570911 -0.354629 0)
(-0.0285059 -0.254241 0)
(0.0138341 0.288802 0)
(0.0301203 0.302641 0)
(0.153624 0.214022 0)
(0.282186 0.142379 0)
(0.38235 0.0940279 0)
(0.456525 0.0620508 0)
(0.509932 0.0406319 0)
(0.546576 0.0256198 0)
(0.569516 0.0142748 0)
(0.580758 0.00480911 0)
(0.581266 -0.00406428 0)
(0.571046 -0.013482 0)
(0.549132 -0.0247367 0)
(0.513488 -0.0396356 0)
(0.460966 -0.0609739 0)
(0.38739 -0.0930421 0)
(0.287294 -0.14191 0)
(0.157926 -0.214706 0)
(0.0328104 -0.304732 0)
(0.0151437 -0.291067 0)
(0.304808 0.147148 0)
(0.406023 0.127687 0)
(0.569191 0.0747972 0)
(0.685769 0.0418982 0)
(0.753245 0.0239046 0)
(0.794356 0.0139796 0)
(0.820673 0.00833295 0)
(0.8374 0.00491211 0)
(0.847361 0.00261555 0)
(0.852089 0.000845147 0)
(0.852249 -0.000765226 0)
(0.847855 -0.00251464 0)
(0.838273 -0.00476498 0)
(0.822 -0.00810663 0)
(0.79622 -0.0136358 0)
(0.755718 -0.0234235 0)
(0.688859 -0.0413386 0)
(0.572513 -0.0743677 0)
(0.408472 -0.127733 0)
(0.305967 -0.147573 0)
)
;

boundaryField
{
    movingWall
    {
        type            fixedValue;
        value           uniform (1 0 0);
    }
    fixedWalls
    {
        type            noSlip;
    }
    frontAndBack
    {
        type            empty;
    }
}


// ************************************************************************* //
