/*--------------------------------*- C++ -*----------------------------------*\
  =========                 |
  \\      /  F ield         | OpenFOAM: The Open Source CFD Toolbox
   \\    /   O peration     | Website:  https://openfoam.org
    \\  /    A nd           | Version:  6
     \\/     M anipulation  |
\*---------------------------------------------------------------------------*/
FoamFile
{
    version     2.0;
    format      ascii;
    class       volScalarField;
    location    "0.08";
    object      p;
}
// * * * * * * * * * * * * * * * * * * * * * * * * * * * * * * * * * * * * * //

dimensions      [0 2 -2 0 0 0 0];

internalField   nonuniform List<scalar> 
400
(
-1.93771e-08
-0.00433892
-0.00964912
-0.0136133
-0.0149426
-0.0130791
-0.00798773
-3.36017e-06
0.0102827
0.0220957
0.0345311
0.0466059
0.0573218
0.0657494
0.0711383
0.0730529
0.0715328
0.0672575
0.0617151
0.0573598
0.00429245
-0.000175371
-0.00433154
-0.00702388
-0.00764584
-0.00580675
-0.00145633
0.00516725
0.0136166
0.0232869
0.0334594
0.0433472
0.052154
0.0591468
0.0637458
0.0656278
0.0648438
0.0618812
0.0575204
0.0530571
0.00992094
0.00371572
-0.000786765
-0.00325261
-0.0037235
-0.00200228
0.00190645
0.00777772
0.0152286
0.0237488
0.032727
0.0414868
0.0493342
0.055621
0.0598181
0.0616015
0.0609563
0.0581742
0.0534075
0.0471828
0.0149214
0.0063364
0.000727291
-0.00209908
-0.00272636
-0.0011325
0.00259743
0.00820635
0.0153238
0.023479
0.0321098
0.0405842
0.0482379
0.0544265
0.0585891
0.0603278
0.059522
0.0562903
0.0502834
0.0415801
0.0180342
0.00693723
8.64423e-07
-0.00335591
-0.00418769
-0.00262582
0.00116188
0.00687073
0.0141203
0.0224524
0.0313234
0.0401113
0.0481404
0.0547243
0.0592223
0.061119
0.0601624
0.0563086
0.0487766
0.0373575
0.0183187
0.00466116
-0.00366604
-0.00756165
-0.00851435
-0.00679599
-0.00265719
0.00354179
0.0113975
0.0204483
0.0301495
0.0398649
0.0488782
0.0564249
0.061742
0.0641537
0.0632433
0.0587935
0.0496109
0.0352803
0.0149338
-0.00135125
-0.0110578
-0.0153874
-0.0162673
-0.014113
-0.00926239
-0.00213726
0.0068299
0.0171673
0.0283205
0.0396273
0.0503117
0.0595024
0.0662732
0.0697374
0.069262
0.0644136
0.0535412
0.0360364
0.00698881
-0.0120262
-0.0230358
-0.0275792
-0.0280747
-0.0251053
-0.0191091
-0.0105744
3.82063e-05
0.0122515
0.0255073
0.0391203
0.0522502
0.0639003
0.0729434
0.0782207
0.0788066
0.0739651
0.0614627
0.0404404
-0.00657039
-0.0284541
-0.0406103
-0.045006
-0.0446589
-0.0403709
-0.0327034
-0.0222168
-0.00939094
0.00530953
0.0213457
0.0380311
0.0544764
0.0695574
0.0819144
0.0900469
0.0926309
0.0884836
0.0745635
0.0496168
-0.0270639
-0.0519823
-0.0649933
-0.068665
-0.0668046
-0.0605191
-0.0505293
-0.0374722
-0.0218282
-0.00401502
0.0154912
0.0360504
0.0567662
0.0764111
0.0933807
0.105763
0.1117
0.109348
0.0944892
0.0651971
-0.0562165
-0.0843377
-0.0976543
-0.0996649
-0.0952854
-0.0860611
-0.0729194
-0.0565729
-0.0374689
-0.0159225
0.00772201
0.0329492
0.0589357
0.0844177
0.107572
0.126028
0.137239
0.138401
0.123559
0.0895873
-0.0964124
-0.127826
-0.14039
-0.139178
-0.130737
-0.117238
-0.0998623
-0.0793793
-0.0561422
-0.0302807
-0.00190658
0.0287047
0.0609311
0.0936001
0.124768
0.151614
0.170774
0.178109
0.165077
0.126397
-0.151222
-0.185667
-0.195404
-0.188328
-0.173442
-0.153763
-0.130739
-0.105126
-0.0770772
-0.046412
-0.0128745
0.0236559
0.0629407
0.104108
0.145303
0.183396
0.214161
0.23173
0.223798
0.181205
-0.226557
-0.26258
-0.265339
-0.247937
-0.222972
-0.194453
-0.163989
-0.132142
-0.0986708
-0.0629043
-0.0240427
0.0186213
0.0654678
0.116228
0.169499
0.222211
0.269478
0.303453
0.306653
0.263063
-0.333156
-0.365678
-0.353059
-0.317909
-0.277535
-0.236694
-0.196728
-0.157606
-0.118356
-0.0775576
-0.0336559
0.0148529
0.0692315
0.130195
0.197353
0.268412
0.338544
0.398241
0.423709
0.387382
-0.491126
-0.50541
-0.460897
-0.396214
-0.33315
-0.275908
-0.22452
-0.177558
-0.132775
-0.0876563
-0.0396672
0.0136841
0.0747905
0.145768
0.227975
0.321106
0.421969
0.520979
0.588747
0.58037
-0.738349
-0.695864
-0.5893
-0.47816
-0.383437
-0.305773
-0.241923
-0.187648
-0.138612
-0.0908122
-0.0405471
0.0157774
0.081852
0.161581
0.258971
0.377465
0.518128
0.674834
0.819001
0.886368
-1.16215
-0.95491
-0.7295
-0.551075
-0.416786
-0.31711
-0.242461
-0.18372
-0.133512
-0.0860747
-0.036559
0.019624
0.0874047
0.172679
0.282995
0.427783
0.616189
0.853496
1.13735
1.40131
-1.99694
-1.29265
-0.82579
-0.564308
-0.397828
-0.287292
-0.212644
-0.15852
-0.114486
-0.0735911
-0.0305519
0.0194718
0.0818701
0.163797
0.276085
0.435502
0.664879
1.00317
1.55984
2.36588
-3.44319
-1.61269
-0.763528
-0.443477
-0.285895
-0.196322
-0.143694
-0.10918
-0.0818873
-0.0556474
-0.0262689
0.00994383
0.0572179
0.12169
0.214161
0.355146
0.583295
1.00047
1.96402
3.90898
)
;

boundaryField
{
    movingWall
    {
        type            zeroGradient;
    }
    fixedWalls
    {
        type            zeroGradient;
    }
    frontAndBack
    {
        type            empty;
    }
}


// ************************************************************************* //
