/*--------------------------------*- C++ -*----------------------------------*\
  =========                 |
  \\      /  F ield         | OpenFOAM: The Open Source CFD Toolbox
   \\    /   O peration     | Website:  https://openfoam.org
    \\  /    A nd           | Version:  6
     \\/     M anipulation  |
\*---------------------------------------------------------------------------*/
FoamFile
{
    version     2.0;
    format      ascii;
    class       volVectorField;
    location    "0.08";
    object      U;
}
// * * * * * * * * * * * * * * * * * * * * * * * * * * * * * * * * * * * * * //

dimensions      [0 1 -1 0 0 0 0];

internalField   nonuniform List<vector> 
400
(
(0.000229171 -0.000226169 0)
(0.000109911 0.000119479 0)
(-0.00114003 0.000544209 0)
(-0.00331335 0.000841423 0)
(-0.00603347 0.000988899 0)
(-0.00893027 0.001002 0)
(-0.0116771 0.000904183 0)
(-0.0140045 0.000719781 0)
(-0.0157036 0.000471481 0)
(-0.0166264 0.000180856 0)
(-0.0166867 -0.000129921 0)
(-0.0158646 -0.000436403 0)
(-0.0142135 -0.000710851 0)
(-0.0118674 -0.000922246 0)
(-0.00904549 -0.00103766 0)
(-0.00604974 -0.00102557 0)
(-0.00324972 -0.000861969 0)
(-0.00104995 -0.00053971 0)
(0.000170805 -9.73602e-05 0)
(0.000246587 0.000241141 0)
(-8.78198e-05 -0.000136709 0)
(-0.00155067 0.0015806 0)
(-0.00539853 0.00342605 0)
(-0.0110652 0.00474102 0)
(-0.0177929 0.00539162 0)
(-0.0248237 0.00540079 0)
(-0.0314412 0.00485103 0)
(-0.0370265 0.00384834 0)
(-0.0410895 0.00250564 0)
(-0.0432808 0.00093948 0)
(-0.0434012 -0.000726895 0)
(-0.0414128 -0.00235953 0)
(-0.0374521 -0.00381199 0)
(-0.0318402 -0.00492844 0)
(-0.0250849 -0.00555351 0)
(-0.0178641 -0.00555142 0)
(-0.010974 -0.00483717 0)
(-0.00523965 -0.00342029 0)
(-0.00143143 -0.00149803 0)
(-4.99754e-05 0.000202 0)
(-0.000512951 0.00106022 0)
(-0.00352666 0.00544107 0)
(-0.0100042 0.00963867 0)
(-0.0188467 0.0125935 0)
(-0.0289584 0.0140081 0)
(-0.0393257 0.0138952 0)
(-0.0489816 0.0124195 0)
(-0.0570815 0.00982066 0)
(-0.0629522 0.0063717 0)
(-0.0661126 0.00236568 0)
(-0.066289 -0.00188375 0)
(-0.0634304 -0.00603777 0)
(-0.057725 -0.00973224 0)
(-0.0496117 -0.0125883 0)
(-0.0397814 -0.0142394 0)
(-0.029152 -0.0143789 0)
(-0.0187962 -0.0128332 0)
(-0.00982601 -0.00965541 0)
(-0.00337145 -0.0052761 0)
(-0.000459166 -0.000909605 0)
(-0.000890961 0.00332231 0)
(-0.00539956 0.0115629 0)
(-0.0144658 0.0187717 0)
(-0.0263565 0.0236762 0)
(-0.0395986 0.0258849 0)
(-0.0529493 0.0254381 0)
(-0.0652519 0.0226154 0)
(-0.0755057 0.0178258 0)
(-0.0829174 0.0115436 0)
(-0.0869204 0.00428318 0)
(-0.0871889 -0.00340309 0)
(-0.0836546 -0.0109202 0)
(-0.0765262 -0.0176321 0)
(-0.0663065 -0.0228806 0)
(-0.0537991 -0.026032 0)
(-0.0400904 -0.0265573 0)
(-0.026475 -0.02415 0)
(-0.0143388 -0.0188685 0)
(-0.00523064 -0.0113222 0)
(-0.000822897 -0.00306259 0)
(-0.00122799 0.00654329 0)
(-0.00716879 0.019827 0)
(-0.0187874 0.0306643 0)
(-0.0336775 0.0377373 0)
(-0.0499508 0.0406774 0)
(-0.0661315 0.039631 0)
(-0.0808988 0.0350473 0)
(-0.0931368 0.0275444 0)
(-0.101974 0.0178277 0)
(-0.106789 0.00665778 0)
(-0.107216 -0.00515216 0)
(-0.103163 -0.0167273 0)
(-0.0948268 -0.0271306 0)
(-0.0827296 -0.0353866 0)
(-0.0677366 -0.0405443 0)
(-0.0510607 -0.0417893 0)
(-0.0342029 -0.0386063 0)
(-0.0188489 -0.0309711 0)
(-0.00703543 -0.0195686 0)
(-0.00115212 -0.00616647 0)
(-0.00155083 0.0106719 0)
(-0.008911 0.0302088 0)
(-0.023092 0.045324 0)
(-0.0409857 0.0547779 0)
(-0.0602581 0.0583539 0)
(-0.0791931 0.0564091 0)
(-0.0963235 0.049638 0)
(-0.110451 0.0389168 0)
(-0.120659 0.0252104 0)
(-0.1263 0.00953799 0)
(-0.126979 -0.0070212 0)
(-0.122565 -0.0233078 0)
(-0.113218 -0.0380705 0)
(-0.0994296 -0.0499857 0)
(-0.0820783 -0.0577293 0)
(-0.0624659 -0.0601171 0)
(-0.0422903 -0.0563145 0)
(-0.0235699 -0.0460887 0)
(-0.00890418 -0.0300804 0)
(-0.00148265 -0.0102027 0)
(-0.00188446 0.0157116 0)
(-0.010708 0.0427402 0)
(-0.0275138 0.0627912 0)
(-0.0484423 0.0748143 0)
(-0.0706834 0.0788884 0)
(-0.0922826 0.0757095 0)
(-0.111652 0.0663123 0)
(-0.127552 0.0518888 0)
(-0.139065 0.0336883 0)
(-0.145545 0.0129895 0)
(-0.146583 -0.00887599 0)
(-0.142002 -0.0304802 0)
(-0.131888 -0.0502625 0)
(-0.116651 -0.0665306 0)
(-0.0971183 -0.0775285 0)
(-0.074626 -0.0815964 0)
(-0.0510425 -0.0774332 0)
(-0.0287409 -0.0644279 0)
(-0.0109701 -0.0430275 0)
(-0.00185136 -0.0152329 0)
(-0.00225066 0.0217119 0)
(-0.0126331 0.0575074 0)
(-0.0321647 0.0831267 0)
(-0.0561466 0.0978393 0)
(-0.0812594 0.102196 0)
(-0.105328 0.09739 0)
(-0.126692 0.0849123 0)
(-0.144133 0.0663355 0)
(-0.156792 0.0432128 0)
(-0.164074 0.0170677 0)
(-0.165578 -0.0105525 0)
(-0.161077 -0.0379935 0)
(-0.150547 -0.0634159 0)
(-0.13425 -0.0847576 0)
(-0.112874 -0.0997764 0)
(-0.0876965 -0.106216 0)
(-0.0606918 -0.102117 0)
(-0.0345823 -0.0862612 0)
(-0.0133645 -0.0586882 0)
(-0.00229463 -0.0213956 0)
(-0.00267111 0.0287632 0)
(-0.0147548 0.0746431 0)
(-0.0371293 0.106389 0)
(-0.0641175 0.123776 0)
(-0.0918545 0.128063 0)
(-0.117989 0.121148 0)
(-0.140877 0.105114 0)
(-0.159411 0.0819863 0)
(-0.172884 0.053632 0)
(-0.180821 0.0217832 0)
(-0.182872 -0.0118619 0)
(-0.178762 -0.0454996 0)
(-0.168322 -0.0770793 0)
(-0.151586 -0.104201 0)
(-0.128982 -0.124102 0)
(-0.101585 -0.133801 0)
(-0.0713442 -0.130447 0)
(-0.0412742 -0.111889 0)
(-0.0162172 -0.0774379 0)
(-0.00285151 -0.0289038 0)
(-0.00317512 0.0369974 0)
(-0.0171558 0.0943146 0)
(-0.0424801 0.132592 0)
(-0.0722889 0.1524 0)
(-0.102143 0.156048 0)
(-0.12961 0.146404 0)
(-0.153194 0.126316 0)
(-0.172049 0.0983284 0)
(-0.185739 0.0646151 0)
(-0.194008 0.0270541 0)
(-0.196615 -0.0126059 0)
(-0.193264 -0.052531 0)
(-0.18361 -0.0905762 0)
(-0.167372 -0.124088 0)
(-0.144561 -0.149794 0)
(-0.115844 -0.163873 0)
(-0.0829205 -0.162303 0)
(-0.0489438 -0.141564 0)
(-0.0196674 -0.0997257 0)
(-0.00357148 -0.0380484 0)
(-0.00381387 0.0466079 0)
(-0.0199657 0.116721 0)
(-0.0483039 0.161645 0)
(-0.0805034 0.183233 0)
(-0.111558 0.185343 0)
(-0.139129 0.17217 0)
(-0.162087 0.147514 0)
(-0.180042 0.114498 0)
(-0.192993 0.0755671 0)
(-0.201019 0.0326454 0)
(-0.204074 -0.0126076 0)
(-0.201879 -0.0584943 0)
(-0.193907 -0.102952 0)
(-0.17948 -0.143231 0)
(-0.158023 -0.175638 0)
(-0.129517 -0.195452 0)
(-0.0950648 -0.197186 0)
(-0.0576445 -0.175369 0)
(-0.0238841 -0.12604 0)
(-0.00452808 -0.0492154 0)
(-0.00468599 0.0578984 0)
(-0.0234131 0.142102 0)
(-0.0547263 0.193272 0)
(-0.0884704 0.215388 0)
(-0.119185 0.214598 0)
(-0.144942 0.196875 0)
(-0.165301 0.167161 0)
(-0.180581 0.129176 0)
(-0.191398 0.0855473 0)
(-0.198296 0.0381053 0)
(-0.201513 -0.0117583 0)
(-0.200851 -0.0626911 0)
(-0.195626 -0.11295 0)
(-0.184722 -0.159939 0)
(-0.166823 -0.199749 0)
(-0.140905 -0.226819 0)
(-0.106984 -0.233955 0)
(-0.0673044 -0.213028 0)
(-0.0290936 -0.156857 0)
(-0.00584305 -0.0629266 0)
(-0.00598321 0.0713857 0)
(-0.0278964 0.170742 0)
(-0.0618963 0.226852 0)
(-0.0956219 0.247326 0)
(-0.123519 0.241682 0)
(-0.144626 0.218184 0)
(-0.15963 0.183047 0)
(-0.169851 0.140507 0)
(-0.176689 0.0932158 0)
(-0.181247 0.0427149 0)
(-0.184124 -0.0100744 0)
(-0.185275 -0.0643758 0)
(-0.183938 -0.119045 0)
(-0.178599 -0.171976 0)
(-0.167127 -0.219412 0)
(-0.147205 -0.255228 0)
(-0.117155 -0.27046 0)
(-0.0775937 -0.253588 0)
(-0.0356059 -0.192531 0)
(-0.00772746 -0.0799223 0)
(-0.0080649 0.0879818 0)
(-0.0340519 0.202917 0)
(-0.0698303 0.261101 0)
(-0.100711 0.276471 0)
(-0.121943 0.263372 0)
(-0.134424 0.23282 0)
(-0.14051 0.192236 0)
(-0.142768 0.146119 0)
(-0.143451 0.0968623 0)
(-0.144226 0.0454892 0)
(-0.146057 -0.0077506 0)
(-0.149122 -0.0628611 0)
(-0.152709 -0.119567 0)
(-0.155081 -0.176647 0)
(-0.153408 -0.231032 0)
(-0.143959 -0.276626 0)
(-0.122774 -0.303042 0)
(-0.0875953 -0.294883 0)
(-0.0437943 -0.23305 0)
(-0.0105405 -0.101292 0)
(-0.0115415 0.10926 0)
(-0.0426923 0.23862 0)
(-0.0778281 0.29343 0)
(-0.100831 0.298617 0)
(-0.10967 0.275035 0)
(-0.108354 0.236516 0)
(-0.101396 0.191206 0)
(-0.0926415 0.143326 0)
(-0.0850393 0.0946026 0)
(-0.0806309 0.0452881 0)
(-0.0806297 -0.00517619 0)
(-0.0854511 -0.0576795 0)
(-0.0946148 -0.112985 0)
(-0.106498 -0.17111 0)
(-0.117993 -0.230324 0)
(-0.124245 -0.285533 0)
(-0.118754 -0.325976 0)
(-0.0949953 -0.332676 0)
(-0.0538373 -0.277444 0)
(-0.0148152 -0.128614 0)
(-0.0171857 0.137864 0)
(-0.0541045 0.276717 0)
(-0.0827114 0.318678 0)
(-0.0892073 0.307124 0)
(-0.077775 0.270443 0)
(-0.056802 0.224302 0)
(-0.0329491 0.176371 0)
(-0.0108672 0.129696 0)
(0.00635751 0.0848444 0)
(0.0167696 0.0411089 0)
(0.0191925 -0.00287137 0)
(0.0130503 -0.0487809 0)
(-0.00158766 -0.0983675 0)
(-0.0236979 -0.153033 0)
(-0.0506978 -0.212968 0)
(-0.0775749 -0.275347 0)
(-0.0959313 -0.331002 0)
(-0.094181 -0.359371 0)
(-0.064627 -0.322584 0)
(-0.0209864 -0.164147 0)
(-0.0249464 0.178394 0)
(-0.0652542 0.312703 0)
(-0.0742345 0.326497 0)
(-0.0507317 0.291683 0)
(-0.0100037 0.241895 0)
(0.035286 0.191353 0)
(0.0776817 0.145127 0)
(0.113065 0.104014 0)
(0.139259 0.0670392 0)
(0.155111 0.0325686 0)
(0.159915 -0.00130921 0)
(0.153114 -0.0367082 0)
(0.134268 -0.0759655 0)
(0.103305 -0.121589 0)
(0.0612172 -0.175835 0)
(0.0114075 -0.239263 0)
(-0.0381364 -0.307104 0)
(-0.0722589 -0.362028 0)
(-0.0705375 -0.360706 0)
(-0.0279569 -0.211331 0)
(-0.0290859 0.23539 0)
(-0.0609356 0.331899 0)
(-0.0246142 0.297482 0)
(0.0459054 0.238338 0)
(0.121436 0.182266 0)
(0.189842 0.135489 0)
(0.246681 0.098037 0)
(0.290608 0.0679028 0)
(0.321633 0.042772 0)
(0.340108 0.0205467 0)
(0.346174 -0.000679389 0)
(0.339519 -0.022819 0)
(0.319274 -0.0480542 0)
(0.284073 -0.0791342 0)
(0.232466 -0.119587 0)
(0.164104 -0.173334 0)
(0.082095 -0.242423 0)
(-0.00150221 -0.320475 0)
(-0.0531841 -0.3725 0)
(-0.0274776 -0.270547 0)
(0.00840889 0.278753 0)
(0.0187407 0.292549 0)
(0.13452 0.209747 0)
(0.258582 0.14326 0)
(0.357932 0.0975398 0)
(0.433741 0.0663502 0)
(0.490272 0.0448657 0)
(0.530821 0.0295304 0)
(0.558017 0.0178724 0)
(0.573684 0.00821538 0)
(0.578745 -0.000677344 0)
(0.573218 -0.00991314 0)
(0.556149 -0.0207701 0)
(0.52541 -0.0350847 0)
(0.477511 -0.0558336 0)
(0.407546 -0.0878936 0)
(0.308863 -0.138587 0)
(0.176945 -0.216314 0)
(0.0454276 -0.313008 0)
(0.0215137 -0.301114 0)
(0.299879 0.145063 0)
(0.39545 0.126893 0)
(0.554169 0.0761867 0)
(0.671006 0.0441134 0)
(0.740711 0.0259939 0)
(0.784274 0.01559 0)
(0.812903 0.00947034 0)
(0.831664 0.00569741 0)
(0.843382 0.00317026 0)
(0.849671 0.00126794 0)
(0.851304 -0.000389831 0)
(0.848411 -0.00209887 0)
(0.840491 -0.00419569 0)
(0.826189 -0.00722048 0)
(0.802804 -0.0122116 0)
(0.765144 -0.0212675 0)
(0.701465 -0.0385725 0)
(0.586975 -0.0718434 0)
(0.419765 -0.127183 0)
(0.311472 -0.149179 0)
)
;

boundaryField
{
    movingWall
    {
        type            fixedValue;
        value           uniform (1 0 0);
    }
    fixedWalls
    {
        type            noSlip;
    }
    frontAndBack
    {
        type            empty;
    }
}


// ************************************************************************* //
