/*--------------------------------*- C++ -*----------------------------------*\
  =========                 |
  \\      /  F ield         | OpenFOAM: The Open Source CFD Toolbox
   \\    /   O peration     | Website:  https://openfoam.org
    \\  /    A nd           | Version:  6
     \\/     M anipulation  |
\*---------------------------------------------------------------------------*/
FoamFile
{
    version     2.0;
    format      ascii;
    class       surfaceScalarField;
    location    "0.045";
    object      phi;
}
// * * * * * * * * * * * * * * * * * * * * * * * * * * * * * * * * * * * * * //

dimensions      [0 3 -1 0 0 0 0];

internalField   nonuniform List<scalar> 
760
(
-1.96959e-08
1.96959e-08
-8.02916e-08
6.05957e-08
-1.55651e-07
7.5359e-08
-2.30863e-07
7.52123e-08
-3.00047e-07
6.9184e-08
-3.605e-07
6.04528e-08
-4.1045e-07
4.99507e-08
-4.48489e-07
3.80384e-08
-4.73457e-07
2.49679e-08
-4.84452e-07
1.09957e-08
-4.80862e-07
-3.59042e-09
-4.62401e-07
-1.84605e-08
-4.29169e-07
-3.32321e-08
-3.81709e-07
-4.74606e-08
-3.21094e-07
-6.06146e-08
-2.49131e-07
-7.19631e-08
-1.69028e-07
-8.01032e-08
-8.77546e-08
-8.12733e-08
-2.1957e-08
-6.57976e-08
-2.1957e-08
-6.15926e-08
8.12884e-08
-1.86218e-07
1.85221e-07
-3.32972e-07
2.22114e-07
-4.79199e-07
2.21438e-07
-6.13933e-07
2.03919e-07
-7.31475e-07
1.77994e-07
-8.28134e-07
1.4661e-07
-9.01132e-07
1.11037e-07
-9.48316e-07
7.21514e-08
-9.68102e-07
3.07822e-08
-9.59499e-07
-1.21942e-08
-9.22154e-07
-5.58048e-08
-8.56448e-07
-9.89387e-08
-7.63606e-07
-1.40302e-07
-6.45898e-07
-1.78323e-07
-5.07063e-07
-2.10799e-07
-3.53564e-07
-2.33601e-07
-1.97987e-07
-2.36851e-07
-6.54695e-08
-1.98315e-07
-8.74265e-08
-8.14729e-08
1.62761e-07
-2.38251e-07
3.41999e-07
-4.19016e-07
4.02878e-07
-5.97765e-07
4.00187e-07
-7.6199e-07
3.68144e-07
-9.0499e-07
3.20994e-07
-1.02236e-06
2.63981e-07
-1.11081e-06
1.99488e-07
-1.16783e-06
1.29166e-07
-1.19158e-06
5.45318e-08
-1.18092e-06
-2.28534e-08
-1.13544e-06
-1.01282e-07
-1.05557e-06
-1.78809e-07
-9.42726e-07
-2.53148e-07
-7.99564e-07
-3.21484e-07
-6.30511e-07
-3.79853e-07
-4.43147e-07
-4.20965e-07
-2.51913e-07
-4.28085e-07
-8.58305e-08
-3.64398e-07
-1.73257e-07
-9.12743e-08
2.54036e-07
-2.67405e-07
5.1813e-07
-4.69254e-07
6.04728e-07
-6.67833e-07
5.98767e-07
-8.49714e-07
5.50025e-07
-1.00782e-06
4.79096e-07
-1.13751e-06
3.93678e-07
-1.23536e-06
2.97339e-07
-1.29874e-06
1.92539e-07
-1.32569e-06
8.1482e-08
-1.31493e-06
-3.36115e-08
-1.26588e-06
-1.50335e-07
-1.17876e-06
-2.65926e-07
-1.05482e-06
-3.77082e-07
-8.96662e-07
-4.79645e-07
-7.08837e-07
-5.67678e-07
-4.99466e-07
-6.30336e-07
-2.8441e-07
-6.43141e-07
-9.65733e-08
-5.52234e-07
-2.6983e-07
-1.00021e-07
3.54057e-07
-2.94092e-07
7.122e-07
-5.16109e-07
8.26745e-07
-7.33827e-07
8.16485e-07
-9.327e-07
7.48898e-07
-1.1053e-06
6.51693e-07
-1.2469e-06
5.35283e-07
-1.35406e-06
4.04501e-07
-1.42414e-06
2.62614e-07
-1.45511e-06
1.12449e-07
-1.44549e-06
-4.32254e-08
-1.3944e-06
-2.01429e-07
-1.30163e-06
-3.58694e-07
-1.16797e-06
-5.10741e-07
-9.95633e-07
-6.51982e-07
-7.89094e-07
-7.74216e-07
-5.57026e-07
-8.62404e-07
-3.17197e-07
-8.8297e-07
-1.0723e-07
-7.622e-07
-3.77061e-07
-1.1107e-07
4.65127e-07
-3.26976e-07
9.28107e-07
-5.73496e-07
1.07327e-06
-8.14449e-07
1.05744e-06
-1.03384e-06
9.68294e-07
-1.22385e-06
8.417e-07
-1.37974e-06
6.9117e-07
-1.49817e-06
5.22934e-07
-1.5766e-06
3.41046e-07
-1.61299e-06
1.4883e-07
-1.60562e-06
-5.05912e-08
-1.55315e-06
-2.53903e-07
-1.45469e-06
-4.57149e-07
-1.31023e-06
-6.55203e-07
-1.12122e-06
-8.40994e-07
-8.91774e-07
-1.00366e-06
-6.31176e-07
-1.123e-06
-3.59775e-07
-1.15437e-06
-1.21387e-07
-1.00059e-06
-4.98448e-07
-1.25697e-07
5.90824e-07
-3.69755e-07
1.17217e-06
-6.47458e-07
1.35097e-06
-9.17633e-07
1.32761e-06
-1.16251e-06
1.21317e-06
-1.37387e-06
1.05306e-06
-1.54713e-06
8.64432e-07
-1.67929e-06
6.55099e-07
-1.76811e-06
4.29857e-07
-1.81161e-06
1.9233e-07
-1.80787e-06
-5.43303e-08
-1.75491e-06
-3.06859e-07
-1.65085e-06
-5.61206e-07
-1.49436e-06
-8.11699e-07
-1.28553e-06
-1.04982e-06
-1.02759e-06
-1.2616e-06
-7.30274e-07
-1.42032e-06
-4.1725e-07
-1.4674e-06
-1.40754e-07
-1.27708e-06
-6.39202e-07
-1.44833e-07
7.35657e-07
-4.25068e-07
1.4524e-06
-7.42167e-07
1.66807e-06
-1.04856e-06
1.634e-06
-1.32436e-06
1.48898e-06
-1.56113e-06
1.28982e-06
-1.75478e-06
1.05809e-06
-1.90304e-06
8.03356e-07
-2.00428e-06
5.31093e-07
-2.05685e-06
2.44905e-07
-2.05867e-06
-5.25089e-08
-2.00698e-06
-3.58547e-07
-1.89846e-06
-6.69727e-07
-1.72974e-06
-9.80425e-07
-1.49858e-06
-1.28098e-06
-1.20629e-06
-1.55389e-06
-8.62461e-07
-1.76415e-06
-4.94785e-07
-1.83507e-06
-1.67087e-07
-1.60478e-06
-8.06288e-07
-1.69694e-07
9.05352e-07
-4.96142e-07
1.77885e-06
-8.62469e-07
2.03439e-06
-1.21288e-06
1.98442e-06
-1.52516e-06
1.80125e-06
-1.79101e-06
1.55567e-06
-2.00749e-06
1.27457e-06
-2.17368e-06
9.69548e-07
-2.28915e-06
6.46558e-07
-2.35296e-06
3.0872e-07
-2.36304e-06
-4.24246e-08
-2.31575e-06
-4.05843e-07
-2.20579e-06
-7.79683e-07
-2.02676e-06
-1.15946e-06
-1.77257e-06
-1.53517e-06
-1.44073e-06
-1.88573e-06
-1.03918e-06
-2.16569e-06
-6.00036e-07
-2.27422e-06
-2.03128e-07
-2.00169e-06
-1.00942e-06
-2.02203e-07
1.10755e-06
-5.87793e-07
2.16444e-06
-1.01523e-06
2.46183e-06
-1.41821e-06
2.3874e-06
-1.77214e-06
2.15518e-06
-2.06976e-06
1.8533e-06
-2.31031e-06
1.51511e-06
-2.49522e-06
1.15446e-06
-2.62609e-06
7.7743e-07
-2.70336e-06
3.85994e-07
-2.72534e-06
-2.04458e-08
-2.68749e-06
-4.43695e-07
-2.58205e-06
-8.8512e-07
-2.39829e-06
-1.34322e-06
-2.12398e-06
-1.80948e-06
-1.74965e-06
-2.26006e-06
-1.27836e-06
-2.63699e-06
-7.45781e-07
-2.80679e-06
-2.53733e-07
-2.49374e-06
-1.26315e-06
-2.45567e-07
1.35312e-06
-7.07611e-07
2.62648e-06
-1.21071e-06
2.96493e-06
-1.67526e-06
2.85195e-06
-2.07492e-06
2.55484e-06
-2.40505e-06
2.18342e-06
-2.66872e-06
1.77879e-06
-2.87124e-06
1.35697e-06
-3.01745e-06
9.23644e-07
-3.11012e-06
4.78656e-07
-3.14859e-06
1.80291e-08
-3.12775e-06
-4.64533e-07
-3.03705e-06
-9.75824e-07
-2.86002e-06
-1.52025e-06
-2.57525e-06
-2.09425e-06
-2.1611e-06
-2.67421e-06
-1.60914e-06
-3.18894e-06
-9.54592e-07
-3.46135e-06
-3.28226e-07
-3.1201e-06
-1.59137e-06
-3.05395e-07
1.65852e-06
-8.67973e-07
3.18906e-06
-1.46457e-06
3.56153e-06
-1.9994e-06
3.38678e-06
-2.44628e-06
3.00172e-06
-2.80608e-06
2.54322e-06
-3.0883e-06
2.06101e-06
-3.30416e-06
1.57284e-06
-3.46341e-06
1.0829e-06
-3.57243e-06
5.87668e-07
-3.63271e-06
7.83082e-08
-3.63937e-06
-4.57868e-07
-3.57936e-06
-1.03583e-06
-3.42954e-06
-1.67007e-06
-3.15576e-06
-2.36803e-06
-2.7165e-06
-3.11347e-06
-2.0796e-06
-3.82585e-06
-1.26788e-06
-4.27306e-06
-4.45868e-07
-3.94212e-06
-2.03724e-06
-3.91937e-07
2.05045e-06
-1.08958e-06
3.8867e-06
-1.80095e-06
4.27289e-06
-2.41232e-06
3.99815e-06
-2.90257e-06
3.49198e-06
-3.28295e-06
2.92361e-06
-3.57317e-06
2.35123e-06
-3.79307e-06
1.79273e-06
-3.95924e-06
1.24906e-06
-4.08327e-06
7.11695e-07
-4.17036e-06
1.65397e-07
-4.21754e-06
-4.1068e-07
-4.21087e-06
-1.04251e-06
-4.12111e-06
-1.75983e-06
-3.89881e-06
-2.59033e-06
-3.4728e-06
-3.53948e-06
-2.76629e-06
-4.53236e-06
-1.76138e-06
-5.27797e-06
-6.47661e-07
-5.05583e-06
-2.6849e-06
-5.24633e-07
2.57509e-06
-1.40732e-06
4.76939e-06
-2.25589e-06
5.12146e-06
-2.94223e-06
4.68449e-06
-3.46093e-06
4.01068e-06
-3.84167e-06
3.30434e-06
-4.11942e-06
2.62898e-06
-4.32577e-06
1.99909e-06
-4.48611e-06
1.40941e-06
-4.61882e-06
8.44398e-07
-4.73462e-06
2.81198e-07
-4.83513e-06
-3.10169e-07
-4.90919e-06
-9.68445e-07
-4.92564e-06
-1.74338e-06
-4.82131e-06
-2.69466e-06
-4.48722e-06
-3.87357e-06
-3.77204e-06
-5.24754e-06
-2.55967e-06
-6.49034e-06
-1.01504e-06
-6.60047e-06
-3.69994e-06
-7.40626e-07
3.31571e-06
-1.8775e-06
5.90626e-06
-2.87541e-06
6.11937e-06
-3.6122e-06
5.42127e-06
-4.12004e-06
4.51853e-06
-4.45909e-06
3.64339e-06
-4.68578e-06
2.85566e-06
-4.8462e-06
2.15951e-06
-4.97564e-06
1.53885e-06
-5.09985e-06
9.68602e-07
-5.23638e-06
4.17726e-07
-5.39444e-06
-1.52105e-07
-5.57155e-06
-7.91335e-07
-5.74389e-06
-1.57105e-06
-5.84548e-06
-2.59307e-06
-5.73272e-06
-3.98633e-06
-5.15168e-06
-5.82857e-06
-3.79705e-06
-7.84498e-06
-1.67421e-06
-8.72331e-06
-5.37415e-06
-1.10639e-06
4.4221e-06
-2.57233e-06
7.3722e-06
-3.67694e-06
7.22398e-06
-4.37277e-06
6.1171e-06
-4.77121e-06
4.91697e-06
-4.97891e-06
3.85109e-06
-5.07898e-06
2.95573e-06
-5.13228e-06
2.21281e-06
-5.18188e-06
1.58845e-06
-5.25846e-06
1.04518e-06
-5.38488e-06
5.44142e-07
-5.57879e-06
4.18071e-08
-5.85161e-06
-5.18518e-07
-6.19945e-06
-1.2232e-06
-6.57628e-06
-2.21624e-06
-6.83371e-06
-3.7289e-06
-6.62589e-06
-6.0364e-06
-5.37873e-06
-9.09213e-06
-2.70392e-06
-1.13981e-05
-8.07807e-06
-1.71796e-06
6.14006e-06
-3.48744e-06
9.14168e-06
-4.44863e-06
8.18517e-06
-4.82278e-06
6.49126e-06
-4.86986e-06
4.96405e-06
-4.75546e-06
3.73668e-06
-4.58375e-06
2.78402e-06
-4.41985e-06
2.04892e-06
-4.30353e-06
1.47214e-06
-4.26041e-06
1.00205e-06
-4.31047e-06
5.94209e-07
-4.47404e-06
2.05376e-07
-4.77467e-06
-2.17888e-07
-5.23588e-06
-7.61999e-07
-5.8598e-06
-1.59231e-06
-6.56028e-06
-3.02842e-06
-7.00868e-06
-5.58799e-06
-6.42621e-06
-9.6746e-06
-3.80323e-06
-1.40211e-05
-1.18813e-05
-2.62153e-06
8.76159e-06
-4.04034e-06
1.05605e-05
-3.9611e-06
8.10593e-06
-3.30147e-06
5.83162e-06
-2.51203e-06
4.17461e-06
-1.7585e-06
2.98315e-06
-1.10826e-06
2.13378e-06
-5.88621e-07
1.52928e-06
-2.06269e-07
1.08979e-06
3.94809e-08
7.56304e-07
1.47338e-07
4.86352e-07
1.07632e-07
2.45081e-07
-1.03785e-07
-6.4714e-09
-5.32605e-07
-3.33178e-07
-1.24889e-06
-8.76031e-07
-2.31832e-06
-1.95899e-06
-3.65897e-06
-4.24734e-06
-4.66216e-06
-8.67142e-06
-3.74595e-06
-1.49373e-05
-1.56272e-05
-2.82906e-06
1.15907e-05
-7.88665e-07
8.5201e-06
2.35728e-06
4.95998e-06
4.98267e-06
3.20624e-06
7.00144e-06
2.15584e-06
8.54129e-06
1.4433e-06
9.70236e-06
9.72706e-07
1.05633e-05
6.68363e-07
1.11869e-05
4.66159e-07
1.16189e-05
3.24314e-07
1.18876e-05
2.17624e-07
1.20037e-05
1.28966e-07
1.19551e-05
4.2199e-08
1.16905e-05
-6.85707e-08
1.10824e-05
-2.67999e-07
9.86586e-06
-7.42413e-07
7.62284e-06
-2.00432e-06
4.05098e-06
-5.09956e-06
1.58214e-07
-1.10445e-05
-1.5469e-05
1.15907e-05
2.01107e-05
2.50707e-05
2.8277e-05
3.04328e-05
3.18761e-05
3.28488e-05
3.35172e-05
3.39833e-05
3.43077e-05
3.45253e-05
3.46542e-05
3.46964e-05
3.46279e-05
3.43599e-05
3.36175e-05
3.16131e-05
2.65136e-05
1.5469e-05
)
;

boundaryField
{
    movingWall
    {
        type            calculated;
        value           uniform 0;
    }
    fixedWalls
    {
        type            calculated;
        value           uniform 0;
    }
    frontAndBack
    {
        type            empty;
        value           nonuniform 0();
    }
}


// ************************************************************************* //
