/*--------------------------------*- C++ -*----------------------------------*\
  =========                 |
  \\      /  F ield         | OpenFOAM: The Open Source CFD Toolbox
   \\    /   O peration     | Website:  https://openfoam.org
    \\  /    A nd           | Version:  6
     \\/     M anipulation  |
\*---------------------------------------------------------------------------*/
FoamFile
{
    version     2.0;
    format      ascii;
    class       volScalarField;
    location    "0.08";
    object      p;
}
// * * * * * * * * * * * * * * * * * * * * * * * * * * * * * * * * * * * * * //

dimensions      [0 2 -2 0 0 0 0];

internalField   nonuniform List<scalar> 
400
(
1.37092e-05
-0.0231738
-0.0520515
-0.0743057
-0.082626
-0.0737392
-0.0474004
-0.00554326
0.0484091
0.11006
0.17444
0.236358
0.290746
0.333044
0.359664
0.368572
0.360029
0.337446
0.308344
0.285162
0.0230008
-0.000828266
-0.0234899
-0.038833
-0.0432624
-0.0344796
-0.012187
0.0222218
0.0661516
0.116181
0.168386
0.218644
0.262946
0.297736
0.320277
0.329091
0.32448
0.308853
0.285997
0.262208
0.0535478
0.0205275
-0.00399311
-0.0181439
-0.0217437
-0.0135405
0.00644456
0.0368623
0.0754421
0.119258
0.164963
0.209037
0.248042
0.278903
0.299194
0.30746
0.303675
0.289197
0.264424
0.231435
0.0816329
0.0359533
0.00546359
-0.0106728
-0.0150697
-0.00740233
0.0118331
0.0410439
0.0779506
0.119779
0.163416
0.205592
0.243082
0.272923
0.292631
0.300461
0.295883
0.279332
0.248458
0.202722
0.100741
0.0416847
0.00404534
-0.0149356
-0.020265
-0.0124411
0.00751834
0.0376491
0.0754978
0.118263
0.162881
0.206144
0.244844
0.275932
0.296672
0.304873
0.299432
0.279949
0.241727
0.182412
0.106195
0.0334915
-0.0116043
-0.0333533
-0.0389495
-0.029673
-0.00711223
0.026299
0.0678128
0.114473
0.163134
0.210518
0.253293
0.288173
0.312022
0.322069
0.316551
0.294252
0.248312
0.174989
0.0939371
0.0071784
-0.0452487
-0.0689892
-0.0734674
-0.06081
-0.0332676
0.00615507
0.0543196
0.108029
0.163977
0.218736
0.268759
0.310416
0.340038
0.354126
0.35012
0.32588
0.272295
0.184348
0.0596378
-0.0418421
-0.101084
-0.125292
-0.126459
-0.107766
-0.0722817
-0.0236972
0.0343887
0.0985027
0.165165
0.230782
0.291569
0.343492
0.382241
0.403414
0.403434
0.378969
0.318239
0.214747
-0.00203006
-0.119157
-0.184195
-0.206409
-0.201066
-0.172782
-0.125683
-0.0642801
0.00733222
0.0854338
0.166434
0.246651
0.322115
0.388398
0.440466
0.472822
0.480551
0.458651
0.391849
0.27161
-0.09809
-0.231961
-0.300926
-0.317314
-0.300867
-0.258255
-0.194987
-0.116523
-0.0274363
0.0684268
0.167536
0.266308
0.360755
0.44616
0.516754
0.565747
0.586458
0.571478
0.500661
0.362319
-0.238206
-0.389858
-0.459307
-0.463849
-0.429672
-0.366398
-0.281315
-0.180921
-0.0701368
0.0473162
0.168285
0.289621
0.407646
0.517608
0.613123
0.685962
0.727188
0.725921
0.654933
0.497288
-0.436288
-0.606075
-0.669565
-0.652662
-0.59111
-0.49869
-0.384844
-0.25705
-0.120254
0.0224
0.168645
0.316302
0.462531
0.603043
0.731184
0.837335
0.909836
0.932954
0.86896
0.691733
-0.713568
-0.899387
-0.944689
-0.890854
-0.787842
-0.654973
-0.503977
-0.342903
-0.17606
-0.00527192
0.16883
0.345798
0.524429
0.701714
0.871488
1.02321
1.14233
1.20671
1.16314
0.968982
-1.10502
-1.29727
-1.30073
-1.18487
-1.02001
-0.831975
-0.634151
-0.434029
-0.234054
-0.0336045
0.169343
0.377072
0.591095
0.810935
1.03231
1.24506
1.43244
1.56487
1.56721
1.36721
-1.6726
-1.8405
-1.75569
-1.53744
-1.28213
-1.02082
-0.766118
-0.522474
-0.288407
-0.0592764
0.170848
0.40813
0.658112
0.924554
1.20735
1.49951
1.78483
2.02755
2.12494
1.95307
-2.52802
-2.58721
-2.32552
-1.94251
-1.55886
-1.20423
-0.884434
-0.596177
-0.330891
-0.0779488
0.173778
0.435426
0.717893
1.03123
1.38289
1.77419
2.19597
2.61321
2.89778
2.84435
-3.87299
-3.61304
-3.01649
-2.38085
-1.82323
-1.3564
-0.968431
-0.640387
-0.35225
-0.0853212
0.177718
0.453639
0.759671
1.11426
1.5369
2.04546
2.64949
3.33064
3.96436
4.24909
-6.15939
-5.01372
-3.78643
-2.79026
-2.01927
-1.43415
-0.988408
-0.636617
-0.34253
-0.0781221
0.179946
0.453528
0.765982
1.14534
1.62785
2.25902
3.08471
4.13979
5.42508
6.62752
-10.5695
-6.84898
-4.35763
-2.91495
-1.9681
-1.32304
-0.875096
-0.545538
-0.282396
-0.0515849
0.172447
0.41279
0.695037
1.05336
1.53994
2.23476
3.24506
4.76456
7.34527
11.1677
-17.9825
-8.61119
-4.1544
-2.37804
-1.46162
-0.918352
-0.578351
-0.344488
-0.163412
-0.00552094
0.148979
0.317285
0.519145
0.783969
1.16481
1.76027
2.74771
4.62119
9.19197
18.678
)
;

boundaryField
{
    movingWall
    {
        type            zeroGradient;
    }
    fixedWalls
    {
        type            zeroGradient;
    }
    frontAndBack
    {
        type            empty;
    }
}


// ************************************************************************* //
