/*--------------------------------*- C++ -*----------------------------------*\
  =========                 |
  \\      /  F ield         | OpenFOAM: The Open Source CFD Toolbox
   \\    /   O peration     | Website:  https://openfoam.org
    \\  /    A nd           | Version:  6
     \\/     M anipulation  |
\*---------------------------------------------------------------------------*/
FoamFile
{
    version     2.0;
    format      ascii;
    class       volVectorField;
    location    "0.08";
    object      U;
}
// * * * * * * * * * * * * * * * * * * * * * * * * * * * * * * * * * * * * * //

dimensions      [0 1 -1 0 0 0 0];

internalField   nonuniform List<vector> 
400
(
(0.000256281 -0.000252762 0)
(0.000157512 0.000107277 0)
(-0.00114754 0.000566254 0)
(-0.00345707 0.000894611 0)
(-0.00637591 0.00106064 0)
(-0.00949688 0.00107659 0)
(-0.0124531 0.000967168 0)
(-0.0149419 0.000760951 0)
(-0.0167338 0.000486299 0)
(-0.0176749 0.000170355 0)
(-0.0176859 -0.000160491 0)
(-0.0167628 -0.000479693 0)
(-0.0149783 -0.000759667 0)
(-0.0124839 -0.00097126 0)
(-0.0095113 -0.00108396 0)
(-0.00637044 -0.00106775 0)
(-0.00343704 -0.000897938 0)
(-0.00112495 -0.000564246 0)
(0.000171423 -0.000102033 0)
(0.000260011 0.000255685 0)
(-6.90376e-05 -0.000187147 0)
(-0.0015753 0.00161955 0)
(-0.00563407 0.00361478 0)
(-0.0116729 0.0050638 0)
(-0.0188902 0.0057931 0)
(-0.0264535 0.00580986 0)
(-0.0335641 0.00520011 0)
(-0.0395337 0.00408751 0)
(-0.0438267 0.00260989 0)
(-0.0460777 0.000909298 0)
(-0.0460984 -0.00087073 0)
(-0.0438813 -0.00258463 0)
(-0.0396027 -0.00408394 0)
(-0.033623 -0.00521844 0)
(-0.026482 -0.00584148 0)
(-0.0188811 -0.0058236 0)
(-0.0116351 -0.00507893 0)
(-0.00558929 -0.00360798 0)
(-0.00154564 -0.00159825 0)
(-6.02518e-05 0.000201529 0)
(-0.000515432 0.00104331 0)
(-0.00366088 0.00567511 0)
(-0.0105143 0.0102152 0)
(-0.0199423 0.0134669 0)
(-0.0307789 0.0150495 0)
(-0.0419097 0.01494 0)
(-0.05226 0.0133104 0)
(-0.0608943 0.0104392 0)
(-0.0670808 0.00665604 0)
(-0.0703182 0.00231266 0)
(-0.0703478 -0.00222926 0)
(-0.0671599 -0.00660163 0)
(-0.0609969 -0.0104322 0)
(-0.0523528 -0.0133517 0)
(-0.041964 -0.0150113 0)
(-0.0307817 -0.0151195 0)
(-0.019902 -0.0135043 0)
(-0.0104582 -0.0102041 0)
(-0.00362022 -0.00562904 0)
(-0.000502498 -0.00100776 0)
(-0.000910731 0.00339294 0)
(-0.00563297 0.0121232 0)
(-0.0152315 0.0199204 0)
(-0.0279008 0.0253129 0)
(-0.0420661 0.0277808 0)
(-0.0563583 0.0273101 0)
(-0.0694921 0.024196 0)
(-0.0803629 0.0189151 0)
(-0.0881149 0.012038 0)
(-0.0921645 0.00417856 0)
(-0.0922108 -0.00402873 0)
(-0.0882408 -0.0119378 0)
(-0.0805333 -0.0188969 0)
(-0.0696605 -0.0242627 0)
(-0.0564815 -0.0274328 0)
(-0.0421191 -0.0279073 0)
(-0.0278862 -0.0253883 0)
(-0.0151798 -0.0199133 0)
(-0.0055865 -0.0120503 0)
(-0.000894124 -0.00332936 0)
(-0.00125955 0.00674755 0)
(-0.00748524 0.0208327 0)
(-0.0197808 0.0325501 0)
(-0.035624 0.0403166 0)
(-0.0529869 0.0435917 0)
(-0.0702378 0.0424556 0)
(-0.0859085 0.0373906 0)
(-0.0987722 0.0291207 0)
(-0.107898 0.0184956 0)
(-0.112661 0.00642286 0)
(-0.112738 -0.00616367 0)
(-0.108112 -0.0183143 0)
(-0.0990732 -0.0290698 0)
(-0.0862282 -0.0374792 0)
(-0.0705079 -0.0426438 0)
(-0.0531593 -0.0438017 0)
(-0.035687 -0.0404611 0)
(-0.0197638 -0.0325713 0)
(-0.00744413 -0.0207425 0)
(-0.00124085 -0.00665289 0)
(-0.00159162 0.0110473 0)
(-0.00930403 0.0317697 0)
(-0.0243022 0.0481006 0)
(-0.0433109 0.0584586 0)
(-0.0638095 0.0624141 0)
(-0.0838925 0.0602574 0)
(-0.101927 0.0527473 0)
(-0.116604 0.0409175 0)
(-0.12696 0.0259358 0)
(-0.132365 0.00902319 0)
(-0.132493 -0.00857785 0)
(-0.12732 -0.0256085 0)
(-0.117123 -0.0407917 0)
(-0.102506 -0.0528448 0)
(-0.0844224 -0.0605288 0)
(-0.064205 -0.0627503 0)
(-0.0435323 -0.0587268 0)
(-0.0243699 -0.0481996 0)
(-0.00928851 -0.0316912 0)
(-0.00157436 -0.0109259 0)
(-0.00193663 0.0162948 0)
(-0.0111889 0.0449678 0)
(-0.0289631 0.0666096 0)
(-0.0511659 0.0797375 0)
(-0.0747425 0.0841827 0)
(-0.0975118 0.0805899 0)
(-0.117708 0.070109 0)
(-0.133985 0.0541581 0)
(-0.145403 0.0342603 0)
(-0.151365 0.0119584 0)
(-0.151567 -0.0112071 0)
(-0.145975 -0.0336841 0)
(-0.134828 -0.053886 0)
(-0.118677 -0.0701868 0)
(-0.0984453 -0.0809629 0)
(-0.0754978 -0.0847049 0)
(-0.0516569 -0.0802145 0)
(-0.0291875 -0.0668716 0)
(-0.0112301 -0.0449602 0)
(-0.00192695 -0.016164 0)
(-0.00232249 0.0225511 0)
(-0.0132366 0.0605343 0)
(-0.0339187 0.0881504 0)
(-0.059343 0.104135 0)
(-0.0858735 0.10877 0)
(-0.111071 0.10324 0)
(-0.133095 0.0892255 0)
(-0.150639 0.0686151 0)
(-0.162856 0.0433182 0)
(-0.169241 0.0151899 0)
(-0.169541 -0.0139658 0)
(-0.163709 -0.0423466 0)
(-0.151915 -0.0680898 0)
(-0.134598 -0.0892324 0)
(-0.112571 -0.103728 0)
(-0.0871507 -0.109553 0)
(-0.0602423 -0.10494 0)
(-0.0343942 -0.0887059 0)
(-0.0133777 -0.0606979 0)
(-0.00232956 -0.0224476 0)
(-0.00277834 0.0299319 0)
(-0.0155429 0.078645 0)
(-0.0393007 0.112811 0)
(-0.0679156 0.131567 0)
(-0.0971194 0.135916 0)
(-0.124269 0.127824 0)
(-0.147551 0.109675 0)
(-0.165813 0.0839156 0)
(-0.178407 0.0528613 0)
(-0.184993 0.0186437 0)
(-0.185406 -0.0167368 0)
(-0.179593 -0.0513056 0)
(-0.167613 -0.0829918 0)
(-0.149714 -0.10953 0)
(-0.126491 -0.128426 0)
(-0.0990874 -0.137045 0)
(-0.0693782 -0.132854 0)
(-0.0401403 -0.113841 0)
(-0.0158392 -0.0791318 0)
(-0.00281482 -0.0299188 0)
(-0.0033423 0.0386115 0)
(-0.0182189 0.0995328 0)
(-0.0452226 0.140643 0)
(-0.0768519 0.161801 0)
(-0.108169 0.165119 0)
(-0.136441 0.153674 0)
(-0.160051 0.130757 0)
(-0.178172 0.0994586 0)
(-0.190489 0.0624899 0)
(-0.196925 0.0221872 0)
(-0.197456 -0.0193617 0)
(-0.192022 -0.0601318 0)
(-0.180529 -0.0979562 0)
(-0.162944 -0.130343 0)
(-0.139494 -0.154363 0)
(-0.110969 -0.166671 0)
(-0.079028 -0.163743 0)
(-0.0465487 -0.14238 0)
(-0.0187364 -0.100553 0)
(-0.00342478 -0.0387854 0)
(-0.00407566 0.0488426 0)
(-0.0214196 0.123478 0)
(-0.0517898 0.171594 0)
(-0.0859784 0.194322 0)
(-0.118393 0.195485 0)
(-0.146435 0.179694 0)
(-0.168945 0.151376 0)
(-0.18565 0.114328 0)
(-0.196742 0.0715976 0)
(-0.202515 0.0256044 0)
(-0.203141 -0.0216355 0)
(-0.198564 -0.0682184 0)
(-0.188495 -0.112047 0)
(-0.172515 -0.15054 0)
(-0.150315 -0.180396 0)
(-0.122084 -0.197501 0)
(-0.0889741 -0.197091 0)
(-0.0537149 -0.174304 0)
(-0.0222305 -0.125302 0)
(-0.00422484 -0.0493393 0)
(-0.00508802 0.0610035 0)
(-0.0253874 0.150799 0)
(-0.0590956 0.205384 0)
(-0.0948912 0.228152 0)
(-0.126684 0.225524 0)
(-0.152409 0.204188 0)
(-0.171749 0.16992 0)
(-0.185273 0.127213 0)
(-0.193857 0.0793269 0)
(-0.198272 0.0285747 0)
(-0.198934 -0.023308 0)
(-0.195804 -0.0747575 0)
(-0.188372 -0.123969 0)
(-0.175751 -0.168478 0)
(-0.156918 -0.204767 0)
(-0.13116 -0.227974 0)
(-0.0987059 -0.231869 0)
(-0.0616885 -0.209334 0)
(-0.0265612 -0.153743 0)
(-0.00532869 -0.0620027 0)
(-0.00658167 0.0756954 0)
(-0.0305068 0.181821 0)
(-0.067162 0.241299 0)
(-0.102747 0.261557 0)
(-0.131152 0.252895 0)
(-0.151514 0.224679 0)
(-0.164874 0.184155 0)
(-0.17294 0.136369 0)
(-0.177423 0.0845553 0)
(-0.17962 0.0306636 0)
(-0.180215 -0.0240974 0)
(-0.179198 -0.07875 0)
(-0.175851 -0.132044 0)
(-0.168793 -0.181918 0)
(-0.15616 -0.22492 0)
(-0.136037 -0.25562 0)
(-0.107182 -0.266217 0)
(-0.0703908 -0.246685 0)
(-0.0320929 -0.186212 0)
(-0.00694176 -0.0774196 0)
(-0.00892153 0.093908 0)
(-0.0373424 0.216755 0)
(-0.0757135 0.277789 0)
(-0.107791 0.291606 0)
(-0.128557 0.274084 0)
(-0.139381 0.237764 0)
(-0.14324 0.191214 0)
(-0.143203 0.139669 0)
(-0.141826 0.0859521 0)
(-0.140875 0.0313439 0)
(-0.141255 -0.0237212 0)
(-0.143003 -0.0790777 0)
(-0.145265 -0.13429 0)
(-0.146259 -0.188046 0)
(-0.143307 -0.237388 0)
(-0.133098 -0.276758 0)
(-0.112328 -0.296982 0)
(-0.0793551 -0.284627 0)
(-0.0393351 -0.222858 0)
(-0.00942831 -0.096612 0)
(-0.0126998 0.117243 0)
(-0.0465061 0.255309 0)
(-0.0834934 0.311729 0)
(-0.106321 0.313567 0)
(-0.113294 0.284138 0)
(-0.109349 0.239139 0)
(-0.099828 0.187801 0)
(-0.0890912 0.134843 0)
(-0.0802832 0.0821674 0)
(-0.0753891 0.0300725 0)
(-0.0753923 -0.0219534 0)
(-0.0803785 -0.074684 0)
(-0.0895147 -0.128679 0)
(-0.1009 -0.183704 0)
(-0.111353 -0.237862 0)
(-0.116304 -0.286258 0)
(-0.110001 -0.31912 0)
(-0.0869989 -0.319697 0)
(-0.0487723 -0.263189 0)
(-0.0133648 -0.121178 0)
(-0.0185822 0.148237 0)
(-0.0578026 0.295686 0)
(-0.0864051 0.337096 0)
(-0.0905858 0.320181 0)
(-0.0757143 0.276642 0)
(-0.0514435 0.224037 0)
(-0.0252597 0.170782 0)
(-0.00214587 0.120032 0)
(0.0148363 0.0722138 0)
(0.0239753 0.02645 0)
(0.0244697 -0.0187088 0)
(0.0162008 -0.0648997 0)
(-0.000257126 -0.113659 0)
(-0.0233827 -0.166017 0)
(-0.0502148 -0.22171 0)
(-0.0756915 -0.277628 0)
(-0.091967 -0.32504 0)
(-0.0887368 -0.345374 0)
(-0.0599311 -0.305002 0)
(-0.0193499 -0.153572 0)
(-0.0261483 0.191106 0)
(-0.0672205 0.332213 0)
(-0.0730651 0.342523 0)
(-0.044839 0.300782 0)
(0.000333987 0.244169 0)
(0.0486722 0.188269 0)
(0.0922727 0.13828 0)
(0.127076 0.0946564 0)
(0.151213 0.0560274 0)
(0.16392 0.0204551 0)
(0.1649 -0.014139 0)
(0.154041 -0.0498829 0)
(0.131404 -0.08895 0)
(0.097501 -0.133469 0)
(0.0539597 -0.185085 0)
(0.00469568 -0.243622 0)
(-0.0422741 -0.303928 0)
(-0.0726556 -0.349762 0)
(-0.0682828 -0.341961 0)
(-0.0267555 -0.197774 0)
(-0.0286872 0.24893 0)
(-0.0581831 0.348491 0)
(-0.0153988 0.308216 0)
(0.06107 0.242127 0)
(0.140368 0.180825 0)
(0.210129 0.130876 0)
(0.266178 0.091743 0)
(0.307674 0.0607869 0)
(0.335121 0.0352455 0)
(0.349246 0.0127482 0)
(0.350479 -0.00875498 0)
(0.338757 -0.0312184 0)
(0.313507 -0.0567549 0)
(0.273792 -0.0878792 0)
(0.218813 -0.127614 0)
(0.14906 -0.178994 0)
(0.0684369 -0.242969 0)
(-0.010699 -0.312913 0)
(-0.0566128 -0.356739 0)
(-0.0283682 -0.256032 0)
(0.0132475 0.287614 0)
(0.0288538 0.301524 0)
(0.151503 0.213636 0)
(0.279686 0.142603 0)
(0.37992 0.094541 0)
(0.454436 0.0626292 0)
(0.508329 0.0411761 0)
(0.545516 0.0261021 0)
(0.569002 0.0146989 0)
(0.580773 0.00519176 0)
(0.581791 -0.00370053 0)
(0.572065 -0.0131116 0)
(0.550632 -0.0243342 0)
(0.515447 -0.0391817 0)
(0.463323 -0.060474 0)
(0.390007 -0.0925686 0)
(0.289908 -0.141665 0)
(0.160111 -0.215002 0)
(0.0342392 -0.305704 0)
(0.0158704 -0.292142 0)
(0.304279 0.146877 0)
(0.404862 0.127586 0)
(0.567544 0.074964 0)
(0.684225 0.0421605 0)
(0.752016 0.0241472 0)
(0.79345 0.0141632 0)
(0.820062 0.0084604 0)
(0.837039 0.00499812 0)
(0.847209 0.0026743 0)
(0.852114 0.000888217 0)
(0.852434 -0.000727619 0)
(0.848198 -0.00247166 0)
(0.838787 -0.00470296 0)
(0.822717 -0.0080069 0)
(0.797182 -0.013475 0)
(0.756965 -0.0231846 0)
(0.690407 -0.0410409 0)
(0.574191 -0.074104 0)
(0.409764 -0.127675 0)
(0.306599 -0.147726 0)
)
;

boundaryField
{
    movingWall
    {
        type            fixedValue;
        value           uniform (1 0 0);
    }
    fixedWalls
    {
        type            noSlip;
    }
    frontAndBack
    {
        type            empty;
    }
}


// ************************************************************************* //
