/*--------------------------------*- C++ -*----------------------------------*\
  =========                 |
  \\      /  F ield         | OpenFOAM: The Open Source CFD Toolbox
   \\    /   O peration     | Website:  https://openfoam.org
    \\  /    A nd           | Version:  6
     \\/     M anipulation  |
\*---------------------------------------------------------------------------*/
FoamFile
{
    version     2.0;
    format      ascii;
    class       volScalarField;
    location    "0.17";
    object      p;
}
// * * * * * * * * * * * * * * * * * * * * * * * * * * * * * * * * * * * * * //

dimensions      [0 2 -2 0 0 0 0];

internalField   nonuniform List<scalar> 
400
(
9.59551e-06
-0.0231811
-0.0520605
-0.0743156
-0.0826366
-0.07375
-0.0474109
-0.00555321
0.0484
0.110052
0.174433
0.236352
0.290741
0.33304
0.35966
0.368568
0.360025
0.33744
0.308337
0.285154
0.0229949
-0.000835275
-0.0234979
-0.0388417
-0.0432717
-0.0344891
-0.0121964
0.0222128
0.0661432
0.116174
0.168379
0.218637
0.26294
0.29773
0.320272
0.329085
0.324474
0.308847
0.285989
0.262199
0.0535423
0.0205211
-0.00400029
-0.0181518
-0.0217521
-0.0135491
0.00643592
0.0368539
0.0754341
0.119251
0.164956
0.20903
0.248035
0.278897
0.299187
0.307454
0.303668
0.28919
0.264416
0.231426
0.0816282
0.0359475
0.00545697
-0.01068
-0.0150774
-0.00741041
0.0118249
0.0410358
0.0779427
0.119771
0.163409
0.205585
0.243075
0.272916
0.292624
0.300454
0.295876
0.279324
0.24845
0.202712
0.100737
0.0416793
0.00403906
-0.0149425
-0.0202723
-0.0124487
0.00751047
0.0376412
0.07549
0.118255
0.162873
0.206137
0.244837
0.275925
0.296664
0.304866
0.299424
0.27994
0.241718
0.182401
0.106191
0.0334861
-0.0116105
-0.03336
-0.0389565
-0.0296803
-0.00711987
0.0262912
0.067805
0.114465
0.163126
0.21051
0.253285
0.288165
0.312014
0.322061
0.316542
0.294243
0.248302
0.174978
0.0939329
0.00717286
-0.045255
-0.068996
-0.0734745
-0.0608173
-0.0332751
0.00614736
0.0543118
0.108021
0.16397
0.218728
0.268751
0.310408
0.340031
0.354118
0.350111
0.325871
0.272285
0.184337
0.0596329
-0.0418481
-0.101091
-0.125299
-0.126467
-0.107774
-0.0722892
-0.0237049
0.0343808
0.0984947
0.165157
0.230774
0.291561
0.343485
0.382233
0.403406
0.403426
0.378961
0.318229
0.214737
-0.0020359
-0.119163
-0.184202
-0.206417
-0.201074
-0.172789
-0.125691
-0.0642879
0.00732433
0.0854258
0.166426
0.246643
0.322107
0.38839
0.440458
0.472814
0.480542
0.458642
0.39184
0.271601
-0.0980972
-0.231968
-0.300933
-0.317322
-0.300875
-0.258263
-0.194995
-0.116531
-0.0274442
0.0684187
0.167528
0.266299
0.360747
0.446152
0.516746
0.565739
0.58645
0.57147
0.500653
0.362311
-0.238215
-0.389867
-0.459315
-0.463857
-0.42968
-0.366407
-0.281324
-0.180929
-0.0701448
0.0473081
0.168277
0.289613
0.407637
0.5176
0.613115
0.685954
0.72718
0.725913
0.654925
0.49728
-0.436298
-0.606084
-0.669573
-0.652671
-0.591118
-0.498698
-0.384853
-0.257058
-0.120263
0.0223918
0.168637
0.316294
0.462523
0.603035
0.731176
0.837327
0.909828
0.932947
0.868953
0.691727
-0.713579
-0.899397
-0.944698
-0.890863
-0.787851
-0.654981
-0.503986
-0.342912
-0.176069
-0.00528031
0.168822
0.34579
0.524421
0.701706
0.87148
1.0232
1.14232
1.20671
1.16313
0.968976
-1.10503
-1.29728
-1.30074
-1.18487
-1.02002
-0.831983
-0.634159
-0.434037
-0.234062
-0.033613
0.169335
0.377063
0.591087
0.810927
1.0323
1.24505
1.43243
1.56486
1.5672
1.36721
-1.67261
-1.84051
-1.7557
-1.53745
-1.28214
-1.02083
-0.766126
-0.522482
-0.288415
-0.0592849
0.170839
0.408122
0.658104
0.924546
1.20734
1.4995
1.78483
2.02754
2.12494
1.95306
-2.52803
-2.58722
-2.32553
-1.94252
-1.55887
-1.20423
-0.884441
-0.596185
-0.330899
-0.077957
0.17377
0.435418
0.717884
1.03122
1.38288
1.77418
2.19596
2.6132
2.89778
2.84434
-3.873
-3.61304
-3.01649
-2.38085
-1.82324
-1.35641
-0.968438
-0.640394
-0.352257
-0.085329
0.17771
0.45363
0.759662
1.11426
1.53689
2.04545
2.64948
3.33064
3.96436
4.24909
-6.1594
-5.01373
-3.78643
-2.79027
-2.01927
-1.43416
-0.988414
-0.636624
-0.342537
-0.0781296
0.179937
0.45352
0.765973
1.14533
1.62784
2.25901
3.0847
4.13979
5.42507
6.62751
-10.5695
-6.84899
-4.35763
-2.91496
-1.96811
-1.32304
-0.875102
-0.545544
-0.282403
-0.0515923
0.172439
0.412781
0.695028
1.05335
1.53993
2.23475
3.24505
4.76456
7.34526
11.1677
-17.9825
-8.6112
-4.15441
-2.37804
-1.46163
-0.918355
-0.578355
-0.344493
-0.163418
-0.0055282
0.148971
0.317276
0.519135
0.783958
1.16479
1.76026
2.7477
4.62118
9.19196
18.678
)
;

boundaryField
{
    movingWall
    {
        type            zeroGradient;
    }
    fixedWalls
    {
        type            zeroGradient;
    }
    frontAndBack
    {
        type            empty;
    }
}


// ************************************************************************* //
