/*--------------------------------*- C++ -*----------------------------------*\
  =========                 |
  \\      /  F ield         | OpenFOAM: The Open Source CFD Toolbox
   \\    /   O peration     | Website:  https://openfoam.org
    \\  /    A nd           | Version:  6
     \\/     M anipulation  |
\*---------------------------------------------------------------------------*/
FoamFile
{
    version     2.0;
    format      ascii;
    class       volScalarField;
    location    "0.05";
    object      p;
}
// * * * * * * * * * * * * * * * * * * * * * * * * * * * * * * * * * * * * * //

dimensions      [0 2 -2 0 0 0 0];

internalField   nonuniform List<scalar> 
400
(
2.63646e-05
-0.0580328
-0.130338
-0.186197
-0.207154
-0.184908
-0.118837
-0.0138498
0.121372
0.275714
0.436678
0.591287
0.726944
0.832372
0.898725
0.920993
0.899814
0.843625
0.771093
0.713028
0.0575818
-0.00206913
-0.0588301
-0.0973841
-0.108585
-0.0865972
-0.0306743
0.0556338
0.165735
0.290976
0.421483
0.546952
0.657426
0.744115
0.800287
0.822305
0.810923
0.772085
0.715129
0.655516
0.134073
0.0514417
-0.0100017
-0.0456081
-0.0547387
-0.0341732
0.0160273
0.0924105
0.189184
0.298922
0.413191
0.523187
0.620386
0.697213
0.747718
0.768347
0.75903
0.723097
0.661402
0.578802
0.204745
0.0903884
0.0139352
-0.0266978
-0.0378175
-0.0185164
0.0299358
0.103443
0.196154
0.300993
0.410093
0.51528
0.608576
0.682714
0.731637
0.7511
0.739799
0.698752
0.621916
0.507502
0.253413
0.105446
0.0109841
-0.0368221
-0.0502216
-0.0303684
0.0201245
0.0961772
0.191446
0.298741
0.410294
0.518088
0.614209
0.691219
0.742492
0.762722
0.749209
0.700902
0.605859
0.457632
0.268514
0.0861405
-0.0271425
-0.0819005
-0.0958254
-0.0720482
-0.0146722
0.0699665
0.174709
0.291916
0.413583
0.531514
0.637517
0.723625
0.782289
0.806837
0.79299
0.737682
0.623556
0.440561
0.240024
0.0220701
-0.10976
-0.169455
-0.180293
-0.147573
-0.0771526
0.0230898
0.144914
0.28
0.4199
0.556035
0.679716
0.782192
0.854694
0.888845
0.878479
0.818284
0.685297
0.466152
0.157168
-0.098214
-0.247315
-0.307997
-0.31003
-0.261444
-0.170285
-0.0463065
0.100966
0.262427
0.429135
0.592098
0.742071
0.869388
0.963811
1.01488
1.01403
0.953093
0.802504
0.545108
0.00655592
-0.288767
-0.452556
-0.507838
-0.492714
-0.418973
-0.297508
-0.14032
0.0416567
0.238583
0.441179
0.640221
0.82605
0.988117
1.11455
1.19236
1.20987
1.15491
0.989354
0.690916
-0.229643
-0.567831
-0.741512
-0.781434
-0.737176
-0.625913
-0.462266
-0.260864
-0.0340262
0.207959
0.455897
0.700793
0.932992
1.14134
1.31231
1.42995
1.47847
1.43996
1.26443
0.921765
-0.576153
-0.959903
-1.13459
-1.14355
-1.05294
-0.88768
-0.667175
-0.408944
-0.126384
0.170402
0.473092
0.773764
1.06357
1.33137
1.5623
1.73713
1.83479
1.8291
1.65287
1.26313
-1.06872
-1.49884
-1.65793
-1.61117
-1.44929
-1.20809
-0.912791
-0.583644
-0.234308
0.126455
0.492483
0.858251
1.21702
1.55889
1.86849
2.12342
2.29625
2.34922
2.18962
1.75206
-1.762
-2.23277
-2.34488
-2.20269
-1.9334
-1.58731
-1.19576
-0.780715
-0.354358
0.0777967
0.513652
0.951989
1.39014
1.8214
2.23173
2.59668
2.88207
3.03481
2.92441
2.44532
-2.74582
-3.23204
-3.23677
-2.9352
-2.50663
-2.01828
-1.50605
-0.990649
-0.479603
0.0277237
0.535899
1.05051
1.57561
2.11074
2.64652
3.15958
3.61068
3.92882
3.92987
3.43591
-4.17854
-4.60075
-4.38018
-3.81697
-3.15677
-2.48066
-1.82278
-1.19613
-0.598295
-0.018429
0.557875
1.1459
1.75966
2.40911
3.0951
3.80206
4.49228
5.07995
5.31309
4.88692
-6.34412
-6.48667
-5.81681
-4.83462
-3.84755
-2.93377
-2.11025
-1.37025
-0.693298
-0.0533673
0.577062
1.22571
1.91985
2.68495
3.54034
4.4908
5.51602
6.53242
7.22514
7.08837
-9.75169
-9.08101
-7.56417
-5.94214
-4.51389
-3.31576
-2.31964
-1.47902
-0.744364
-0.0692321
0.589493
1.27362
2.02618
2.89336
3.92416
5.16404
6.63872
8.30627
9.86024
10.5557
-15.5364
-12.6255
-9.51763
-6.9847
-5.01684
-3.51979
-2.37769
-1.47699
-0.727168
-0.0582684
0.587956
1.26603
2.03423
2.9625
4.14137
5.68449
7.70707
10.2989
13.4647
16.4325
-26.6562
-17.272
-10.9829
-7.32162
-4.90822
-3.25889
-2.11012
-1.26424
-0.591305
-0.00618574
0.554901
1.14955
1.84159
2.71624
3.90366
5.60276
8.07961
11.8177
18.1961
27.6823
-45.2701
-21.7485
-10.5222
-6.00944
-3.66575
-2.26886
-1.38834
-0.780177
-0.311279
0.0920915
0.479248
0.893038
1.38273
2.02187
2.94324
4.39234
6.80707
11.417
22.7573
46.3937
)
;

boundaryField
{
    movingWall
    {
        type            zeroGradient;
    }
    fixedWalls
    {
        type            zeroGradient;
    }
    frontAndBack
    {
        type            empty;
    }
}


// ************************************************************************* //
