/*--------------------------------*- C++ -*----------------------------------*\
  =========                 |
  \\      /  F ield         | OpenFOAM: The Open Source CFD Toolbox
   \\    /   O peration     | Website:  https://openfoam.org
    \\  /    A nd           | Version:  6
     \\/     M anipulation  |
\*---------------------------------------------------------------------------*/
FoamFile
{
    version     2.0;
    format      ascii;
    class       volScalarField;
    location    "0.215";
    object      p;
}
// * * * * * * * * * * * * * * * * * * * * * * * * * * * * * * * * * * * * * //

dimensions      [0 2 -2 0 0 0 0];

internalField   nonuniform List<scalar> 
400
(
-5.14462e-08
-0.000290516
-0.000548297
-0.000638431
-0.000517925
-0.000176687
0.000379969
0.00113863
0.00207888
0.00316968
0.00436429
0.00559656
0.00678107
0.00781943
0.00861434
0.00909086
0.00922151
0.00904677
0.00868543
0.00834918
0.000289849
-1.04894e-05
-0.000197866
-0.000220422
-7.1388e-05
0.00025828
0.000769116
0.00145356
0.0022963
0.00327111
0.00433701
0.00543567
0.00649227
0.00742159
0.0081407
0.0085877
0.00874321
0.00864247
0.00836002
0.00802004
0.000560522
0.000155962
-4.48947e-05
-5.15133e-05
0.000102178
0.000417538
0.000896023
0.00153392
0.00232142
0.00323837
0.00424965
0.00530195
0.00632381
0.00723084
0.0079381
0.0083794
0.00853075
0.00842016
0.0080919
0.0076295
0.00065981
0.000129087
-0.000121611
-0.000141726
8.13309e-07
0.0002995
0.000755634
0.00136901
0.00213583
0.00304276
0.00406056
0.00513897
0.00620468
0.00716513
0.00792089
0.00838801
0.0085278
0.00836056
0.00791786
0.00728401
0.000503798
-0.000144978
-0.000451711
-0.000495101
-0.000370431
-8.99081e-05
0.000348821
0.000950183
0.00171765
0.00264613
0.00371345
0.00487251
0.00604605
0.00712768
0.0079938
0.00853028
0.0086727
0.00843015
0.00783249
0.00699291
3.12968e-05
-0.000727741
-0.00109174
-0.00116327
-0.00106087
-0.000800684
-0.000377915
0.000217997
0.000999695
0.00197283
0.00312529
0.00441585
0.00576411
0.00704639
0.00810498
0.00877929
0.00896111
0.00863671
0.00783562
0.00672398
-0.000808016
-0.00167573
-0.00209909
-0.00220329
-0.00212914
-0.00189612
-0.00149611
-0.000910938
-0.000116357
0.000907961
0.00216566
0.00362843
0.00521902
0.0067978
0.00816394
0.00908807
0.00938723
0.00899646
0.00792848
0.0064244
-0.00206148
-0.00304278
-0.00352993
-0.00367314
-0.00363787
-0.00344799
-0.0030922
-0.00254383
-0.0017646
-0.000714418
0.000635086
0.00228193
0.00416818
0.00615089
0.00798402
0.0093421
0.00991625
0.00953015
0.00812691
0.00603824
-0.0037791
-0.00488496
-0.00544271
-0.00563367
-0.00565414
-0.0055357
-0.00526572
-0.00480993
-0.00411499
-0.00311647
-0.00175007
2.95158e-05
0.00221514
0.00469563
0.00719924
0.00928229
0.0104338
0.0102506
0.00848034
0.00553135
-0.00601691
-0.00726378
-0.007899
-0.00814584
-0.00824281
-0.00823551
-0.00811463
-0.0078423
-0.00735312
-0.00655763
-0.00534611
-0.00359988
-0.00122548
0.00176884
0.00515286
0.00837754
0.0106404
0.0111145
0.00908797
0.00493701
-0.00884078
-0.01025
-0.010963
-0.011264
-0.0114527
-0.0115991
-0.0117048
-0.0117368
-0.0116273
-0.0112697
-0.0105081
-0.00912769
-0.006872
-0.00353364
0.000842393
0.00570463
0.00991094
0.0119291
0.0101062
0.00445237
-0.0123353
-0.0139312
-0.0147011
-0.0150253
-0.0152957
-0.0156205
-0.0160221
-0.0164849
-0.0169553
-0.017329
-0.0174184
-0.0169058
-0.0153165
-0.0120925
-0.00687162
4.0818e-05
0.00726628
0.0122843
0.0117668
0.00465368
-0.0166261
-0.0184287
-0.0191836
-0.0194351
-0.0197184
-0.0201945
-0.0209141
-0.0218913
-0.0231062
-0.0244838
-0.0258335
-0.0267517
-0.0265224
-0.0241313
-0.0185694
-0.00951615
0.00177719
0.0117342
0.0145259
0.00693352
-0.0219344
-0.0239319
-0.0244865
-0.0244469
-0.0245696
-0.0250757
-0.0260409
-0.0275123
-0.0295169
-0.0320296
-0.0348851
-0.0376239
-0.0393091
-0.0384468
-0.0332409
-0.0223811
-0.00640437
0.0104766
0.0195206
0.0141286
-0.0287044
-0.0307622
-0.0306864
-0.0299274
-0.0295646
-0.0298534
-0.0308667
-0.0326709
-0.0353328
-0.0388751
-0.0431602
-0.0476869
-0.0513356
-0.0521968
-0.0477313
-0.0355148
-0.0148451
0.0103793
0.0292134
0.0308476
-0.0378931
-0.0394763
-0.0378149
-0.0355865
-0.0342405
-0.0339483
-0.0347121
-0.0365779
-0.0396176
-0.0438636
-0.049164
-0.0549444
-0.0599085
-0.0618114
-0.0575416
-0.0437598
-0.0184408
0.0158297
0.0479149
0.0631049
-0.0517069
-0.0510241
-0.0457698
-0.040916
-0.0379509
-0.0366682
-0.0368801
-0.0385415
-0.0416625
-0.0462097
-0.0519337
-0.058105
-0.0631968
-0.0646354
-0.0588457
-0.0418353
-0.0105876
0.0340185
0.0830517
0.119648
-0.0761636
-0.0668583
-0.0541113
-0.0450726
-0.0397769
-0.0371676
-0.0366867
-0.0380654
-0.0411401
-0.0457146
-0.051352
-0.0570858
-0.0610901
-0.0604086
-0.0509366
-0.0279126
0.0127955
0.0724776
0.146985
0.219613
-0.130104
-0.0870254
-0.0581081
-0.0436283
-0.0362896
-0.0328804
-0.0323095
-0.0339564
-0.0373701
-0.0421434
-0.0476489
-0.0527099
-0.0552589
-0.0520312
-0.0383895
-0.00838606
0.0447323
0.127599
0.246991
0.393653
-0.255205
-0.102668
-0.0425254
-0.0271223
-0.0220541
-0.0204669
-0.0216665
-0.0249706
-0.0297276
-0.0354415
-0.0414547
-0.0465686
-0.0487063
-0.044599
-0.0294875
0.00338716
0.0640462
0.169542
0.346998
0.617646
)
;

boundaryField
{
    movingWall
    {
        type            zeroGradient;
    }
    fixedWalls
    {
        type            zeroGradient;
    }
    frontAndBack
    {
        type            empty;
    }
}


// ************************************************************************* //
