/*--------------------------------*- C++ -*----------------------------------*\
  =========                 |
  \\      /  F ield         | OpenFOAM: The Open Source CFD Toolbox
   \\    /   O peration     | Website:  https://openfoam.org
    \\  /    A nd           | Version:  6
     \\/     M anipulation  |
\*---------------------------------------------------------------------------*/
FoamFile
{
    version     2.0;
    format      ascii;
    class       volVectorField;
    location    "0.215";
    object      U;
}
// * * * * * * * * * * * * * * * * * * * * * * * * * * * * * * * * * * * * * //

dimensions      [0 1 -1 0 0 0 0];

internalField   nonuniform List<vector> 
400
(
(7.6433e-05 -7.81913e-05 0)
(-0.00022211 0.000211851 0)
(-0.00130394 0.000468494 0)
(-0.00288221 0.000607952 0)
(-0.00467682 0.000656911 0)
(-0.00649777 0.000645577 0)
(-0.00821164 0.000592728 0)
(-0.00971561 0.000506358 0)
(-0.0109184 0.000387021 0)
(-0.0117289 0.000232544 0)
(-0.0120567 4.28865e-05 0)
(-0.0118224 -0.000175403 0)
(-0.0109792 -0.000405603 0)
(-0.00953883 -0.000619094 0)
(-0.00759931 -0.000776979 0)
(-0.00536103 -0.000836475 0)
(-0.00312069 -0.000761978 0)
(-0.00123764 -0.000537613 0)
(-7.87667e-05 -0.000187679 0)
(0.000137596 0.000128357 0)
(-0.000217508 0.000215958 0)
(-0.00157548 0.0015397 0)
(-0.00448887 0.00262738 0)
(-0.00835209 0.00324501 0)
(-0.0126319 0.00346283 0)
(-0.0169402 0.00338178 0)
(-0.0209697 0.00307545 0)
(-0.0244688 0.00258259 0)
(-0.0272175 0.00191584 0)
(-0.0290103 0.00107882 0)
(-0.029658 8.557e-05 0)
(-0.0290096 -0.00102126 0)
(-0.0269911 -0.00215632 0)
(-0.0236553 -0.00318611 0)
(-0.0192294 -0.00393831 0)
(-0.0141413 -0.00423119 0)
(-0.00899811 -0.00392305 0)
(-0.00450554 -0.00297059 0)
(-0.00137532 -0.00150339 0)
(-0.000118981 -4.46906e-05 0)
(-0.000517933 0.00134869 0)
(-0.00288602 0.00451782 0)
(-0.00739886 0.00692631 0)
(-0.013097 0.00829687 0)
(-0.0192656 0.00875811 0)
(-0.0254074 0.00850288 0)
(-0.0311152 0.00768476 0)
(-0.0360466 0.00639451 0)
(-0.0399008 0.00467329 0)
(-0.0424 0.00254614 0)
(-0.0432917 6.24534e-05 0)
(-0.0423753 -0.00266504 0)
(-0.0395513 -0.00543018 0)
(-0.0348847 -0.00792249 0)
(-0.0286694 -0.00974919 0)
(-0.0214677 -0.0105022 0)
(-0.0140853 -0.00987115 0)
(-0.00746592 -0.00777832 0)
(-0.00260682 -0.00451968 0)
(-0.000372501 -0.00099979 0)
(-0.000748396 0.00315766 0)
(-0.00396191 0.00882681 0)
(-0.009855 0.0128504 0)
(-0.0171071 0.0150795 0)
(-0.0248319 0.0157675 0)
(-0.0324586 0.0152294 0)
(-0.0395239 0.0137145 0)
(-0.045637 0.0113742 0)
(-0.0504503 0.00828287 0)
(-0.0536356 0.00449013 0)
(-0.0548837 8.51788e-05 0)
(-0.0539322 -0.00473887 0)
(-0.050622 -0.00963319 0)
(-0.0449777 -0.0140711 0)
(-0.0372987 -0.01738 0)
(-0.0282308 -0.018851 0)
(-0.0187597 -0.0179329 0)
(-0.0100986 -0.0144697 0)
(-0.00360114 -0.00891804 0)
(-0.000536231 -0.00254689 0)
(-0.000928371 0.00548724 0)
(-0.00485559 0.0142259 0)
(-0.011959 0.0201113 0)
(-0.0205848 0.0232632 0)
(-0.0296861 0.0241456 0)
(-0.0386365 0.0232392 0)
(-0.0469454 0.0209077 0)
(-0.0542025 0.0173669 0)
(-0.0600364 0.0127183 0)
(-0.0640788 0.00702365 0)
(-0.0659556 0.000396213 0)
(-0.0653111 -0.00690346 0)
(-0.0618704 -0.0143842 0)
(-0.0555424 -0.0212772 0)
(-0.0465557 -0.0265644 0)
(-0.0355914 -0.02913 0)
(-0.0238327 -0.028056 0)
(-0.0128633 -0.0230111 0)
(-0.00454686 -0.0145969 0)
(-0.000651813 -0.00453928 0)
(-0.00108278 0.00825491 0)
(-0.00565088 0.0205939 0)
(-0.0138692 0.0285933 0)
(-0.0237793 0.0327469 0)
(-0.0341869 0.0338154 0)
(-0.0444266 0.0324977 0)
(-0.0540042 0.0292953 0)
(-0.0625153 0.02449 0)
(-0.0695849 0.0181957 0)
(-0.074813 0.0104576 0)
(-0.0777483 0.00137527 0)
(-0.0779014 -0.00876267 0)
(-0.0748073 -0.019348 0)
(-0.0681547 -0.0293555 0)
(-0.0579852 -0.0373406 0)
(-0.0449316 -0.0416155 0)
(-0.0303811 -0.0406754 0)
(-0.0164336 -0.0338275 0)
(-0.00573001 -0.0217929 0)
(-0.000777057 -0.00698709 0)
(-0.00123124 0.0114281 0)
(-0.00642279 0.02788 0)
(-0.0157344 0.0382516 0)
(-0.0269138 0.0435032 0)
(-0.0386309 0.0447805 0)
(-0.0502003 0.0430592 0)
(-0.0611503 0.0390067 0)
(-0.0711118 0.0329714 0)
(-0.0797327 0.0250569 0)
(-0.0865974 0.0152474 0)
(-0.0911731 0.00356547 0)
(-0.0927983 -0.00974707 0)
(-0.0907326 -0.0240298 0)
(-0.0843056 -0.0380184 0)
(-0.0731968 -0.0497571 0)
(-0.0578286 -0.0567565 0)
(-0.0397348 -0.0565652 0)
(-0.0216861 -0.0477721 0)
(-0.00752067 -0.0311161 0)
(-0.000979893 -0.0100695 0)
(-0.0013884 0.0150115 0)
(-0.00723069 0.0360941 0)
(-0.0176721 0.0490992 0)
(-0.0301536 0.0555531 0)
(-0.043215 0.0570851 0)
(-0.0561733 0.0550163 0)
(-0.0686117 0.0502132 0)
(-0.0802337 0.0430933 0)
(-0.0907492 0.0337222 0)
(-0.0997597 0.0219653 0)
(-0.106667 0.00767673 0)
(-0.110616 -0.00906775 0)
(-0.110511 -0.0276808 0)
(-0.105162 -0.0467382 0)
(-0.0936489 -0.0637212 0)
(-0.0759113 -0.0750609 0)
(-0.0534337 -0.0768183 0)
(-0.0297341 -0.0662128 0)
(-0.0104177 -0.0436674 0)
(-0.00135398 -0.014179 0)
(-0.00156608 0.0190389 0)
(-0.00812169 0.0452957 0)
(-0.0197691 0.0611902 0)
(-0.0336008 0.0689383 0)
(-0.0480245 0.0707729 0)
(-0.062385 0.0684436 0)
(-0.0763577 0.0630591 0)
(-0.0897648 0.055113 0)
(-0.10243 0.0446065 0)
(-0.114026 0.0312195 0)
(-0.123936 0.0145223 0)
(-0.131128 -0.00574279 0)
(-0.134106 -0.0292629 0)
(-0.131023 -0.0546307 0)
(-0.120096 -0.0788031 0)
(-0.100405 -0.0968689 0)
(-0.0729733 -0.102695 0)
(-0.0418904 -0.0910444 0)
(-0.015105 -0.0611692 0)
(-0.00204509 -0.0200015 0)
(-0.00177813 0.0235688 0)
(-0.00914402 0.0555812 0)
(-0.0220987 0.0745939 0)
(-0.0373102 0.0836779 0)
(-0.0530417 0.0858251 0)
(-0.0686924 0.0833166 0)
(-0.0840699 0.0775574 0)
(-0.0991621 0.0691332 0)
(-0.113964 0.0579615 0)
(-0.128293 0.0434726 0)
(-0.141591 0.0248267 0)
(-0.152729 0.00122982 0)
(-0.159854 -0.0275533 0)
(-0.160422 -0.0604266 0)
(-0.151601 -0.0940185 0)
(-0.131205 -0.12196 0)
(-0.0991502 -0.135193 0)
(-0.0594232 -0.124469 0)
(-0.0224981 -0.0860439 0)
(-0.00329686 -0.0286382 0)
(-0.00204908 0.0286918 0)
(-0.0103717 0.0670837 0)
(-0.0247559 0.0893723 0)
(-0.0413224 0.0997207 0)
(-0.058169 0.102087 0)
(-0.0747789 0.0994092 0)
(-0.0911273 0.0934515 0)
(-0.107404 0.0849163 0)
(-0.123824 0.073632 0)
(-0.140419 0.0587345 0)
(-0.156804 0.0388643 0)
(-0.171906 0.0124913 0)
(-0.1837 -0.0214713 0)
(-0.189114 -0.0626305 0)
(-0.184309 -0.107691 0)
(-0.165571 -0.149039 0)
(-0.130918 -0.174264 0)
(-0.0829282 -0.168339 0)
(-0.0337156 -0.12131 0)
(-0.00552338 -0.0417866 0)
(-0.00243011 0.0345591 0)
(-0.0119458 0.0799919 0)
(-0.0279092 0.105562 0)
(-0.0457097 0.11689 0)
(-0.0632609 0.119181 0)
(-0.0801723 0.116176 0)
(-0.0966156 0.110055 0)
(-0.112996 0.101665 0)
(-0.129764 0.0907599 0)
(-0.147219 0.0761743 0)
(-0.165271 0.0559803 0)
(-0.18313 0.0277849 0)
(-0.198959 -0.0105979 0)
(-0.209606 -0.0598917 0)
(-0.21065 -0.117486 0)
(-0.196946 -0.175237 0)
(-0.163976 -0.217716 0)
(-0.111159 -0.22286 0)
(-0.0497627 -0.170016 0)
(-0.00937437 -0.0619581 0)
(-0.00302952 0.0414462 0)
(-0.0141428 0.0945939 0)
(-0.0318729 0.123152 0)
(-0.050622 0.134811 0)
(-0.0681404 0.136409 0)
(-0.0842498 0.132628 0)
(-0.0993515 0.126104 0)
(-0.114054 0.117839 0)
(-0.129025 0.107544 0)
(-0.144841 0.0938066 0)
(-0.161808 0.0741915 0)
(-0.179679 0.0454722 0)
(-0.197276 0.00428864 0)
(-0.21208 -0.0515109 0)
(-0.219918 -0.120726 0)
(-0.214874 -0.195935 0)
(-0.18982 -0.260194 0)
(-0.139492 -0.284704 0)
(-0.0705222 -0.233699 0)
(-0.0156388 -0.0925086 0)
(-0.00407358 0.0498859 0)
(-0.0174919 0.111348 0)
(-0.0371918 0.142033 0)
(-0.0562879 0.152796 0)
(-0.0725241 0.152618 0)
(-0.0861326 0.147227 0)
(-0.0978179 0.139678 0)
(-0.108382 0.131111 0)
(-0.118663 0.12123 0)
(-0.129486 0.108492 0)
(-0.141588 0.0901501 0)
(-0.155451 0.0623878 0)
(-0.170988 0.0208656 0)
(-0.187062 -0.0380526 0)
(-0.200837 -0.115207 0)
(-0.206882 -0.205487 0)
(-0.196372 -0.293132 0)
(-0.158963 -0.3454 0)
(-0.0928975 -0.309602 0)
(-0.0246945 -0.136956 0)
(-0.00602549 0.0609313 0)
(-0.0229634 0.130958 0)
(-0.0446862 0.161834 0)
(-0.0628184 0.169596 0)
(-0.0756232 0.165994 0)
(-0.0841763 0.157758 0)
(-0.0896528 0.148212 0)
(-0.093081 0.138541 0)
(-0.0954422 0.12846 0)
(-0.0977449 0.116436 0)
(-0.101094 0.0996948 0)
(-0.10669 0.074257 0)
(-0.115683 0.0352869 0)
(-0.128764 -0.0220005 0)
(-0.145385 -0.100688 0)
(-0.162216 -0.199357 0)
(-0.170816 -0.306812 0)
(-0.157207 -0.391827 0)
(-0.109136 -0.388162 0)
(-0.0352425 -0.19734 0)
(-0.00978898 0.0767255 0)
(-0.0321924 0.154369 0)
(-0.0551675 0.181479 0)
(-0.0692668 0.182904 0)
(-0.0747182 0.173674 0)
(-0.0742612 0.161142 0)
(-0.0698171 0.148546 0)
(-0.0627277 0.13692 0)
(-0.054107 0.125928 0)
(-0.0450529 0.114134 0)
(-0.0368609 0.0990042 0)
(-0.0312048 0.0768577 0)
(-0.0301952 0.043017 0)
(-0.0362029 -0.00770266 0)
(-0.0512575 -0.0800703 0)
(-0.0754496 -0.176746 0)
(-0.103571 -0.294017 0)
(-0.121592 -0.409502 0)
(-0.107383 -0.453352 0)
(-0.0425264 -0.272156 0)
(-0.0169097 0.101906 0)
(-0.0472253 0.182171 0)
(-0.0673484 0.197657 0)
(-0.0698666 0.187862 0)
(-0.0605399 0.17062 0)
(-0.0448788 0.152748 0)
(-0.0256832 0.136687 0)
(-0.00455148 0.122939 0)
(0.0174006 0.110937 0)
(0.0391856 0.099325 0)
(0.0596028 0.0859523 0)
(0.0769133 0.0677856 0)
(0.0885961 0.0409094 0)
(0.0912722 0.000678512 0)
(0.0809266 -0.0580612 0)
(0.0538941 -0.140805 0)
(0.00981112 -0.252116 0)
(-0.0424729 -0.385629 0)
(-0.0748817 -0.484072 0)
(-0.037136 -0.352233 0)
(-0.0287519 0.146052 0)
(-0.0664105 0.210286 0)
(-0.0666939 0.198038 0)
(-0.0400475 0.17197 0)
(-0.00373275 0.146743 0)
(0.0348531 0.125058 0)
(0.0732356 0.107385 0)
(0.110359 0.0932825 0)
(0.145687 0.0817825 0)
(0.178797 0.0715747 0)
(0.208984 0.0609703 0)
(0.234878 0.0477866 0)
(0.254109 0.0292741 0)
(0.263051 0.00209927 0)
(0.256705 -0.0377965 0)
(0.228922 -0.0960864 0)
(0.173448 -0.182599 0)
(0.0887788 -0.309904 0)
(0.00130032 -0.451667 0)
(-0.00392645 -0.407529 0)
(-0.0313868 0.215034 0)
(-0.0466904 0.214763 0)
(0.0229328 0.15767 0)
(0.102857 0.120194 0)
(0.173447 0.0946 0)
(0.234566 0.0754576 0)
(0.288018 0.0611196 0)
(0.335018 0.050486 0)
(0.376518 0.0424209 0)
(0.413191 0.0358208 0)
(0.44517 0.0295663 0)
(0.471755 0.0224061 0)
(0.49114 0.0128775 0)
(0.50012 -0.000736616 0)
(0.49374 -0.0205485 0)
(0.464936 -0.0498278 0)
(0.403582 -0.0965127 0)
(0.295684 -0.183301 0)
(0.150924 -0.323734 0)
(0.0901773 -0.368159 0)
(0.260677 0.132051 0)
(0.320956 0.116894 0)
(0.441125 0.0784823 0)
(0.541035 0.0536361 0)
(0.610269 0.0381031 0)
(0.660411 0.0276006 0)
(0.699201 0.02034 0)
(0.730244 0.0153423 0)
(0.75558 0.0118616 0)
(0.776506 0.00930661 0)
(0.793621 0.00718862 0)
(0.806761 0.00505789 0)
(0.814922 0.00246062 0)
(0.816167 -0.00108227 0)
(0.807367 -0.00610989 0)
(0.783808 -0.0134383 0)
(0.736921 -0.0251159 0)
(0.651364 -0.0478982 0)
(0.489755 -0.103196 0)
(0.357838 -0.149595 0)
)
;

boundaryField
{
    movingWall
    {
        type            fixedValue;
        value           uniform (1 0 0);
    }
    fixedWalls
    {
        type            noSlip;
    }
    frontAndBack
    {
        type            empty;
    }
}


// ************************************************************************* //
