/*--------------------------------*- C++ -*----------------------------------*\
  =========                 |
  \\      /  F ield         | OpenFOAM: The Open Source CFD Toolbox
   \\    /   O peration     | Website:  https://openfoam.org
    \\  /    A nd           | Version:  6
     \\/     M anipulation  |
\*---------------------------------------------------------------------------*/
FoamFile
{
    version     2.0;
    format      ascii;
    class       volVectorField;
    location    "0.245";
    object      U;
}
// * * * * * * * * * * * * * * * * * * * * * * * * * * * * * * * * * * * * * //

dimensions      [0 1 -1 0 0 0 0];

internalField   nonuniform List<vector> 
400
(
(8.48342e-05 -8.68094e-05 0)
(-0.000205007 0.000206758 0)
(-0.00129872 0.000472372 0)
(-0.00291384 0.000620959 0)
(-0.00476835 0.000677827 0)
(-0.00666736 0.000672437 0)
(-0.00847026 0.000622785 0)
(-0.0100646 0.000535887 0)
(-0.0113466 0.000411224 0)
(-0.0122112 0.000245876 0)
(-0.0125531 4.00793e-05 0)
(-0.012282 -0.000197606 0)
(-0.0113482 -0.000446355 0)
(-0.00977355 -0.000671859 0)
(-0.00768045 -0.000829614 0)
(-0.00530492 -0.000873976 0)
(-0.00298049 -0.000771936 0)
(-0.00108918 -0.000517141 0)
(1.32631e-05 -0.000149745 0)
(0.000163506 0.000152862 0)
(-0.000213438 0.000198589 0)
(-0.00158847 0.00154902 0)
(-0.00457274 0.00268099 0)
(-0.00856288 0.00334338 0)
(-0.0130203 0.00359968 0)
(-0.017545 0.00354577 0)
(-0.0218115 0.00325037 0)
(-0.0255437 0.0027474 0)
(-0.0284916 0.00204529 0)
(-0.0304171 0.0011459 0)
(-0.0311001 6.66026e-05 0)
(-0.0303678 -0.00113898 0)
(-0.0281423 -0.00236612 0)
(-0.0244984 -0.00345626 0)
(-0.0197137 -0.00421344 0)
(-0.0142882 -0.0044445 0)
(-0.00890413 -0.00401923 0)
(-0.00431763 -0.00293381 0)
(-0.00123172 -0.0013804 0)
(-7.26063e-05 4.8634e-05 0)
(-0.000527181 0.00134871 0)
(-0.00296185 0.00460393 0)
(-0.00763216 0.00712327 0)
(-0.0135677 0.0086024 0)
(-0.0200415 0.00915525 0)
(-0.0265392 0.00896146 0)
(-0.0326269 0.00816191 0)
(-0.0379269 0.00683569 0)
(-0.0420966 0.00501515 0)
(-0.0448123 0.00272321 0)
(-0.0457783 1.92786e-05 0)
(-0.0447623 -0.00295694 0)
(-0.0416557 -0.00595422 0)
(-0.0365478 -0.00860507 0)
(-0.0297951 -0.0104629 0)
(-0.022055 -0.0110921 0)
(-0.0142404 -0.0102045 0)
(-0.00737866 -0.00780629 0)
(-0.00248024 -0.00432682 0)
(-0.000322668 -0.000819128 0)
(-0.000774628 0.00321498 0)
(-0.00411609 0.00907284 0)
(-0.0102695 0.0133004 0)
(-0.0178834 0.0157203 0)
(-0.026051 0.0165658 0)
(-0.0341799 0.0161297 0)
(-0.0417756 0.014639 0)
(-0.0484053 0.0122252 0)
(-0.0536712 0.0089476 0)
(-0.0571888 0.00485257 0)
(-0.0585926 4.60761e-05 0)
(-0.0575736 -0.00523406 0)
(-0.0539486 -0.010564 0)
(-0.0477557 -0.0153199 0)
(-0.0393569 -0.0187332 0)
(-0.029511 -0.0200376 0)
(-0.019349 -0.0187053 0)
(-0.010218 -0.0147104 0)
(-0.00353072 -0.00873105 0)
(-0.000488913 -0.00229255 0)
(-0.000972155 0.00564705 0)
(-0.00509068 0.0147239 0)
(-0.0125598 0.0209318 0)
(-0.0216739 0.0243726 0)
(-0.0313577 0.0254891 0)
(-0.040962 0.0247325 0)
(-0.049964 0.0224348 0)
(-0.0579096 0.0187815 0)
(-0.0643724 0.0138506 0)
(-0.0689188 0.00769536 0)
(-0.0711023 0.000448378 0)
(-0.0704969 -0.00757119 0)
(-0.0667746 -0.0157674 0)
(-0.0598293 -0.0232276 0)
(-0.049936 -0.028779 0)
(-0.0378999 -0.0311932 0)
(-0.0250968 -0.0295531 0)
(-0.0133207 -0.0236956 0)
(-0.00457541 -0.0145496 0)
(-0.000611331 -0.00424449 0)
(-0.00114188 0.00856037 0)
(-0.00595678 0.0214319 0)
(-0.0146341 0.0298972 0)
(-0.0251465 0.0344547 0)
(-0.0362673 0.0358489 0)
(-0.0473113 0.0347444 0)
(-0.0577561 0.0316018 0)
(-0.0671567 0.0266606 0)
(-0.0750831 0.019998 0)
(-0.0810618 0.0116384 0)
(-0.0845495 0.00169302 0)
(-0.0849528 -0.00948701 0)
(-0.0817068 -0.0211645 0)
(-0.0744339 -0.0321182 0)
(-0.0631846 -0.0406674 0)
(-0.0487138 -0.0449182 0)
(-0.0326534 -0.0433003 0)
(-0.0174196 -0.0353024 0)
(-0.00592443 -0.0220973 0)
(-0.000752069 -0.0067089 0)
(-0.00130073 0.0119135 0)
(-0.00677724 0.0291283 0)
(-0.0166139 0.0401317 0)
(-0.0284816 0.0459219 0)
(-0.0410198 0.0476385 0)
(-0.0535308 0.0462218 0)
(-0.0655244 0.0422892 0)
(-0.0766001 0.036133 0)
(-0.0863553 0.0278001 0)
(-0.0942949 0.0172303 0)
(-0.0997721 0.00443405 0)
(-0.101978 -0.0102974 0)
(-0.100008 -0.026163 0)
(-0.0930525 -0.041648 0)
(-0.0807388 -0.0544541 0)
(-0.0635884 -0.0617407 0)
(-0.0434231 -0.0608567 0)
(-0.0234541 -0.0505349 0)
(-0.00797969 -0.032097 0)
(-0.000986362 -0.009905 0)
(-0.00146083 0.0156962 0)
(-0.00759985 0.0377927 0)
(-0.0185909 0.051613 0)
(-0.031802 0.0587617 0)
(-0.0457513 0.0608763 0)
(-0.0597559 0.0592438 0)
(-0.0733945 0.0546732 0)
(-0.0863537 0.0475092 0)
(-0.0983018 0.0377331 0)
(-0.108758 0.0251266 0)
(-0.116987 0.00948752 0)
(-0.121938 -0.00909575 0)
(-0.122281 -0.0299012 0)
(-0.116602 -0.0512026 0)
(-0.103853 -0.0700096 0)
(-0.084028 -0.0822029 0)
(-0.058909 -0.0834275 0)
(-0.0325572 -0.0709203 0)
(-0.0112651 -0.0457885 0)
(-0.00141599 -0.0142821 0)
(-0.00163149 0.0199205 0)
(-0.00846066 0.0474416 0)
(-0.0206262 0.064344 0)
(-0.0351662 0.0729637 0)
(-0.0504808 0.0755576 0)
(-0.0659289 0.0738443 0)
(-0.0811981 0.0688691 0)
(-0.0961102 0.0610332 0)
(-0.110459 0.0502165 0)
(-0.123834 0.0359602 0)
(-0.135462 0.0177107 0)
(-0.144074 -0.00483712 0)
(-0.147881 -0.0312594 0)
(-0.144746 -0.0597989 0)
(-0.132695 -0.0867995 0)
(-0.110805 -0.106569 0)
(-0.0803479 -0.112273 0)
(-0.0459602 -0.0984495 0)
(-0.0164696 -0.0650263 0)
(-0.00219562 -0.0205932 0)
(-0.00182428 0.0246176 0)
(-0.00939799 0.0581167 0)
(-0.0227705 0.0783268 0)
(-0.0385871 0.088473 0)
(-0.0551205 0.0915842 0)
(-0.0717962 0.089915 0)
(-0.0884471 0.0848011 0)
(-0.105075 0.0767141 0)
(-0.121654 0.0654049 0)
(-0.137921 0.0500951 0)
(-0.153151 0.0297373 0)
(-0.16596 0.00341571 0)
(-0.174186 -0.0290224 0)
(-0.174986 -0.0660829 0)
(-0.165331 -0.103647 0)
(-0.142985 -0.134353 0)
(-0.107984 -0.148158 0)
(-0.0646945 -0.13524 0)
(-0.0244818 -0.0922975 0)
(-0.00358054 -0.0300081 0)
(-0.0020623 0.0298456 0)
(-0.0104797 0.0698867 0)
(-0.0251032 0.0935405 0)
(-0.0420738 0.10514 0)
(-0.0595144 0.108685 0)
(-0.0769384 0.107091 0)
(-0.0943515 0.102045 0)
(-0.111963 0.0941128 0)
(-0.129973 0.0829062 0)
(-0.148336 0.0672764 0)
(-0.166512 0.0455711 0)
(-0.183194 0.0160734 0)
(-0.196101 -0.0222322 0)
(-0.201944 -0.0684986 0)
(-0.196762 -0.118582 0)
(-0.176784 -0.163761 0)
(-0.139968 -0.190468 0)
(-0.0889189 -0.182745 0)
(-0.0363291 -0.13053 0)
(-0.00599536 -0.0442804 0)
(-0.00239728 0.0357208 0)
(-0.0118488 0.0828715 0)
(-0.0277956 0.10993 0)
(-0.0456961 0.122672 0)
(-0.0634983 0.126335 0)
(-0.0808352 0.124634 0)
(-0.0979029 0.119671 0)
(-0.115122 0.11213 0)
(-0.132932 0.101501 0)
(-0.151568 0.0862685 0)
(-0.170821 0.0641494 0)
(-0.189745 0.0325357 0)
(-0.206365 -0.010659 0)
(-0.217477 -0.0656384 0)
(-0.218686 -0.128905 0)
(-0.204836 -0.191248 0)
(-0.171189 -0.236137 0)
(-0.116766 -0.240366 0)
(-0.0527824 -0.182396 0)
(-0.0100733 -0.0659261 0)
(-0.00294206 0.0424878 0)
(-0.0137999 0.0972986 0)
(-0.0311978 0.127399 0)
(-0.0496562 0.140577 0)
(-0.0669606 0.143676 0)
(-0.0829402 0.141349 0)
(-0.098008 0.136146 0)
(-0.112783 0.128891 0)
(-0.127925 0.118998 0)
(-0.143983 0.104668 0)
(-0.161208 0.0830894 0)
(-0.179308 0.0508462 0)
(-0.197124 0.00474886 0)
(-0.212261 -0.0567667 0)
(-0.220739 -0.131645 0)
(-0.216724 -0.2116 0)
(-0.192812 -0.278893 0)
(-0.143047 -0.303689 0)
(-0.0732989 -0.248633 0)
(-0.0165137 -0.0981549 0)
(-0.00393383 0.0506637 0)
(-0.0169042 0.113594 0)
(-0.0359421 0.145783 0)
(-0.0543207 0.158081 0)
(-0.0698149 0.159434 0)
(-0.082648 0.155531 0)
(-0.0935276 0.149344 0)
(-0.103267 0.141831 0)
(-0.112722 0.132389 0)
(-0.122737 0.11909 0)
(-0.134086 0.0988354 0)
(-0.147319 0.0676844 0)
(-0.162484 0.0215575 0)
(-0.178681 -0.0425364 0)
(-0.193366 -0.124649 0)
(-0.201297 -0.219084 0)
(-0.193468 -0.309759 0)
(-0.158814 -0.363357 0)
(-0.0943689 -0.32538 0)
(-0.0255189 -0.144076 0)
(-0.00585557 0.0613186 0)
(-0.022206 0.132486 0)
(-0.0430009 0.164725 0)
(-0.0600476 0.17393 0)
(-0.0716356 0.171772 0)
(-0.0788256 0.164937 0)
(-0.0827992 0.156672 0)
(-0.0846115 0.147993 0)
(-0.0852945 0.13833 0)
(-0.0859422 0.125796 0)
(-0.0877822 0.107318 0)
(-0.0921736 0.0788536 0)
(-0.100451 0.0358896 0)
(-0.113534 -0.0256818 0)
(-0.131137 -0.1082 0)
(-0.150161 -0.209858 0)
(-0.162179 -0.319591 0)
(-0.152742 -0.406268 0)
(-0.108352 -0.402298 0)
(-0.0356329 -0.205081 0)
(-0.00963899 0.0766696 0)
(-0.0314442 0.155039 0)
(-0.0533989 0.183272 0)
(-0.0662381 0.185944 0)
(-0.0702118 0.177967 0)
(-0.0680495 0.166651 0)
(-0.0616903 0.155168 0)
(-0.052518 0.144411 0)
(-0.0417293 0.133803 0)
(-0.0305612 0.121612 0)
(-0.0205032 0.105055 0)
(-0.0134487 0.0804183 0)
(-0.0117069 0.0433361 0)
(-0.0177963 -0.0107293 0)
(-0.03386 -0.0858174 0)
(-0.0601229 -0.184219 0)
(-0.0915204 -0.302549 0)
(-0.113936 -0.419126 0)
(-0.10433 -0.463683 0)
(-0.0421769 -0.279078 0)
(-0.016854 0.101504 0)
(-0.0467615 0.182079 0)
(-0.0660531 0.198376 0)
(-0.0674599 0.189548 0)
(-0.0567476 0.173293 0)
(-0.0394227 0.156384 0)
(-0.018308 0.141212 0)
(0.00495258 0.128171 0)
(0.0291511 0.116516 0)
(0.0531369 0.104665 0)
(0.0754776 0.090276 0)
(0.0941723 0.0702778 0)
(0.10648 0.0409844 0)
(0.108915 -0.00172986 0)
(0.0974869 -0.0623598 0)
(0.0686015 -0.145946 0)
(0.0218469 -0.257243 0)
(-0.0340964 -0.390809 0)
(-0.0707485 -0.489861 0)
(-0.0361579 -0.356915 0)
(-0.0288457 0.145568 0)
(-0.0664667 0.209785 0)
(-0.0663785 0.197991 0)
(-0.0390867 0.172549 0)
(-0.00181726 0.147988 0)
(0.0380383 0.126964 0)
(0.0779854 0.109907 0)
(0.11693 0.0963052 0)
(0.154253 0.0850772 0)
(0.189377 0.0747699 0)
(0.221367 0.0635677 0)
(0.248583 0.0492502 0)
(0.268408 0.0291962 0)
(0.277084 0.000399597 0)
(0.269655 -0.0407321 0)
(0.240178 -0.0994438 0)
(0.182608 -0.185495 0)
(0.0953542 -0.312129 0)
(0.00481728 -0.453879 0)
(-0.002884 -0.40957 0)
(-0.0315627 0.214698 0)
(-0.0471186 0.214242 0)
(0.0224069 0.157304 0)
(0.102436 0.120124 0)
(0.173431 0.094867 0)
(0.235277 0.076067 0)
(0.289761 0.0620499 0)
(0.338064 0.0516784 0)
(0.381066 0.043763 0)
(0.41931 0.0371335 0)
(0.452733 0.0306102 0)
(0.4804 0.0229208 0)
(0.50027 0.0126589 0)
(0.508999 -0.00173893 0)
(0.501648 -0.0221569 0)
(0.471369 -0.0516338 0)
(0.408398 -0.0979793 0)
(0.298941 -0.184133 0)
(0.152622 -0.324225 0)
(0.0907078 -0.368541 0)
(0.260592 0.131958 0)
(0.320671 0.116705 0)
(0.440613 0.0782953 0)
(0.540382 0.0535052 0)
(0.609663 0.0380534 0)
(0.660067 0.0276408 0)
(0.69932 0.0204678 0)
(0.730994 0.015543 0)
(0.757071 0.0121063 0)
(0.778761 0.00954924 0)
(0.796537 0.00736772 0)
(0.810096 0.00510639 0)
(0.818306 0.00232557 0)
(0.819169 -0.00141443 0)
(0.809608 -0.0065933 0)
(0.785099 -0.0139699 0)
(0.737363 -0.0255612 0)
(0.651308 -0.0481726 0)
(0.48958 -0.103335 0)
(0.357782 -0.14961 0)
)
;

boundaryField
{
    movingWall
    {
        type            fixedValue;
        value           uniform (1 0 0);
    }
    fixedWalls
    {
        type            noSlip;
    }
    frontAndBack
    {
        type            empty;
    }
}


// ************************************************************************* //
