/*--------------------------------*- C++ -*----------------------------------*\
  =========                 |
  \\      /  F ield         | OpenFOAM: The Open Source CFD Toolbox
   \\    /   O peration     | Website:  https://openfoam.org
    \\  /    A nd           | Version:  6
     \\/     M anipulation  |
\*---------------------------------------------------------------------------*/
FoamFile
{
    version     2.0;
    format      ascii;
    class       volVectorField;
    location    "0.035";
    object      U;
}
// * * * * * * * * * * * * * * * * * * * * * * * * * * * * * * * * * * * * * //

dimensions      [0 1 -1 0 0 0 0];

internalField   nonuniform List<vector> 
400
(
(0.000255796 -0.000252004 0)
(0.000157015 0.000107354 0)
(-0.00114585 0.000565356 0)
(-0.00345105 0.000892986 0)
(-0.00636415 0.00105862 0)
(-0.00947879 0.00107447 0)
(-0.0124289 0.000965219 0)
(-0.0149124 0.000759397 0)
(-0.0167006 0.000485302 0)
(-0.0176397 0.000170015 0)
(-0.0176507 -0.000160139 0)
(-0.0167297 -0.000478683 0)
(-0.0149491 -0.000758099 0)
(-0.0124599 -0.000969299 0)
(-0.00949351 -0.00108183 0)
(-0.00635897 -0.00106572 0)
(-0.00343127 -0.000896326 0)
(-0.00112346 -0.000563348 0)
(0.000170709 -0.000102046 0)
(0.000259402 0.000255064 0)
(-6.89194e-05 -0.000186259 0)
(-0.00157236 0.00161698 0)
(-0.00562332 0.00360806 0)
(-0.0116502 0.00505388 0)
(-0.0188527 0.00578139 0)
(-0.0264003 0.00579785 0)
(-0.033496 0.00518919 0)
(-0.0394528 0.00407883 0)
(-0.0437366 0.00260435 0)
(-0.0459828 0.000907446 0)
(-0.0460036 -0.000868705 0)
(-0.0437916 -0.00257892 0)
(-0.0395225 -0.00407514 0)
(-0.0335557 -0.00520743 0)
(-0.0264298 -0.00582945 0)
(-0.0188446 -0.00581195 0)
(-0.0116131 -0.00506912 0)
(-0.00557903 -0.00360136 0)
(-0.00154299 -0.00159567 0)
(-6.02323e-05 0.000200799 0)
(-0.000514371 0.00104171 0)
(-0.00365366 0.00566455 0)
(-0.0104938 0.0101953 0)
(-0.0199033 0.01344 0)
(-0.0307183 0.0150187 0)
(-0.0418265 0.0149089 0)
(-0.0521555 0.0132822 0)
(-0.0607718 0.0104169 0)
(-0.0669454 0.00664187 0)
(-0.0701761 0.00230798 0)
(-0.070206 -0.002224 0)
(-0.0670252 -0.00658694 0)
(-0.0608755 -0.0104096 0)
(-0.0522497 -0.0133233 0)
(-0.0418824 -0.0149801 0)
(-0.0307225 -0.0150889 0)
(-0.0198642 -0.0134777 0)
(-0.0104385 -0.0101847 0)
(-0.00361341 -0.0056188 0)
(-0.000501534 -0.00100623 0)
(-0.000908897 0.00338663 0)
(-0.00562229 0.0121002 0)
(-0.0152033 0.0198819 0)
(-0.0278492 0.025263 0)
(-0.0419882 0.0277249 0)
(-0.0562533 0.0272542 0)
(-0.0693618 0.0241457 0)
(-0.0802115 0.0188755 0)
(-0.0879484 0.0120129 0)
(-0.0919903 0.00417034 0)
(-0.0920369 -0.0040193 0)
(-0.0880753 -0.0119116 0)
(-0.0803835 -0.0188565 0)
(-0.0695321 -0.024212 0)
(-0.0563786 -0.0273768 0)
(-0.0420431 -0.0278518 0)
(-0.0278362 -0.0253391 0)
(-0.0151526 -0.0198757 0)
(-0.00557635 -0.0120281 0)
(-0.000892411 -0.00332338 0)
(-0.00125725 0.00673498 0)
(-0.00747248 0.0207942 0)
(-0.019748 0.0324894 0)
(-0.0355653 0.04024 0)
(-0.0528995 0.0435073 0)
(-0.0701214 0.042372 0)
(-0.0857652 0.0373159 0)
(-0.0986066 0.0290621 0)
(-0.107717 0.0184586 0)
(-0.112472 0.00641079 0)
(-0.112549 -0.00614963 0)
(-0.107932 -0.0182755 0)
(-0.0989096 -0.0290099 0)
(-0.0860873 -0.0374038 0)
(-0.070394 -0.0425601 0)
(-0.0530742 -0.043718 0)
(-0.0356302 -0.0403858 0)
(-0.0197322 -0.0325121 0)
(-0.00743198 -0.0207053 0)
(-0.00123869 -0.00664096 0)
(-0.00158918 0.0110278 0)
(-0.00929078 0.0317143 0)
(-0.0242686 0.0480162 0)
(-0.0432513 0.0583543 0)
(-0.0637216 0.0623005 0)
(-0.0837761 0.0601456 0)
(-0.101785 0.0526479 0)
(-0.11644 0.0408398 0)
(-0.126781 0.0258867 0)
(-0.132178 0.00900733 0)
(-0.132307 -0.00855914 0)
(-0.127142 -0.025557 0)
(-0.116961 -0.040712 0)
(-0.102366 -0.0527443 0)
(-0.0843085 -0.0604169 0)
(-0.0641194 -0.0626376 0)
(-0.0434747 -0.0586243 0)
(-0.0243375 -0.0481174 0)
(-0.00927587 -0.0316378 0)
(-0.00157207 -0.0109074 0)
(-0.00193437 0.0162684 0)
(-0.0111767 0.0448961 0)
(-0.0289323 0.0665025 0)
(-0.0511116 0.0796069 0)
(-0.0746628 0.0840416 0)
(-0.0974068 0.0804518 0)
(-0.11758 0.0699866 0)
(-0.133838 0.0540626 0)
(-0.145242 0.0342002 0)
(-0.151197 0.011939 0)
(-0.1514 -0.0111841 0)
(-0.145815 -0.0336208 0)
(-0.134682 -0.0537881 0)
(-0.118551 -0.0700631 0)
(-0.0983424 -0.0808247 0)
(-0.07542 -0.084565 0)
(-0.0516043 -0.0800861 0)
(-0.0291577 -0.0667674 0)
(-0.0112184 -0.0448911 0)
(-0.00192482 -0.016139 0)
(-0.00232067 0.0225188 0)
(-0.0132268 0.0604486 0)
(-0.033894 0.088024 0)
(-0.0592997 0.103982 0)
(-0.08581 0.108605 0)
(-0.110988 0.103079 0)
(-0.132993 0.0890839 0)
(-0.150522 0.0685048 0)
(-0.162728 0.0432488 0)
(-0.169108 0.0151676 0)
(-0.169408 -0.0139392 0)
(-0.163582 -0.0422735 0)
(-0.151799 -0.0679767 0)
(-0.134497 -0.0890893 0)
(-0.112489 -0.103567 0)
(-0.0870883 -0.10939 0)
(-0.0601998 -0.10479 0)
(-0.0343701 -0.0885827 0)
(-0.0133682 -0.0606152 0)
(-0.00232782 -0.0224169 0)
(-0.00277716 0.0298952 0)
(-0.0155365 0.078549 0)
(-0.0392847 0.11267 0)
(-0.0678876 0.131398 0)
(-0.0970783 0.135735 0)
(-0.124215 0.127647 0)
(-0.147485 0.109519 0)
(-0.165738 0.0837945 0)
(-0.178324 0.0527852 0)
(-0.184906 0.0186192 0)
(-0.18532 -0.0167077 0)
(-0.179511 -0.0512255 0)
(-0.167537 -0.0828677 0)
(-0.149648 -0.109372 0)
(-0.126437 -0.12825 0)
(-0.0990462 -0.136866 0)
(-0.0693501 -0.132687 0)
(-0.0401243 -0.113704 0)
(-0.0158329 -0.079039 0)
(-0.00281366 -0.0298838 0)
(-0.0033419 0.0385726 0)
(-0.0182167 0.0994314 0)
(-0.0452171 0.140495 0)
(-0.0768422 0.161623 0)
(-0.108154 0.164929 0)
(-0.136422 0.153489 0)
(-0.160028 0.130594 0)
(-0.178145 0.0993316 0)
(-0.190459 0.06241 0)
(-0.196893 0.0221613 0)
(-0.197424 -0.0193315 0)
(-0.191991 -0.0600481 0)
(-0.180501 -0.0978264 0)
(-0.162919 -0.130179 0)
(-0.139473 -0.154178 0)
(-0.110953 -0.166482 0)
(-0.079017 -0.163567 0)
(-0.0465423 -0.142235 0)
(-0.0187338 -0.100455 0)
(-0.0034243 -0.038748 0)
(-0.0040761 0.0488036 0)
(-0.0214219 0.123377 0)
(-0.0517953 0.171446 0)
(-0.0859879 0.194144 0)
(-0.118407 0.195294 0)
(-0.146452 0.179508 0)
(-0.168965 0.151213 0)
(-0.185674 0.1142 0)
(-0.196767 0.0715173 0)
(-0.202541 0.0255781 0)
(-0.203167 -0.0216055 0)
(-0.198588 -0.0681348 0)
(-0.188516 -0.111917 0)
(-0.172533 -0.150375 0)
(-0.15033 -0.180211 0)
(-0.122095 -0.197312 0)
(-0.0889812 -0.196915 0)
(-0.0537188 -0.174158 0)
(-0.022232 -0.125203 0)
(-0.0042251 -0.0493017 0)
(-0.00508925 0.0609669 0)
(-0.0253939 0.150703 0)
(-0.0591117 0.205243 0)
(-0.0949191 0.227982 0)
(-0.126725 0.225342 0)
(-0.152461 0.20401 0)
(-0.171813 0.169763 0)
(-0.185345 0.12709 0)
(-0.193936 0.0792494 0)
(-0.198353 0.028549 0)
(-0.199015 -0.0232797 0)
(-0.195881 -0.0746778 0)
(-0.188442 -0.123845 0)
(-0.175811 -0.16832 0)
(-0.156967 -0.204589 0)
(-0.131197 -0.227792 0)
(-0.0987305 -0.231701 0)
(-0.0617023 -0.209194 0)
(-0.0265666 -0.153648 0)
(-0.00532965 -0.0619668 0)
(-0.00658356 0.0756634 0)
(-0.0305169 0.181735 0)
(-0.0671871 0.241172 0)
(-0.102791 0.261403 0)
(-0.131216 0.252729 0)
(-0.151597 0.224517 0)
(-0.164974 0.18401 0)
(-0.173055 0.136256 0)
(-0.177548 0.0844838 0)
(-0.17975 0.0306396 0)
(-0.180344 -0.0240719 0)
(-0.179321 -0.0786775 0)
(-0.175963 -0.13193 0)
(-0.16889 -0.181774 0)
(-0.156239 -0.224758 0)
(-0.136096 -0.255455 0)
(-0.107222 -0.266063 0)
(-0.0704132 -0.246559 0)
(-0.0321016 -0.186126 0)
(-0.00694334 -0.0773875 0)
(-0.00892388 0.093882 0)
(-0.0373549 0.216683 0)
(-0.0757449 0.277682 0)
(-0.107846 0.291474 0)
(-0.128637 0.273941 0)
(-0.139486 0.237623 0)
(-0.143368 0.191089 0)
(-0.14335 0.13957 0)
(-0.141986 0.0858895 0)
(-0.141041 0.0313226 0)
(-0.141421 -0.0236995 0)
(-0.143161 -0.0790151 0)
(-0.145409 -0.134192 0)
(-0.146383 -0.187922 0)
(-0.143408 -0.237248 0)
(-0.133174 -0.276615 0)
(-0.112379 -0.29685 0)
(-0.079384 -0.284519 0)
(-0.0393464 -0.222785 0)
(-0.00943034 -0.0965852 0)
(-0.0127023 0.117224 0)
(-0.0465196 0.255254 0)
(-0.0835276 0.311644 0)
(-0.106382 0.313462 0)
(-0.113383 0.284022 0)
(-0.109466 0.239024 0)
(-0.099971 0.187698 0)
(-0.0892559 0.134762 0)
(-0.0804632 0.0821157 0)
(-0.075577 0.0300546 0)
(-0.0755799 -0.021936 0)
(-0.0805576 -0.0746332 0)
(-0.0896779 -0.128599 0)
(-0.101041 -0.183603 0)
(-0.111468 -0.237749 0)
(-0.11639 -0.286142 0)
(-0.110059 -0.319014 0)
(-0.0870313 -0.319611 0)
(-0.0487849 -0.263132 0)
(-0.0133671 -0.121157 0)
(-0.0185845 0.148225 0)
(-0.0578154 0.295649 0)
(-0.0864382 0.337035 0)
(-0.0906448 0.320104 0)
(-0.0758022 0.276556 0)
(-0.0515607 0.223951 0)
(-0.0254041 0.170705 0)
(-0.00231306 0.119971 0)
(0.0146528 0.0721744 0)
(0.0237833 0.0264362 0)
(0.0242777 -0.0186959 0)
(0.0160174 -0.0648615 0)
(-0.000424075 -0.113599 0)
(-0.0235268 -0.165941 0)
(-0.0503316 -0.221625 0)
(-0.0757789 -0.277542 0)
(-0.0920255 -0.324962 0)
(-0.0887693 -0.345311 0)
(-0.0599437 -0.304961 0)
(-0.0193521 -0.153558 0)
(-0.0261501 0.1911 0)
(-0.067231 0.332191 0)
(-0.0730932 0.342484 0)
(-0.0448905 0.300731 0)
(0.000255756 0.244112 0)
(0.0485663 0.188211 0)
(0.092141 0.138227 0)
(0.126923 0.0946146 0)
(0.151044 0.0560006 0)
(0.163742 0.0204457 0)
(0.164722 -0.0141304 0)
(0.153871 -0.0498571 0)
(0.131249 -0.0889097 0)
(0.0973682 -0.133418 0)
(0.0538526 -0.185028 0)
(0.00461614 -0.243565 0)
(-0.0423268 -0.303877 0)
(-0.0726845 -0.349721 0)
(-0.0682937 -0.341936 0)
(-0.0267574 -0.197766 0)
(-0.0286881 0.248929 0)
(-0.0581899 0.348481 0)
(-0.0154187 0.308196 0)
(0.0610315 0.242099 0)
(0.140307 0.180793 0)
(0.210045 0.130844 0)
(0.266072 0.0917134 0)
(0.30755 0.0607634 0)
(0.334982 0.0352304 0)
(0.349101 0.012743 0)
(0.350333 -0.00875003 0)
(0.338618 -0.0312039 0)
(0.313381 -0.0567322 0)
(0.273685 -0.0878507 0)
(0.218727 -0.127582 0)
(0.148997 -0.178962 0)
(0.0683961 -0.242941 0)
(-0.0107207 -0.312892 0)
(-0.0566205 -0.356727 0)
(-0.0283694 -0.25603 0)
(0.0132476 0.287615 0)
(0.0288514 0.301522 0)
(0.151493 0.213629 0)
(0.279664 0.142593 0)
(0.379883 0.0945287 0)
(0.454382 0.0626165 0)
(0.50826 0.0411646 0)
(0.545433 0.0260929 0)
(0.56891 0.0146931 0)
(0.580675 0.00518981 0)
(0.581693 -0.00369848 0)
(0.571972 -0.0131059 0)
(0.550548 -0.0243254 0)
(0.515376 -0.0391707 0)
(0.463268 -0.0604619 0)
(0.389968 -0.0925568 0)
(0.289883 -0.141654 0)
(0.160099 -0.214994 0)
(0.0342357 -0.305701 0)
(0.0158702 -0.292142 0)
(0.30428 0.146878 0)
(0.404863 0.127586 0)
(0.567543 0.0749631 0)
(0.684219 0.0421588 0)
(0.752004 0.024145 0)
(0.793432 0.014161 0)
(0.820037 0.00845834 0)
(0.837008 0.00499651 0)
(0.847174 0.0026733 0)
(0.852077 0.000887922 0)
(0.852397 -0.000727199 0)
(0.848163 -0.00247058 0)
(0.838757 -0.00470134 0)
(0.822692 -0.00800491 0)
(0.797163 -0.0134729 0)
(0.756952 -0.0231825 0)
(0.6904 -0.0410393 0)
(0.574189 -0.0741029 0)
(0.409764 -0.127675 0)
(0.3066 -0.147727 0)
)
;

boundaryField
{
    movingWall
    {
        type            fixedValue;
        value           uniform (1 0 0);
    }
    fixedWalls
    {
        type            noSlip;
    }
    frontAndBack
    {
        type            empty;
    }
}


// ************************************************************************* //
