/*--------------------------------*- C++ -*----------------------------------*\
  =========                 |
  \\      /  F ield         | OpenFOAM: The Open Source CFD Toolbox
   \\    /   O peration     | Website:  https://openfoam.org
    \\  /    A nd           | Version:  6
     \\/     M anipulation  |
\*---------------------------------------------------------------------------*/
FoamFile
{
    version     2.0;
    format      ascii;
    class       volVectorField;
    location    "0.015";
    object      U;
}
// * * * * * * * * * * * * * * * * * * * * * * * * * * * * * * * * * * * * * //

dimensions      [0 1 -1 0 0 0 0];

internalField   nonuniform List<vector> 
400
(
(1.31612e-05 -1.51506e-05 0)
(-0.000481685 0.000339715 0)
(-0.00181779 0.000591068 0)
(-0.00356779 0.000685211 0)
(-0.00539164 0.000674715 0)
(-0.00709225 0.000603449 0)
(-0.0085537 0.000497687 0)
(-0.00970613 0.000371857 0)
(-0.0105068 0.00023371 0)
(-0.0109293 8.79477e-05 0)
(-0.0109586 -6.17255e-05 0)
(-0.0105897 -0.000211599 0)
(-0.00982905 -0.000357293 0)
(-0.00869646 -0.000492782 0)
(-0.00723197 -0.000608428 0)
(-0.00550766 -0.000687568 0)
(-0.0036468 -0.000701864 0)
(-0.0018571 -0.000606406 0)
(-0.000491911 -0.000349783 0)
(1.44461e-05 1.33417e-05 0)
(-0.00033304 0.000467831 0)
(-0.00198224 0.00197578 0)
(-0.00517857 0.00298574 0)
(-0.00910792 0.00337968 0)
(-0.0131498 0.00332568 0)
(-0.0169221 0.00298563 0)
(-0.020174 0.00247008 0)
(-0.0227431 0.00184684 0)
(-0.0245267 0.00115661 0)
(-0.0254619 0.000426225 0)
(-0.0255145 -0.000322897 0)
(-0.0246759 -0.00106982 0)
(-0.0229646 -0.00179038 0)
(-0.0204319 -0.00245233 0)
(-0.0171755 -0.00300728 0)
(-0.0133619 -0.00337844 0)
(-0.00925473 -0.00344705 0)
(-0.00525524 -0.00304699 0)
(-0.00200509 -0.00201367 0)
(-0.000333697 -0.000474238 0)
(-0.00060104 0.00180267 0)
(-0.00313149 0.00520526 0)
(-0.00767681 0.0073474 0)
(-0.0130856 0.00817725 0)
(-0.0185708 0.00801896 0)
(-0.0236628 0.00720003 0)
(-0.0280426 0.00596022 0)
(-0.031498 0.0044554 0)
(-0.0338937 0.00278448 0)
(-0.0351467 0.00101518 0)
(-0.0352125 -0.000798052 0)
(-0.0340803 -0.00260253 0)
(-0.0317752 -0.00433796 0)
(-0.0283655 -0.0059251 0)
(-0.0239801 -0.00724862 0)
(-0.0188359 -0.00813348 0)
(-0.0132678 -0.00832248 0)
(-0.00777074 -0.0074791 0)
(-0.00315908 -0.00528585 0)
(-0.000602325 -0.00181957 0)
(-0.000765796 0.00367989 0)
(-0.00392559 0.00948946 0)
(-0.00950182 0.0129586 0)
(-0.016036 0.0142488 0)
(-0.0225919 0.013907 0)
(-0.0286374 0.012462 0)
(-0.0338151 0.0103057 0)
(-0.0378885 0.00769747 0)
(-0.0407088 0.00480537 0)
(-0.042185 0.00174584 0)
(-0.0422679 -0.00138766 0)
(-0.0409446 -0.00450516 0)
(-0.0382395 -0.00750376 0)
(-0.034225 -0.0102483 0)
(-0.0290413 -0.0125436 0)
(-0.0229296 -0.0140984 0)
(-0.0162671 -0.0144915 0)
(-0.00961859 -0.0131783 0)
(-0.00395724 -0.00962238 0)
(-0.000766087 -0.00370654 0)
(-0.000886545 0.00591017 0)
(-0.00456963 0.0145519 0)
(-0.0110572 0.0195174 0)
(-0.018603 0.0212756 0)
(-0.0261145 0.0206691 0)
(-0.0329954 0.018471 0)
(-0.0388579 0.0152483 0)
(-0.0434538 0.0113766 0)
(-0.046632 0.00709898 0)
(-0.0483023 0.00258249 0)
(-0.0484149 -0.00204059 0)
(-0.0469527 -0.00664376 0)
(-0.0439335 -0.0110812 0)
(-0.0394221 -0.0151586 0)
(-0.0335563 -0.0185928 0)
(-0.0265883 -0.02096 0)
(-0.0189309 -0.0216469 0)
(-0.0112248 -0.0198545 0)
(-0.00461539 -0.0147546 0)
(-0.000887056 -0.00594844 0)
(-0.00100962 0.00846038 0)
(-0.005241 0.0203717 0)
(-0.0126995 0.0270307 0)
(-0.02133 0.0292738 0)
(-0.0298596 0.0283142 0)
(-0.0376162 0.0252233 0)
(-0.0441831 0.0207761 0)
(-0.0493084 0.0154807 0)
(-0.052849 0.00966098 0)
(-0.0547232 0.00353369 0)
(-0.0548839 -0.00273468 0)
(-0.0533083 -0.00898678 0)
(-0.05 -0.015038 0)
(-0.0450045 -0.0206341 0)
(-0.0384438 -0.0253948 0)
(-0.030571 -0.0287412 0)
(-0.0218339 -0.0298279 0)
(-0.0129658 -0.0275398 0)
(-0.00531913 -0.0206802 0)
(-0.00101307 -0.00851835 0)
(-0.00116512 0.0113832 0)
(-0.00606982 0.0270705 0)
(-0.0147043 0.0356532 0)
(-0.0246334 0.0383947 0)
(-0.034361 0.036967 0)
(-0.0431259 0.0328095 0)
(-0.0504855 0.0269495 0)
(-0.056196 0.0200494 0)
(-0.0601352 0.0125196 0)
(-0.062241 0.0046225 0)
(-0.0624744 -0.00345114 0)
(-0.0608047 -0.0115247 0)
(-0.057212 -0.0193843 0)
(-0.0517068 -0.0267186 0)
(-0.0443761 -0.03304 0)
(-0.035458 -0.0375844 0)
(-0.0254317 -0.0392175 0)
(-0.0151428 -0.0364258 0)
(-0.0062088 -0.0275505 0)
(-0.00117575 -0.0114797 0)
(-0.00137668 0.0147908 0)
(-0.00716519 0.0348845 0)
(-0.017306 0.0456571 0)
(-0.0288579 0.0488863 0)
(-0.040039 0.0468212 0)
(-0.0499878 0.041365 0)
(-0.058248 0.0338556 0)
(-0.0646052 0.0251375 0)
(-0.0689808 0.0157124 0)
(-0.0713487 0.00587889 0)
(-0.0716864 -0.00416519 0)
(-0.069954 -0.0142442 0)
(-0.0660956 -0.0241328 0)
(-0.0600639 -0.0334721 0)
(-0.0518805 -0.041658 0)
(-0.0417384 -0.047703 0)
(-0.030131 -0.0501068 0)
(-0.0180329 -0.0468396 0)
(-0.00741162 -0.0356469 0)
(-0.00140175 -0.0149615 0)
(-0.00167164 0.0188534 0)
(-0.00864959 0.0441636 0)
(-0.0207572 0.0574274 0)
(-0.034353 0.0610759 0)
(-0.0472867 0.0581114 0)
(-0.0585954 0.0510351 0)
(-0.0678393 0.0415743 0)
(-0.0748723 0.0307873 0)
(-0.079695 0.0192686 0)
(-0.0823434 0.00733462 0)
(-0.0828251 -0.00483777 0)
(-0.0810908 -0.0171064 0)
(-0.0770325 -0.0292657 0)
(-0.0705129 -0.0409299 0)
(-0.0614406 -0.0513765 0)
(-0.0499086 -0.0593506 0)
(-0.036381 -0.0628806 0)
(-0.0219624 -0.0592475 0)
(-0.00908451 -0.0453927 0)
(-0.00172516 -0.0191625 0)
(-0.00209344 0.0238171 0)
(-0.0106992 0.0553964 0)
(-0.0253915 0.0714667 0)
(-0.0415423 0.0753508 0)
(-0.0565337 0.0710755 0)
(-0.069326 0.0619311 0)
(-0.0795577 0.0501352 0)
(-0.0872165 0.0369941 0)
(-0.0924362 0.0231865 0)
(-0.0953528 0.00901537 0)
(-0.0960246 -0.00540715 0)
(-0.094395 -0.0200219 0)
(-0.0902861 -0.0346932 0)
(-0.0834278 -0.0490497 0)
(-0.0735459 -0.0622649 0)
(-0.0605417 -0.0727739 0)
(-0.0447572 -0.0779977 0)
(-0.0273887 -0.074273 0)
(-0.0114675 -0.057397 0)
(-0.0022037 -0.0243812 0)
(-0.00271955 0.0300499 0)
(-0.0135935 0.0692621 0)
(-0.0316848 0.0884092 0)
(-0.0509657 0.0921298 0)
(-0.0682538 0.0858991 0)
(-0.0825132 0.0740652 0)
(-0.0935756 0.0594585 0)
(-0.101664 0.043659 0)
(-0.107122 0.0274027 0)
(-0.110236 0.0109274 0)
(-0.111141 -0.00578314 0)
(-0.109783 -0.0228234 0)
(-0.105896 -0.0402033 0)
(-0.0990292 -0.0576393 0)
(-0.0886332 -0.0742492 0)
(-0.0742755 -0.0881359 0)
(-0.0560039 -0.0959516 0)
(-0.0349771 -0.0927206 0)
(-0.0149519 -0.0725354 0)
(-0.00294381 -0.0310838 0)
(-0.00369059 0.0381271 0)
(-0.0177768 0.0867068 0)
(-0.0402911 0.109016 0)
(-0.0632437 0.111788 0)
(-0.0828466 0.102609 0)
(-0.0982592 0.0872434 0)
(-0.109702 0.0692635 0)
(-0.117779 0.05052 0)
(-0.123138 0.0317455 0)
(-0.126274 0.0130326 0)
(-0.127432 -0.00584898 0)
(-0.126573 -0.0252404 0)
(-0.12334 -0.0454027 0)
(-0.11706 -0.0662582 0)
(-0.106803 -0.0869775 0)
(-0.0916106 -0.105368 0)
(-0.0709462 -0.117159 0)
(-0.0456282 -0.115564 0)
(-0.0201604 -0.0920596 0)
(-0.00414052 -0.0400265 0)
(-0.00525529 0.0489727 0)
(-0.023916 0.109013 0)
(-0.0519822 0.134082 0)
(-0.0788356 0.134468 0)
(-0.10023 0.120861 0)
(-0.11591 0.10088 0)
(-0.126784 0.0789255 0)
(-0.134024 0.0570501 0)
(-0.138677 0.0358658 0)
(-0.141493 0.0152052 0)
(-0.142854 -0.00548105 0)
(-0.14276 -0.0268882 0)
(-0.140784 -0.0496592 0)
(-0.136022 -0.0740929 0)
(-0.127091 -0.0996144 0)
(-0.112287 -0.123896 0)
(-0.0900679 -0.141684 0)
(-0.0603204 -0.143792 0)
(-0.0279962 -0.117677 0)
(-0.00613411 -0.0524506 0)
(-0.00782941 0.0640646 0)
(-0.0328905 0.137764 0)
(-0.0673041 0.164118 0)
(-0.0973131 0.159648 0)
(-0.118833 0.139545 0)
(-0.132884 0.113695 0)
(-0.141471 0.0872714 0)
(-0.146502 0.0623247 0)
(-0.149476 0.0391488 0)
(-0.151392 0.0171664 0)
(-0.152771 -0.00459902 0)
(-0.153679 -0.0272955 0)
(-0.153678 -0.0520802 0)
(-0.151715 -0.0798397 0)
(-0.145977 -0.110571 0)
(-0.133878 -0.142189 0)
(-0.11238 -0.168656 0)
(-0.0794705 -0.177905 0)
(-0.0395318 -0.151423 0)
(-0.00946556 -0.0703286 0)
(-0.0120312 0.0856507 0)
(-0.0455299 0.174441 0)
(-0.0855547 0.198508 0)
(-0.115661 0.185296 0)
(-0.133522 0.156146 0)
(-0.142487 0.123311 0)
(-0.14604 0.092354 0)
(-0.146859 0.0649046 0)
(-0.14679 0.0406427 0)
(-0.146968 0.0184184 0)
(-0.147985 -0.00324711 0)
(-0.149987 -0.0259988 0)
(-0.15264 -0.0515871 0)
(-0.154947 -0.0816838 0)
(-0.154926 -0.117268 0)
(-0.149253 -0.157157 0)
(-0.133092 -0.19526 0)
(-0.101295 -0.216715 0)
(-0.0554064 -0.194926 0)
(-0.0148401 -0.0965245 0)
(-0.0185138 0.116924 0)
(-0.0615863 0.219154 0)
(-0.102321 0.233701 0)
(-0.124944 0.206424 0)
(-0.132107 0.165884 0)
(-0.130621 0.125876 0)
(-0.125434 0.0913638 0)
(-0.119626 0.0628713 0)
(-0.114986 0.0391124 0)
(-0.112476 0.0182527 0)
(-0.112584 -0.00166513 0)
(-0.115509 -0.0227023 0)
(-0.12117 -0.0471399 0)
(-0.12899 -0.0775 0)
(-0.13741 -0.116117 0)
(-0.143089 -0.163609 0)
(-0.139834 -0.215336 0)
(-0.118505 -0.255172 0)
(-0.0740221 -0.247545 0)
(-0.0226787 -0.134765 0)
(-0.0269503 0.162429 0)
(-0.0767031 0.267593 0)
(-0.104264 0.259654 0)
(-0.104791 0.212888 0)
(-0.0907664 0.160912 0)
(-0.0723841 0.116083 0)
(-0.0548581 0.0809889 0)
(-0.0405507 0.0542411 0)
(-0.0303712 0.0333709 0)
(-0.0245874 0.0159413 0)
(-0.0233028 -0.000266902 0)
(-0.0266877 -0.0174499 0)
(-0.0350338 -0.0381113 0)
(-0.0486115 -0.06537 0)
(-0.0671822 -0.102945 0)
(-0.0888782 -0.154054 0)
(-0.108119 -0.217757 0)
(-0.112973 -0.280863 0)
(-0.0873937 -0.302528 0)
(-0.0313542 -0.189473 0)
(-0.0314019 0.225763 0)
(-0.0738792 0.303485 0)
(-0.0589139 0.254936 0)
(-0.0158836 0.188363 0)
(0.0296229 0.131436 0)
(0.0685332 0.0889171 0)
(0.0988435 0.0590146 0)
(0.120861 0.0381769 0)
(0.135604 0.0230955 0)
(0.144025 0.0112063 0)
(0.146649 0.00050376 0)
(0.14345 -0.0108499 0)
(0.133764 -0.0249924 0)
(0.116247 -0.0448985 0)
(0.0890467 -0.0748897 0)
(0.0506369 -0.120565 0)
(0.00190099 -0.18667 0)
(-0.0485606 -0.270027 0)
(-0.0726348 -0.337733 0)
(-0.0312093 -0.259812 0)
(0.00577829 0.275871 0)
(0.00809005 0.281296 0)
(0.106391 0.192032 0)
(0.207196 0.122368 0)
(0.281186 0.076452 0)
(0.332509 0.0473241 0)
(0.367563 0.0292847 0)
(0.390876 0.0180239 0)
(0.405667 0.0106011 0)
(0.413998 0.00515205 0)
(0.416902 0.000442453 0)
(0.414516 -0.00454146 0)
(0.406045 -0.0109836 0)
(0.389501 -0.0207272 0)
(0.361296 -0.036998 0)
(0.315844 -0.0653745 0)
(0.244885 -0.114552 0)
(0.14095 -0.194841 0)
(0.0325605 -0.299503 0)
(0.0205977 -0.29929 0)
(0.299039 0.145536 0)
(0.392001 0.12595 0)
(0.543199 0.0738455 0)
(0.649889 0.0408331 0)
(0.708392 0.0224475 0)
(0.741221 0.0123488 0)
(0.760722 0.00688176 0)
(0.772487 0.0038983 0)
(0.77947 0.00216821 0)
(0.783253 0.00102437 0)
(0.784541 9.44764e-05 0)
(0.783446 -0.000882991 0)
(0.779512 -0.00220298 0)
(0.771482 -0.00437218 0)
(0.756704 -0.00842613 0)
(0.729832 -0.0165434 0)
(0.678638 -0.0331772 0)
(0.576876 -0.0666436 0)
(0.418935 -0.124001 0)
(0.313211 -0.149401 0)
)
;

boundaryField
{
    movingWall
    {
        type            fixedValue;
        value           uniform (1 0 0);
    }
    fixedWalls
    {
        type            noSlip;
    }
    frontAndBack
    {
        type            empty;
    }
}


// ************************************************************************* //
