/*--------------------------------*- C++ -*----------------------------------*\
  =========                 |
  \\      /  F ield         | OpenFOAM: The Open Source CFD Toolbox
   \\    /   O peration     | Website:  https://openfoam.org
    \\  /    A nd           | Version:  6
     \\/     M anipulation  |
\*---------------------------------------------------------------------------*/
FoamFile
{
    version     2.0;
    format      ascii;
    class       volVectorField;
    location    "0.065";
    object      U;
}
// * * * * * * * * * * * * * * * * * * * * * * * * * * * * * * * * * * * * * //

dimensions      [0 1 -1 0 0 0 0];

internalField   nonuniform List<vector> 
400
(
(-6.23209e-05 6.06368e-05 0)
(-0.000680047 0.000412343 0)
(-0.00201326 0.000592874 0)
(-0.00358969 0.000627389 0)
(-0.00513403 0.000592762 0)
(-0.00653914 0.00052729 0)
(-0.00775143 0.000444285 0)
(-0.00873301 0.000347816 0)
(-0.00945266 0.000239431 0)
(-0.0098835 0.00012052 0)
(-0.0100034 -6.96594e-06 0)
(-0.00979619 -0.000140293 0)
(-0.00925392 -0.000275804 0)
(-0.00837882 -0.000408687 0)
(-0.00718702 -0.000532235 0)
(-0.00571473 -0.000635531 0)
(-0.00403086 -0.000697046 0)
(-0.00227711 -0.00066996 0)
(-0.000782188 -0.000471395 0)
(-7.8656e-05 -7.91268e-05 0)
(-0.000419213 0.000676647 0)
(-0.00211884 0.00208497 0)
(-0.00504638 0.00278192 0)
(-0.00836562 0.00291912 0)
(-0.0116006 0.00276019 0)
(-0.0145444 0.00245129 0)
(-0.0170764 0.00205292 0)
(-0.0191105 0.00158868 0)
(-0.0205807 0.00107016 0)
(-0.0214344 0.000506822 0)
(-0.0216313 -9.05253e-05 0)
(-0.0211455 -0.000708324 0)
(-0.0199678 -0.00132927 0)
(-0.0181109 -0.00193088 0)
(-0.0156162 -0.00248182 0)
(-0.0125668 -0.00293228 0)
(-0.00910806 -0.00319051 0)
(-0.00550191 -0.00307922 0)
(-0.00230782 -0.00231545 0)
(-0.000455401 -0.000759319 0)
(-0.000635912 0.00205453 0)
(-0.00299826 0.00506484 0)
(-0.00686918 0.006482 0)
(-0.0111618 0.00674687 0)
(-0.0153086 0.00636982 0)
(-0.0190693 0.00564707 0)
(-0.0222956 0.00471262 0)
(-0.0248796 0.0036246 0)
(-0.0267395 0.00241423 0)
(-0.0278112 0.00110644 0)
(-0.0280468 -0.00027232 0)
(-0.0274154 -0.00169048 0)
(-0.0259066 -0.0031086 0)
(-0.0235361 -0.0044755 0)
(-0.0203553 -0.00571994 0)
(-0.0164675 -0.00673016 0)
(-0.0120492 -0.0073082 0)
(-0.00740811 -0.00709483 0)
(-0.0032157 -0.00554239 0)
(-0.000674993 -0.00223418 0)
(-0.000745183 0.00381893 0)
(-0.00350325 0.00874119 0)
(-0.00798536 0.0109534 0)
(-0.0129066 0.0113244 0)
(-0.01763 0.0106644 0)
(-0.0218996 0.009439 0)
(-0.0255575 0.00786335 0)
(-0.028488 0.00603437 0)
(-0.0306029 0.00400574 0)
(-0.031833 0.00181987 0)
(-0.0321245 -0.000479684 0)
(-0.0314402 -0.00284201 0)
(-0.0297628 -0.00520354 0)
(-0.0271018 -0.00748097 0)
(-0.023505 -0.00955729 0)
(-0.019079 -0.0112491 0)
(-0.0140146 -0.0122364 0)
(-0.00865184 -0.0119494 0)
(-0.00376398 -0.00951534 0)
(-0.000788456 -0.00410601 0)
(-0.000824415 0.00579544 0)
(-0.00389937 0.0128612 0)
(-0.0088994 0.0159325 0)
(-0.0143655 0.0163916 0)
(-0.0195904 0.0154008 0)
(-0.024303 0.0136143 0)
(-0.0283402 0.0113345 0)
(-0.0315837 0.00869851 0)
(-0.0339435 0.0057824 0)
(-0.0353468 0.00264473 0)
(-0.0357337 -0.000655954 0)
(-0.0350567 -0.00405174 0)
(-0.0332847 -0.00745669 0)
(-0.0304111 -0.0107552 0)
(-0.026469 -0.0137805 0)
(-0.021558 -0.0162678 0)
(-0.0158786 -0.0177554 0)
(-0.00981246 -0.0174268 0)
(-0.00425487 -0.0140197 0)
(-0.000882022 -0.00621556 0)
(-0.000914373 0.00797705 0)
(-0.00434009 0.017431 0)
(-0.00991231 0.0214447 0)
(-0.0159853 0.0219827 0)
(-0.0217708 0.0206136 0)
(-0.026979 0.0182062 0)
(-0.0314431 0.0151594 0)
(-0.0350452 0.0116531 0)
(-0.0376965 0.00778466 0)
(-0.0393225 0.00362559 0)
(-0.0398559 -0.000755272 0)
(-0.0392353 -0.00527838 0)
(-0.0374077 -0.00984012 0)
(-0.0343389 -0.0142944 0)
(-0.0300337 -0.0184203 0)
(-0.0245731 -0.0218564 0)
(-0.0181632 -0.0239678 0)
(-0.0112404 -0.0236369 0)
(-0.00486196 -0.0191341 0)
(-0.000999491 -0.00858817 0)
(-0.00103273 0.0104169 0)
(-0.00490087 0.0225498 0)
(-0.0111804 0.027605 0)
(-0.017997 0.0282099 0)
(-0.0244635 0.0264037 0)
(-0.0302691 0.0233024 0)
(-0.0352458 0.0194148 0)
(-0.0392814 0.0149671 0)
(-0.0422929 0.0100762 0)
(-0.0442074 0.00482182 0)
(-0.044951 -0.00072478 0)
(-0.0444443 -0.00648173 0)
(-0.0426041 -0.0123368 0)
(-0.0393532 -0.0181189 0)
(-0.0346484 -0.02355 0)
(-0.0285312 -0.0281519 0)
(-0.0212015 -0.0310701 0)
(-0.0131616 -0.0308057 0)
(-0.00568886 -0.0250557 0)
(-0.00116253 -0.0113177 0)
(-0.00118987 0.0131947 0)
(-0.00562821 0.0283662 0)
(-0.0128006 0.0345752 0)
(-0.0205392 0.0352215 0)
(-0.0278345 0.0328967 0)
(-0.0343551 0.0290068 0)
(-0.039939 0.024188 0)
(-0.044488 0.0187174 0)
(-0.0479339 0.0127296 0)
(-0.0502122 0.00630467 0)
(-0.051246 -0.000495109 0)
(-0.0509362 -0.00760047 0)
(-0.0491587 -0.0149067 0)
(-0.0457741 -0.0222311 0)
(-0.0406606 -0.02924 0)
(-0.0337837 -0.0353159 0)
(-0.0253066 -0.0393203 0)
(-0.0157979 -0.0392531 0)
(-0.00683671 -0.0320773 0)
(-0.00139053 -0.014541 0)
(-0.00139722 0.0164133 0)
(-0.00656965 0.0350716 0)
(-0.0148664 0.0425566 0)
(-0.023737 0.0431914 0)
(-0.0320217 0.0402306 0)
(-0.0393738 0.0354263 0)
(-0.0456509 0.0295646 0)
(-0.0507836 0.02298 0)
(-0.054733 0.0158211 0)
(-0.0574557 0.00815822 0)
(-0.05888 2.81839e-05 0)
(-0.0588884 -0.00853495 0)
(-0.0573074 -0.017461 0)
(-0.0539105 -0.0265819 0)
(-0.0484531 -0.0355235 0)
(-0.0407626 -0.0435101 0)
(-0.0308993 -0.0490342 0)
(-0.0194709 -0.0494144 0)
(-0.00846053 -0.0406185 0)
(-0.0017147 -0.018453 0)
(-0.00167299 0.0202053 0)
(-0.00779387 0.0429081 0)
(-0.0175031 0.0517905 0)
(-0.0277472 0.0523124 0)
(-0.0371844 0.0485433 0)
(-0.0454686 0.0426557 0)
(-0.0524995 0.0356142 0)
(-0.0582608 0.0278171 0)
(-0.0627651 0.0194225 0)
(-0.0660101 0.0104779 0)
(-0.0679451 0.000971981 0)
(-0.0684433 -0.00912796 0)
(-0.0672782 -0.0198283 0)
(-0.0641107 -0.0310244 0)
(-0.0585145 -0.0423432 0)
(-0.0500793 -0.0528517 0)
(-0.0386328 -0.0605747 0)
(-0.0247237 -0.0618802 0)
(-0.0108463 -0.0513018 0)
(-0.00219836 -0.0233505 0)
(-0.00204951 0.0247528 0)
(-0.00941257 0.0521904 0)
(-0.0209005 0.062567 0)
(-0.0327917 0.0627912 0)
(-0.043533 0.0579592 0)
(-0.0528114 0.0507604 0)
(-0.0606078 0.0423712 0)
(-0.0669937 0.0332601 0)
(-0.0720656 0.0235881 0)
(-0.0758914 0.0133628 0)
(-0.0784686 0.00249832 0)
(-0.0796831 -0.00914643 0)
(-0.0792655 -0.0217146 0)
(-0.0767487 -0.0352466 0)
(-0.0714586 -0.049461 0)
(-0.0626023 -0.0633234 0)
(-0.0495407 -0.0743078 0)
(-0.0325107 -0.0774518 0)
(-0.0145571 -0.0650971 0)
(-0.00298208 -0.029737 0)
(-0.00258682 0.0303223 0)
(-0.0116153 0.0633429 0)
(-0.0253557 0.075237 0)
(-0.0391927 0.0748373 0)
(-0.0513472 0.0685654 0)
(-0.061606 0.0597475 0)
(-0.0700912 0.0498059 0)
(-0.0770109 0.0392819 0)
(-0.0825879 0.0283288 0)
(-0.0870004 0.0168964 0)
(-0.0903337 0.00479474 0)
(-0.0925284 -0.00827231 0)
(-0.0933105 -0.0226621 0)
(-0.0921007 -0.0386826 0)
(-0.0879301 -0.0563149 0)
(-0.0794447 -0.0745978 0)
(-0.0651575 -0.090474 0)
(-0.0444517 -0.0971819 0)
(-0.0207008 -0.0835822 0)
(-0.00438374 -0.0385657 0)
(-0.0034004 0.0373337 0)
(-0.0147308 0.0769584 0)
(-0.0313336 0.0902177 0)
(-0.0474029 0.088632 0)
(-0.0609692 0.0803654 0)
(-0.0720443 0.069516 0)
(-0.0809819 0.0577749 0)
(-0.0881896 0.0457483 0)
(-0.0940674 0.033566 0)
(-0.0989504 0.0211005 0)
(-0.103064 0.00803336 0)
(-0.106467 -0.00612843 0)
(-0.108962 -0.0220384 0)
(-0.10994 -0.0404312 0)
(-0.108164 -0.0618292 0)
(-0.10157 -0.0857338 0)
(-0.0873024 -0.108858 0)
(-0.0629177 -0.122249 0)
(-0.031269 -0.109269 0)
(-0.00707641 -0.0517264 0)
(-0.00471628 0.0464927 0)
(-0.0193285 0.0938762 0)
(-0.039529 0.107963 0)
(-0.0579728 0.104242 0)
(-0.0726685 0.0931783 0)
(-0.0840824 0.079757 0)
(-0.0929268 0.0659263 0)
(-0.0998839 0.0523265 0)
(-0.105583 0.0390366 0)
(-0.110558 0.0258334 0)
(-0.115224 0.0122576 0)
(-0.119837 -0.00239887 0)
(-0.124398 -0.0191421 0)
(-0.12844 -0.0392957 0)
(-0.130651 -0.0642972 0)
(-0.128285 -0.0947921 0)
(-0.116624 -0.128105 0)
(-0.0900511 -0.153228 0)
(-0.049036 -0.145503 0)
(-0.0122604 -0.0726619 0)
(-0.00697164 0.0590435 0)
(-0.0263553 0.115253 0)
(-0.0508162 0.128812 0)
(-0.0712052 0.121387 0)
(-0.0860185 0.106399 0)
(-0.096584 0.0897278 0)
(-0.104141 0.0734904 0)
(-0.109723 0.0582881 0)
(-0.114225 0.0440988 0)
(-0.118395 0.0305788 0)
(-0.122849 0.017132 0)
(-0.128081 0.00285938 0)
(-0.134404 -0.0135868 0)
(-0.141739 -0.0342094 0)
(-0.1491 -0.0617374 0)
(-0.153502 -0.0988802 0)
(-0.148388 -0.145125 0)
(-0.123917 -0.188819 0)
(-0.0754689 -0.195463 0)
(-0.0213533 -0.106863 0)
(-0.0109616 0.0772584 0)
(-0.0371744 0.142458 0)
(-0.0656044 0.15244 0)
(-0.0856462 0.13877 0)
(-0.0976786 0.118345 0)
(-0.104581 0.0976681 0)
(-0.108303 0.0787866 0)
(-0.110272 0.0621003 0)
(-0.11162 0.0473786 0)
(-0.113234 0.0341054 0)
(-0.115841 0.0215539 0)
(-0.120093 0.00870001 0)
(-0.126601 -0.00603735 0)
(-0.135832 -0.025269 0)
(-0.147646 -0.0531995 0)
(-0.15987 -0.0954727 0)
(-0.16546 -0.155852 0)
(-0.151083 -0.22534 0)
(-0.10464 -0.260696 0)
(-0.0338082 -0.162783 0)
(-0.0179296 0.105428 0)
(-0.0528702 0.175872 0)
(-0.080795 0.175595 0)
(-0.092844 0.151813 0)
(-0.0948396 0.124406 0)
(-0.0920697 0.099454 0)
(-0.0871401 0.0783226 0)
(-0.0816803 0.0608603 0)
(-0.0768058 0.0464255 0)
(-0.0732692 0.034239 0)
(-0.0716355 0.0234472 0)
(-0.0724451 0.012999 0)
(-0.0763551 0.00129534 0)
(-0.084251 -0.0145347 0)
(-0.097164 -0.0398053 0)
(-0.11519 -0.0832187 0)
(-0.134015 -0.154661 0)
(-0.140703 -0.252983 0)
(-0.115201 -0.333461 0)
(-0.0414356 -0.248514 0)
(-0.0287772 0.151566 0)
(-0.0697909 0.209551 0)
(-0.0776288 0.184652 0)
(-0.0618935 0.147434 0)
(-0.0398854 0.114367 0)
(-0.0180629 0.0875566 0)
(0.00176778 0.0666412 0)
(0.0188036 0.0505863 0)
(0.0327135 0.0382122 0)
(0.0434567 0.0284691 0)
(0.0510673 0.0204498 0)
(0.0554786 0.013234 0)
(0.0563378 0.00554678 0)
(0.0527079 -0.00498231 0)
(0.042593 -0.0233057 0)
(0.0227646 -0.0591961 0)
(-0.00910264 -0.128151 0)
(-0.0477878 -0.242541 0)
(-0.0689571 -0.372352 0)
(-0.0212669 -0.342285 0)
(-0.0299769 0.220482 0)
(-0.0442288 0.218099 0)
(0.0223713 0.153923 0)
(0.0941369 0.110013 0)
(0.151569 0.0798415 0)
(0.196228 0.0577946 0)
(0.23121 0.0418455 0)
(0.258436 0.0305255 0)
(0.27937 0.0224718 0)
(0.29524 0.0166143 0)
(0.306964 0.0121735 0)
(0.315089 0.008518 0)
(0.319686 0.00494703 0)
(0.320018 0.00028288 0)
(0.313734 -0.00805022 0)
(0.295418 -0.0261391 0)
(0.255207 -0.0679175 0)
(0.181991 -0.157854 0)
(0.0890495 -0.299746 0)
(0.0725904 -0.347405 0)
(0.262246 0.134636 0)
(0.325728 0.119904 0)
(0.447154 0.0799964 0)
(0.54456 0.0532768 0)
(0.607425 0.0361433 0)
(0.648642 0.0244963 0)
(0.677179 0.0165459 0)
(0.697408 0.0112367 0)
(0.711869 0.00773755 0)
(0.722299 0.00542232 0)
(0.729842 0.0038544 0)
(0.735149 0.0027256 0)
(0.738412 0.00177863 0)
(0.739183 0.000699491 0)
(0.735767 -0.0010967 0)
(0.723778 -0.00494736 0)
(0.692922 -0.0143497 0)
(0.623312 -0.037503 0)
(0.47676 -0.095076 0)
(0.354374 -0.14598 0)
)
;

boundaryField
{
    movingWall
    {
        type            fixedValue;
        value           uniform (1 0 0);
    }
    fixedWalls
    {
        type            noSlip;
    }
    frontAndBack
    {
        type            empty;
    }
}


// ************************************************************************* //
