/*--------------------------------*- C++ -*----------------------------------*\
  =========                 |
  \\      /  F ield         | OpenFOAM: The Open Source CFD Toolbox
   \\    /   O peration     | Website:  https://openfoam.org
    \\  /    A nd           | Version:  6
     \\/     M anipulation  |
\*---------------------------------------------------------------------------*/
FoamFile
{
    version     2.0;
    format      ascii;
    class       surfaceScalarField;
    location    "0.175";
    object      phi;
}
// * * * * * * * * * * * * * * * * * * * * * * * * * * * * * * * * * * * * * //

dimensions      [0 3 -1 0 0 0 0];

internalField   nonuniform List<scalar> 
760
(
-2.24836e-10
2.24928e-10
-3.80432e-08
3.78184e-08
-1.05279e-07
6.72356e-08
-1.87533e-07
8.22541e-08
-2.73864e-07
8.63312e-08
-3.56805e-07
8.29407e-08
-4.31189e-07
7.43839e-08
-4.93017e-07
6.18279e-08
-5.38662e-07
4.56456e-08
-5.64552e-07
2.589e-08
-5.67301e-07
2.74894e-09
-5.4424e-07
-2.30607e-08
-4.94283e-07
-4.99573e-08
-4.1902e-07
-7.52633e-08
-3.23829e-07
-9.51907e-08
-2.18617e-07
-1.05212e-07
-1.17678e-07
-1.0094e-07
-3.83235e-08
-7.93541e-08
2.37746e-09
-4.0701e-08
2.37745e-09
-3.84395e-08
3.86645e-08
-1.50078e-07
1.49457e-07
-3.15419e-07
2.32577e-07
-5.09867e-07
2.76703e-07
-7.1195e-07
2.88414e-07
-9.05195e-07
2.76186e-07
-1.07725e-06
2.46439e-07
-1.21833e-06
2.02908e-07
-1.31996e-06
1.47279e-07
-1.37445e-06
8.03773e-08
-1.37512e-06
3.41493e-09
-1.3173e-06
-8.08741e-08
-1.19999e-06
-1.67273e-07
-1.02779e-06
-2.47462e-07
-8.12903e-07
-3.10077e-07
-5.76184e-07
-3.41931e-07
-3.46378e-07
-3.30745e-07
-1.56508e-07
-2.69224e-07
-3.6352e-08
-1.60857e-07
-3.39746e-08
-7.32589e-08
1.11923e-07
-2.49967e-07
3.26164e-07
-4.94135e-07
4.76745e-07
-7.72853e-07
5.5542e-07
-1.05851e-06
5.7407e-07
-1.32961e-06
5.47285e-07
-1.56965e-06
4.86481e-07
-1.76538e-06
3.98638e-07
-1.90537e-06
2.87269e-07
-1.97939e-06
1.54395e-07
-1.97869e-06
2.72064e-09
-1.89726e-06
-1.6231e-07
-1.7338e-06
-3.3073e-07
-1.49439e-06
-4.86872e-07
-1.195e-06
-6.0947e-07
-8.62985e-07
-6.73944e-07
-5.36153e-07
-6.57577e-07
-2.58107e-07
-5.4727e-07
-6.96876e-08
-3.49277e-07
-1.03662e-07
-9.94982e-08
2.11422e-07
-3.29934e-07
5.566e-07
-6.39305e-07
7.86117e-07
-9.86006e-07
9.02121e-07
-1.33751e-06
9.25578e-07
-1.66925e-06
8.79024e-07
-1.96252e-06
7.79746e-07
-2.20221e-06
6.38328e-07
-2.37511e-06
4.60166e-07
-2.46907e-06
2.48356e-07
-2.47327e-06
6.9191e-09
-2.37954e-06
-2.56038e-07
-2.18483e-06
-5.25436e-07
-1.89456e-06
-7.77141e-07
-1.52623e-06
-9.778e-07
-1.11199e-06
-1.08818e-06
-6.98245e-07
-1.07132e-06
-3.40468e-07
-9.05047e-07
-9.32429e-08
-5.96502e-07
-1.96905e-07
-1.2017e-07
3.31592e-07
-3.95935e-07
8.32364e-07
-7.61638e-07
1.15182e-06
-1.1673e-06
1.30779e-06
-1.57604e-06
1.33432e-06
-1.9612e-06
1.26418e-06
-2.30302e-06
1.12157e-06
-2.58557e-06
9.2088e-07
-2.79448e-06
6.69079e-07
-2.91576e-06
3.69637e-07
-2.93582e-06
2.69788e-08
-2.84285e-06
-3.49007e-07
-2.62974e-06
-7.38544e-07
-2.29857e-06
-1.10832e-06
-1.86604e-06
-1.41033e-06
-1.36832e-06
-1.5859e-06
-8.62211e-07
-1.57744e-06
-4.19439e-07
-1.34782e-06
-1.13009e-07
-9.02932e-07
-3.09914e-07
-1.38461e-07
4.70053e-07
-4.55795e-07
1.1497e-06
-8.74205e-07
1.57023e-06
-1.33578e-06
1.76936e-06
-1.79969e-06
1.79823e-06
-2.23792e-06
1.70241e-06
-2.63055e-06
1.5142e-06
-2.96162e-06
1.25194e-06
-3.21607e-06
9.23527e-07
-3.37797e-06
5.31542e-07
-3.43007e-06
7.90782e-08
-3.35494e-06
-4.24136e-07
-3.13833e-06
-9.55154e-07
-2.7751e-06
-1.47154e-06
-2.2776e-06
-1.90783e-06
-1.68444e-06
-2.17906e-06
-1.06538e-06
-2.1965e-06
-5.15666e-07
-1.89753e-06
-1.35695e-07
-1.2829e-06
-4.4561e-07
-1.56956e-07
6.27009e-07
-5.16479e-07
1.50922e-06
-9.88623e-07
2.04238e-06
-1.50759e-06
2.28832e-06
-2.029e-06
2.31965e-06
-2.52424e-06
2.19765e-06
-2.97416e-06
1.96411e-06
-3.36372e-06
1.6415e-06
-3.67793e-06
1.23774e-06
-3.89913e-06
7.5275e-07
-4.00569e-06
1.85635e-07
-3.97245e-06
-4.57381e-07
-3.77408e-06
-1.15352e-06
-3.39259e-06
-1.85304e-06
-2.82961e-06
-2.47081e-06
-2.12197e-06
-2.88669e-06
-1.35402e-06
-2.96446e-06
-6.54942e-07
-2.5966e-06
-1.68959e-07
-1.76889e-06
-6.14568e-07
-1.77637e-07
8.04646e-07
-5.8348e-07
1.91506e-06
-1.11386e-06
2.57275e-06
-1.69453e-06
2.86899e-06
-2.27794e-06
2.90305e-06
-2.83578e-06
2.7555e-06
-3.351e-06
2.47933e-06
-3.81086e-06
2.10137e-06
-4.2018e-06
1.62867e-06
-4.50541e-06
1.05635e-06
-4.69568e-06
3.7591e-07
-4.73801e-06
-4.15047e-07
-4.59156e-06
-1.29997e-06
-4.21767e-06
-2.22693e-06
-3.59694e-06
-3.09154e-06
-2.75482e-06
-3.72881e-06
-1.78806e-06
-3.93122e-06
-8.72425e-07
-3.51224e-06
-2.23327e-07
-2.41798e-06
-8.37895e-07
-2.02092e-07
1.00674e-06
-6.6112e-07
2.37409e-06
-1.25644e-06
3.16807e-06
-1.90413e-06
3.51669e-06
-2.55382e-06
3.55273e-06
-3.17877e-06
3.38045e-06
-3.76568e-06
3.06624e-06
-4.30618e-06
2.64186e-06
-4.79026e-06
2.11276e-06
-5.20091e-06
1.467e-06
-5.50918e-06
6.84188e-07
-5.67057e-06
-2.53662e-07
-5.62472e-06
-1.34582e-06
-5.3032e-06
-2.54845e-06
-4.65091e-06
-3.74383e-06
-3.66467e-06
-4.71505e-06
-2.44267e-06
-5.15322e-06
-1.21711e-06
-4.7378e-06
-3.14746e-07
-3.32035e-06
-1.15264e-06
-2.3199e-07
1.23873e-06
-7.5347e-07
2.89557e-06
-1.42153e-06
3.83613e-06
-2.14063e-06
4.23579e-06
-2.85796e-06
4.27007e-06
-3.54997e-06
4.07246e-06
-4.20917e-06
3.72544e-06
-4.83398e-06
3.26667e-06
-5.42096e-06
2.69973e-06
-5.95782e-06
2.00386e-06
-6.41605e-06
1.14241e-06
-6.74321e-06
7.35041e-08
-6.85811e-06
-1.23093e-06
-6.65493e-06
-2.75163e-06
-6.02643e-06
-4.37233e-06
-4.91569e-06
-5.82579e-06
-3.39635e-06
-6.67256e-06
-1.75214e-06
-6.38201e-06
-4.67389e-07
-4.60511e-06
-1.62003e-06
-2.6981e-07
1.50854e-06
-8.65791e-07
3.49155e-06
-1.6145e-06
4.58483e-06
-2.40608e-06
5.02737e-06
-3.18607e-06
5.05006e-06
-3.936e-06
4.82239e-06
-4.65634e-06
4.44578e-06
-5.35471e-06
3.96504e-06
-6.03734e-06
3.38236e-06
-6.70091e-06
2.66744e-06
-7.3226e-06
1.7641e-06
-7.84784e-06
5.98744e-07
-8.17893e-06
-8.99833e-07
-8.17223e-06
-2.75833e-06
-7.65745e-06
-4.88711e-06
-6.4963e-06
-6.98693e-06
-4.69325e-06
-8.47561e-06
-2.54387e-06
-8.53139e-06
-7.16409e-07
-6.43257e-06
-2.33644e-06
-3.20033e-07
1.82857e-06
-1.00654e-06
4.17806e-06
-1.84265e-06
5.42094e-06
-2.70115e-06
5.88587e-06
-3.52764e-06
5.87655e-06
-4.3111e-06
5.60584e-06
-5.06177e-06
5.19645e-06
-5.79803e-06
4.70131e-06
-6.53796e-06
4.12229e-06
-7.29106e-06
3.42053e-06
-8.04673e-06
2.51977e-06
-8.75835e-06
1.31036e-06
-9.32511e-06
-3.33071e-07
-9.57932e-06
-2.50412e-06
-9.29378e-06
-5.17265e-06
-8.23202e-06
-8.0487e-06
-6.27224e-06
-1.04354e-05
-3.62916e-06
-1.11745e-05
-1.10878e-06
-8.95294e-06
-3.44522e-06
-3.91277e-07
2.21985e-06
-1.19031e-06
4.97709e-06
-2.1168e-06
6.34744e-06
-3.02425e-06
6.79332e-06
-3.86259e-06
6.7149e-06
-4.63173e-06
6.37499e-06
-5.35302e-06
5.91774e-06
-6.05563e-06
5.40391e-06
-6.76954e-06
4.8362e-06
-7.51893e-06
4.16992e-06
-8.31158e-06
3.31242e-06
-9.12217e-06
2.12095e-06
-9.86993e-06
4.14686e-07
-1.03955e-05
-1.9785e-06
-1.04484e-05
-5.1198e-06
-9.70643e-06
-8.79066e-06
-7.87517e-06
-1.22667e-05
-4.94837e-06
-1.41013e-05
-1.69211e-06
-1.22092e-05
-5.13733e-06
-5.00395e-07
2.72024e-06
-1.442e-06
5.9187e-06
-2.45123e-06
7.35667e-06
-3.36596e-06
7.70805e-06
-4.15108e-06
7.50001e-06
-4.8237e-06
7.04761e-06
-5.41793e-06
6.51197e-06
-5.97259e-06
5.95857e-06
-6.52735e-06
5.39096e-06
-7.1198e-06
4.76237e-06
-7.77926e-06
3.97188e-06
-8.51429e-06
2.85598e-06
-9.29175e-06
1.19214e-06
-1.00068e-05
-1.26346e-06
-1.04464e-05
-4.68016e-06
-1.02594e-05
-8.97764e-06
-8.98064e-06
-1.35454e-05
-6.24672e-06
-1.68352e-05
-2.46804e-06
-1.59879e-05
-7.60537e-06
-6.80532e-07
3.40078e-06
-1.8021e-06
7.04027e-06
-2.85702e-06
8.41159e-06
-3.68972e-06
8.54074e-06
-4.30463e-06
8.11492e-06
-4.74845e-06
7.49143e-06
-5.07228e-06
6.8358e-06
-5.32426e-06
6.21055e-06
-5.55054e-06
5.61724e-06
-5.7978e-06
5.00963e-06
-6.11435e-06
4.28843e-06
-6.54701e-06
3.28864e-06
-7.129e-06
1.77414e-06
-7.85171e-06
-5.40753e-07
-8.61137e-06
-3.92051e-06
-9.12527e-06
-8.46374e-06
-8.84181e-06
-1.38289e-05
-6.99741e-06
-1.86796e-05
-3.29819e-06
-1.96871e-05
-1.09036e-05
-9.9512e-07
4.3959e-06
-2.32576e-06
8.3709e-06
-3.30829e-06
9.39412e-06
-3.8696e-06
9.10206e-06
-4.10548e-06
8.3508e-06
-4.11424e-06
7.50019e-06
-3.97245e-06
6.69402e-06
-3.7393e-06
5.9774e-06
-3.4645e-06
5.34244e-06
-3.19706e-06
4.7422e-06
-2.99479e-06
4.08616e-06
-2.93276e-06
3.22661e-06
-3.10579e-06
1.94717e-06
-3.61372e-06
-3.2822e-08
-4.51072e-06
-3.02351e-06
-5.69099e-06
-7.28347e-06
-6.68417e-06
-1.28357e-05
-6.45367e-06
-1.89101e-05
-3.81276e-06
-2.2328e-05
-1.47163e-05
-1.55338e-06
5.94928e-06
-3.02593e-06
9.84345e-06
-3.59589e-06
9.96408e-06
-3.48825e-06
8.99441e-06
-2.98159e-06
7.84414e-06
-2.25158e-06
6.77018e-06
-1.40375e-06
5.84619e-06
-5.04307e-07
5.07796e-06
4.00961e-07
4.43717e-06
1.27112e-06
3.87204e-06
2.05365e-06
3.30363e-06
2.66653e-06
2.61372e-06
2.98182e-06
1.63188e-06
2.82014e-06
1.28856e-07
1.97629e-06
-2.17966e-06
3.16239e-07
-5.62342e-06
-1.96808e-06
-1.05514e-05
-3.87137e-06
-1.70068e-05
-3.42656e-06
-2.27728e-05
-1.81429e-05
-2.4735e-06
8.42277e-06
-3.47354e-06
1.08435e-05
-2.71501e-06
9.20555e-06
-1.18597e-06
7.46538e-06
5.84868e-07
6.0733e-06
2.38672e-06
4.96833e-06
4.13109e-06
4.10182e-06
5.77882e-06
3.43022e-06
7.31304e-06
2.90295e-06
8.71977e-06
2.46532e-06
9.9689e-06
2.0545e-06
1.09932e-05
1.58943e-06
1.16647e-05
9.6032e-07
1.17737e-05
1.98988e-08
1.10212e-05
-1.42721e-06
9.0573e-06
-3.65947e-06
5.66327e-06
-7.15737e-06
1.38184e-06
-1.27254e-05
-1.48176e-06
-1.99092e-05
-1.96246e-05
-2.89432e-06
1.13171e-05
-5.54786e-07
8.50396e-06
3.33236e-06
5.31841e-06
6.9913e-06
3.80643e-06
1.01919e-05
2.87272e-06
1.29701e-05
2.1901e-06
1.53758e-05
1.69615e-06
1.74618e-05
1.34418e-06
1.92774e-05
1.08741e-06
2.08555e-05
8.87214e-07
2.22008e-05
7.09188e-07
2.32742e-05
5.16024e-07
2.39722e-05
2.6233e-07
2.4101e-05
-1.08938e-07
2.33466e-05
-6.72775e-07
2.12422e-05
-1.55506e-06
1.71688e-05
-3.08398e-06
1.06863e-05
-6.24291e-06
3.09788e-06
-1.23208e-05
-1.65267e-05
1.13171e-05
1.98211e-05
2.51395e-05
2.89459e-05
3.18186e-05
3.40087e-05
3.57049e-05
3.70491e-05
3.81365e-05
3.90237e-05
3.97329e-05
4.02489e-05
4.05112e-05
4.04023e-05
3.97295e-05
3.81744e-05
3.50905e-05
2.88476e-05
1.65267e-05
)
;

boundaryField
{
    movingWall
    {
        type            calculated;
        value           uniform 0;
    }
    fixedWalls
    {
        type            calculated;
        value           uniform 0;
    }
    frontAndBack
    {
        type            empty;
        value           nonuniform 0();
    }
}


// ************************************************************************* //
