/*--------------------------------*- C++ -*----------------------------------*\
  =========                 |
  \\      /  F ield         | OpenFOAM: The Open Source CFD Toolbox
   \\    /   O peration     | Website:  https://openfoam.org
    \\  /    A nd           | Version:  6
     \\/     M anipulation  |
\*---------------------------------------------------------------------------*/
FoamFile
{
    version     2.0;
    format      ascii;
    class       volScalarField;
    location    "0.06";
    object      p;
}
// * * * * * * * * * * * * * * * * * * * * * * * * * * * * * * * * * * * * * //

dimensions      [0 2 -2 0 0 0 0];

internalField   nonuniform List<scalar> 
400
(
1.84778e-08
-0.000761838
-0.00135676
-0.00142436
-0.000865679
0.000318535
0.00207357
0.00431525
0.00694258
0.00984054
0.0128794
0.0159144
0.0187872
0.0213315
0.0233832
0.0247992
0.0254876
0.0254465
0.0248122
0.0240046
0.000755926
-2.93666e-05
-0.000460752
-0.000391307
0.000196114
0.00131005
0.00292024
0.00496427
0.00735834
0.0100007
0.012773
0.0155418
0.0181623
0.0204856
0.0223701
0.023699
0.024408
0.0245042
0.0240377
0.0232076
0.00139188
0.000352658
-0.000122624
-2.98528e-05
0.000558344
0.00163861
0.00318575
0.00514563
0.00744362
0.00998633
0.0126621
0.015343
0.0178889
0.0201548
0.0220019
0.0233153
0.0240303
0.0241406
0.0236104
0.0225075
0.00155942
0.000222079
-0.000378996
-0.000316741
0.000266055
0.00134975
0.00290576
0.0048807
0.0072034
0.00978418
0.0125137
0.0152638
0.0178909
0.020243
0.0221697
0.0235409
0.0242761
0.0243483
0.0236598
0.0222258
0.00111546
-0.000502432
-0.00123878
-0.00121176
-0.000618066
0.000508556
0.00213462
0.0042052
0.00664994
0.00938027
0.0122861
0.0152353
0.018075
0.0206377
0.0227518
0.0242606
0.0250582
0.0250949
0.0242277
0.0224594
-3.27951e-05
-0.00193279
-0.00280649
-0.00280413
-0.00217043
-0.000952451
0.000810639
0.00306106
0.00572801
0.00872264
0.0119325
0.0152182
0.0184136
0.0213283
0.0237587
0.0255088
0.0264357
0.0264596
0.0253953
0.023254
-0.00197084
-0.00418639
-0.00520498
-0.00520947
-0.00449785
-0.00313271
-0.00116022
0.0013582
0.00435106
0.00772948
0.0113786
0.0151517
0.0188655
0.0223009
0.0252104
0.0273426
0.0284984
0.0285518
0.0272604
0.0246504
-0.0048056
-0.0074016
-0.0085793
-0.00856675
-0.00773172
-0.0061579
-0.0039006
-0.00102519
0.00239736
0.00628035
0.0105095
0.0149328
0.019351
0.0235116
0.0271112
0.0298212
0.0313579
0.0315171
0.0299582
0.0267155
-0.00868881
-0.011762
-0.013118
-0.0130558
-0.0120425
-0.0101923
-0.0075726
-0.00425258
-0.000300066
0.00420507
0.00915547
0.0144013
0.0197334
0.0248674
0.0294341
0.033001
0.0351568
0.035563
0.0336988
0.0295727
-0.0138392
-0.0175201
-0.0190714
-0.0189095
-0.0176469
-0.0154429
-0.0123801
-0.00853105
-0.00395649
0.00127742
0.00708069
0.0133197
0.0197916
0.0261922
0.0320858
0.036909
0.0400644
0.0409846
0.0388158
0.0334522
-0.0205754
-0.0250286
-0.0267733
-0.026424
-0.024811
-0.0221567
-0.0185624
-0.0141026
-0.00882673
-0.00277896
0.0039822
0.0113614
0.0191917
0.0271824
0.0348525
0.0414943
0.0462544
0.04819
0.0458437
0.0387888
-0.0293767
-0.0347907
-0.036668
-0.0359678
-0.0338448
-0.0306056
-0.0263705
-0.0212139
-0.0151705
-0.0082552
-0.00047957
0.00812808
0.0174836
0.0273733
0.0373365
0.0465516
0.0538526
0.0577167
0.0556326
0.0464206
-0.0410002
-0.0475397
-0.0493428
-0.0479773
-0.0450752
-0.0410412
-0.0360068
-0.0300425
-0.0231672
-0.0153631
-0.00658269
0.00324324
0.0141737
0.0261721
0.038933
0.051647
0.0628575
0.0702276
0.0695148
0.057966
-0.0567161
-0.0643683
-0.065548
-0.062912
-0.058762
-0.0535841
-0.0474934
-0.0405476
-0.0327494
-0.0240505
-0.0143391
-0.00342529
0.00895369
0.0230638
0.0389681
0.0561524
0.0730912
0.0864978
0.0895451
0.0765229
-0.0787915
-0.0869178
-0.0861426
-0.0810859
-0.0748802
-0.0679811
-0.0604195
-0.0522143
-0.0433443
-0.0337287
-0.0231908
-0.0114086
0.00212532
0.0180921
0.037175
0.0596064
0.0843566
0.107446
0.118792
0.107781
-0.111426
-0.117584
-0.111833
-0.102257
-0.0926715
-0.0831716
-0.0735547
-0.0637288
-0.0536023
-0.0430321
-0.0317584
-0.0193182
-0.00494515
0.0125131
0.0345534
0.0626512
0.097171
0.134444
0.161567
0.161224
-0.162646
-0.159528
-0.142576
-0.124999
-0.110056
-0.0968126
-0.0845426
-0.072843
-0.0614076
-0.0499341
-0.0380183
-0.0250217
-0.00990685
0.00896001
0.0339672
0.0681694
0.114225
0.170553
0.224425
0.251992
-0.251084
-0.215908
-0.175406
-0.14502
-0.122555
-0.104771
-0.0898773
-0.076706
-0.0644516
-0.0525053
-0.0402428
-0.0268107
-0.010879
0.00968511
0.0382176
0.079569
0.139424
0.220966
0.320075
0.411578
-0.430114
-0.285634
-0.19424
-0.147772
-0.119358
-0.0994494
-0.0844798
-0.0720955
-0.0608107
-0.0497298
-0.0381035
-0.0249767
-0.00885529
0.0127508
0.0440257
0.0918188
0.166244
0.281045
0.462077
0.708067
-0.769933
-0.346593
-0.167998
-0.113528
-0.0898369
-0.0756207
-0.0661809
-0.0585405
-0.0509746
-0.0427124
-0.0332429
-0.0218496
-0.00726322
0.0128046
0.0425022
0.0896103
0.169415
0.313984
0.607382
1.14557
)
;

boundaryField
{
    movingWall
    {
        type            zeroGradient;
    }
    fixedWalls
    {
        type            zeroGradient;
    }
    frontAndBack
    {
        type            empty;
    }
}


// ************************************************************************* //
