/*--------------------------------*- C++ -*----------------------------------*\
  =========                 |
  \\      /  F ield         | OpenFOAM: The Open Source CFD Toolbox
   \\    /   O peration     | Website:  https://openfoam.org
    \\  /    A nd           | Version:  6
     \\/     M anipulation  |
\*---------------------------------------------------------------------------*/
FoamFile
{
    version     2.0;
    format      ascii;
    class       surfaceScalarField;
    location    "0.04";
    object      phi;
}
// * * * * * * * * * * * * * * * * * * * * * * * * * * * * * * * * * * * * * //

dimensions      [0 3 -1 0 0 0 0];

internalField   nonuniform List<scalar> 
760
(
1.45244e-09
-1.45251e-09
-3.89238e-08
4.03762e-08
-1.14377e-07
7.54535e-08
-2.08703e-07
9.43256e-08
-3.07887e-07
9.91849e-08
-4.01343e-07
9.34549e-08
-4.81562e-07
8.02193e-08
-5.43429e-07
6.18667e-08
-5.83507e-07
4.00777e-08
-5.99551e-07
1.60445e-08
-5.90304e-07
-9.24709e-09
-5.55553e-07
-3.47511e-08
-4.9643e-07
-5.9123e-08
-4.15919e-07
-8.05115e-08
-3.19512e-07
-9.64061e-08
-2.15876e-07
-1.03636e-07
-1.1721e-07
-9.86668e-08
-3.89821e-08
-7.82273e-08
2.04019e-09
-4.10223e-08
2.04025e-09
-3.93937e-08
3.79412e-08
-1.6117e-07
1.62152e-07
-3.47025e-07
2.61309e-07
-5.68906e-07
3.16206e-07
-7.99553e-07
3.29832e-07
-1.01651e-06
3.10408e-07
-1.20281e-06
2.66521e-07
-1.34635e-06
2.05409e-07
-1.43884e-06
1.32567e-07
-1.47496e-06
5.21689e-08
-1.452e-06
-3.22138e-08
-1.3699e-06
-1.16849e-07
-1.23189e-06
-1.97135e-07
-1.04539e-06
-2.67009e-07
-8.2318e-07
-3.18616e-07
-5.84307e-07
-3.42509e-07
-3.54143e-07
-3.2883e-07
-1.62609e-07
-2.69762e-07
-3.88969e-08
-1.64734e-07
-3.68567e-08
-7.71964e-08
1.15138e-07
-2.71994e-07
3.5695e-07
-5.48281e-07
5.37596e-07
-8.67846e-07
6.35771e-07
-1.1952e-06
6.57187e-07
-1.50093e-06
6.16137e-07
-1.76249e-06
5.28077e-07
-1.96352e-06
4.06444e-07
-2.09274e-06
2.61786e-07
-2.14291e-06
1.02336e-07
-2.11036e-06
-6.47614e-08
-1.99513e-06
-2.32079e-07
-1.80168e-06
-3.90589e-07
-1.54009e-06
-5.286e-07
-1.22748e-06
-6.3122e-07
-8.89092e-07
-6.80898e-07
-5.58197e-07
-6.59726e-07
-2.7397e-07
-5.53988e-07
-7.6407e-08
-3.62297e-07
-1.13264e-07
-1.06343e-07
2.21481e-07
-3.63925e-07
6.14532e-07
-7.1877e-07
8.92441e-07
-1.12134e-06
1.03834e-06
-1.52864e-06
1.06449e-06
-1.90606e-06
9.93563e-07
-2.22745e-06
8.49466e-07
-2.47395e-06
6.52945e-07
-2.63254e-06
4.20374e-07
-2.6948e-06
1.64596e-07
-2.65631e-06
-1.03253e-07
-2.51677e-06
-3.71614e-07
-2.28092e-06
-6.26439e-07
-1.96003e-06
-8.49496e-07
-1.57371e-06
-1.01753e-06
-1.1515e-06
-1.10312e-06
-7.3312e-07
-1.0781e-06
-3.66815e-07
-9.20294e-07
-1.05072e-07
-6.2404e-07
-2.18336e-07
-1.30849e-07
3.5233e-07
-4.4572e-07
9.29403e-07
-8.74257e-07
1.32098e-06
-1.35473e-06
1.51881e-06
-1.83621e-06
1.54596e-06
-2.27924e-06
1.43659e-06
-2.65489e-06
1.22512e-06
-2.94278e-06
9.40837e-07
-3.12895e-06
6.06547e-07
-3.20423e-06
2.39873e-07
-3.16338e-06
-1.44107e-07
-3.00523e-06
-5.29764e-07
-2.7338e-06
-8.97865e-07
-2.36031e-06
-1.22299e-06
-1.90572e-06
-1.47213e-06
-1.40313e-06
-1.6057e-06
-8.99068e-07
-1.58217e-06
-4.52277e-07
-1.36708e-06
-1.29668e-07
-9.46649e-07
-3.48004e-07
-1.55078e-07
5.07408e-07
-5.28606e-07
1.30293e-06
-1.0337e-06
1.82607e-06
-1.59516e-06
2.08027e-06
-2.15315e-06
2.10395e-06
-2.66322e-06
1.94667e-06
-3.09411e-06
1.65601e-06
-3.42457e-06
1.2713e-06
-3.64033e-06
8.22305e-07
-3.73174e-06
3.3129e-07
-3.69261e-06
-1.8324e-07
-3.52021e-06
-7.02167e-07
-3.21672e-06
-1.20135e-06
-2.79196e-06
-1.64774e-06
-2.2671e-06
-1.997e-06
-1.6785e-06
-2.1943e-06
-1.0804e-06
-2.18027e-06
-5.44563e-07
-1.90292e-06
-1.55457e-07
-1.33575e-06
-5.03461e-07
-1.82957e-07
6.90366e-07
-6.23581e-07
1.74355e-06
-1.21566e-06
2.41815e-06
-1.8681e-06
2.73272e-06
-2.51086e-06
2.74671e-06
-3.09424e-06
2.53004e-06
-3.58514e-06
2.14691e-06
-3.96231e-06
1.64847e-06
-4.21192e-06
1.07192e-06
-4.32428e-06
4.43651e-07
-4.29206e-06
-2.15464e-07
-4.11017e-06
-8.84059e-07
-3.77752e-06
-1.534e-06
-3.30072e-06
-2.12455e-06
-2.69941e-06
-2.59831e-06
-2.01243e-06
-2.88127e-06
-1.3028e-06
-2.8899e-06
-6.58701e-07
-2.54702e-06
-1.8758e-07
-1.80688e-06
-6.91041e-07
-2.18183e-07
9.08548e-07
-7.41201e-07
2.26657e-06
-1.43756e-06
3.11451e-06
-2.19637e-06
3.49152e-06
-2.93568e-06
3.48602e-06
-3.60063e-06
3.19499e-06
-4.15736e-06
2.70363e-06
-4.58598e-06
2.07709e-06
-4.87436e-06
1.3603e-06
-5.01352e-06
5.82817e-07
-4.99504e-06
-2.3395e-07
-4.81057e-06
-1.06853e-06
-4.4539e-06
-1.89067e-06
-3.92573e-06
-2.65271e-06
-3.2413e-06
-3.28274e-06
-2.43984e-06
-3.68272e-06
-1.59349e-06
-3.73626e-06
-8.11076e-07
-3.32943e-06
-2.31579e-07
-2.38637e-06
-9.2262e-07
-2.64645e-07
1.17319e-06
-8.92172e-07
2.8941e-06
-1.71598e-06
3.93831e-06
-2.59971e-06
4.37526e-06
-3.44785e-06
4.33416e-06
-4.20116e-06
3.94831e-06
-4.8271e-06
3.32957e-06
-5.30952e-06
2.55951e-06
-5.64005e-06
1.69083e-06
-5.81181e-06
7.54571e-07
-5.81568e-06
-2.30074e-07
-5.6393e-06
-1.24491e-06
-5.26907e-06
-2.2609e-06
-4.69604e-06
-3.22574e-06
-3.92626e-06
-4.05252e-06
-2.995e-06
-4.61399e-06
-1.98188e-06
-4.74938e-06
-1.02073e-06
-4.29058e-06
-2.94232e-07
-3.11287e-06
-1.21685e-06
-3.27063e-07
1.50026e-06
-1.08823e-06
3.65527e-06
-2.06685e-06
4.91693e-06
-3.09377e-06
5.40218e-06
-4.05876e-06
5.29914e-06
-4.90065e-06
4.7902e-06
-5.59189e-06
4.02081e-06
-6.12382e-06
3.09144e-06
-6.49497e-06
2.06198e-06
-6.70283e-06
9.62424e-07
-6.73874e-06
-1.94158e-07
-6.58595e-06
-1.3977e-06
-6.22114e-06
-2.62571e-06
-5.621e-06
-3.82589e-06
-4.77531e-06
-4.89821e-06
-3.70732e-06
-5.68198e-06
-2.49859e-06
-5.95811e-06
-1.3103e-06
-5.47886e-06
-3.8453e-07
-4.03864e-06
-1.60138e-06
-4.11754e-07
1.91201e-06
-1.34273e-06
4.58624e-06
-2.50429e-06
6.0785e-06
-3.68605e-06
6.58394e-06
-4.76402e-06
6.37712e-06
-5.68029e-06
5.70647e-06
-6.41841e-06
4.75892e-06
-6.98266e-06
3.65569e-06
-7.38287e-06
2.46219e-06
-7.62418e-06
1.20373e-06
-7.70055e-06
-1.1779e-07
-7.59146e-06
-1.50679e-06
-7.26228e-06
-2.95489e-06
-6.67032e-06
-4.41784e-06
-5.7799e-06
-5.78863e-06
-4.58932e-06
-6.87256e-06
-3.16949e-06
-7.37794e-06
-1.7052e-06
-6.94316e-06
-5.14565e-07
-5.22928e-06
-2.11595e-06
-5.27642e-07
2.43965e-06
-1.67036e-06
5.72896e-06
-3.0363e-06
7.44444e-06
-4.3665e-06
7.91414e-06
-5.52915e-06
7.53976e-06
-6.47944e-06
6.65677e-06
-7.22135e-06
5.50083e-06
-7.77942e-06
4.21376e-06
-8.18014e-06
2.86292e-06
-8.44036e-06
1.46395e-06
-8.55989e-06
1.73384e-09
-8.51678e-06
-1.54989e-06
-8.26551e-06
-3.20616e-06
-7.74058e-06
-4.94277e-06
-6.87094e-06
-6.65827e-06
-5.61209e-06
-8.13141e-06
-4.00102e-06
-8.98901e-06
-2.22883e-06
-8.71535e-06
-7.00103e-07
-6.758e-06
-2.81605e-06
-6.87833e-07
3.12748e-06
-2.08525e-06
7.12637e-06
-3.65501e-06
9.01421e-06
-5.08916e-06
9.34828e-06
-6.2642e-06
8.7148e-06
-7.16577e-06
7.55833e-06
-7.83131e-06
6.16638e-06
-8.31401e-06
4.69645e-06
-8.66223e-06
3.21114e-06
-8.90835e-06
1.71008e-06
-9.0619e-06
1.55282e-07
-9.10393e-06
-1.50786e-06
-8.98217e-06
-3.32792e-06
-8.60952e-06
-5.31542e-06
-7.87293e-06
-7.39486e-06
-6.66485e-06
-9.3395e-06
-4.95232e-06
-1.07015e-05
-2.89134e-06
-1.07763e-05
-9.60595e-07
-8.68875e-06
-3.77664e-06
-9.12439e-07
4.03992e-06
-2.59571e-06
8.80964e-06
-4.31675e-06
1.07353e-05
-5.73911e-06
1.07706e-05
-6.78303e-06
9.75872e-06
-7.49194e-06
8.26724e-06
-7.95257e-06
6.62701e-06
-8.25373e-06
4.99762e-06
-8.46802e-06
3.42542e-06
-8.64464e-06
1.8867e-06
-8.80572e-06
3.16361e-07
-8.94137e-06
-1.37221e-06
-9.00184e-06
-3.26745e-06
-8.88823e-06
-5.42903e-06
-8.44899e-06
-7.83411e-06
-7.499e-06
-1.02895e-05
-5.89018e-06
-1.23104e-05
-3.66719e-06
-1.29993e-05
-1.31765e-06
-1.10383e-05
-5.0943e-06
-1.2323e-06
5.27222e-06
-3.18914e-06
1.07665e-05
-4.90113e-06
1.24472e-05
-6.07506e-06
1.19446e-05
-6.74177e-06
1.04254e-05
-7.03931e-06
8.56478e-06
-7.11688e-06
6.70458e-06
-7.09875e-06
4.97949e-06
-7.07629e-06
3.40297e-06
-7.11053e-06
1.92093e-06
-7.2352e-06
4.4104e-07
-7.45521e-06
-1.1522e-06
-7.73735e-06
-2.98531e-06
-7.99246e-06
-5.17392e-06
-8.05304e-06
-7.77352e-06
-7.66314e-06
-1.06794e-05
-6.52165e-06
-1.34519e-05
-4.45079e-06
-1.50702e-05
-1.78677e-06
-1.37023e-05
-6.88107e-06
-1.68445e-06
6.95667e-06
-3.78141e-06
1.28634e-05
-5.11968e-06
1.37855e-05
-5.62737e-06
1.24523e-05
-5.55045e-06
1.03485e-05
-5.15457e-06
8.1689e-06
-4.64747e-06
6.19748e-06
-4.17083e-06
4.50285e-06
-3.81514e-06
3.04728e-06
-3.63784e-06
1.74363e-06
-3.67619e-06
4.79389e-07
-3.95168e-06
-8.76713e-07
-4.46288e-06
-2.47412e-06
-5.16248e-06
-4.47432e-06
-5.91508e-06
-7.02093e-06
-6.44269e-06
-1.01518e-05
-6.29734e-06
-1.35972e-05
-4.9645e-06
-1.6403e-05
-2.34211e-06
-1.63247e-05
-9.22318e-06
-2.26136e-06
9.21803e-06
-4.04963e-06
1.46517e-05
-4.30185e-06
1.40377e-05
-3.51367e-06
1.16641e-05
-2.25186e-06
9.08671e-06
-8.94026e-07
6.81107e-06
3.43072e-07
4.96038e-06
1.34918e-06
3.49674e-06
2.07264e-06
2.32381e-06
2.48588e-06
1.33039e-06
2.56395e-06
4.01322e-07
2.27408e-06
-5.86843e-07
1.57678e-06
-1.77682e-06
4.44819e-07
-3.34235e-06
-1.08675e-06
-5.48935e-06
-2.82441e-06
-8.41411e-06
-4.28012e-06
-1.21415e-05
-4.57985e-06
-1.61033e-05
-2.80912e-06
-1.80954e-05
-1.20323e-05
-2.69366e-06
1.19117e-05
-2.92851e-06
1.48866e-05
-9.0443e-07
1.20137e-05
1.88335e-06
8.87631e-06
4.62389e-06
6.34617e-06
6.99017e-06
4.44479e-06
8.8836e-06
3.06695e-06
1.03059e-05
2.07446e-06
1.12908e-05
1.33888e-06
1.18672e-05
7.53991e-07
1.20392e-05
2.29386e-07
1.17745e-05
-3.22213e-07
1.09988e-05
-1.00105e-06
9.5979e-06
-1.9415e-06
7.44806e-06
-3.33951e-06
4.50931e-06
-5.47537e-06
1.04531e-06
-8.6775e-06
-1.98164e-06
-1.30763e-05
-2.61513e-06
-1.74619e-05
-1.46474e-05
-1.26701e-06
1.31787e-05
2.99084e-06
1.06287e-05
8.51037e-06
6.49413e-06
1.33263e-05
4.0604e-06
1.70904e-05
2.582e-06
1.98925e-05
1.64273e-06
2.19127e-05
1.04673e-06
2.33229e-05
6.64256e-07
2.42546e-05
4.07207e-07
2.47908e-05
2.17788e-07
2.49647e-05
5.54867e-08
2.47563e-05
-1.13844e-07
2.40834e-05
-3.28095e-07
2.27842e-05
-6.42381e-07
2.05979e-05
-1.15314e-06
1.71687e-05
-2.04616e-06
1.21757e-05
-3.68449e-06
5.8101e-06
-6.71075e-06
1.00308e-07
-1.17522e-05
-1.45471e-05
1.31787e-05
2.38074e-05
3.03015e-05
3.43619e-05
3.69439e-05
3.85867e-05
3.96334e-05
4.02977e-05
4.07049e-05
4.09226e-05
4.09781e-05
4.08643e-05
4.05362e-05
3.98938e-05
3.87407e-05
3.66945e-05
3.301e-05
2.62993e-05
1.45471e-05
)
;

boundaryField
{
    movingWall
    {
        type            calculated;
        value           uniform 0;
    }
    fixedWalls
    {
        type            calculated;
        value           uniform 0;
    }
    frontAndBack
    {
        type            empty;
        value           nonuniform 0();
    }
}


// ************************************************************************* //
