/*--------------------------------*- C++ -*----------------------------------*\
  =========                 |
  \\      /  F ield         | OpenFOAM: The Open Source CFD Toolbox
   \\    /   O peration     | Website:  https://openfoam.org
    \\  /    A nd           | Version:  6
     \\/     M anipulation  |
\*---------------------------------------------------------------------------*/
FoamFile
{
    version     2.0;
    format      ascii;
    class       volVectorField;
    location    "0.025";
    object      U;
}
// * * * * * * * * * * * * * * * * * * * * * * * * * * * * * * * * * * * * * //

dimensions      [0 1 -1 0 0 0 0];

internalField   nonuniform List<vector> 
400
(
(8.26919e-05 -8.23015e-05 0)
(-0.000256762 0.000245499 0)
(-0.00147636 0.000537493 0)
(-0.00324747 0.000690117 0)
(-0.00523051 0.000725988 0)
(-0.00717639 0.000679072 0)
(-0.00890894 0.000577178 0)
(-0.0103089 0.000440262 0)
(-0.0112989 0.000281362 0)
(-0.0118303 0.000108966 0)
(-0.0118754 -7.05036e-05 0)
(-0.0114246 -0.000250633 0)
(-0.010489 -0.00042321 0)
(-0.00910684 -0.000576406 0)
(-0.00735428 -0.000692894 0)
(-0.0053599 -0.000748536 0)
(-0.00331764 -0.000712914 0)
(-0.00149688 -0.000552576 0)
(-0.000252246 -0.000249576 0)
(8.80397e-05 8.54317e-05 0)
(-0.000229811 0.000240008 0)
(-0.00170472 0.00171382 0)
(-0.00489523 0.00292967 0)
(-0.00911613 0.0035864 0)
(-0.0137231 0.00373609 0)
(-0.0182214 0.00349559 0)
(-0.0222292 0.00297775 0)
(-0.0254714 0.00227301 0)
(-0.0277623 0.0014471 0)
(-0.0289838 0.000547521 0)
(-0.0290708 -0.000387315 0)
(-0.0280052 -0.0013193 0)
(-0.025821 -0.00220244 0)
(-0.0226164 -0.00297521 0)
(-0.0185745 -0.00355407 0)
(-0.0139872 -0.00383145 0)
(-0.00926866 -0.003684 0)
(-0.00495114 -0.00299693 0)
(-0.00170667 -0.00173602 0)
(-0.000223545 -0.000231405 0)
(-0.000529293 0.00143798 0)
(-0.00303498 0.0049242 0)
(-0.00788182 0.00758773 0)
(-0.014006 0.00902028 0)
(-0.0205479 0.00931118 0)
(-0.0268741 0.00869002 0)
(-0.0324852 0.00739918 0)
(-0.0370134 0.00564489 0)
(-0.0402073 0.00358545 0)
(-0.0419062 0.001341 0)
(-0.0420216 -0.0009886 0)
(-0.0405301 -0.00330443 0)
(-0.0374792 -0.00548998 0)
(-0.033003 -0.0073944 0)
(-0.0273486 -0.0088204 0)
(-0.0209047 -0.00952429 0)
(-0.0142128 -0.00924054 0)
(-0.00795682 -0.00774329 0)
(-0.00303601 -0.00498059 0)
(-0.000520203 -0.00142475 0)
(-0.00074493 0.00330085 0)
(-0.00409309 0.00948639 0)
(-0.0103655 0.0139196 0)
(-0.0181115 0.0162312 0)
(-0.0262578 0.0166112 0)
(-0.0340592 0.01544 0)
(-0.0409365 0.0131194 0)
(-0.046466 0.00999614 0)
(-0.0503602 0.0063413 0)
(-0.0524355 0.00236394 0)
(-0.0525892 -0.00176069 0)
(-0.0507916 -0.00585923 0)
(-0.0470916 -0.00972877 0)
(-0.041637 -0.0131089 0)
(-0.0347074 -0.0156628 0)
(-0.0267508 -0.0169795 0)
(-0.0184002 -0.016616 0)
(-0.01047 -0.0141951 0)
(-0.00409191 -0.00958843 0)
(-0.000730527 -0.00327735 0)
(-0.000913738 0.00566368 0)
(-0.00500402 0.0151685 0)
(-0.0126018 0.0216639 0)
(-0.0218741 0.0249216 0)
(-0.031518 0.025313 0)
(-0.040673 0.0234237 0)
(-0.048692 0.0198504 0)
(-0.0551145 0.0151029 0)
(-0.0596353 0.00957826 0)
(-0.0620611 0.00358132 0)
(-0.062281 -0.00263406 0)
(-0.060255 -0.0088173 0)
(-0.0560209 -0.0146737 0)
(-0.0497207 -0.0198218 0)
(-0.0416435 -0.0237647 0)
(-0.0322771 -0.025892 0)
(-0.022339 -0.0255382 0)
(-0.0127873 -0.0221153 0)
(-0.00501693 -0.0153418 0)
(-0.00089526 -0.00562617 0)
(-0.00107708 0.0084799 0)
(-0.00592442 0.021942 0)
(-0.014907 0.0308277 0)
(-0.0257839 0.0351097 0)
(-0.0369921 0.0354247 0)
(-0.0475412 0.0326331 0)
(-0.056719 0.0275747 0)
(-0.0640402 0.0209509 0)
(-0.0691969 0.0132976 0)
(-0.0719979 0.00501728 0)
(-0.0723283 -0.003562 0)
(-0.0701325 -0.0121181 0)
(-0.0654233 -0.0202663 0)
(-0.0583156 -0.027496 0)
(-0.0490851 -0.0331266 0)
(-0.0382444 -0.0363046 0)
(-0.0265974 -0.0360768 0)
(-0.0152751 -0.0315637 0)
(-0.00598862 -0.0222496 0)
(-0.00105965 -0.0084361 0)
(-0.00126998 0.0117912 0)
(-0.00700213 0.0299244 0)
(-0.0175915 0.0415711 0)
(-0.0303104 0.046957 0)
(-0.0432851 0.0470808 0)
(-0.0553779 0.0431662 0)
(-0.0658149 0.0363595 0)
(-0.0741022 0.0275899 0)
(-0.0799481 0.0175451 0)
(-0.0831785 0.00672146 0)
(-0.0836802 -0.00449156 0)
(-0.081377 -0.015716 0)
(-0.0762386 -0.0264874 0)
(-0.068325 -0.0361628 0)
(-0.0578674 -0.0438508 0)
(-0.0453787 -0.0483965 0)
(-0.0317471 -0.0484688 0)
(-0.0183108 -0.0427849 0)
(-0.00718318 -0.0304946 0)
(-0.00126376 -0.0117725 0)
(-0.00152503 0.015717 0)
(-0.00838048 0.0393762 0)
(-0.0209561 0.0542018 0)
(-0.0358926 0.0607475 0)
(-0.0509309 0.0605053 0)
(-0.0647715 0.0551808 0)
(-0.0765935 0.04631 0)
(-0.0859233 0.035094 0)
(-0.0925158 0.0223843 0)
(-0.0962375 0.00876018 0)
(-0.0969881 -0.00535272 0)
(-0.0946658 -0.0195498 0)
(-0.0891752 -0.0333111 0)
(-0.0804823 -0.0458669 0)
(-0.0687246 -0.056088 0)
(-0.0543691 -0.0624444 0)
(-0.0383665 -0.0631021 0)
(-0.0222925 -0.0562135 0)
(-0.00878753 -0.0404426 0)
(-0.00154869 -0.0157956 0)
(-0.00187905 0.0204557 0)
(-0.0102151 0.0507059 0)
(-0.0253108 0.0691696 0)
(-0.04295 0.0768646 0)
(-0.060391 0.075972 0)
(-0.0761703 0.0688458 0)
(-0.0894585 0.05752 0)
(-0.0998532 0.0435201 0)
(-0.107206 0.0278688 0)
(-0.11146 0.0112055 0)
(-0.112548 -0.00604935 0)
(-0.110342 -0.0235137 0)
(-0.104654 -0.0406563 0)
(-0.0953047 -0.0566053 0)
(-0.0822615 -0.0699745 0)
(-0.0658624 -0.0787726 0)
(-0.0470582 -0.0804928 0)
(-0.0276696 -0.0724808 0)
(-0.0110257 -0.0526649 0)
(-0.00196619 -0.0207732 0)
(-0.00238241 0.0262996 0)
(-0.0126972 0.0644787 0)
(-0.0309962 0.0870481 0)
(-0.0518833 0.0957411 0)
(-0.0720229 0.0937332 0)
(-0.0898185 0.0842609 0)
(-0.10451 0.0699956 0)
(-0.115852 0.0528436 0)
(-0.123867 0.0339967 0)
(-0.12863 0.0141132 0)
(-0.13014 -0.00645472 0)
(-0.128246 -0.0274228 0)
(-0.122643 -0.0483241 0)
(-0.112941 -0.0682393 0)
(-0.098833 -0.085531 0)
(-0.0803899 -0.0976587 0)
(-0.0584298 -0.101223 0)
(-0.0349642 -0.0924034 0)
(-0.0141904 -0.0679705 0)
(-0.00259205 -0.0271116 0)
(-0.00311183 0.0336663 0)
(-0.0160779 0.0814331 0)
(-0.0383854 0.108497 0)
(-0.0630222 0.117771 0)
(-0.0859631 0.113903 0)
(-0.105578 0.101335 0)
(-0.121319 0.083544 0)
(-0.133228 0.0628678 0)
(-0.141601 0.0406436 0)
(-0.146721 0.0174832 0)
(-0.148693 -0.00642013 0)
(-0.147365 -0.0309863 0)
(-0.142299 -0.0559265 0)
(-0.132828 -0.0803791 0)
(-0.11824 -0.10251 0)
(-0.0981387 -0.11917 0)
(-0.0729669 -0.125809 0)
(-0.0447437 -0.116929 0)
(-0.0186682 -0.0874375 0)
(-0.00354324 -0.0354102 0)
(-0.00418906 0.0431509 0)
(-0.0206874 0.102483 0)
(-0.0478361 0.134163 0)
(-0.0764654 0.14314 0)
(-0.101851 0.136259 0)
(-0.12256 0.119596 0)
(-0.13849 0.0976118 0)
(-0.150157 0.0730949 0)
(-0.158254 0.0474667 0)
(-0.163353 0.0211939 0)
(-0.165725 -0.00580697 0)
(-0.165246 -0.0337959 0)
(-0.161355 -0.0628195 0)
(-0.153071 -0.0922435 0)
(-0.139146 -0.12018 0)
(-0.118464 -0.142894 0)
(-0.0907054 -0.15444 0)
(-0.0574826 -0.146969 0)
(-0.0249421 -0.112405 0)
(-0.00500059 -0.0465379 0)
(-0.0058116 0.055606 0)
(-0.0269454 0.128669 0)
(-0.0595457 0.164457 0)
(-0.0917287 0.171501 0)
(-0.1183 0.159913 0)
(-0.138474 0.13791 0)
(-0.152955 0.111065 0)
(-0.16295 0.0825632 0)
(-0.169676 0.0537844 0)
(-0.174057 0.024913 0)
(-0.176574 -0.00454833 0)
(-0.177188 -0.0353499 0)
(-0.175267 -0.0680618 0)
(-0.169541 -0.102517 0)
(-0.158165 -0.137045 0)
(-0.139052 -0.167518 0)
(-0.110592 -0.18649 0)
(-0.0732298 -0.183009 0)
(-0.0335435 -0.144347 0)
(-0.007239 -0.0617293 0)
(-0.00830422 0.0722566 0)
(-0.0353427 0.160977 0)
(-0.073224 0.199074 0)
(-0.107075 0.201409 0)
(-0.131995 0.182815 0)
(-0.148636 0.154109 0)
(-0.158973 0.121944 0)
(-0.16511 0.0896917 0)
(-0.16884 0.0584711 0)
(-0.171432 0.0280106 0)
(-0.173586 -0.00273212 0)
(-0.175398 -0.0351256 0)
(-0.176281 -0.0704413 0)
(-0.174827 -0.109265 0)
(-0.168693 -0.150559 0)
(-0.15471 -0.190285 0)
(-0.129429 -0.219743 0)
(-0.0909555 -0.224326 0)
(-0.0448953 -0.184463 0)
(-0.010661 -0.0826759 0)
(-0.0121812 0.0948443 0)
(-0.0463091 0.199847 0)
(-0.0873704 0.236098 0)
(-0.118299 0.22945 0)
(-0.136297 0.201121 0)
(-0.144629 0.164637 0)
(-0.146986 0.127314 0)
(-0.146407 0.0922487 0)
(-0.145119 0.0599632 0)
(-0.144587 0.0295459 0)
(-0.145633 -0.00066847 0)
(-0.148516 -0.0327066 0)
(-0.152862 -0.0686306 0)
(-0.157438 -0.110027 0)
(-0.159798 -0.157015 0)
(-0.155953 -0.20648 0)
(-0.140346 -0.24939 0)
(-0.107358 -0.267683 0)
(-0.0588577 -0.232749 0)
(-0.0157757 -0.111537 0)
(-0.0180726 0.125872 0)
(-0.0595551 0.244078 0)
(-0.0975599 0.270416 0)
(-0.116528 0.249058 0)
(-0.119227 0.208633 0)
(-0.112802 0.164471 0)
(-0.10269 0.123463 0)
(-0.0924504 0.0876438 0)
(-0.084266 0.0565258 0)
(-0.0793988 0.0284325 0)
(-0.0785622 0.00112703 0)
(-0.0821268 -0.0279429 0)
(-0.0901131 -0.061519 0)
(-0.101924 -0.102248 0)
(-0.115764 -0.151868 0)
(-0.127742 -0.209305 0)
(-0.130785 -0.267043 0)
(-0.114696 -0.305477 0)
(-0.0734154 -0.286281 0)
(-0.0228471 -0.150901 0)
(-0.025854 0.169391 0)
(-0.0715658 0.288419 0)
(-0.0922331 0.290853 0)
(-0.08417 0.248977 0)
(-0.0607425 0.196589 0)
(-0.0330205 0.147675 0)
(-0.0069794 0.106716 0)
(0.0145035 0.0737161 0)
(0.030224 0.0468826 0)
(0.0397467 0.0238525 0)
(0.0428326 0.00209252 0)
(0.0391396 -0.0210955 0)
(0.0281512 -0.048713 0)
(0.00937013 -0.0841325 0)
(-0.0170577 -0.130754 0)
(-0.0490116 -0.190537 0)
(-0.0801157 -0.260168 0)
(-0.0970017 -0.323304 0)
(-0.0813285 -0.336194 0)
(-0.0303338 -0.203947 0)
(-0.0300653 0.229365 0)
(-0.0672305 0.317003 0)
(-0.0427497 0.276214 0)
(0.0122457 0.213079 0)
(0.0705061 0.155525 0)
(0.121517 0.109752 0)
(0.162321 0.0755115 0)
(0.192783 0.0503104 0)
(0.213822 0.0313012 0)
(0.22643 0.0159205 0)
(0.231155 0.00189048 0)
(0.227862 -0.0130223 0)
(0.21562 -0.0313506 0)
(0.192692 -0.0563157 0)
(0.156849 -0.0921211 0)
(0.106474 -0.143624 0)
(0.0429661 -0.214032 0)
(-0.0236614 -0.297965 0)
(-0.0622425 -0.360237 0)
(-0.0291535 -0.269423 0)
(0.00649074 0.276308 0)
(0.0128367 0.286744 0)
(0.119766 0.201661 0)
(0.232083 0.133713 0)
(0.31832 0.0873016 0)
(0.380881 0.0563804 0)
(0.425239 0.0361325 0)
(0.455671 0.0228029 0)
(0.47552 0.0136538 0)
(0.487078 0.00678055 0)
(0.491537 0.000782975 0)
(0.489022 -0.00556481 0)
(0.478522 -0.0136518 0)
(0.457659 -0.0254587 0)
(0.422397 -0.0441863 0)
(0.366887 -0.0751043 0)
(0.283091 -0.12623 0)
(0.164541 -0.206847 0)
(0.0424921 -0.309014 0)
(0.0225217 -0.302829 0)
(0.29867 0.145089 0)
(0.392488 0.126701 0)
(0.547549 0.0757102 0)
(0.660017 0.0431449 0)
(0.724641 0.0246136 0)
(0.762809 0.0140523 0)
(0.786418 0.00805656 0)
(0.801064 0.00462058 0)
(0.809906 0.00255353 0)
(0.814745 0.00116482 0)
(0.816429 3.23765e-05 0)
(0.81509 -0.00116073 0)
(0.810178 -0.00276047 0)
(0.800235 -0.00530992 0)
(0.782368 -0.0098471 0)
(0.751078 -0.018491 0)
(0.694228 -0.0355504 0)
(0.586021 -0.0690952 0)
(0.422123 -0.125823 0)
(0.313491 -0.149771 0)
)
;

boundaryField
{
    movingWall
    {
        type            fixedValue;
        value           uniform (1 0 0);
    }
    fixedWalls
    {
        type            noSlip;
    }
    frontAndBack
    {
        type            empty;
    }
}


// ************************************************************************* //
