/*--------------------------------*- C++ -*----------------------------------*\
  =========                 |
  \\      /  F ield         | OpenFOAM: The Open Source CFD Toolbox
   \\    /   O peration     | Website:  https://openfoam.org
    \\  /    A nd           | Version:  6
     \\/     M anipulation  |
\*---------------------------------------------------------------------------*/
FoamFile
{
    version     2.0;
    format      ascii;
    class       surfaceScalarField;
    location    "0.065";
    object      phi;
}
// * * * * * * * * * * * * * * * * * * * * * * * * * * * * * * * * * * * * * //

dimensions      [0 3 -1 0 0 0 0];

internalField   nonuniform List<scalar> 
760
(
1.47355e-08
-1.47621e-08
-2.09023e-08
3.56379e-08
-1.12824e-07
9.19216e-08
-2.44784e-07
1.31961e-07
-3.96715e-07
1.5193e-07
-5.49314e-07
1.52599e-07
-6.85893e-07
1.36579e-07
-7.93206e-07
1.07313e-07
-8.61704e-07
6.84987e-08
-8.85574e-07
2.38697e-08
-8.62736e-07
-2.28379e-08
-7.94894e-07
-6.78422e-08
-6.87625e-07
-1.07268e-07
-5.50475e-07
-1.3715e-07
-3.96935e-07
-1.53541e-07
-2.44105e-07
-1.5283e-07
-1.11692e-07
-1.32413e-07
-1.9951e-08
-9.17411e-08
1.51054e-08
-3.50559e-08
1.51058e-08
-3.30335e-08
1.82713e-08
-1.77819e-07
1.80424e-07
-4.3124e-07
3.45342e-07
-7.63124e-07
4.63845e-07
-1.13339e-06
5.22196e-07
-1.50087e-06
5.20081e-07
-1.82832e-06
4.6403e-07
-2.08519e-06
3.64179e-07
-2.24897e-06
2.32282e-07
-2.30583e-06
8.0734e-08
-2.25088e-06
-7.77876e-08
-2.08833e-06
-2.30396e-07
-1.83157e-06
-3.64027e-07
-1.50309e-06
-4.6563e-07
-1.13388e-06
-5.22755e-07
-7.61911e-07
-5.24796e-07
-4.29102e-07
-4.65223e-07
-1.75901e-07
-3.44943e-07
-3.21748e-08
-1.78783e-07
-1.70685e-08
-9.05914e-08
1.08863e-07
-3.53624e-07
4.43456e-07
-7.61289e-07
7.53008e-07
-1.26745e-06
9.70004e-07
-1.81709e-06
1.07184e-06
-2.3546e-06
1.05759e-06
-2.82954e-06
9.38968e-07
-3.20028e-06
7.34926e-07
-3.43603e-06
4.68026e-07
-3.51776e-06
1.62472e-07
-3.43878e-06
-1.56773e-07
-3.20488e-06
-4.64293e-07
-2.83448e-06
-7.34428e-07
-2.35832e-06
-9.41795e-07
-1.81852e-06
-1.06255e-06
-1.26647e-06
-1.07685e-06
-7.58796e-07
-9.72899e-07
-3.51124e-07
-7.52614e-07
-8.93702e-08
-4.40538e-07
-1.06438e-07
-1.43171e-07
2.52033e-07
-5.21904e-07
8.22189e-07
-1.07926e-06
1.31036e-06
-1.74893e-06
1.63968e-06
-2.46064e-06
1.78355e-06
-3.14667e-06
1.74362e-06
-3.74701e-06
1.53931e-06
-4.21274e-06
1.20066e-06
-4.50789e-06
7.63177e-07
-4.61034e-06
2.64924e-07
-4.51224e-06
-2.54875e-07
-4.22022e-06
-7.5631e-07
-3.75556e-06
-1.19909e-06
-3.15402e-06
-1.54334e-06
-2.46506e-06
-1.75151e-06
-1.74985e-06
-1.79206e-06
-1.0775e-06
-1.64525e-06
-5.19335e-07
-1.31078e-06
-1.41701e-07
-8.18172e-07
-2.48139e-07
-1.91541e-07
4.43575e-07
-6.82688e-07
1.31334e-06
-1.38699e-06
2.01466e-06
-2.21533e-06
2.46802e-06
-3.08083e-06
2.64905e-06
-3.90419e-06
2.56698e-06
-4.61769e-06
2.25281e-06
-5.16754e-06
1.7505e-06
-5.51484e-06
1.11048e-06
-5.6359e-06
3.85978e-07
-5.52219e-06
-3.68584e-07
-5.18052e-06
-1.09798e-06
-4.63333e-06
-1.74628e-06
-3.91903e-06
-2.25764e-06
-3.09193e-06
-2.5786e-06
-2.22119e-06
-2.66281e-06
-1.38803e-06
-2.47841e-06
-6.81079e-07
-2.01772e-06
-1.90087e-07
-1.30916e-06
-4.38226e-07
-2.38585e-07
6.82159e-07
-8.41779e-07
1.91653e-06
-1.69306e-06
2.86594e-06
-2.67838e-06
3.45334e-06
-3.69299e-06
3.66365e-06
-4.64622e-06
3.52021e-06
-5.46408e-06
3.07068e-06
-6.08996e-06
2.37637e-06
-6.48403e-06
1.50455e-06
-6.62239e-06
5.24339e-07
-6.49629e-06
-4.94682e-07
-6.11206e-06
-1.48222e-06
-5.49168e-06
-2.36665e-06
-4.67406e-06
-3.07526e-06
-3.7162e-06
-3.53647e-06
-2.69378e-06
-3.68522e-06
-1.70015e-06
-3.47204e-06
-8.4288e-07
-2.875e-06
-2.37653e-07
-1.91439e-06
-6.75879e-07
-2.87271e-07
9.6943e-07
-1.00597e-06
2.63523e-06
-2.00683e-06
3.8668e-06
-3.14842e-06
4.59493e-06
-4.30707e-06
4.8223e-06
-5.38145e-06
4.59459e-06
-6.29329e-06
3.98252e-06
-6.98566e-06
3.06874e-06
-7.42018e-06
1.93907e-06
-7.57433e-06
6.78489e-07
-7.43963e-06
-6.29379e-07
-7.02121e-06
-1.90064e-06
-6.33881e-06
-3.04905e-06
-5.42922e-06
-3.98485e-06
-4.34942e-06
-4.61627e-06
-3.17959e-06
-4.85505e-06
-2.0246e-06
-4.62703e-06
-1.01236e-06
-3.88723e-06
-2.87668e-07
-2.63909e-06
-9.63547e-07
-3.40386e-07
1.30982e-06
-1.18167e-06
3.47651e-06
-2.33617e-06
5.02131e-06
-3.63156e-06
5.89032e-06
-4.92469e-06
6.11543e-06
-6.10544e-06
5.77533e-06
-7.09455e-06
4.97164e-06
-7.8385e-06
3.81269e-06
-8.30355e-06
2.40413e-06
-8.47071e-06
8.45644e-07
-8.33248e-06
-7.6761e-07
-7.89195e-06
-2.34118e-06
-7.16431e-06
-3.77668e-06
-6.18078e-06
-4.96838e-06
-4.99431e-06
-5.80274e-06
-3.68603e-06
-6.16333e-06
-2.37045e-06
-5.9426e-06
-1.1968e-06
-5.06088e-06
-3.43248e-07
-3.49264e-06
-1.3068e-06
-4.0068e-07
1.7105e-06
-1.37469e-06
4.45052e-06
-2.68633e-06
6.33295e-06
-4.12762e-06
7.33161e-06
-5.53625e-06
7.52407e-06
-6.79716e-06
7.03625e-06
-7.83557e-06
6.01005e-06
-8.60682e-06
4.58394e-06
-9.08624e-06
2.88355e-06
-9.26126e-06
1.02066e-06
-9.12639e-06
-9.02479e-07
-8.68174e-06
-2.78584e-06
-7.93501e-06
-4.52341e-06
-6.90718e-06
-5.9962e-06
-5.64131e-06
-7.06862e-06
-4.21353e-06
-7.59111e-06
-2.74389e-06
-7.41225e-06
-1.4028e-06
-6.40197e-06
-4.07492e-07
-4.48795e-06
-1.71429e-06
-4.71439e-07
2.18194e-06
-1.59085e-06
5.56992e-06
-3.05956e-06
7.80167e-06
-4.6281e-06
8.90015e-06
-6.11738e-06
9.01334e-06
-7.41441e-06
8.33328e-06
-8.45732e-06
7.05296e-06
-9.21797e-06
5.34459e-06
-9.68666e-06
3.35224e-06
-9.86086e-06
1.19486e-06
-9.73845e-06
-1.02489e-06
-9.31557e-06
-3.20871e-06
-8.58903e-06
-5.24995e-06
-7.56356e-06
-7.02167e-06
-6.26416e-06
-8.36803e-06
-4.7528e-06
-9.10246e-06
-3.14727e-06
-9.01777e-06
-1.63669e-06
-7.91255e-06
-4.84009e-07
-5.64063e-06
-2.1983e-06
-5.57513e-07
2.73945e-06
-1.837e-06
6.84941e-06
-3.45445e-06
9.41912e-06
-5.11307e-06
1.05588e-05
-6.62357e-06
1.05238e-05
-7.88706e-06
9.59677e-06
-8.86683e-06
8.03274e-06
-9.56131e-06
6.03906e-06
-9.98271e-06
3.77364e-06
-1.01427e-05
1.35484e-06
-1.00441e-05
-1.12345e-06
-9.67838e-06
-3.57446e-06
-9.02777e-06
-5.90055e-06
-8.074e-06
-7.97545e-06
-6.81349e-06
-9.62853e-06
-5.28072e-06
-1.06352e-05
-3.57787e-06
-1.07206e-05
-1.90526e-06
-9.58517e-06
-5.779e-07
-6.96799e-06
-2.7762e-06
-6.67034e-07
3.40648e-06
-2.12221e-06
8.30459e-06
-3.86367e-06
1.11606e-05
-5.54484e-06
1.22399e-05
-6.98111e-06
1.19601e-05
-8.10698e-06
1.07226e-05
-8.92761e-06
8.85337e-06
-9.47962e-06
6.59107e-06
-9.80426e-06
4.09829e-06
-9.93115e-06
1.48173e-06
-9.86972e-06
-1.18489e-06
-9.60622e-06
-3.83796e-06
-9.10581e-06
-6.40097e-06
-8.32059e-06
-8.76067e-06
-7.20658e-06
-1.07425e-05
-5.75285e-06
-1.2089e-05
-4.02463e-06
-1.24488e-05
-2.21646e-06
-1.13933e-05
-6.97371e-07
-8.48708e-06
-3.47357e-06
-8.14194e-07
4.22068e-06
-2.45792e-06
9.94831e-06
-4.26731e-06
1.297e-05
-5.85514e-06
1.38278e-05
-7.07139e-06
1.31764e-05
-7.91302e-06
1.15643e-05
-8.44723e-06
9.38759e-06
-8.76002e-06
6.90385e-06
-8.92657e-06
4.26484e-06
-8.99628e-06
1.55144e-06
-8.98601e-06
-1.19516e-06
-8.87762e-06
-3.94635e-06
-8.6187e-06
-6.65988e-06
-8.1281e-06
-9.25127e-06
-7.31074e-06
-1.15599e-05
-6.08922e-06
-1.33105e-05
-4.46017e-06
-1.40779e-05
-2.57877e-06
-1.32747e-05
-8.56345e-07
-1.02095e-05
-4.32991e-06
-1.02313e-06
5.24381e-06
-2.85357e-06
1.17788e-05
-4.61516e-06
1.47316e-05
-5.9189e-06
1.51315e-05
-6.70385e-06
1.39613e-05
-7.06866e-06
1.19291e-05
-7.16228e-06
9.4812e-06
-7.12576e-06
6.86733e-06
-7.06702e-06
4.2061e-06
-7.05264e-06
1.53707e-06
-7.10615e-06
-1.14166e-06
-7.20717e-06
-3.84533e-06
-7.29002e-06
-6.57704e-06
-7.24331e-06
-9.29798e-06
-6.91682e-06
-1.18864e-05
-6.14732e-06
-1.408e-05
-4.8215e-06
-1.54037e-05
-2.99552e-06
-1.51007e-05
-1.07797e-06
-1.2127e-05
-5.40788e-06
-1.33012e-06
6.57393e-06
-3.29662e-06
1.37453e-05
-4.7831e-06
1.6218e-05
-5.50265e-06
1.5851e-05
-5.57118e-06
1.40298e-05
-5.23139e-06
1.15893e-05
-4.72268e-06
8.97249e-06
-4.23286e-06
6.37751e-06
-3.88982e-06
3.86306e-06
-3.76746e-06
1.41471e-06
-3.89243e-06
-1.01669e-06
-4.24617e-06
-3.49159e-06
-4.76067e-06
-6.06253e-06
-5.30927e-06
-8.74938e-06
-5.69793e-06
-1.14977e-05
-5.67172e-06
-1.41062e-05
-4.96521e-06
-1.61102e-05
-3.44273e-06
-1.66232e-05
-1.39581e-06
-1.4174e-05
-6.8037e-06
-1.76841e-06
8.34233e-06
-3.68318e-06
1.566e-05
-4.472e-06
1.70069e-05
-4.16921e-06
1.55483e-05
-3.1814e-06
1.3042e-05
-1.91652e-06
1.03244e-05
-6.82072e-07
7.73804e-06
3.21097e-07
5.37434e-06
9.74302e-07
3.20986e-06
1.21513e-06
1.17389e-06
1.02068e-06
-8.22239e-07
4.02206e-07
-2.87312e-06
-5.88367e-07
-5.07196e-06
-1.83965e-06
-7.49809e-06
-3.15142e-06
-1.0186e-05
-4.20528e-06
-1.30523e-05
-4.56772e-06
-1.57478e-05
-3.79695e-06
-1.7394e-05
-1.83613e-06
-1.61348e-05
-8.63982e-06
-2.28917e-06
1.06315e-05
-3.62338e-06
1.69942e-05
-2.99342e-06
1.63769e-05
-1.11773e-06
1.36726e-05
1.22965e-06
1.06947e-05
3.5308e-06
8.02326e-06
5.49129e-06
5.77756e-06
6.96425e-06
3.90139e-06
7.88477e-06
2.28934e-06
8.22672e-06
8.31933e-07
7.97995e-06
-5.75468e-07
7.14304e-06
-2.03621e-06
5.72997e-06
-3.65889e-06
3.79329e-06
-5.56141e-06
1.46994e-06
-7.86262e-06
-9.46745e-07
-1.06356e-05
-2.92197e-06
-1.37726e-05
-3.64128e-06
-1.66747e-05
-2.33412e-06
-1.74419e-05
-1.09739e-05
-2.50735e-06
1.31389e-05
-1.96173e-06
1.64486e-05
1.14406e-06
1.32711e-05
5.05121e-06
9.76543e-06
8.78045e-06
6.96541e-06
1.19252e-05
4.87849e-06
1.43603e-05
3.34253e-06
1.60806e-05
2.18105e-06
1.7118e-05
1.25189e-06
1.75014e-05
4.48567e-07
1.72398e-05
-3.1382e-07
1.63173e-05
-1.11376e-06
1.46964e-05
-2.03802e-06
1.23327e-05
-3.19772e-06
9.21461e-06
-4.74449e-06
5.45095e-06
-6.87199e-06
1.44371e-06
-9.76532e-06
-1.8051e-06
-1.34258e-05
-2.47782e-06
-1.67692e-05
-1.34518e-05
-6.05362e-07
1.37442e-05
4.57939e-06
1.12639e-05
1.09956e-05
6.85487e-06
1.65659e-05
4.19517e-06
2.08997e-05
2.6316e-06
2.40998e-05
1.6784e-06
2.63663e-05
1.07602e-06
2.78761e-05
6.71233e-07
2.87542e-05
3.73809e-07
2.90729e-05
1.2981e-07
2.88562e-05
-9.71036e-08
2.80806e-05
-3.38134e-07
2.66722e-05
-6.29624e-07
2.45004e-05
-1.02587e-06
2.13751e-05
-1.61919e-06
1.70735e-05
-2.5704e-06
1.1466e-05
-4.15786e-06
4.92925e-06
-6.88907e-06
-4.42509e-07
-1.13975e-05
-1.38943e-05
1.37442e-05
2.50081e-05
3.1863e-05
3.60581e-05
3.86897e-05
4.03681e-05
4.14441e-05
4.21154e-05
4.24892e-05
4.2619e-05
4.25219e-05
4.21838e-05
4.15541e-05
4.05283e-05
3.89091e-05
3.63387e-05
3.21808e-05
2.52917e-05
1.38943e-05
)
;

boundaryField
{
    movingWall
    {
        type            calculated;
        value           uniform 0;
    }
    fixedWalls
    {
        type            calculated;
        value           uniform 0;
    }
    frontAndBack
    {
        type            empty;
        value           nonuniform 0();
    }
}


// ************************************************************************* //
