/*--------------------------------*- C++ -*----------------------------------*\
  =========                 |
  \\      /  F ield         | OpenFOAM: The Open Source CFD Toolbox
   \\    /   O peration     | Website:  https://openfoam.org
    \\  /    A nd           | Version:  6
     \\/     M anipulation  |
\*---------------------------------------------------------------------------*/
FoamFile
{
    version     2.0;
    format      ascii;
    class       volScalarField;
    location    "0.265";
    object      p;
}
// * * * * * * * * * * * * * * * * * * * * * * * * * * * * * * * * * * * * * //

dimensions      [0 2 -2 0 0 0 0];

internalField   nonuniform List<scalar> 
400
(
-3.02149e-09
-0.000306738
-0.000591989
-0.000713109
-0.000621915
-0.000304598
0.000236798
0.000991725
0.00194148
0.00305427
0.00427879
0.00553973
0.00673877
0.00776392
0.0085086
0.00889875
0.00892131
0.00864365
0.00821743
0.00787255
0.000306231
-1.15117e-05
-0.000220458
-0.000265387
-0.000137991
0.00017243
0.000668264
0.0013439
0.00218548
0.00316663
0.00424343
0.00535113
0.00640551
0.00731127
0.00797869
0.00834708
0.00840873
0.00821984
0.00788139
0.00753536
0.000605903
0.000174947
-4.79156e-05
-7.34214e-05
6.17751e-05
0.000358725
0.000819701
0.00144267
0.00221979
0.00313196
0.0041428
0.0051943
0.0062068
0.00708608
0.00773952
0.00810051
0.00815504
0.00795083
0.00755829
0.00708127
0.000735103
0.000164611
-0.000112426
-0.000151751
-2.85367e-05
0.000248722
0.000681534
0.00127163
0.00201828
0.00291094
0.003921
0.00499488
0.00605113
0.00698547
0.00768735
0.00806846
0.00809786
0.00781635
0.00728452
0.00661204
0.000596394
-0.000106401
-0.00044528
-0.000510655
-0.000409575
-0.000157636
0.000247453
0.000812689
0.0015462
0.00244803
0.00349932
0.00465173
0.0058201
0.00688374
0.00770226
0.00815018
0.00816583
0.00777892
0.00705218
0.00613255
0.000115053
-0.000710509
-0.00111286
-0.0012117
-0.00114142
-0.000922676
-0.000550789
-1.17646e-05
0.000713671
0.0016395
0.00276102
0.00403982
0.00538978
0.00667086
0.00770093
0.00829639
0.00834128
0.00783875
0.0068542
0.00559988
-0.000771488
-0.00171421
-0.00218195
-0.00232195
-0.0022942
-0.00212368
-0.00180256
-0.00130853
-0.000608645
0.000329861
0.00152448
0.00295771
0.00455348
0.00615724
0.0075355
0.00841791
0.00859308
0.00799961
0.00668359
0.00494938
-0.00211974
-0.00317848
-0.00371554
-0.00390709
-0.00394007
-0.0038451
-0.00361204
-0.00321041
-0.00259179
-0.001699
-0.00048038
0.00108728
0.00296347
0.00500096
0.0069166
0.00831959
0.00883568
0.00825886
0.00654773
0.00411733
-0.00398371
-0.00516167
-0.0057741
-0.00603062
-0.00615015
-0.00617304
-0.00609049
-0.00586686
-0.0054394
-0.0047226
-0.0036166
-0.00202804
8.42568e-05
0.0026332
0.0053184
0.00760524
0.00886021
0.00858338
0.00648567
0.0030717
-0.00641596
-0.00772039
-0.0084136
-0.00874717
-0.00898219
-0.00917665
-0.00933041
-0.0094104
-0.00934644
-0.00902665
-0.00829213
-0.00694461
-0.00479344
-0.0017694
0.0019016
0.00556584
0.00822782
0.00885307
0.00658304
0.00186782
-0.00946903
-0.0109112
-0.0116822
-0.0120913
-0.0124601
-0.0128764
-0.0133602
-0.0138938
-0.0144143
-0.0147954
-0.0148189
-0.0141523
-0.0123783
-0.0091356
-0.00440472
0.00117105
0.00619721
0.00879592
0.00698973
0.000767396
-0.0132024
-0.0147968
-0.0156177
-0.0160634
-0.0165467
-0.0172024
-0.0180836
-0.0192043
-0.0205291
-0.0219395
-0.0231723
-0.0237512
-0.0229716
-0.0200413
-0.014466
-0.00660849
0.00188124
0.00802848
0.00798288
0.000490573
-0.0177043
-0.019463
-0.0202487
-0.0206136
-0.0211147
-0.0219527
-0.0232234
-0.0249857
-0.0272504
-0.0299305
-0.0327427
-0.0350818
-0.0359403
-0.034012
-0.0281222
-0.0179937
-0.00513538
0.00641124
0.0102053
0.00267325
-0.0231481
-0.0250553
-0.0255992
-0.0256265
-0.025924
-0.0267699
-0.0283011
-0.030622
-0.0337954
-0.0377765
-0.0422797
-0.0465977
-0.0494543
-0.0490435
-0.0434344
-0.0314206
-0.013815
0.00478964
0.0151865
0.0104304
-0.0299253
-0.0318485
-0.0316918
-0.0309015
-0.0306104
-0.0311557
-0.0326871
-0.0353345
-0.0391952
-0.0442502
-0.0502022
-0.0562537
-0.0609091
-0.061954
-0.0567919
-0.0432433
-0.0210005
0.00572465
0.0258588
0.0285224
-0.038949
-0.0403625
-0.0385191
-0.036112
-0.034686
-0.0345246
-0.0357194
-0.0383793
-0.0425906
-0.0483115
-0.0551862
-0.0622995
-0.0679529
-0.0696084
-0.0641674
-0.0486827
-0.0217187
0.0137458
0.0467145
0.062865
-0.052421
-0.0515498
-0.0459976
-0.040799
-0.0375947
-0.0363179
-0.0368774
-0.0392822
-0.0435341
-0.0494922
-0.0566666
-0.0639602
-0.0694343
-0.0702307
-0.062814
-0.0436527
-0.0104701
0.0352626
0.0847307
0.121839
-0.0764659
-0.0669792
-0.0538417
-0.0443255
-0.0386729
-0.0359847
-0.0357968
-0.0378805
-0.0420414
-0.0479506
-0.0549146
-0.0616005
-0.0657892
-0.0642567
-0.0529335
-0.0274947
0.01544
0.0764277
0.15121
0.223904
-0.130184
-0.0869483
-0.0575874
-0.0425485
-0.0347828
-0.0312414
-0.0309185
-0.0332188
-0.0376451
-0.0436478
-0.05035
-0.0562376
-0.0588937
-0.0548197
-0.0394038
-0.0070667
0.0482927
0.132609
0.252387
0.39895
-0.255348
-0.102661
-0.0420475
-0.0260353
-0.0204839
-0.018706
-0.0200876
-0.0239657
-0.0296396
-0.0364775
-0.0435917
-0.049481
-0.0517593
-0.0469493
-0.0303018
0.0046417
0.0673561
0.174279
0.35224
0.622838
)
;

boundaryField
{
    movingWall
    {
        type            zeroGradient;
    }
    fixedWalls
    {
        type            zeroGradient;
    }
    frontAndBack
    {
        type            empty;
    }
}


// ************************************************************************* //
