/*--------------------------------*- C++ -*----------------------------------*\
  =========                 |
  \\      /  F ield         | OpenFOAM: The Open Source CFD Toolbox
   \\    /   O peration     | Website:  https://openfoam.org
    \\  /    A nd           | Version:  6
     \\/     M anipulation  |
\*---------------------------------------------------------------------------*/
FoamFile
{
    version     2.0;
    format      ascii;
    class       volScalarField;
    location    "0.02";
    object      p;
}
// * * * * * * * * * * * * * * * * * * * * * * * * * * * * * * * * * * * * * //

dimensions      [0 2 -2 0 0 0 0];

internalField   nonuniform List<scalar> 
400
(
2.10035e-09
-0.000609608
-0.000578069
0.000303804
0.00197408
0.00435209
0.00734484
0.0108436
0.0147266
0.0188608
0.0231042
0.0273083
0.031322
0.034995
0.0381822
0.0407486
0.0425758
0.0435641
0.0436432
0.0430328
0.000598141
-3.68525e-05
7.12682e-05
0.000979301
0.00260669
0.00490112
0.00778753
0.0111659
0.0149197
0.0189201
0.0230285
0.0270998
0.0309863
0.0345415
0.0376252
0.0401104
0.0418963
0.0429111
0.0430656
0.0424274
0.0005879
-0.000201742
-0.000116857
0.000805544
0.00244387
0.00474862
0.00764867
0.0110453
0.0148228
0.0188521
0.0229942
0.027103
0.0310291
0.034624
0.0377452
0.0402636
0.0420787
0.0431179
0.043249
0.0424488
-0.000255795
-0.00119267
-0.00114661
-0.000192622
0.00151502
0.00392006
0.00694751
0.0104946
0.0144414
0.018655
0.0229917
0.0273002
0.0314248
0.0352092
0.038502
0.0411636
0.043083
0.0441753
0.0442722
0.0433166
-0.00195021
-0.00301641
-0.00299264
-0.00197127
-0.000132625
0.00245802
0.00571809
0.00953675
0.0137865
0.0183268
0.0230063
0.0276646
0.0321355
0.0362506
0.0398429
0.0427557
0.0448605
0.0460548
0.0461395
0.0450443
-0.00454858
-0.00575573
-0.00573934
-0.00460622
-0.00256547
0.000305354
0.00391225
0.00813247
0.0128273
0.0178457
0.0230254
0.0281945
0.0331728
0.0377742
0.0418106
0.0450999
0.0474876
0.048846
0.0489395
0.0476887
-0.00814582
-0.00952609
-0.00950402
-0.00820619
-0.00588034
-0.00262178
0.00145918
0.00622343
0.0115177
0.0171777
0.0230287
0.0288849
0.0345494
0.0398146
0.0444641
0.048281
0.0510731
0.0526752
0.0527998
0.0513538
-0.0128795
-0.0144797
-0.0144372
-0.0129093
-0.0101991
-0.00642793
-0.00172915
0.00373669
0.00979838
0.016277
0.0229845
0.0297212
0.0362724
0.0424058
0.0478698
0.0524014
0.0557546
0.0577067
0.0578919
0.0561925
-0.0189397
-0.0208225
-0.0207389
-0.018896
-0.0156777
-0.0112446
-0.00576207
0.000581801
0.00759494
0.0150834
0.0228476
0.0306764
0.0383392
0.0455782
0.0521013
0.0575855
0.0617091
0.0641607
0.064452
0.0624182
-0.0265841
-0.028833
-0.0286744
-0.0263985
-0.0225109
-0.0172316
-0.0107698
-0.00334839
0.0048174
0.0135205
0.0225546
0.0317037
0.0407281
0.0493486
0.05723
0.0639758
0.0691589
0.0723319
0.0728075
0.0703263
-0.0361646
-0.0388916
-0.0385952
-0.0357118
-0.0309361
-0.0245758
-0.0168999
-0.00817403
0.00136267
0.011495
0.0220192
0.0327272
0.0433841
0.0537018
0.0633075
0.0717206
0.0783742
0.082613
0.0834188
0.080332
-0.0481785
-0.05153
-0.0509708
-0.0472087
-0.0412355
-0.0334866
-0.0243094
-0.0140199
-0.00287925
0.00889869
0.0211286
0.0336303
0.0461985
0.0585624
0.070332
0.080946
0.0896643
0.0955246
0.0969503
0.0930488
-0.0633709
-0.0675181
-0.0664365
-0.0613551
-0.0537338
-0.0441834
-0.033148
-0.0209987
-0.00801118
0.00561779
0.019744
0.0342456
0.0489847
0.0637531
0.078193
0.0916975
0.103344
0.111745
0.114393
0.109463
-0.0829609
-0.0880158
-0.0858552
-0.0787196
-0.0687813
-0.0568665
-0.0435248
-0.0291784
-0.0141006
0.00155396
0.0177133
0.0343528
0.0514535
0.0689413
0.0865828
0.103829
0.119645
0.132132
0.137299
0.131384
-0.109157
-0.114833
-0.110372
-0.0999462
-0.0866985
-0.0716508
-0.0554422
-0.0385216
-0.0211256
-0.00332894
0.014907
0.033699
0.0532073
0.0735841
0.0948681
0.11679
0.138479
0.157635
0.168121
0.162451
-0.146265
-0.150831
-0.141432
-0.125669
-0.107651
-0.0884266
-0.0686593
-0.0487603
-0.0288615
-0.00890006
0.0113195
0.0320963
0.0538201
0.0769588
0.102007
0.129348
0.158905
0.188643
0.210066
0.209606
-0.203117
-0.200397
-0.180656
-0.156251
-0.131275
-0.106461
-0.0823377
-0.059102
-0.036634
-0.0146354
0.00730268
0.0296902
0.0531666
0.0785606
0.106974
0.139878
0.178948
0.224079
0.266572
0.285606
-0.300434
-0.268819
-0.227247
-0.18926
-0.154604
-0.122879
-0.0940262
-0.0675797
-0.0428935
-0.0193079
0.00384318
0.0272824
0.0518828
0.0788341
0.109943
0.148132
0.19784
0.264041
0.34679
0.422455
-0.492769
-0.355226
-0.264639
-0.209512
-0.166364
-0.129749
-0.0983033
-0.0705157
-0.0451025
-0.0211064
0.00228882
0.0259148
0.0507861
0.0783885
0.111263
0.154129
0.215542
0.311208
0.472442
0.699641
-0.844869
-0.431218
-0.25597
-0.1931
-0.153108
-0.119743
-0.091194
-0.0657403
-0.0420596
-0.0193599
0.00299095
0.0256825
0.0496249
0.0762592
0.108311
0.151708
0.220145
0.346446
0.619129
1.13794
)
;

boundaryField
{
    movingWall
    {
        type            zeroGradient;
    }
    fixedWalls
    {
        type            zeroGradient;
    }
    frontAndBack
    {
        type            empty;
    }
}


// ************************************************************************* //
