/*--------------------------------*- C++ -*----------------------------------*\
  =========                 |
  \\      /  F ield         | OpenFOAM: The Open Source CFD Toolbox
   \\    /   O peration     | Website:  https://openfoam.org
    \\  /    A nd           | Version:  6
     \\/     M anipulation  |
\*---------------------------------------------------------------------------*/
FoamFile
{
    version     2.0;
    format      ascii;
    class       surfaceScalarField;
    location    "0.02";
    object      phi;
}
// * * * * * * * * * * * * * * * * * * * * * * * * * * * * * * * * * * * * * //

dimensions      [0 3 -1 0 0 0 0];

internalField   nonuniform List<scalar> 
760
(
-1.89714e-08
1.89714e-08
-8.06811e-08
6.17098e-08
-1.59159e-07
7.84778e-08
-2.38166e-07
7.90068e-08
-3.10751e-07
7.25852e-08
-3.73672e-07
6.29207e-08
-4.24961e-07
5.12899e-08
-4.63203e-07
3.8241e-08
-4.87339e-07
2.41367e-08
-4.96646e-07
9.30693e-09
-4.90735e-07
-5.91155e-09
-4.69571e-07
-2.11634e-08
-4.33506e-07
-3.60658e-08
-3.83309e-07
-5.0197e-08
-3.2025e-07
-6.30584e-08
-2.4633e-07
-7.39204e-08
-1.65052e-07
-8.1278e-08
-8.38969e-08
-8.11551e-08
-1.98908e-08
-6.40062e-08
-1.98908e-08
-6.23113e-08
8.12827e-08
-1.9167e-07
1.91068e-07
-3.46606e-07
2.33414e-07
-5.02242e-07
2.34643e-07
-6.45708e-07
2.16052e-07
-7.70214e-07
1.87427e-07
-8.71582e-07
1.52658e-07
-9.46899e-07
1.13558e-07
-9.94087e-07
7.13251e-08
-1.01178e-06
2.70044e-08
-9.99316e-07
-1.83804e-08
-9.5671e-07
-6.37692e-08
-8.84754e-07
-1.08022e-07
-7.85085e-07
-1.49866e-07
-6.6039e-07
-1.87754e-07
-5.14897e-07
-2.19413e-07
-3.55804e-07
-2.40371e-07
-1.9679e-07
-2.40169e-07
-6.39218e-08
-1.96874e-07
-8.38125e-08
-8.4031e-08
1.65314e-07
-2.49267e-07
3.56305e-07
-4.42681e-07
4.26827e-07
-6.35345e-07
4.27307e-07
-8.12405e-07
3.93111e-07
-9.65804e-07
3.40826e-07
-1.09051e-06
2.77361e-07
-1.18301e-06
2.06065e-07
-1.24086e-06
1.29174e-07
-1.26246e-06
4.85973e-08
-1.24701e-06
-3.38293e-08
-1.19455e-06
-1.16226e-07
-1.10601e-06
-1.96565e-07
-9.83321e-07
-2.72553e-07
-8.29705e-07
-3.4137e-07
-6.50245e-07
-3.98874e-07
-4.53474e-07
-4.37142e-07
-2.55226e-07
-4.38416e-07
-8.58618e-08
-3.66239e-07
-1.69674e-07
-9.51761e-08
2.6049e-07
-2.82773e-07
5.43901e-07
-5.00891e-07
6.44946e-07
-7.16878e-07
6.43295e-07
-9.14569e-07
5.90801e-07
-1.08536e-06
5.11613e-07
-1.22393e-06
4.15931e-07
-1.32663e-06
3.08773e-07
-1.39094e-06
1.93479e-07
-1.41519e-06
7.28481e-08
-1.39853e-06
-5.04857e-08
-1.34092e-06
-1.73843e-07
-1.24316e-06
-2.94317e-07
-1.10716e-06
-4.08558e-07
-9.36164e-07
-5.12365e-07
-7.35514e-07
-5.99523e-07
-5.14387e-07
-6.58269e-07
-2.90178e-07
-6.62625e-07
-9.73898e-08
-5.59027e-07
-2.67064e-07
-1.05025e-07
3.65515e-07
-3.13296e-07
7.52172e-07
-5.54954e-07
8.86604e-07
-7.93259e-07
8.816e-07
-1.01047e-06
8.08008e-07
-1.19745e-06
6.98594e-07
-1.34878e-06
5.67263e-07
-1.46088e-06
4.2087e-07
-1.53129e-06
2.63894e-07
-1.55841e-06
9.99697e-08
-1.54133e-06
-6.75716e-08
-1.4798e-06
-2.35374e-07
-1.37436e-06
-3.99753e-07
-1.22658e-06
-5.56335e-07
-1.03949e-06
-6.9946e-07
-8.18452e-07
-8.2056e-07
-5.73296e-07
-9.03425e-07
-3.23401e-07
-9.12521e-07
-1.08049e-07
-7.74379e-07
-3.75113e-07
-1.17369e-07
4.82884e-07
-3.50684e-07
9.85487e-07
-6.20792e-07
1.15671e-06
-8.85967e-07
1.14677e-06
-1.12643e-06
1.04847e-06
-1.33245e-06
9.0461e-07
-1.4986e-06
7.33421e-07
-1.62156e-06
5.43831e-07
-1.69915e-06
3.4148e-07
-1.7299e-06
1.30721e-07
-1.71285e-06
-8.4621e-08
-1.64748e-06
-3.00751e-07
-1.53381e-06
-5.13415e-07
-1.37281e-06
-7.17338e-07
-1.16694e-06
-9.05325e-07
-9.21424e-07
-1.06608e-06
-6.46823e-07
-1.17803e-06
-3.65144e-07
-1.1942e-06
-1.21742e-07
-1.01778e-06
-4.96855e-07
-1.33823e-07
6.16708e-07
-3.99632e-07
1.25129e-06
-7.06128e-07
1.46321e-06
-1.00518e-06
1.44582e-06
-1.27445e-06
1.31774e-06
-1.5036e-06
1.13376e-06
-1.68747e-06
9.17296e-07
-1.8233e-06
6.79653e-07
-1.90944e-06
4.27622e-07
-1.94477e-06
1.66055e-07
-1.92832e-06
-1.01074e-07
-1.85914e-06
-3.69931e-07
-1.73648e-06
-6.36074e-07
-1.56024e-06
-8.93581e-07
-1.33184e-06
-1.13372e-06
-1.05593e-06
-1.34199e-06
-7.43777e-07
-1.49018e-06
-4.20749e-07
-1.51723e-06
-1.40274e-07
-1.29826e-06
-6.37129e-07
-1.55632e-07
7.72339e-07
-4.63737e-07
1.5594e-06
-8.16723e-07
1.81619e-06
-1.15807e-06
1.78717e-06
-1.46236e-06
1.62203e-06
-1.71884e-06
1.39025e-06
-1.92312e-06
1.12158e-06
-2.07353e-06
8.30059e-07
-2.16945e-06
5.23538e-07
-2.21038e-06
2.06987e-07
-2.19542e-06
-1.16028e-07
-2.12308e-06
-4.42273e-07
-1.9914e-06
-7.67756e-07
-1.79857e-06
-1.08641e-06
-1.54413e-06
-1.38816e-06
-1.23134e-06
-1.65479e-06
-8.71788e-07
-1.84973e-06
-4.94983e-07
-1.89403e-06
-1.65264e-07
-1.62797e-06
-8.02393e-07
-1.84448e-07
9.56787e-07
-5.47513e-07
1.92247e-06
-9.59437e-07
2.22812e-06
-1.35267e-06
2.1804e-06
-1.69827e-06
1.96763e-06
-1.98567e-06
1.67765e-06
-2.21213e-06
1.34803e-06
-2.37798e-06
9.95911e-07
-2.48435e-06
6.29908e-07
-2.53185e-06
2.54486e-07
-2.51983e-06
-1.28044e-07
-2.44608e-06
-5.16029e-07
-2.30689e-06
-9.06947e-07
-2.09778e-06
-1.29552e-06
-1.81508e-06
-1.67086e-06
-1.45914e-06
-2.01072e-06
-1.04084e-06
-2.26802e-06
-5.94417e-07
-2.34046e-06
-1.9906e-07
-2.02333e-06
-1.00145e-06
-2.22934e-07
1.17972e-06
-6.57817e-07
2.35735e-06
-1.14415e-06
2.71445e-06
-1.59991e-06
2.63616e-06
-1.99253e-06
2.36025e-06
-2.31289e-06
1.99801e-06
-2.56147e-06
1.59662e-06
-2.74204e-06
1.17648e-06
-2.85854e-06
7.46402e-07
-2.91337e-06
3.09316e-07
-2.90645e-06
-1.34961e-07
-2.83471e-06
-5.87772e-07
-2.69204e-06
-1.04962e-06
-2.46998e-06
-1.51758e-06
-2.15957e-06
-1.98127e-06
-1.75568e-06
-2.41462e-06
-1.26608e-06
-2.75762e-06
-7.29616e-07
-2.87693e-06
-2.45663e-07
-2.50729e-06
-1.24712e-06
-2.75678e-07
1.4554e-06
-8.05739e-07
2.88741e-06
-1.38592e-06
3.29464e-06
-1.91542e-06
3.16566e-06
-2.3589e-06
2.80373e-06
-2.71123e-06
2.35033e-06
-2.97872e-06
1.8641e-06
-3.17063e-06
1.36839e-06
-3.2952e-06
8.70977e-07
-3.35762e-06
3.71733e-07
-3.35884e-06
-1.33741e-07
-3.29491e-06
-6.517e-07
-3.15665e-06
-1.18787e-06
-2.92998e-06
-1.74425e-06
-2.59774e-06
-2.31351e-06
-2.14495e-06
-2.86741e-06
-1.5715e-06
-3.33107e-06
-9.18584e-07
-3.52984e-06
-3.1242e-07
-3.11345e-06
-1.55954e-06
-3.50987e-07
1.80639e-06
-1.00982e-06
3.54624e-06
-1.70808e-06
3.9929e-06
-2.32163e-06
3.77921e-06
-2.81551e-06
3.2976e-06
-3.19328e-06
2.72811e-06
-3.47116e-06
2.14198e-06
-3.6668e-06
1.56404e-06
-3.79468e-06
9.98849e-07
-3.86391e-06
4.40965e-07
-3.8772e-06
-1.20446e-07
-3.82998e-06
-6.98918e-07
-3.70956e-06
-1.3083e-06
-3.49455e-06
-1.95926e-06
-3.15582e-06
-2.65224e-06
-2.6619e-06
-3.36133e-06
-1.99555e-06
-3.99742e-06
-1.19302e-06
-4.33237e-06
-4.13649e-07
-3.89282e-06
-1.97318e-06
-4.64559e-07
2.27094e-06
-1.30155e-06
4.38323e-06
-2.14653e-06
4.83788e-06
-2.84956e-06
4.48224e-06
-3.38419e-06
3.83224e-06
-3.7711e-06
3.11502e-06
-4.04234e-06
2.41322e-06
-4.22767e-06
1.74936e-06
-4.34983e-06
1.12101e-06
-4.42314e-06
5.14281e-07
-4.45296e-06
-9.06266e-08
-4.43481e-06
-7.17068e-07
-4.3528e-06
-1.39031e-06
-4.17734e-06
-2.13473e-06
-3.86341e-06
-2.96617e-06
-3.35375e-06
-3.87099e-06
-2.59789e-06
-4.75328e-06
-1.60869e-06
-5.32156e-06
-5.78166e-07
-4.92335e-06
-2.55135e-06
-6.46502e-07
2.91745e-06
-1.73324e-06
5.46997e-06
-2.75227e-06
5.85691e-06
-3.53505e-06
5.26503e-06
-4.082e-06
4.37918e-06
-4.44462e-06
3.47765e-06
-4.67874e-06
2.64734e-06
-4.82998e-06
1.9006e-06
-4.93094e-06
1.22197e-06
-5.00192e-06
5.85256e-07
-5.05176e-06
-4.07791e-08
-5.07754e-06
-6.9129e-07
-5.06204e-06
-1.40581e-06
-4.96878e-06
-2.228e-06
-4.73499e-06
-3.19995e-06
-4.26756e-06
-4.33842e-06
-3.45799e-06
-5.56285e-06
-2.25631e-06
-6.52324e-06
-8.62058e-07
-6.3176e-06
-3.41341e-06
-9.51858e-07
3.8693e-06
-2.38102e-06
6.89913e-06
-3.57677e-06
7.05266e-06
-4.38877e-06
6.07703e-06
-4.88111e-06
4.87152e-06
-5.156e-06
3.75253e-06
-5.30117e-06
2.79251e-06
-5.38003e-06
1.97946e-06
-5.43439e-06
1.27634e-06
-5.48964e-06
6.40506e-07
-5.55835e-06
2.79235e-08
-5.64111e-06
-6.08528e-07
-5.72361e-06
-1.3233e-06
-5.76837e-06
-2.18323e-06
-5.69971e-06
-3.26861e-06
-5.38435e-06
-4.65378e-06
-4.62707e-06
-6.32013e-06
-3.24515e-06
-7.90516e-06
-1.35841e-06
-8.20434e-06
-4.77182e-06
-1.46321e-06
5.33252e-06
-3.30574e-06
8.74166e-06
-4.58219e-06
8.3291e-06
-5.2717e-06
6.76654e-06
-5.56569e-06
5.1655e-06
-5.63787e-06
3.82472e-06
-5.60975e-06
2.76438e-06
-5.55733e-06
1.92705e-06
-5.52543e-06
1.24443e-06
-5.53977e-06
6.54847e-07
-5.61464e-06
1.02801e-07
-5.75578e-06
-4.67392e-07
-5.95801e-06
-1.12107e-06
-6.19513e-06
-1.94611e-06
-6.39649e-06
-3.06725e-06
-6.40524e-06
-4.64504e-06
-5.92978e-06
-6.79559e-06
-4.56664e-06
-9.26829e-06
-2.15978e-06
-1.06112e-05
-6.93159e-06
-2.23645e-06
7.56896e-06
-4.34517e-06
1.08504e-05
-5.31283e-06
9.29676e-06
-5.50735e-06
6.96106e-06
-5.32472e-06
4.98288e-06
-5.00611e-06
3.50611e-06
-4.68306e-06
2.44134e-06
-4.42109e-06
1.66507e-06
-4.25042e-06
1.07377e-06
-4.1857e-06
5.90122e-07
-4.23668e-06
1.53784e-07
-4.41314e-06
-2.90934e-07
-4.72476e-06
-8.09453e-07
-5.17341e-06
-1.49746e-06
-5.72853e-06
-2.51213e-06
-6.26794e-06
-4.10562e-06
-6.46689e-06
-6.59664e-06
-5.67539e-06
-1.00598e-05
-3.16062e-06
-1.3126e-05
-1.00922e-05
-3.04553e-06
1.06145e-05
-4.40758e-06
1.22124e-05
-3.99893e-06
8.88811e-06
-2.98295e-06
5.94508e-06
-1.91782e-06
3.91776e-06
-9.95768e-07
2.58405e-06
-2.70529e-07
1.7161e-06
2.56736e-07
1.1378e-06
6.01137e-07
7.29366e-07
7.76411e-07
4.14847e-07
7.87025e-07
1.43171e-07
6.24192e-07
-1.28101e-07
2.62786e-07
-4.48047e-07
-3.40318e-07
-8.9436e-07
-1.23865e-06
-1.6138e-06
-2.4526e-06
-2.89168e-06
-3.82724e-06
-5.22199e-06
-4.69993e-06
-9.1871e-06
-3.56098e-06
-1.42649e-05
-1.36532e-05
-2.09269e-06
1.27072e-05
5.68034e-07
9.55171e-06
4.12586e-06
5.33028e-06
6.98964e-06
3.0813e-06
9.06693e-06
1.84047e-06
1.05342e-05
1.11676e-06
1.15552e-05
6.95093e-07
1.22501e-05
4.42927e-07
1.26994e-05
2.80037e-07
1.29517e-05
1.62621e-07
1.30291e-05
6.57735e-08
1.29295e-05
-2.85212e-08
1.26216e-05
-1.40144e-07
1.20299e-05
-3.02729e-07
1.10058e-05
-5.89626e-07
9.29253e-06
-1.17844e-06
6.56267e-06
-2.49213e-06
2.74053e-06
-5.36496e-06
-8.01993e-07
-1.07224e-05
-1.44552e-05
1.27072e-05
2.22589e-05
2.75892e-05
3.06705e-05
3.25109e-05
3.36277e-05
3.43228e-05
3.47657e-05
3.50458e-05
3.52084e-05
3.52742e-05
3.52456e-05
3.51055e-05
3.48028e-05
3.42131e-05
3.30347e-05
3.05426e-05
2.51776e-05
1.44552e-05
)
;

boundaryField
{
    movingWall
    {
        type            calculated;
        value           uniform 0;
    }
    fixedWalls
    {
        type            calculated;
        value           uniform 0;
    }
    frontAndBack
    {
        type            empty;
        value           nonuniform 0();
    }
}


// ************************************************************************* //
