/*--------------------------------*- C++ -*----------------------------------*\
  =========                 |
  \\      /  F ield         | OpenFOAM: The Open Source CFD Toolbox
   \\    /   O peration     | Website:  https://openfoam.org
    \\  /    A nd           | Version:  6
     \\/     M anipulation  |
\*---------------------------------------------------------------------------*/
FoamFile
{
    version     2.0;
    format      ascii;
    class       volScalarField;
    location    "0.13";
    object      p;
}
// * * * * * * * * * * * * * * * * * * * * * * * * * * * * * * * * * * * * * //

dimensions      [0 2 -2 0 0 0 0];

internalField   nonuniform List<scalar> 
400
(
2.25256e-08
-0.000277482
-0.000483192
-0.000494503
-0.000284715
0.00014431
0.000778496
0.0015977
0.0025769
0.00368412
0.00487764
0.0061041
0.00729827
0.00838531
0.00928655
0.00992997
0.0102666
0.0102894
0.010054
0.00973474
0.000276939
-9.23695e-06
-0.000156056
-0.000119546
9.90775e-05
0.000502939
0.00108702
0.00183817
0.00273637
0.00375334
0.00485071
0.00597892
0.00707765
0.00807869
0.00891197
0.00951607
0.00985363
0.00992317
0.00974931
0.00942141
0.000492823
0.000117219
-4.27979e-05
1.86457e-06
0.000217391
0.000603793
0.00115915
0.00187445
0.00273395
0.00371329
0.00477727
0.00587867
0.00695844
0.00794839
0.00877722
0.00938141
0.0097217
0.00979197
0.00958771
0.00915349
0.000512316
3.57366e-05
-0.000165101
-0.000132454
7.43032e-05
0.000450679
0.000995698
0.00170318
0.00256126
0.00354938
0.00463514
0.00577226
0.00689993
0.0079447
0.00882645
0.00947029
0.00982628
0.0098794
0.00960676
0.00904311
0.000278674
-0.000287916
-0.000531775
-0.00051491
-0.00031574
5.80672e-05
0.000606814
0.00132746
0.0022124
0.00324529
0.00439676
0.00562095
0.00685338
0.0080116
0.0090006
0.00972665
0.0101221
0.0101602
0.00980712
0.00910779
-0.000244527
-0.000896632
-0.00118335
-0.0011816
-0.000985973
-0.000606397
-4.06295e-05
0.000712234
0.00164987
0.00276135
0.00402145
0.00538532
0.00678408
0.00812304
0.00928598
0.010151
0.0106226
0.0106556
0.0102064
0.00934402
-0.00108869
-0.00183184
-0.0021634
-0.0021753
-0.00197912
-0.00158705
-0.000994291
-0.000194815
0.00081605
0.00203507
0.00344379
0.00500084
0.00663416
0.00823508
0.00965934
0.0107442
0.0113504
0.0113995
0.0108285
0.00974242
-0.00228987
-0.00313819
-0.00351922
-0.003544
-0.00334526
-0.00293843
-0.00231564
-0.00146426
-0.000370187
0.000974537
0.00256285
0.0043623
0.00630254
0.00826265
0.0100649
0.0114894
0.0123277
0.0124383
0.0117112
0.0102941
-0.00389555
-0.0048707
-0.00530819
-0.00534613
-0.00514606
-0.00472872
-0.00408297
-0.00318809
-0.00201772
-0.000548198
0.00123159
0.00330749
0.00562198
0.00805127
0.0103846
0.0123283
0.013566
0.0138386
0.0129223
0.0109985
-0.00596937
-0.0071002
-0.00760175
-0.00765246
-0.00745484
-0.00703847
-0.00638929
-0.00547745
-0.00426199
-0.0026991
-0.000751354
0.0015989
0.00432697
0.00733001
0.0103817
0.0131071
0.0150323
0.0156838
0.0145834
0.0118856
-0.00859724
-0.00991976
-0.0104891
-0.0105463
-0.0103537
-0.00995516
-0.00933449
-0.00845294
-0.00725456
-0.00567322
-0.00363866
-0.00108612
0.00202178
0.0056491
0.00960748
0.01347
0.0165633
0.0180441
0.016903
0.013077
-0.0118993
-0.0134554
-0.0140819
-0.014122
-0.0139271
-0.0135618
-0.0130089
-0.0122226
-0.0111351
-0.00966176
-0.00770009
-0.00512876
-0.00181658
0.00233666
0.00729262
0.012693
0.0176931
0.0208751
0.0201992
0.0149308
-0.0160555
-0.0178851
-0.0185203
-0.0184793
-0.0182478
-0.0179155
-0.0174629
-0.0168394
-0.0159741
-0.0147762
-0.0131259
-0.0108538
-0.007719
-0.0034106
0.00235745
0.00957007
0.0174415
0.0238273
0.024891
0.0183534
-0.0213617
-0.0234736
-0.0239777
-0.0237083
-0.0233491
-0.0230086
-0.0226547
-0.0222329
-0.0216792
-0.0209187
-0.0198451
-0.0182766
-0.0158835
-0.0121047
-0.0061432
0.00274904
0.0144047
0.0261342
0.0315042
0.0253492
-0.0283553
-0.0306321
-0.0306506
-0.0298439
-0.0291643
-0.0286973
-0.0283685
-0.0281115
-0.0278769
-0.0276264
-0.0273032
-0.026763
-0.025642
-0.0231537
-0.0178953
-0.00797454
0.00783827
0.0271479
0.0409027
0.0395693
-0.0380922
-0.040008
-0.0386881
-0.0367456
-0.0353974
-0.0345728
-0.0340927
-0.0338563
-0.0338219
-0.0339907
-0.034367
-0.0348652
-0.0351218
-0.0341756
-0.0300689
-0.0197059
3.81159e-05
0.0283846
0.0553581
0.0664449
-0.0528295
-0.0525842
-0.0480128
-0.0438956
-0.041329
-0.0397907
-0.0388969
-0.0384674
-0.0384335
-0.0387997
-0.0395865
-0.0407093
-0.0417424
-0.0415152
-0.0375849
-0.0259078
-0.00167891
0.0368417
0.0818045
0.115047
-0.0783988
-0.0695892
-0.0578675
-0.049999
-0.045451
-0.0428017
-0.0413067
-0.0405969
-0.0404876
-0.0409052
-0.0417915
-0.0429394
-0.0437047
-0.0425438
-0.0364225
-0.0204138
0.0116847
0.0645046
0.135732
0.206666
-0.132984
-0.0903987
-0.062753
-0.0497583
-0.0434118
-0.0401154
-0.038614
-0.0382262
-0.0385344
-0.0393214
-0.0404032
-0.0413898
-0.0413457
-0.0382816
-0.0284787
-0.00581125
0.038327
0.113818
0.229881
0.375879
-0.257924
-0.105887
-0.0471548
-0.0334444
-0.0295769
-0.0282887
-0.0287293
-0.0301747
-0.0320304
-0.0340135
-0.0359158
-0.0372863
-0.0370718
-0.0331107
-0.0214149
0.00492423
0.0574587
0.156006
0.330012
0.600056
)
;

boundaryField
{
    movingWall
    {
        type            zeroGradient;
    }
    fixedWalls
    {
        type            zeroGradient;
    }
    frontAndBack
    {
        type            empty;
    }
}


// ************************************************************************* //
