/*--------------------------------*- C++ -*----------------------------------*\
  =========                 |
  \\      /  F ield         | OpenFOAM: The Open Source CFD Toolbox
   \\    /   O peration     | Website:  https://openfoam.org
    \\  /    A nd           | Version:  6
     \\/     M anipulation  |
\*---------------------------------------------------------------------------*/
FoamFile
{
    version     2.0;
    format      ascii;
    class       surfaceScalarField;
    location    "0.13";
    object      phi;
}
// * * * * * * * * * * * * * * * * * * * * * * * * * * * * * * * * * * * * * //

dimensions      [0 3 -1 0 0 0 0];

internalField   nonuniform List<scalar> 
760
(
-2.51475e-09
2.51454e-09
-4.34865e-08
4.09718e-08
-1.11923e-07
6.84367e-08
-1.9243e-07
8.05071e-08
-2.74315e-07
8.18851e-08
-3.50924e-07
7.66082e-08
-4.18039e-07
6.71154e-08
-4.72616e-07
5.45771e-08
-5.12021e-07
3.94046e-08
-5.33745e-07
2.17236e-08
-5.35456e-07
1.7114e-09
-5.15286e-07
-2.01703e-08
-4.72312e-07
-4.29738e-08
-4.07256e-07
-6.50557e-08
-3.23388e-07
-8.38676e-08
-2.27544e-07
-9.58447e-08
-1.30959e-07
-9.65847e-08
-4.95255e-08
-8.14336e-08
-2.313e-09
-4.72126e-08
-2.31308e-09
-4.15652e-08
4.40797e-08
-1.55341e-07
1.54748e-07
-3.17859e-07
2.30954e-07
-5.03164e-07
2.65813e-07
-6.9047e-07
2.69191e-07
-8.65186e-07
2.51324e-07
-1.01728e-06
2.19205e-07
-1.13935e-06
1.76651e-07
-1.22536e-06
1.25413e-07
-1.27002e-06
6.63876e-08
-1.26886e-06
5.53352e-10
-1.21871e-06
-7.03228e-08
-1.11861e-06
-1.43072e-07
-9.71152e-07
-2.12516e-07
-7.84096e-07
-2.70924e-07
-5.7209e-07
-3.07851e-07
-3.57749e-07
-3.10926e-07
-1.70912e-07
-2.68271e-07
-4.38629e-08
-1.74261e-07
-4.6176e-08
-7.39722e-08
1.18052e-07
-2.47003e-07
3.27779e-07
-4.79759e-07
4.6371e-07
-7.38546e-07
5.24599e-07
-9.97178e-07
5.27823e-07
-1.23694e-06
4.9109e-07
-1.44465e-06
4.26907e-07
-1.61043e-06
3.42438e-07
-1.72629e-06
2.41274e-07
-1.78537e-06
1.25459e-07
-1.78194e-06
-2.87747e-09
-1.71203e-06
-1.40227e-07
-1.57456e-06
-2.80542e-07
-1.373e-06
-4.14081e-07
-1.11748e-06
-5.26442e-07
-8.26953e-07
-5.98376e-07
-5.30455e-07
-6.07425e-07
-2.66092e-07
-5.32634e-07
-7.61641e-08
-3.64189e-07
-1.2234e-07
-9.63147e-08
2.14367e-07
-3.14943e-07
5.46407e-07
-6.02157e-07
7.50924e-07
-9.16599e-07
8.39041e-07
-1.22802e-06
8.39248e-07
-1.51537e-06
7.78434e-07
-1.76388e-06
6.75419e-07
-1.9625e-06
5.41059e-07
-2.10212e-06
3.80896e-07
-2.17476e-06
1.98099e-07
-2.17351e-06
-4.13089e-09
-2.09315e-06
-2.20584e-07
-1.93152e-06
-4.42168e-07
-1.69161e-06
-6.53999e-07
-1.38428e-06
-8.33771e-07
-1.03123e-06
-9.51421e-07
-6.6691e-07
-9.71745e-07
-3.37781e-07
-8.61762e-07
-9.75433e-08
-6.04427e-07
-2.19883e-07
-1.13072e-07
3.27439e-07
-3.68845e-07
8.0218e-07
-7.01774e-07
1.08385e-06
-1.06322e-06
1.20049e-06
-1.41931e-06
1.19533e-06
-1.74733e-06
1.10646e-06
-2.03181e-06
9.59895e-07
-2.26115e-06
7.70399e-07
-2.42556e-06
5.45304e-07
-2.51598e-06
2.88517e-07
-2.52389e-06
3.78378e-09
-2.44196e-06
-3.02517e-07
-2.26558e-06
-6.18551e-07
-1.9956e-06
-9.23978e-07
-1.64216e-06
-1.1872e-06
-1.22903e-06
-1.36455e-06
-7.96848e-07
-1.40393e-06
-4.0286e-07
-1.25575e-06
-1.1489e-07
-8.92397e-07
-3.34774e-07
-1.28284e-07
4.55722e-07
-4.18921e-07
1.09282e-06
-7.95642e-07
1.46057e-06
-1.20268e-06
1.60753e-06
-1.60265e-06
1.59529e-06
-1.97157e-06
1.47539e-06
-2.29372e-06
1.28204e-06
-2.55742e-06
1.0341e-06
-2.75244e-06
7.40323e-07
-2.86856e-06
4.04638e-07
-2.89511e-06
3.03366e-08
-2.82147e-06
-3.76156e-07
-2.63884e-06
-8.01178e-07
-2.34377e-06
-1.21905e-06
-1.9436e-06
-1.58737e-06
-1.46324e-06
-1.84492e-06
-9.5087e-07
-1.9163e-06
-4.78721e-07
-1.7279e-06
-1.34175e-07
-1.23694e-06
-4.68948e-07
-1.44874e-07
6.00596e-07
-4.73194e-07
1.42114e-06
-8.97205e-07
1.88458e-06
-1.35357e-06
2.0639e-06
-1.80135e-06
2.04307e-06
-2.21565e-06
1.88969e-06
-2.58098e-06
1.64737e-06
-2.88611e-06
1.33923e-06
-3.12077e-06
9.7498e-07
-3.27365e-06
5.57519e-07
-3.33149e-06
8.81697e-08
-3.27915e-06
-4.28492e-07
-3.10145e-06
-9.78878e-07
-2.78746e-06
-1.53304e-06
-2.33822e-06
-2.03661e-06
-1.77731e-06
-2.40583e-06
-1.16131e-06
-2.53229e-06
-5.83449e-07
-2.30576e-06
-1.60797e-07
-1.65959e-06
-6.29746e-07
-1.649e-07
7.65497e-07
-5.37493e-07
1.79373e-06
-1.0161e-06
2.3632e-06
-1.52871e-06
2.57651e-06
-2.03071e-06
2.54507e-06
-2.49676e-06
2.35574e-06
-2.91239e-06
2.063e-06
-3.26766e-06
1.6945e-06
-3.55302e-06
1.26034e-06
-3.75664e-06
7.61133e-07
-3.86262e-06
1.94153e-07
-3.85035e-06
-4.40763e-07
-3.69568e-06
-1.13355e-06
-3.37574e-06
-1.85297e-06
-2.87918e-06
-2.53318e-06
-2.22246e-06
-3.06255e-06
-1.46904e-06
-3.2857e-06
-7.40685e-07
-3.03412e-06
-2.0162e-07
-2.19866e-06
-8.31366e-07
-1.90017e-07
9.55514e-07
-6.16419e-07
2.22013e-06
-1.15952e-06
2.9063e-06
-1.73683e-06
3.15382e-06
-2.30002e-06
3.10826e-06
-2.8241e-06
2.87982e-06
-3.2968e-06
2.53569e-06
-3.71078e-06
2.10849e-06
-4.05863e-06
1.60819e-06
-4.32928e-06
1.03178e-06
-4.50514e-06
3.70003e-07
-4.55981e-06
-3.86091e-07
-4.45776e-06
-1.23559e-06
-4.15839e-06
-2.15234e-06
-3.62834e-06
-3.06323e-06
-2.86546e-06
-3.82544e-06
-1.93268e-06
-4.21848e-06
-9.87193e-07
-3.97961e-06
-2.68111e-07
-2.91774e-06
-1.09948e-06
-2.22087e-07
1.1776e-06
-7.14692e-07
2.71274e-06
-1.334e-06
3.52561e-06
-1.98466e-06
3.80448e-06
-2.61475e-06
3.73835e-06
-3.20094e-06
3.46601e-06
-3.7348e-06
3.06956e-06
-4.2135e-06
2.58718e-06
-4.63386e-06
2.02856e-06
-4.98798e-06
1.3859e-06
-5.25883e-06
6.40854e-07
-5.41563e-06
-2.29296e-07
-5.4102e-06
-1.24102e-06
-5.17806e-06
-2.38448e-06
-4.65078e-06
-3.59052e-06
-3.7881e-06
-4.68812e-06
-2.63399e-06
-5.37259e-06
-1.38089e-06
-5.23271e-06
-3.80742e-07
-3.91789e-06
-1.48022e-06
-2.63955e-07
1.44156e-06
-8.38701e-07
3.28748e-06
-1.54724e-06
4.23414e-06
-2.27842e-06
4.53566e-06
-2.97753e-06
4.43745e-06
-3.62481e-06
4.1133e-06
-4.21783e-06
3.66258e-06
-4.76051e-06
3.12986e-06
-5.25668e-06
2.52473e-06
-5.70504e-06
1.83426e-06
-6.09317e-06
1.02899e-06
-6.38978e-06
6.73151e-08
-6.53587e-06
-1.09493e-06
-6.43932e-06
-2.48104e-06
-5.98283e-06
-4.04701e-06
-5.06143e-06
-5.60951e-06
-3.66558e-06
-6.76844e-06
-2.00267e-06
-6.89561e-06
-5.74026e-07
-5.34654e-06
-2.05424e-06
-3.20571e-07
1.76213e-06
-9.98331e-07
3.96524e-06
-1.80951e-06
5.04532e-06
-2.62423e-06
5.35038e-06
-3.38701e-06
5.20024e-06
-4.08459e-06
4.81088e-06
-4.72298e-06
4.30096e-06
-5.31516e-06
3.72204e-06
-5.87473e-06
3.0843e-06
-6.41085e-06
2.37038e-06
-6.92121e-06
1.53934e-06
-7.3809e-06
5.27002e-07
-7.72706e-06
-7.48766e-07
-7.84342e-06
-2.36468e-06
-7.5572e-06
-4.33323e-06
-6.67319e-06
-6.49352e-06
-5.07873e-06
-8.36291e-06
-2.93771e-06
-9.03663e-06
-9.00001e-07
-7.38425e-06
-2.95425e-06
-4.00923e-07
2.16305e-06
-1.2093e-06
4.77362e-06
-2.13423e-06
5.97025e-06
-3.02559e-06
6.24174e-06
-3.8321e-06
6.00675e-06
-4.55132e-06
5.5301e-06
-5.20032e-06
4.94996e-06
-5.80283e-06
4.32455e-06
-6.38399e-06
3.66547e-06
-6.96635e-06
2.95274e-06
-7.56292e-06
2.13591e-06
-8.16414e-06
1.12822e-06
-8.71675e-06
-1.96154e-07
-9.09687e-06
-1.98457e-06
-9.08944e-06
-4.34065e-06
-8.40351e-06
-7.17945e-06
-6.77447e-06
-9.99195e-06
-4.21544e-06
-1.15957e-05
-1.42337e-06
-1.01763e-05
-4.37762e-06
-5.21612e-07
2.68466e-06
-1.49597e-06
5.74797e-06
-2.53543e-06
7.00972e-06
-3.47401e-06
7.18031e-06
-4.27565e-06
6.80839e-06
-4.95576e-06
6.21021e-06
-5.54548e-06
5.53967e-06
-6.08009e-06
4.85917e-06
-6.59607e-06
4.18145e-06
-7.12928e-06
3.48594e-06
-7.71027e-06
2.71691e-06
-8.35277e-06
1.77072e-06
-9.03128e-06
4.82361e-07
-9.64654e-06
-1.3693e-06
-9.98545e-06
-4.00175e-06
-9.69971e-06
-7.46519e-06
-8.35936e-06
-1.13323e-05
-5.69279e-06
-1.42622e-05
-2.18835e-06
-1.36808e-05
-6.56597e-06
-7.13747e-07
3.39841e-06
-1.89362e-06
6.92784e-06
-3.01605e-06
8.13215e-06
-3.92163e-06
8.0859e-06
-4.61374e-06
7.5005e-06
-5.13781e-06
6.73428e-06
-5.54383e-06
5.94569e-06
-5.87927e-06
5.19461e-06
-6.1896e-06
4.49177e-06
-6.51977e-06
3.81612e-06
-6.91417e-06
3.1113e-06
-7.4115e-06
2.26805e-06
-8.02974e-06
1.10059e-06
-8.73426e-06
-6.64785e-07
-9.3853e-06
-3.3507e-06
-9.67029e-06
-7.1802e-06
-9.05667e-06
-1.19459e-05
-6.90293e-06
-1.6416e-05
-3.1217e-06
-1.7462e-05
-9.68767e-06
-1.03496e-06
4.43337e-06
-2.44282e-06
8.3357e-06
-3.52574e-06
9.21507e-06
-4.20647e-06
8.76663e-06
-4.57816e-06
7.87219e-06
-4.73731e-06
6.89343e-06
-4.76064e-06
5.96902e-06
-4.70882e-06
5.14279e-06
-4.63224e-06
4.4152e-06
-4.57689e-06
3.76078e-06
-4.59037e-06
3.12477e-06
-4.72717e-06
2.40486e-06
-5.04924e-06
1.42266e-06
-5.6117e-06
-1.0232e-07
-6.41661e-06
-2.5458e-06
-7.31135e-06
-6.28546e-06
-7.81721e-06
-1.14401e-05
-6.98925e-06
-1.72439e-05
-3.87751e-06
-2.05737e-05
-1.35652e-05
-1.58369e-06
6.01706e-06
-3.12933e-06
9.88134e-06
-3.80888e-06
9.89462e-06
-3.84301e-06
8.80076e-06
-3.50535e-06
7.53452e-06
-2.96858e-06
6.35667e-06
-2.3384e-06
5.33884e-06
-1.68267e-06
4.48705e-06
-1.04696e-06
3.77949e-06
-4.66039e-07
3.17986e-06
2.41193e-08
2.63462e-06
3.71696e-07
2.05728e-06
4.91711e-07
1.30265e-06
2.53328e-07
1.36062e-07
-5.05259e-07
-1.78721e-06
-1.88548e-06
-4.90524e-06
-3.6768e-06
-9.64874e-06
-4.90579e-06
-1.60149e-05
-3.76957e-06
-2.17099e-05
-1.73348e-05
-2.47019e-06
8.48725e-06
-3.50141e-06
1.09126e-05
-2.81928e-06
9.21248e-06
-1.41055e-06
7.39203e-06
2.01626e-07
5.92235e-06
1.81063e-06
4.74766e-06
3.3295e-06
3.81998e-06
4.71975e-06
3.0968e-06
5.96769e-06
2.53154e-06
7.06919e-06
2.07836e-06
8.01509e-06
1.68872e-06
8.77326e-06
1.29911e-06
9.26297e-06
8.12936e-07
9.32178e-06
7.72502e-08
8.67907e-06
-1.1445e-06
6.98284e-06
-3.209e-06
4.00285e-06
-6.66875e-06
2.77731e-07
-1.22898e-05
-1.94519e-06
-1.9487e-05
-1.92799e-05
-2.85703e-06
1.13443e-05
-4.89478e-07
8.54501e-06
3.38333e-06
5.33968e-06
6.97952e-06
3.79584e-06
1.00717e-05
2.83018e-06
1.27004e-05
2.11894e-06
1.49196e-05
1.60082e-06
1.67864e-05
1.22997e-06
1.83568e-05
9.61137e-07
1.96762e-05
7.58919e-07
2.07709e-05
5.94036e-07
2.16349e-05
4.35157e-07
2.22073e-05
2.40564e-07
2.23355e-05
-5.10103e-08
2.1724e-05
-5.3297e-07
1.98801e-05
-1.36513e-06
1.61256e-05
-2.91425e-06
9.98736e-06
-6.15155e-06
2.77813e-06
-1.22778e-05
-1.65018e-05
1.13443e-05
1.98893e-05
2.5229e-05
2.90248e-05
3.1855e-05
3.39739e-05
3.55747e-05
3.68047e-05
3.77659e-05
3.85248e-05
3.91188e-05
3.9554e-05
3.97945e-05
3.97435e-05
3.92105e-05
3.78454e-05
3.49312e-05
2.87796e-05
1.65018e-05
)
;

boundaryField
{
    movingWall
    {
        type            calculated;
        value           uniform 0;
    }
    fixedWalls
    {
        type            calculated;
        value           uniform 0;
    }
    frontAndBack
    {
        type            empty;
        value           nonuniform 0();
    }
}


// ************************************************************************* //
