/*--------------------------------*- C++ -*----------------------------------*\
  =========                 |
  \\      /  F ield         | OpenFOAM: The Open Source CFD Toolbox
   \\    /   O peration     | Website:  https://openfoam.org
    \\  /    A nd           | Version:  6
     \\/     M anipulation  |
\*---------------------------------------------------------------------------*/
FoamFile
{
    version     2.0;
    format      ascii;
    class       volScalarField;
    location    "0.1";
    object      p;
}
// * * * * * * * * * * * * * * * * * * * * * * * * * * * * * * * * * * * * * //

dimensions      [0 2 -2 0 0 0 0];

internalField   nonuniform List<scalar> 
400
(
4.96479e-08
-0.00192359
-0.00416602
-0.00571115
-0.00603868
-0.00493818
-0.00240931
0.00140467
0.00626016
0.0118351
0.017742
0.0235425
0.028772
0.0329803
0.0357886
0.0369637
0.0365008
0.034703
0.0322531
0.0302914
0.00190467
-8.06845e-05
-0.00182261
-0.00282727
-0.00286519
-0.00178762
0.000418506
0.00365177
0.00772627
0.0123865
0.0173187
0.0221651
0.0265481
0.0301061
0.0325412
0.0336764
0.033519
0.0322921
0.0303656
0.0283574
0.00428844
0.00153693
-0.000354502
-0.00126052
-0.00123692
-0.000215658
0.00179664
0.00470714
0.00835915
0.0125376
0.0169736
0.0213542
0.025343
0.0286111
0.0308794
0.0319684
0.0318569
0.0306856
0.0285539
0.0257486
0.00625984
0.00247059
0.000103957
-0.000952959
-0.000997284
-3.6181e-05
0.00189298
0.0046891
0.00820632
0.0122507
0.0165758
0.0208863
0.0248522
0.0281373
0.0304368
0.0315286
0.0313393
0.0299354
0.0272064
0.0232658
0.00726518
0.00238154
-0.000556742
-0.00184099
-0.00197977
-0.00104574
0.000893826
0.00372571
0.00730855
0.0114611
0.0159485
0.0204782
0.024708
0.0282691
0.0308035
0.0320184
0.031769
0.0300483
0.026566
0.0213412
0.00688192
0.000871998
-0.00267404
-0.00419954
-0.00441095
-0.00343987
-0.00138084
0.00164097
0.00548703
0.00998553
0.014908
0.0199559
0.0247611
0.0289024
0.0319413
0.0334838
0.0332876
0.0312582
0.0269249
0.0202524
0.00472123
-0.00246427
-0.00663012
-0.00837138
-0.00859783
-0.00749978
-0.00519731
-0.00182546
0.00248261
0.00756691
0.0132066
0.0190956
0.0248323
0.0299269
0.0338328
0.0360164
0.0360968
0.0338564
0.0286052
0.0202566
0.000362756
-0.00806941
-0.0128477
-0.0147418
-0.0148909
-0.0135519
-0.0108708
-0.00698871
-0.00202648
0.00387702
0.0105184
0.0175922
0.0246655
0.0311703
0.0364242
0.0397067
0.0404373
0.0382084
0.03202
0.021699
-0.00669492
-0.0164635
-0.021821
-0.0237588
-0.023695
-0.0219706
-0.0187613
-0.0142094
-0.00841144
-0.00146875
0.00645294
0.0150696
0.0239328
0.0323988
0.0396274
0.0446564
0.0466202
0.0448109
0.0377598
0.0251188
-0.0170744
-0.0282812
-0.0341349
-0.0359307
-0.0354477
-0.0331421
-0.0292268
-0.0238392
-0.0170357
-0.00885555
0.000604575
0.0111182
0.022257
0.0333248
0.0433177
0.0509776
0.0550457
0.0543484
0.0466905
0.0313733
-0.0315705
-0.0443182
-0.0504815
-0.051807
-0.0505703
-0.0473918
-0.0425329
-0.036119
-0.0281455
-0.0185578
-0.00734103
0.00538958
0.0192862
0.0336562
0.0473594
0.0588086
0.0662323
0.0677639
0.0600851
0.0418112
-0.0512471
-0.0656087
-0.0716788
-0.0719385
-0.0693827
-0.064867
-0.0587138
-0.0510236
-0.0417037
-0.0305664
-0.0174327
-0.00223687
0.0148421
0.0332138
0.0516859
0.0683638
0.080867
0.0863566
0.0798133
0.0585481
-0.0776501
-0.0935639
-0.0986897
-0.0967997
-0.0919668
-0.0853674
-0.0773835
-0.0680628
-0.0571828
-0.044374
-0.0292323
-0.0114302
0.00913429
0.0321193
0.0564443
0.0800329
0.0998859
0.111913
0.108624
0.0849426
-0.113304
-0.130226
-0.132619
-0.126638
-0.117954
-0.108116
-0.0975148
-0.0860735
-0.0733688
-0.0587828
-0.0416185
-0.0212015
0.00297384
0.0309993
0.062162
0.0944905
0.124552
0.146856
0.150577
0.126484
-0.162834
-0.178684
-0.174593
-0.161158
-0.146186
-0.131469
-0.117218
-0.10307
-0.0882703
-0.0718531
-0.0527519
-0.029866
-0.00217202
0.0310516
0.0697943
0.112683
0.156387
0.194273
0.211586
0.192378
-0.235163
-0.243578
-0.225394
-0.199003
-0.174291
-0.152648
-0.133647
-0.116301
-0.0992906
-0.0811581
-0.0603795
-0.0353638
-0.00448466
0.0337818
0.0804981
0.135595
0.196867
0.257575
0.299641
0.297674
-0.347827
-0.331404
-0.284861
-0.237439
-0.198621
-0.167923
-0.1434
-0.122815
-0.103908
-0.084541
-0.0626487
-0.0361116
-0.00265382
0.0401871
0.0949313
0.163695
0.24688
0.339764
0.424715
0.466599
-0.54249
-0.450362
-0.348465
-0.270011
-0.213112
-0.172327
-0.142814
-0.120115
-0.100553
-0.0811613
-0.0593281
-0.0324575
0.00233475
0.0485166
0.110449
0.193483
0.302641
0.439633
0.600773
0.75006
-0.93439
-0.604164
-0.388147
-0.271545
-0.200116
-0.154436
-0.125041
-0.104585
-0.0879015
-0.0714334
-0.0523522
-0.0279341
0.00493818
0.0503726
0.114412
0.206308
0.3388
0.531748
0.838261
1.27052
-1.63943
-0.747931
-0.34656
-0.205117
-0.139557
-0.10444
-0.0860108
-0.0753518
-0.0669628
-0.0576131
-0.0449837
-0.0268901
-0.000761897
0.0370178
0.0924327
0.176638
0.311322
0.549693
1.06626
2.07258
)
;

boundaryField
{
    movingWall
    {
        type            zeroGradient;
    }
    fixedWalls
    {
        type            zeroGradient;
    }
    frontAndBack
    {
        type            empty;
    }
}


// ************************************************************************* //
