/*--------------------------------*- C++ -*----------------------------------*\
  =========                 |
  \\      /  F ield         | OpenFOAM: The Open Source CFD Toolbox
   \\    /   O peration     | Website:  https://openfoam.org
    \\  /    A nd           | Version:  6
     \\/     M anipulation  |
\*---------------------------------------------------------------------------*/
FoamFile
{
    version     2.0;
    format      ascii;
    class       volVectorField;
    location    "0.1";
    object      U;
}
// * * * * * * * * * * * * * * * * * * * * * * * * * * * * * * * * * * * * * //

dimensions      [0 1 -1 0 0 0 0];

internalField   nonuniform List<vector> 
400
(
(0.000184826 -0.000182893 0)
(2.7722e-05 0.000138212 0)
(-0.00113874 0.000508482 0)
(-0.00309548 0.000757104 0)
(-0.00549923 0.000874508 0)
(-0.00803442 0.000879672 0)
(-0.0104322 0.00079463 0)
(-0.0124731 0.000639114 0)
(-0.0139847 0.000429544 0)
(-0.0148377 0.000180806 0)
(-0.0149474 -9.10058e-05 0)
(-0.0142804 -0.000366129 0)
(-0.0128655 -0.000619663 0)
(-0.0108062 -0.000821598 0)
(-0.00828934 -0.00093874 0)
(-0.00558564 -0.000938937 0)
(-0.0030351 -0.000797962 0)
(-0.00101408 -0.000508718 0)
(0.000122242 -0.000106493 0)
(0.000214216 0.000208078 0)
(-0.000114412 -5.04586e-05 0)
(-0.0014991 0.0015154 0)
(-0.00499102 0.00311785 0)
(-0.0100339 0.00421892 0)
(-0.0159453 0.00473885 0)
(-0.02208 0.00472077 0)
(-0.0278442 0.0042441 0)
(-0.0327299 0.00339557 0)
(-0.0363291 0.00225928 0)
(-0.0383382 0.000919468 0)
(-0.0385651 -0.000531218 0)
(-0.0369445 -0.00198366 0)
(-0.0335592 -0.00330802 0)
(-0.02866 -0.00435629 0)
(-0.0226782 -0.00497389 0)
(-0.0162165 -0.005022 0)
(-0.010002 -0.00441144 0)
(-0.0047999 -0.00314612 0)
(-0.00132916 -0.00140597 0)
(-5.58956e-05 0.000153242 0)
(-0.000494318 0.00108402 0)
(-0.00325152 0.0050311 0)
(-0.00905101 0.00866401 0)
(-0.0168621 0.0111379 0)
(-0.0257105 0.0122691 0)
(-0.0347375 0.0121177 0)
(-0.0431422 0.010844 0)
(-0.050229 0.00864397 0)
(-0.0554352 0.00572343 0)
(-0.0583408 0.00229807 0)
(-0.0586805 -0.00139319 0)
(-0.0563646 -0.00507367 0)
(-0.0515054 -0.00842226 0)
(-0.0444436 -0.0110821 0)
(-0.0357629 -0.0126903 0)
(-0.0262779 -0.0129321 0)
(-0.0169698 -0.0116196 0)
(-0.00887341 -0.00878797 0)
(-0.00304214 -0.00483194 0)
(-0.000413816 -0.000858333 0)
(-0.000826977 0.00315917 0)
(-0.0048922 0.0105278 0)
(-0.0129459 0.0167527 0)
(-0.0234017 0.0208583 0)
(-0.0349645 0.0226243 0)
(-0.0465875 0.0221631 0)
(-0.0573151 0.0197427 0)
(-0.0663221 0.0156961 0)
(-0.0729416 0.0103805 0)
(-0.0766724 0.00417564 0)
(-0.0771909 -0.00249666 0)
(-0.0743746 -0.00915079 0)
(-0.0683343 -0.0152268 0)
(-0.0594501 -0.0201054 0)
(-0.0483961 -0.0231574 0)
(-0.0361389 -0.0238359 0)
(-0.0238727 -0.0218061 0)
(-0.0129021 -0.0170961 0)
(-0.00467948 -0.0102731 0)
(-0.000726294 -0.00278178 0)
(-0.00112381 0.00607298 0)
(-0.00644379 0.0178906 0)
(-0.0167264 0.0272377 0)
(-0.0297995 0.0331642 0)
(-0.0440169 0.0355208 0)
(-0.0581427 0.0345403 0)
(-0.071089 0.0306425 0)
(-0.0819339 0.0243252 0)
(-0.0899378 0.0161161 0)
(-0.0945386 0.00657339 0)
(-0.0953576 -0.00368472 0)
(-0.0922232 -0.0139461 0)
(-0.0852105 -0.0233857 0)
(-0.0746914 -0.0310815 0)
(-0.0613826 -0.0360824 0)
(-0.0463685 -0.0375372 0)
(-0.0310538 -0.0348817 0)
(-0.0170553 -0.0280514 0)
(-0.00631123 -0.0177024 0)
(-0.00101307 -0.0055404 0)
(-0.00141196 0.00978682 0)
(-0.00799023 0.0271127 0)
(-0.0205388 0.0401494 0)
(-0.0362741 0.0480917 0)
(-0.0531732 0.0509793 0)
(-0.0698064 0.0492557 0)
(-0.0849679 0.0435518 0)
(-0.0976642 0.0345643 0)
(-0.107107 0.023006 0)
(-0.11269 0.00961594 0)
(-0.113978 -0.00479439 0)
(-0.11073 -0.019286 0)
(-0.102948 -0.0327556 0)
(-0.0909449 -0.0439425 0)
(-0.0754275 -0.0515066 0)
(-0.0575648 -0.0541932 0)
(-0.0389748 -0.0510846 0)
(-0.0216409 -0.0418959 0)
(-0.00809377 -0.0272701 0)
(-0.00131642 -0.00915057 0)
(-0.00171539 0.0143177 0)
(-0.00961444 0.0382534 0)
(-0.024529 0.055569 0)
(-0.0430166 0.065716 0)
(-0.0626514 0.0690543 0)
(-0.0818106 0.0663471 0)
(-0.0991908 0.0585102 0)
(-0.113757 0.0464786 0)
(-0.124703 0.0311606 0)
(-0.131398 0.0134659 0)
(-0.133354 -0.0056214 0)
(-0.130244 -0.0249549 0)
(-0.121953 -0.0431565 0)
(-0.108675 -0.0585996 0)
(-0.0910386 -0.0694804 0)
(-0.0702403 -0.0740128 0)
(-0.0480938 -0.0707532 0)
(-0.0269952 -0.0590119 0)
(-0.0102009 -0.0392798 0)
(-0.00168057 -0.0137284 0)
(-0.00205387 0.0197272 0)
(-0.0113857 0.0514306 0)
(-0.0288102 0.073612 0)
(-0.0501443 0.0861122 0)
(-0.0725281 0.089771 0)
(-0.0941581 0.0858052 0)
(-0.11367 0.0755052 0)
(-0.130034 0.0600884 0)
(-0.142473 0.040664 0)
(-0.150365 0.0182882 0)
(-0.153189 -0.0059234 0)
(-0.150522 -0.0306617 0)
(-0.142093 -0.054304 0)
(-0.127901 -0.0748492 0)
(-0.1084 -0.0899594 0)
(-0.0847124 -0.097165 0)
(-0.0587829 -0.0942671 0)
(-0.0334356 -0.0799034 0)
(-0.0128086 -0.0541932 0)
(-0.00215112 -0.0194889 0)
(-0.00244537 0.0261134 0)
(-0.0133617 0.0668064 0)
(-0.0334559 0.0943998 0)
(-0.057679 0.109306 0)
(-0.0827011 0.113056 0)
(-0.10657 0.10749 0)
(-0.127924 0.0943829 0)
(-0.145812 0.0752832 0)
(-0.159558 0.0515005 0)
(-0.168611 0.0241985 0)
(-0.172455 -0.0054413 0)
(-0.17058 -0.0360246 0)
(-0.162527 -0.0657522 0)
(-0.14802 -0.0922783 0)
(-0.127205 -0.112685 0)
(-0.100972 -0.123658 0)
(-0.071246 -0.121952 0)
(-0.0412275 -0.105144 0)
(-0.0160937 -0.072616 0)
(-0.00277879 -0.0267462 0)
(-0.00291267 0.0336071 0)
(-0.0156049 0.0845695 0)
(-0.0385134 0.118013 0)
(-0.0655435 0.135197 0)
(-0.0928623 0.138635 0)
(-0.118436 0.131014 0)
(-0.141005 0.114726 0)
(-0.159813 0.0917063 0)
(-0.174387 0.0634549 0)
(-0.18434 0.0311869 0)
(-0.18923 -0.00394247 0)
(-0.188499 -0.0405691 0)
(-0.181491 -0.0768379 0)
(-0.167579 -0.110151 0)
(-0.146446 -0.13702 0)
(-0.118509 -0.153152 0)
(-0.0854122 -0.153911 0)
(-0.0505481 -0.135271 0)
(-0.0202398 -0.0952636 0)
(-0.00362738 -0.0359189 0)
(-0.00349648 0.0423851 0)
(-0.0182144 0.104926 0)
(-0.0440348 0.144434 0)
(-0.073568 0.16345 0)
(-0.102469 0.165895 0)
(-0.128748 0.155594 0)
(-0.151416 0.135712 0)
(-0.170063 0.108621 0)
(-0.184563 0.0759924 0)
(-0.194814 0.0390177 0)
(-0.200552 -0.00129184 0)
(-0.201248 -0.0437575 0)
(-0.196081 -0.0866505 0)
(-0.184028 -0.1273 0)
(-0.164146 -0.161766 0)
(-0.136081 -0.184716 0)
(-0.100779 -0.189779 0)
(-0.0614286 -0.170605 0)
(-0.0254478 -0.122901 0)
(-0.00478757 -0.0475467 0)
(-0.00428012 0.052712 0)
(-0.021381 0.128106 0)
(-0.0501188 0.173472 0)
(-0.0814824 0.193361 0)
(-0.110681 0.193722 0)
(-0.136011 0.179886 0)
(-0.156997 0.155955 0)
(-0.173787 0.124773 0)
(-0.186772 0.0881359 0)
(-0.196273 0.0471186 0)
(-0.202333 0.00245179 0)
(-0.204565 -0.0450576 0)
(-0.202075 -0.0940484 0)
(-0.193468 -0.142062 0)
(-0.177058 -0.184972 0)
(-0.151401 -0.216531 0)
(-0.116171 -0.228375 0)
(-0.0736453 -0.21098 0)
(-0.0319452 -0.156242 0)
(-0.00640023 -0.062326 0)
(-0.00543534 0.065037 0)
(-0.0254705 0.154382 0)
(-0.0569375 0.204638 0)
(-0.0888386 0.223642 0)
(-0.116197 0.22027 0)
(-0.138028 0.201786 0)
(-0.154731 0.173358 0)
(-0.167262 0.138276 0)
(-0.176696 0.0983723 0)
(-0.183905 0.0544882 0)
(-0.189357 0.00693133 0)
(-0.19295 -0.044054 0)
(-0.193867 -0.0977486 0)
(-0.190471 -0.152287 0)
(-0.180357 -0.203816 0)
(-0.160736 -0.245577 0)
(-0.129358 -0.267245 0)
(-0.0865056 -0.255294 0)
(-0.0399768 -0.195752 0)
(-0.00869325 -0.081178 0)
(-0.00730122 0.0801787 0)
(-0.0311245 0.184063 0)
(-0.0646629 0.236891 0)
(-0.0947177 0.252082 0)
(-0.116826 0.242664 0)
(-0.131462 0.218233 0)
(-0.140374 0.185013 0)
(-0.145572 0.146586 0)
(-0.148917 0.104651 0)
(-0.151884 0.0596749 0)
(-0.155423 0.011418 0)
(-0.159832 -0.0405889 0)
(-0.16458 -0.0965149 0)
(-0.168058 -0.155507 0)
(-0.167379 -0.21463 0)
(-0.158426 -0.267401 0)
(-0.136475 -0.302115 0)
(-0.0984136 -0.300842 0)
(-0.0497132 -0.241258 0)
(-0.012025 -0.105339 0)
(-0.0104875 0.0996239 0)
(-0.0392822 0.217324 0)
(-0.0730308 0.268101 0)
(-0.0968811 0.274995 0)
(-0.108487 0.256644 0)
(-0.110912 0.225085 0)
(-0.107746 0.187263 0)
(-0.102165 0.146668 0)
(-0.0967476 0.104577 0)
(-0.0934435 0.0609196 0)
(-0.0936028 0.0148393 0)
(-0.0979567 -0.0348925 0)
(-0.106454 -0.0894539 0)
(-0.117914 -0.14934 0)
(-0.129524 -0.213252 0)
(-0.136334 -0.276166 0)
(-0.131099 -0.326416 0)
(-0.105971 -0.342357 0)
(-0.0608558 -0.29115 0)
(-0.0168621 -0.136404 0)
(-0.015858 0.126016 0)
(-0.0506724 0.253558 0)
(-0.0797847 0.293905 0)
(-0.0896154 0.28638 0)
(-0.0830998 0.256248 0)
(-0.0672112 0.217252 0)
(-0.0475567 0.176116 0)
(-0.0281943 0.135522 0)
(-0.0120003 0.0959244 0)
(-0.0010008 0.0565656 0)
(0.00334643 0.0160039 0)
(1.20408e-05 -0.0276186 0)
(-0.0115365 -0.0763663 0)
(-0.0309844 -0.132146 0)
(-0.0564459 -0.195828 0)
(-0.0833142 -0.265231 0)
(-0.102864 -0.331118 0)
(-0.102141 -0.370836 0)
(-0.0713363 -0.341002 0)
(-0.0233816 -0.176371 0)
(-0.0237485 0.16421 0)
(-0.0633434 0.289345 0)
(-0.0761183 0.30503 0)
(-0.058854 0.276402 0)
(-0.0246736 0.233577 0)
(0.0152004 0.189261 0)
(0.0540979 0.148154 0)
(0.0881478 0.111161 0)
(0.115092 0.077521 0)
(0.133528 0.045767 0)
(0.14239 0.0140727 0)
(0.140665 -0.0196933 0)
(0.127324 -0.0580283 0)
(0.101528 -0.103826 0)
(0.0633182 -0.160073 0)
(0.0151399 -0.228421 0)
(-0.0355036 -0.305088 0)
(-0.0728699 -0.372087 0)
(-0.0740139 -0.381086 0)
(-0.0297909 -0.227869 0)
(-0.0295695 0.220177 0)
(-0.0639162 0.311893 0)
(-0.0351615 0.282656 0)
(0.0273429 0.230457 0)
(0.0966196 0.180159 0)
(0.161188 0.137429 0)
(0.216661 0.102669 0)
(0.261426 0.0743734 0)
(0.295125 0.0505937 0)
(0.317765 0.0294559 0)
(0.329189 0.00917998 0)
(0.328784 -0.0120853 0)
(0.315328 -0.0365277 0)
(0.286938 -0.0670391 0)
(0.241351 -0.107611 0)
(0.177045 -0.163241 0)
(0.0958256 -0.237724 0)
(0.00878032 -0.325812 0)
(-0.0492041 -0.389542 0)
(-0.0264737 -0.288574 0)
(0.00262602 0.268817 0)
(0.00718033 0.281498 0)
(0.114763 0.203727 0)
(0.232565 0.142237 0)
(0.328935 0.0994518 0)
(0.404313 0.0695362 0)
(0.462255 0.0484738 0)
(0.505486 0.0332383 0)
(0.536238 0.0216039 0)
(0.556112 0.0119937 0)
(0.565918 0.00321616 0)
(0.565618 -0.00579632 0)
(0.554219 -0.0162623 0)
(0.529517 -0.0299484 0)
(0.487751 -0.0498517 0)
(0.423355 -0.081299 0)
(0.328463 -0.133059 0)
(0.196239 -0.215618 0)
(0.059038 -0.320326 0)
(0.0285651 -0.312274 0)
(0.294505 0.14315 0)
(0.384202 0.125957 0)
(0.537795 0.0773088 0)
(0.653731 0.0461625 0)
(0.724779 0.0280784 0)
(0.770244 0.0173124 0)
(0.800891 0.0107806 0)
(0.821616 0.00668355 0)
(0.83519 0.0039351 0)
(0.843257 0.00189225 0)
(0.84664 0.000154828 0)
(0.845527 -0.00157539 0)
(0.839492 -0.00360835 0)
(0.827315 -0.00641495 0)
(0.80646 -0.0109185 0)
(0.771906 -0.0191344 0)
(0.712174 -0.0354736 0)
(0.601075 -0.068551 0)
(0.431597 -0.125968 0)
(0.317447 -0.150928 0)
)
;

boundaryField
{
    movingWall
    {
        type            fixedValue;
        value           uniform (1 0 0);
    }
    fixedWalls
    {
        type            noSlip;
    }
    frontAndBack
    {
        type            empty;
    }
}


// ************************************************************************* //
