/*--------------------------------*- C++ -*----------------------------------*\
  =========                 |
  \\      /  F ield         | OpenFOAM: The Open Source CFD Toolbox
   \\    /   O peration     | Website:  https://openfoam.org
    \\  /    A nd           | Version:  6
     \\/     M anipulation  |
\*---------------------------------------------------------------------------*/
FoamFile
{
    version     2.0;
    format      ascii;
    class       volScalarField;
    location    "0.07";
    object      p;
}
// * * * * * * * * * * * * * * * * * * * * * * * * * * * * * * * * * * * * * //

dimensions      [0 2 -2 0 0 0 0];

internalField   nonuniform List<scalar> 
400
(
1.6799e-05
-0.0347937
-0.0781488
-0.111605
-0.124137
-0.110797
-0.0712136
-0.00831219
0.072731
0.165279
0.261855
0.35467
0.436148
0.49949
0.539355
0.552718
0.539963
0.506177
0.462598
0.42779
0.0345243
-0.0012439
-0.0352728
-0.0583527
-0.065039
-0.0518541
-0.0183509
0.0333583
0.0993462
0.174447
0.252754
0.328083
0.394443
0.446533
0.480286
0.493501
0.486634
0.463271
0.429046
0.393318
0.080387
0.030831
-0.00599816
-0.0273005
-0.0327432
-0.0204186
0.00963853
0.0553784
0.113357
0.179147
0.247708
0.313756
0.37216
0.418343
0.448706
0.461094
0.455465
0.433835
0.396755
0.34723
0.122668
0.0540973
0.00828507
-0.0160165
-0.0226535
-0.0111074
0.0178675
0.0618441
0.117352
0.180185
0.245643
0.308824
0.364916
0.409524
0.43897
0.450679
0.44386
0.419144
0.372948
0.304321
0.151628
0.0629371
0.00635541
-0.0222338
-0.0302523
-0.0184177
0.0117202
0.0571588
0.114148
0.178423
0.245354
0.310128
0.367969
0.414365
0.445283
0.457494
0.449363
0.420272
0.363109
0.274159
0.160296
0.0510392
-0.0167871
-0.0495389
-0.0579107
-0.0437999
-0.00963338
0.0408545
0.103445
0.173621
0.246619
0.317519
0.381371
0.433328
0.468783
0.483664
0.47537
0.442069
0.373399
0.263522
0.142625
0.0121388
-0.0667568
-0.102482
-0.10908
-0.0897347
-0.047899
0.0117978
0.084517
0.165353
0.249288
0.331173
0.40575
0.467681
0.511597
0.532373
0.526247
0.490023
0.409969
0.278294
0.0921361
-0.0606386
-0.149834
-0.186199
-0.187655
-0.158998
-0.104956
-0.031239
0.0565782
0.153144
0.253159
0.351227
0.441745
0.5188
0.576107
0.607245
0.606977
0.570354
0.47967
0.324882
0.000815444
-0.175703
-0.273658
-0.306894
-0.298292
-0.254857
-0.18297
-0.0896374
0.0187668
0.136482
0.258021
0.377852
0.490108
0.588319
0.665175
0.712683
0.723671
0.690748
0.59103
0.411398
-0.141963
-0.343931
-0.447801
-0.472035
-0.44632
-0.380827
-0.284101
-0.164656
-0.029646
0.114934
0.263663
0.411153
0.551524
0.677911
0.781964
0.853836
0.883814
0.860988
0.755266
0.548826
-0.350882
-0.579891
-0.684421
-0.690441
-0.637458
-0.540193
-0.409972
-0.256961
-0.0889081
0.0883378
0.269897
0.451028
0.626323
0.788904
0.929557
1.03639
1.09641
1.09367
0.9876
0.752598
-0.647132
-0.903686
-0.999048
-0.972203
-0.877217
-0.735215
-0.560885
-0.365966
-0.158308
0.0570731
0.276606
0.49699
0.714085
0.921724
1.11035
1.26608
1.37201
1.40507
1.30921
1.04521
-1.06308
-1.34388
-1.41146
-1.32819
-1.16977
-0.965839
-0.734661
-0.488918
-0.235545
0.0223993
0.28379
0.547916
0.81308
1.07504
1.325
1.54778
1.7223
1.81612
1.75026
1.46113
-1.65199
-1.94223
-1.94612
-1.76839
-1.51566
-1.22753
-0.924911
-0.619676
-0.315975
-0.0131874
0.291554
0.601623
0.919377
1.24433
1.57051
1.88335
2.15861
2.35291
2.35481
2.05682
-2.50793
-2.76062
-2.63058
-2.29739
-1.90715
-1.5076
-1.1185
-0.747163
-0.391794
-0.0456935
0.299887
0.654141
1.02543
1.41957
1.83677
2.26718
2.68743
3.04509
3.1877
2.93104
-3.80003
-3.88707
-3.48935
-2.90667
-2.32193
-1.78093
-1.29323
-0.85436
-0.451797
-0.069793
0.308239
0.698952
1.1187
1.58266
2.10224
2.67991
3.30279
3.91969
4.34028
4.25901
-5.83246
-5.43572
-4.53244
-3.56807
-2.7203
-2.00973
-1.41903
-0.920092
-0.483061
-0.0799974
0.315009
0.727067
1.182
1.70749
2.33286
3.08518
3.97937
4.98926
5.92969
6.35123
-9.28488
-7.55097
-5.69686
-4.18851
-3.01863
-2.12956
-1.45169
-0.916893
-0.470843
-0.071541
0.315979
0.724458
1.18888
1.75124
2.46588
3.40102
4.62562
6.19288
8.10495
9.89567
-15.9314
-10.3233
-6.56605
-4.38392
-2.94828
-1.96849
-1.28693
-0.785239
-0.385456
-0.0364861
0.299958
0.658461
1.07735
1.60781
2.32801
3.35756
4.85665
7.11561
10.9622
16.6723
-27.0777
-12.99
-6.27685
-3.58849
-2.19642
-1.36866
-0.848498
-0.48985
-0.21279
0.0269838
0.259099
0.509291
0.80714
1.19676
1.75776
2.63773
4.10083
6.88632
13.7135
27.916
)
;

boundaryField
{
    movingWall
    {
        type            zeroGradient;
    }
    fixedWalls
    {
        type            zeroGradient;
    }
    frontAndBack
    {
        type            empty;
    }
}


// ************************************************************************* //
