/*--------------------------------*- C++ -*----------------------------------*\
  =========                 |
  \\      /  F ield         | OpenFOAM: The Open Source CFD Toolbox
   \\    /   O peration     | Website:  https://openfoam.org
    \\  /    A nd           | Version:  6
     \\/     M anipulation  |
\*---------------------------------------------------------------------------*/
FoamFile
{
    version     2.0;
    format      ascii;
    class       volScalarField;
    location    "0.29";
    object      p;
}
// * * * * * * * * * * * * * * * * * * * * * * * * * * * * * * * * * * * * * //

dimensions      [0 2 -2 0 0 0 0];

internalField   nonuniform List<scalar> 
400
(
6.04752e-06
-0.0231868
-0.0520666
-0.0743218
-0.0826429
-0.0737565
-0.0474175
-0.0055597
0.0483938
0.110046
0.174427
0.236346
0.290734
0.333033
0.359653
0.368562
0.360018
0.337434
0.308331
0.285148
0.0229892
-0.000841404
-0.0235041
-0.0388479
-0.0432778
-0.0344953
-0.0122028
0.0222063
0.0661366
0.116167
0.168373
0.218631
0.262934
0.297724
0.320266
0.329079
0.324468
0.308841
0.285983
0.262193
0.0535361
0.0205148
-0.00400664
-0.0181581
-0.0217582
-0.0135552
0.00642973
0.0368474
0.0754275
0.119244
0.16495
0.209024
0.248029
0.278891
0.299181
0.307447
0.303662
0.289183
0.26441
0.23142
0.081622
0.0359412
0.00545053
-0.0106865
-0.0150837
-0.00741651
0.0118189
0.0410296
0.0779362
0.119765
0.163402
0.205578
0.243069
0.27291
0.292618
0.300447
0.295869
0.279317
0.248443
0.202705
0.10073
0.0416731
0.00403268
-0.014949
-0.0202789
-0.0124551
0.00750441
0.0376352
0.0754839
0.118249
0.162867
0.20613
0.244831
0.275919
0.296658
0.30486
0.299417
0.279934
0.241711
0.182395
0.106184
0.03348
-0.0116167
-0.0333664
-0.0389632
-0.0296869
-0.00712621
0.0262852
0.0677991
0.114459
0.16312
0.210503
0.253279
0.288159
0.312008
0.322055
0.316536
0.294237
0.248296
0.174972
0.0939265
0.0071667
-0.0452611
-0.0690022
-0.073481
-0.060824
-0.0332817
0.00614101
0.0543058
0.108015
0.163963
0.218722
0.268745
0.310402
0.340024
0.354112
0.350105
0.325865
0.272279
0.18433
0.0596263
-0.0418544
-0.101097
-0.125305
-0.126473
-0.10778
-0.0722959
-0.0237116
0.0343744
0.0984887
0.165151
0.230768
0.291555
0.343478
0.382227
0.4034
0.40342
0.378955
0.318223
0.214731
-0.0020425
-0.11917
-0.184208
-0.206423
-0.201079
-0.172796
-0.125698
-0.0642947
0.00731762
0.0854194
0.16642
0.246637
0.322101
0.388383
0.440451
0.472808
0.480536
0.458636
0.391834
0.271595
-0.0981036
-0.231974
-0.30094
-0.317328
-0.300881
-0.258268
-0.195001
-0.116538
-0.027451
0.068412
0.167521
0.266293
0.360741
0.446145
0.51674
0.565732
0.586443
0.571464
0.500647
0.362305
-0.238221
-0.389873
-0.459321
-0.463864
-0.429686
-0.366413
-0.281329
-0.180935
-0.0701514
0.0473014
0.16827
0.289606
0.407631
0.517594
0.613109
0.685948
0.727173
0.725907
0.654919
0.497274
-0.436304
-0.60609
-0.66958
-0.652677
-0.591125
-0.498705
-0.384859
-0.257064
-0.120269
0.0223853
0.16863
0.316287
0.462517
0.603029
0.73117
0.837321
0.909822
0.93294
0.868947
0.69172
-0.713585
-0.899403
-0.944704
-0.890869
-0.787857
-0.654988
-0.503992
-0.342918
-0.176075
-0.00528642
0.168816
0.345783
0.524414
0.701699
0.871474
1.0232
1.14232
1.2067
1.16312
0.96897
-1.10504
-1.29729
-1.30074
-1.18488
-1.02003
-0.83199
-0.634166
-0.434044
-0.234068
-0.033619
0.169329
0.377057
0.591081
0.81092
1.03229
1.24505
1.43243
1.56485
1.5672
1.3672
-1.67262
-1.84052
-1.75571
-1.53746
-1.28215
-1.02084
-0.766133
-0.522489
-0.288422
-0.0592909
0.170833
0.408115
0.658098
0.924539
1.20733
1.4995
1.78482
2.02754
2.12493
1.95306
-2.52804
-2.58723
-2.32554
-1.94252
-1.55887
-1.20424
-0.884448
-0.596191
-0.330905
-0.0779634
0.173763
0.435412
0.717878
1.03122
1.38287
1.77417
2.19596
2.61319
2.89777
2.84434
-3.873
-3.61305
-3.0165
-2.38086
-1.82324
-1.35642
-0.968444
-0.6404
-0.352264
-0.0853356
0.177704
0.453624
0.759656
1.11425
1.53688
2.04545
2.64948
3.33063
3.96435
4.24908
-6.15941
-5.01374
-3.78644
-2.79028
-2.01928
-1.43417
-0.98842
-0.63663
-0.342544
-0.0781362
0.179931
0.453513
0.765967
1.14532
1.62783
2.259
3.0847
4.13978
5.42507
6.62751
-10.5695
-6.84899
-4.35764
-2.91497
-1.96811
-1.32305
-0.875108
-0.54555
-0.282409
-0.0515986
0.172432
0.412775
0.695021
1.05334
1.53993
2.23474
3.24505
4.76455
7.34525
11.1677
-17.9825
-8.6112
-4.15441
-2.37805
-1.46163
-0.918362
-0.578361
-0.344499
-0.163424
-0.00553434
0.148965
0.317269
0.519128
0.783952
1.16479
1.76025
2.74769
4.62118
9.19196
18.678
)
;

boundaryField
{
    movingWall
    {
        type            zeroGradient;
    }
    fixedWalls
    {
        type            zeroGradient;
    }
    frontAndBack
    {
        type            empty;
    }
}


// ************************************************************************* //
