/*--------------------------------*- C++ -*----------------------------------*\
  =========                 |
  \\      /  F ield         | OpenFOAM: The Open Source CFD Toolbox
   \\    /   O peration     | Website:  https://openfoam.org
    \\  /    A nd           | Version:  6
     \\/     M anipulation  |
\*---------------------------------------------------------------------------*/
FoamFile
{
    version     2.0;
    format      ascii;
    class       volScalarField;
    location    "0.02";
    object      p;
}
// * * * * * * * * * * * * * * * * * * * * * * * * * * * * * * * * * * * * * //

dimensions      [0 2 -2 0 0 0 0];

internalField   nonuniform List<scalar> 
400
(
-4.62553e-08
-0.00236436
-0.00418189
-0.00431138
-0.00242681
0.00145999
0.00714387
0.0143117
0.0225951
0.0315935
0.0408828
0.0500212
0.0585562
0.0660357
0.0720284
0.0761625
0.0781957
0.0781156
0.0762817
0.0738862
0.00231702
-0.000118102
-0.00143635
-0.0011517
0.000809988
0.00446683
0.00969108
0.0162398
0.0238014
0.0320193
0.0405059
0.0488536
0.0566482
0.0634859
0.068997
0.0728841
0.074985
0.0753156
0.0739809
0.0715144
0.00424691
0.00103161
-0.000430252
-7.74749e-05
0.00189611
0.0054723
0.0105348
0.0168602
0.024159
0.032095
0.040298
0.0483758
0.0559296
0.0625711
0.0679466
0.0717712
0.0738884
0.0742754
0.0727728
0.0695029
0.00477496
0.000633509
-0.00122785
-0.000962706
0.00102896
0.00467603
0.00984161
0.016291
0.0237317
0.0318271
0.0402066
0.0484753
0.0562278
0.0630649
0.0686147
0.0725651
0.0747261
0.075017
0.0730802
0.0688477
0.00351237
-0.00152126
-0.00381683
-0.00364152
-0.00155336
0.002326
0.00782825
0.0146931
0.02261
0.0312286
0.0401644
0.0490058
0.0573255
0.0646939
0.0706984
0.0749767
0.0772869
0.0774886
0.0750745
0.0698949
0.000211664
-0.00575006
-0.00849448
-0.00835962
-0.00604794
-0.00173488
0.00436942
0.0119664
0.020715
0.0302399
0.0401322
0.0499527
0.0592381
0.0675115
0.0742984
0.079162
0.0817873
0.0819635
0.0790435
0.0728455
-0.00536463
-0.0124031
-0.0156297
-0.0154532
-0.0127451
-0.00774986
-0.000734845
0.00794886
0.0179186
0.0287655
0.0400495
0.0512962
0.0619964
0.0716106
0.0795794
0.085362
0.0885383
0.0887978
0.0853193
0.077895
-0.0135347
-0.0219162
-0.025678
-0.0253387
-0.0220046
-0.0160209
-0.00773467
0.00243398
0.014051
0.0266695
0.0398169
0.0529825
0.0656074
0.0770771
0.0867243
0.0938665
0.0979298
0.098448
0.0943363
0.0853256
-0.0247762
-0.0348948
-0.0392533
-0.0385665
-0.0342948
-0.0269368
-0.0169506
-0.00484475
0.00888778
0.0237637
0.0392845
0.0549119
0.0700427
0.0839842
0.0959392
0.105037
0.110479
0.111549
0.106729
0.0955939
-0.0398145
-0.052206
-0.0571961
-0.0558612
-0.050211
-0.0409775
-0.0287712
-0.0142101
0.00215107
0.0198022
0.0382376
0.0569146
0.0752074
0.0923569
0.107423
0.119297
0.126861
0.128991
0.123448
0.109445
-0.0597667
-0.0751115
-0.0806601
-0.0781607
-0.0704821
-0.0587021
-0.0436324
-0.0260191
-0.00647379
0.0144887
0.0363899
0.0587263
0.080897
0.102116
0.121315
0.137101
0.147923
0.152021
0.145943
0.128122
-0.0864136
-0.105477
-0.111225
-0.106651
-0.0959559
-0.0807068
-0.061963
-0.0406068
-0.0172878
0.00751369
0.0334015
0.0599814
0.0867605
0.113012
0.137604
0.158861
0.174683
0.182356
0.176442
0.153768
-0.122715
-0.146105
-0.151027
-0.142765
-0.127524
-0.107514
-0.0840592
-0.0581612
-0.0304615
-0.00134373
0.0289577
0.0602584
0.0923011
0.124574
0.156036
0.184834
0.208271
0.222312
0.218387
0.19019
-0.17381
-0.20124
-0.202853
-0.188054
-0.165899
-0.13931
-0.109822
-0.0784738
-0.0458073
-0.0120116
0.022947
0.0592236
0.096968
0.136116
0.176021
0.214952
0.249785
0.274881
0.277081
0.244315
-0.248945
-0.277274
-0.269984
-0.243701
-0.211032
-0.175383
-0.138255
-0.100513
-0.0624153
-0.0238062
0.0157521
0.0568988
0.100385
0.146896
0.196635
0.248629
0.29996
0.343598
0.360512
0.328769
-0.364726
-0.38331
-0.355428
-0.309433
-0.261041
-0.213209
-0.16676
-0.121902
-0.0782685
-0.0351232
0.00853678
0.0539698
0.1027
0.156461
0.216892
0.284794
0.358865
0.432046
0.479807
0.465499
-0.550774
-0.530825
-0.460151
-0.381993
-0.311009
-0.247625
-0.190693
-0.138778
-0.0902751
-0.0435394
0.0031586
0.0517836
0.104729
0.165009
0.236307
0.322535
0.426191
0.54332
0.649294
0.691275
-0.871681
-0.732256
-0.576254
-0.450003
-0.350035
-0.269555
-0.203188
-0.146223
-0.0949956
-0.04668
0.00120831
0.0512728
0.10671
0.171884
0.253032
0.358647
0.497816
0.676167
0.889657
1.08316
-1.49868
-0.991213
-0.658787
-0.473051
-0.34989
-0.260884
-0.193281
-0.13795
-0.0891
-0.0431546
0.00258232
0.0507968
0.104905
0.170032
0.254621
0.372429
0.542944
0.797985
1.2195
1.82695
-2.58348
-1.23291
-0.619693
-0.395228
-0.281107
-0.207963
-0.155529
-0.112464
-0.0729437
-0.0342465
0.00531668
0.047453
0.0945953
0.150922
0.224497
0.331397
0.502808
0.81808
1.54497
3.00851
)
;

boundaryField
{
    movingWall
    {
        type            zeroGradient;
    }
    fixedWalls
    {
        type            zeroGradient;
    }
    frontAndBack
    {
        type            empty;
    }
}


// ************************************************************************* //
