/*--------------------------------*- C++ -*----------------------------------*\
  =========                 |
  \\      /  F ield         | OpenFOAM: The Open Source CFD Toolbox
   \\    /   O peration     | Website:  https://openfoam.org
    \\  /    A nd           | Version:  6
     \\/     M anipulation  |
\*---------------------------------------------------------------------------*/
FoamFile
{
    version     2.0;
    format      ascii;
    class       volVectorField;
    location    "0.02";
    object      U;
}
// * * * * * * * * * * * * * * * * * * * * * * * * * * * * * * * * * * * * * //

dimensions      [0 1 -1 0 0 0 0];

internalField   nonuniform List<vector> 
400
(
(5.44838e-05 -5.50009e-05 0)
(-0.000348905 0.000284223 0)
(-0.00161755 0.000559849 0)
(-0.00338029 0.000687643 0)
(-0.00529415 0.000702574 0)
(-0.00712991 0.000643679 0)
(-0.00873744 0.000539111 0)
(-0.0100209 0.000406966 0)
(-0.0109206 0.000258018 0)
(-0.0114 9.88474e-05 0)
(-0.011438 -6.56986e-05 0)
(-0.0110276 -0.000230838 0)
(-0.0101768 -0.000390524 0)
(-0.00891335 -0.00053589 0)
(-0.0072948 -0.000653077 0)
(-0.00542247 -0.000720687 0)
(-0.00345911 -0.000708077 0)
(-0.00164986 -0.000575779 0)
(-0.000352504 -0.000291649 0)
(5.76728e-05 5.57134e-05 0)
(-0.000272198 0.000333448 0)
(-0.00181988 0.00182267 0)
(-0.00501497 0.00295424 0)
(-0.00911461 0.00349823 0)
(-0.0134782 0.00355502 0)
(-0.017655 0.00326432 0)
(-0.0213201 0.00274234 0)
(-0.0242514 0.00207222 0)
(-0.0263052 0.00130907 0)
(-0.0273922 0.000490255 0)
(-0.0274636 -0.000355083 0)
(-0.0265063 -0.00119853 0)
(-0.0245452 -0.00200594 0)
(-0.0216533 -0.00273045 0)
(-0.0179703 -0.00330419 0)
(-0.0137279 -0.00363064 0)
(-0.0092736 -0.00358364 0)
(-0.00508717 -0.00302177 0)
(-0.00183484 -0.00185505 0)
(-0.000269983 -0.000333074 0)
(-0.000559097 0.00158895 0)
(-0.00307543 0.00504286 0)
(-0.00779669 0.00748994 0)
(-0.0136174 0.00866135 0)
(-0.0197009 0.00874511 0)
(-0.0254797 0.00802089 0)
(-0.0305334 0.00673961 0)
(-0.0345681 0.00509136 0)
(-0.0373904 0.00320934 0)
(-0.0388804 0.00118821 0)
(-0.0389726 -0.000896411 0)
(-0.0376502 -0.00297106 0)
(-0.034948 -0.00494926 0)
(-0.0309651 -0.0067157 0)
(-0.0258887 -0.00810957 0)
(-0.020025 -0.00891186 0)
(-0.0138228 -0.00885011 0)
(-0.00788832 -0.00764071 0)
(-0.00309288 -0.00511706 0)
(-0.000555868 -0.00159301 0)
(-0.000752602 0.00345746 0)
(-0.0040175 0.00948712 0)
(-0.00998894 0.0135148 0)
(-0.0172088 0.0153796 0)
(-0.0246546 0.015423 0)
(-0.0316688 0.0141027 0)
(-0.0377709 0.0118321 0)
(-0.0426267 0.00892944 0)
(-0.0460185 0.00562197 0)
(-0.0478111 0.00207383 0)
(-0.0479305 -0.00158307 0)
(-0.0463553 -0.00522089 0)
(-0.043121 -0.00868986 0)
(-0.038335 -0.0117917 0)
(-0.0322058 -0.0142531 0)
(-0.0250815 -0.0157068 0)
(-0.0174788 -0.0157023 0)
(-0.0101064 -0.0137735 0)
(-0.00403574 -0.00961392 0)
(-0.000746171 -0.00346295 0)
(-0.000898535 0.00575936 0)
(-0.00480291 0.0148958 0)
(-0.0119065 0.0207393 0)
(-0.0204121 0.0233356 0)
(-0.0291002 0.0232567 0)
(-0.0372214 0.0211888 0)
(-0.0442456 0.0177385 0)
(-0.0498143 0.0133699 0)
(-0.0537006 0.00841442 0)
(-0.0557659 0.00310993 0)
(-0.0559319 -0.00235405 0)
(-0.0541706 -0.0077946 0)
(-0.0505082 -0.0129961 0)
(-0.0450452 -0.0176704 0)
(-0.0379927 -0.0214169 0)
(-0.0297238 -0.0236957 0)
(-0.0208154 -0.0238405 0)
(-0.0120881 -0.021148 0)
(-0.00483452 -0.0150962 0)
(-0.000890038 -0.00576506 0)
(-0.00104085 0.00844944 0)
(-0.00559928 0.0212356 0)
(-0.013888 0.0291617 0)
(-0.0237487 0.0325378 0)
(-0.0337383 0.0322469 0)
(-0.0430022 0.0292665 0)
(-0.0509623 0.0244378 0)
(-0.0572465 0.0183948 0)
(-0.0616313 0.0115819 0)
(-0.0639844 0.00431134 0)
(-0.0642276 -0.00317462 0)
(-0.0623228 -0.010644 0)
(-0.0582763 -0.0178187 0)
(-0.0521648 -0.0243165 0)
(-0.0441841 -0.0295934 0)
(-0.0347192 -0.0329032 0)
(-0.0244082 -0.0333098 0)
(-0.0142064 -0.0298002 0)
(-0.00567109 -0.0215579 0)
(-0.00103401 -0.00846269 0)
(-0.00121315 0.0115715 0)
(-0.00655032 0.0286217 0)
(-0.0162371 0.0389356 0)
(-0.0276795 0.0431402 0)
(-0.0391631 0.0425212 0)
(-0.0497118 0.0384281 0)
(-0.0587026 0.0319923 0)
(-0.0657635 0.0240469 0)
(-0.070691 0.0151599 0)
(-0.0733719 0.0057132 0)
(-0.0737342 -0.00400949 0)
(-0.0717259 -0.0137413 0)
(-0.06732 -0.0231521 0)
(-0.0605475 -0.0317659 0)
(-0.0515635 -0.0388768 0)
(-0.0407448 -0.0434873 0)
(-0.0287879 -0.0443165 0)
(-0.0168105 -0.0399436 0)
(-0.00670778 -0.0291602 0)
(-0.00121474 -0.0116161 0)
(-0.0014447 0.0152411 0)
(-0.00778804 0.0373041 0)
(-0.019235 0.0503552 0)
(-0.0326183 0.0554138 0)
(-0.0458813 0.0542931 0)
(-0.0579119 0.0488237 0)
(-0.0680555 0.0405 0)
(-0.0759654 0.0303918 0)
(-0.0814846 0.0191989 0)
(-0.0845401 0.00736308 0)
(-0.0850757 -0.00481231 0)
(-0.0830224 -0.0170508 0)
(-0.0783027 -0.0289919 0)
(-0.0708707 -0.0400738 0)
(-0.0608003 -0.0494109 0)
(-0.0484218 -0.0556975 0)
(-0.0344708 -0.0572047 0)
(-0.0202526 -0.0519618 0)
(-0.00810742 -0.0382272 0)
(-0.00146707 -0.0153686 0)
(-0.00176899 0.0196454 0)
(-0.00945857 0.047671 0)
(-0.0231794 0.0638502 0)
(-0.0389754 0.069727 0)
(-0.0543537 0.0678285 0)
(-0.0680632 0.0606195 0)
(-0.0794515 0.0500541 0)
(-0.0882428 0.0374829 0)
(-0.0943703 0.0237424 0)
(-0.0978328 0.00931363 0)
(-0.0986072 -0.00551601 0)
(-0.0966069 -0.0205019 0)
(-0.0916818 -0.035292 0)
(-0.0836661 -0.0492622 0)
(-0.07249 -0.0613365 0)
(-0.0583666 -0.0698345 0)
(-0.0420177 -0.0724387 0)
(-0.0249424 -0.0664171 0)
(-0.0100697 -0.0492652 0)
(-0.00183556 -0.0199553 0)
(-0.0022352 0.0250609 0)
(-0.0117558 0.0602675 0)
(-0.0284291 0.0799817 0)
(-0.0471954 0.0865124 0)
(-0.0650145 0.0833911 0)
(-0.080523 0.0739351 0)
(-0.0931407 0.0606829 0)
(-0.10274 0.0453129 0)
(-0.10941 0.0287939 0)
(-0.113268 0.011609 0)
(-0.114351 -0.00602453 0)
(-0.112557 -0.0239577 0)
(-0.107643 -0.0419111 0)
(-0.0992674 -0.0592478 0)
(-0.0871253 -0.0747119 0)
(-0.0711963 -0.086181 0)
(-0.0520738 -0.0905656 0)
(-0.0314061 -0.0840583 0)
(-0.0128775 -0.0630057 0)
(-0.00239051 -0.0257371 0)
(-0.00292412 0.031895 0)
(-0.0149587 0.0758325 0)
(-0.0354346 0.0994311 0)
(-0.0577486 0.106208 0)
(-0.0782108 0.101157 0)
(-0.0954346 0.0887507 0)
(-0.109043 0.0722643 0)
(-0.119175 0.053745 0)
(-0.126166 0.0342683 0)
(-0.130317 0.0142598 0)
(-0.13176 -0.0062122 0)
(-0.130393 -0.0271849 0)
(-0.125858 -0.0485486 0)
(-0.11758 -0.0697454 0)
(-0.104905 -0.0893921 0)
(-0.0874015 -0.104881 0)
(-0.0653225 -0.112133 0)
(-0.04031 -0.105812 0)
(-0.0169457 -0.0804701 0)
(-0.00325013 -0.0332672 0)
(-0.00397106 0.0407562 0)
(-0.0194666 0.0953383 0)
(-0.0447183 0.122947 0)
(-0.0710111 0.129133 0)
(-0.0939747 0.121056 0)
(-0.112412 0.104754 0)
(-0.126367 0.0843962 0)
(-0.136415 0.0624113 0)
(-0.143252 0.0399196 0)
(-0.147431 0.0171976 0)
(-0.149224 -0.00593997 0)
(-0.148552 -0.0298336 0)
(-0.144945 -0.0546787 0)
(-0.137551 -0.0801439 0)
(-0.125244 -0.104848 0)
(-0.106952 -0.125726 0)
(-0.0822406 -0.137497 0)
(-0.0523832 -0.132691 0)
(-0.0228536 -0.103024 0)
(-0.00461058 -0.0433958 0)
(-0.0055996 0.0525614 0)
(-0.0258154 0.11999 0)
(-0.0567366 0.151171 0)
(-0.0869144 0.15521 0)
(-0.111487 0.142489 0)
(-0.129872 0.121093 0)
(-0.142872 0.0962048 0)
(-0.151702 0.0705732 0)
(-0.157531 0.0452401 0)
(-0.16122 0.0202035 0)
(-0.16322 -0.00509947 0)
(-0.163511 -0.0314456 0)
(-0.161549 -0.0594991 0)
(-0.156213 -0.0893668 0)
(-0.145833 -0.119911 0)
(-0.128457 -0.147787 0)
(-0.102478 -0.16642 0)
(-0.068112 -0.165502 0)
(-0.0313178 -0.132339 0)
(-0.00678344 -0.0574117 0)
(-0.0081692 0.0686783 0)
(-0.0346366 0.151083 0)
(-0.0714925 0.1842 0)
(-0.104174 0.183438 0)
(-0.128032 0.163848 0)
(-0.143853 0.136016 0)
(-0.153637 0.1061 0)
(-0.159431 0.0769614 0)
(-0.162924 0.0493506 0)
(-0.165283 0.0228219 0)
(-0.167135 -0.0036887 0)
(-0.168563 -0.0315105 0)
(-0.169038 -0.061936 0)
(-0.167287 -0.0957648 0)
(-0.161168 -0.132478 0)
(-0.147721 -0.168886 0)
(-0.123643 -0.197337 0)
(-0.0870062 -0.204139 0)
(-0.0430128 -0.170068 0)
(-0.0102284 -0.0771854 0)
(-0.0122176 0.0910691 0)
(-0.046442 0.189494 0)
(-0.0876377 0.220654 0)
(-0.118804 0.210972 0)
(-0.13724 0.18184 0)
(-0.146231 0.146461 0)
(-0.149394 0.111568 0)
(-0.149638 0.0796872 0)
(-0.149045 0.0509567 0)
(-0.148944 0.0243096 0)
(-0.150057 -0.00189675 0)
(-0.152587 -0.0295865 0)
(-0.156168 -0.0607651 0)
(-0.15965 -0.0971514 0)
(-0.160759 -0.13932 0)
(-0.155753 -0.184996 0)
(-0.139349 -0.226283 0)
(-0.106146 -0.246244 0)
(-0.0580127 -0.216925 0)
(-0.0155138 -0.105201 0)
(-0.0183488 0.122464 0)
(-0.0608228 0.23445 0)
(-0.100479 0.255939 0)
(-0.121499 0.231781 0)
(-0.126531 0.190762 0)
(-0.122573 0.147827 0)
(-0.114869 0.109229 0)
(-0.106783 0.0764115 0)
(-0.100328 0.0485126 0)
(-0.096633 0.0237249 0)
(-0.0963018 -0.000131923 0)
(-0.0996212 -0.0254637 0)
(-0.106558 -0.054895 0)
(-0.116516 -0.0911211 0)
(-0.127791 -0.136229 0)
(-0.13671 -0.189887 0)
(-0.136557 -0.245657 0)
(-0.117597 -0.285114 0)
(-0.0742887 -0.270801 0)
(-0.0229234 -0.144465 0)
(-0.0263309 0.166979 0)
(-0.0738288 0.280848 0)
(-0.0975537 0.27909 0)
(-0.093279 0.234842 0)
(-0.0740013 0.182056 0)
(-0.0504384 0.134314 0)
(-0.0282393 0.0954719 0)
(-0.0100393 0.0649857 0)
(0.00311278 0.0407329 0)
(0.0108815 0.0202521 0)
(0.0131084 0.00108207 0)
(0.00953911 -0.0193196 0)
(-0.000244175 -0.0438142 0)
(-0.0166539 -0.0757613 0)
(-0.0395302 -0.11879 0)
(-0.0668899 -0.175418 0)
(-0.0927155 -0.243198 0)
(-0.104256 -0.306808 0)
(-0.0841544 -0.323371 0)
(-0.0308391 -0.198499 0)
(-0.0305405 0.228294 0)
(-0.0696992 0.312414 0)
(-0.0488948 0.26855 0)
(0.0013725 0.203714 0)
(0.0544464 0.145945 0)
(0.100378 0.101085 0)
(0.136642 0.0683764 0)
(0.163358 0.0449052 0)
(0.181553 0.0275868 0)
(0.192251 0.0137997 0)
(0.196024 0.00133329 0)
(0.192796 -0.01192 0)
(0.181745 -0.0283761 0)
(0.161267 -0.0512216 0)
(0.129228 -0.0847842 0)
(0.0839667 -0.13426 0)
(0.0265936 -0.203405 0)
(-0.0334905 -0.287516 0)
(-0.0663167 -0.352058 0)
(-0.0299583 -0.266013 0)
(0.00630516 0.276317 0)
(0.0113345 0.285064 0)
(0.115231 0.198361 0)
(0.223304 0.129549 0)
(0.304799 0.0830704 0)
(0.362794 0.0526472 0)
(0.403205 0.0331702 0)
(0.43051 0.0206581 0)
(0.448084 0.0122577 0)
(0.458179 0.0060471 0)
(0.461952 0.000670346 0)
(0.459542 -0.00502812 0)
(0.450018 -0.0123733 0)
(0.431125 -0.0233215 0)
(0.398942 -0.0411231 0)
(0.347623 -0.0711959 0)
(0.268939 -0.121796 0)
(0.15597 -0.202508 0)
(0.0389586 -0.305717 0)
(0.021855 -0.301668 0)
(0.298844 0.145296 0)
(0.392473 0.126526 0)
(0.546278 0.0751145 0)
(0.656702 0.0423248 0)
(0.719008 0.0237806 0)
(0.755018 0.0133469 0)
(0.776868 0.00753554 0)
(0.790218 0.0042806 0)
(0.798196 0.00236459 0)
(0.802541 0.00109668 0)
(0.804052 6.93032e-05 0)
(0.802855 -0.00101503 0)
(0.798431 -0.00248519 0)
(0.789383 -0.00487642 0)
(0.772877 -0.00923558 0)
(0.743416 -0.0177126 0)
(0.688766 -0.0346675 0)
(0.582925 -0.0682401 0)
(0.421107 -0.125228 0)
(0.313429 -0.149681 0)
)
;

boundaryField
{
    movingWall
    {
        type            fixedValue;
        value           uniform (1 0 0);
    }
    fixedWalls
    {
        type            noSlip;
    }
    frontAndBack
    {
        type            empty;
    }
}


// ************************************************************************* //
