/*--------------------------------*- C++ -*----------------------------------*\
  =========                 |
  \\      /  F ield         | OpenFOAM: The Open Source CFD Toolbox
   \\    /   O peration     | Website:  https://openfoam.org
    \\  /    A nd           | Version:  6
     \\/     M anipulation  |
\*---------------------------------------------------------------------------*/
FoamFile
{
    version     2.0;
    format      ascii;
    class       surfaceScalarField;
    location    "0.02";
    object      phi;
}
// * * * * * * * * * * * * * * * * * * * * * * * * * * * * * * * * * * * * * //

dimensions      [0 3 -1 0 0 0 0];

internalField   nonuniform List<scalar> 
760
(
1.44892e-09
-1.44893e-09
-3.93865e-08
4.08355e-08
-1.15853e-07
7.64668e-08
-2.11493e-07
9.56399e-08
-3.11922e-07
1.00428e-07
-4.06182e-07
9.42605e-08
-4.86514e-07
8.0332e-08
-5.47723e-07
6.12087e-08
-5.86485e-07
3.87623e-08
-6.0083e-07
1.43445e-08
-5.89866e-07
-1.09645e-08
-5.53756e-07
-3.61098e-08
-4.93922e-07
-5.98336e-08
-4.13463e-07
-8.04594e-08
-3.17755e-07
-9.57076e-08
-2.15128e-07
-1.02627e-07
-1.1733e-07
-9.77974e-08
-3.94697e-08
-7.78608e-08
1.73135e-09
-4.12009e-08
1.73137e-09
-3.96293e-08
3.81805e-08
-1.62504e-07
1.6371e-07
-3.50335e-07
2.64299e-07
-5.74648e-07
3.19953e-07
-8.07517e-07
3.33297e-07
-1.02582e-06
3.12565e-07
-1.21216e-06
2.66668e-07
-1.35429e-06
2.03341e-07
-1.44415e-06
1.28625e-07
-1.47696e-06
4.71479e-08
-1.45067e-06
-3.72518e-08
-1.36596e-06
-1.20821e-07
-1.22658e-06
-1.99213e-07
-1.04016e-06
-2.66872e-07
-8.19275e-07
-3.16597e-07
-5.8234e-07
-3.39562e-07
-3.53912e-07
-3.26225e-07
-1.63233e-07
-2.68539e-07
-3.93721e-08
-1.65062e-07
-3.76409e-08
-7.74283e-08
1.15609e-07
-2.73633e-07
3.59915e-07
-5.5249e-07
5.43155e-07
-8.7519e-07
6.42653e-07
-1.20535e-06
6.63461e-07
-1.51271e-06
6.19921e-07
-1.77414e-06
5.281e-07
-1.97317e-06
4.02364e-07
-2.0988e-06
2.54257e-07
-2.1445e-06
9.28454e-08
-2.10751e-06
-7.42391e-08
-1.9888e-06
-2.39532e-07
-1.79354e-06
-3.94473e-07
-1.53211e-06
-5.28299e-07
-1.22138e-06
-6.2733e-07
-8.85769e-07
-6.75172e-07
-5.57456e-07
-6.54538e-07
-2.74647e-07
-5.51349e-07
-7.70531e-08
-3.62656e-07
-1.14694e-07
-1.06497e-07
2.22106e-07
-3.65831e-07
6.19249e-07
-7.24032e-07
9.01356e-07
-1.13068e-06
1.0493e-06
-1.54157e-06
1.07435e-06
-1.92096e-06
9.99314e-07
-2.24198e-06
8.49121e-07
-2.48564e-06
6.46019e-07
-2.63934e-06
4.07955e-07
-2.69556e-06
1.49072e-07
-2.65108e-06
-1.18725e-07
-2.5068e-06
-3.83811e-07
-2.26842e-06
-6.32848e-07
-1.94768e-06
-8.49048e-07
-1.56392e-06
-1.01108e-06
-1.14568e-06
-1.09341e-06
-7.31214e-07
-1.06901e-06
-3.67321e-07
-9.15242e-07
-1.05895e-07
-6.24082e-07
-2.20589e-07
-1.31077e-07
3.53183e-07
-4.48561e-07
9.36734e-07
-8.81985e-07
1.33478e-06
-1.36825e-06
1.53557e-06
-1.85463e-06
1.56073e-06
-2.30015e-06
1.44484e-06
-2.67498e-06
1.22394e-06
-2.95858e-06
9.29622e-07
-3.13764e-06
5.87014e-07
-3.2042e-06
2.15638e-07
-3.15463e-06
-1.68297e-07
-2.98942e-06
-5.49026e-07
-2.71396e-06
-9.08301e-07
-2.34025e-06
-1.22276e-06
-1.88905e-06
-1.46228e-06
-1.39228e-06
-1.59019e-06
-8.9437e-07
-1.56692e-06
-4.51898e-07
-1.35771e-06
-1.30536e-07
-9.45444e-07
-3.51124e-07
-1.5577e-07
5.08952e-07
-5.33781e-07
1.31475e-06
-1.04659e-06
1.84759e-06
-1.61674e-06
2.10571e-06
-2.18175e-06
2.12574e-06
-2.69504e-06
1.95813e-06
-3.12417e-06
1.65308e-06
-3.44786e-06
1.25331e-06
-3.65278e-06
7.91935e-07
-3.73102e-06
2.93877e-07
-3.67857e-06
-2.2075e-07
-3.49504e-06
-7.32559e-07
-3.18467e-06
-1.21867e-06
-2.7586e-06
-1.64884e-06
-2.23806e-06
-1.98281e-06
-1.658e-06
-2.17025e-06
-1.0698e-06
-2.15512e-06
-5.41789e-07
-1.88572e-06
-1.56018e-07
-1.33121e-06
-5.07143e-07
-1.84761e-07
6.93713e-07
-6.33316e-07
1.7633e-06
-1.23785e-06
2.45212e-06
-1.90353e-06
2.7714e-06
-2.55638e-06
2.77859e-06
-3.14377e-06
2.54551e-06
-3.6312e-06
2.14051e-06
-3.99757e-06
1.61968e-06
-4.23051e-06
1.02487e-06
-4.32274e-06
3.86113e-07
-4.26998e-06
-2.73518e-07
-4.07039e-06
-9.32144e-07
-3.72596e-06
-1.5631e-06
-3.24549e-06
-2.1293e-06
-2.64932e-06
-2.57898e-06
-1.97476e-06
-2.84481e-06
-1.28095e-06
-2.84893e-06
-6.50775e-07
-2.5159e-06
-1.87117e-07
-1.79487e-06
-6.94259e-07
-2.22099e-07
9.15812e-07
-7.58812e-07
2.30001e-06
-1.47501e-06
3.16832e-06
-2.25368e-06
3.55007e-06
-3.00717e-06
3.53207e-06
-3.67673e-06
3.21508e-06
-4.22699e-06
2.69076e-06
-4.63865e-06
2.03134e-06
-4.90178e-06
1.288e-06
-5.01072e-06
4.95062e-07
-4.96111e-06
-3.23129e-07
-4.74906e-06
-1.14419e-06
-4.37276e-06
-1.93941e-06
-3.83653e-06
-2.66553e-06
-3.1574e-06
-3.25811e-06
-2.37343e-06
-3.62878e-06
-1.55179e-06
-3.67057e-06
-7.93322e-07
-3.27437e-06
-2.28776e-07
-2.35942e-06
-9.23035e-07
-2.72212e-07
1.18802e-06
-9.22501e-07
2.9503e-06
-1.77699e-06
4.02281e-06
-2.68964e-06
4.46272e-06
-3.55684e-06
4.39928e-06
-4.31466e-06
3.9729e-06
-4.92923e-06
3.30534e-06
-5.38584e-06
2.48795e-06
-5.67933e-06
1.5815e-06
-5.80723e-06
6.22954e-07
-5.76557e-06
-3.6479e-07
-5.54772e-06
-1.36204e-06
-5.14612e-06
-2.34101e-06
-4.55743e-06
-3.25422e-06
-3.79148e-06
-4.02406e-06
-2.88351e-06
-4.53675e-06
-1.90748e-06
-4.64659e-06
-9.85699e-07
-4.19615e-06
-2.86826e-07
-3.05829e-06
-1.20986e-06
-3.40616e-07
1.52864e-06
-1.13816e-06
3.74784e-06
-2.16253e-06
5.04718e-06
-3.22977e-06
5.52996e-06
-4.21888e-06
5.3884e-06
-5.06356e-06
4.81758e-06
-5.73592e-06
3.97769e-06
-6.23014e-06
2.98217e-06
-6.54936e-06
1.90072e-06
-6.69649e-06
7.70078e-07
-6.66894e-06
-3.92338e-07
-6.45677e-06
-1.5742e-06
-6.04438e-06
-2.7534e-06
-5.41652e-06
-3.88209e-06
-4.56982e-06
-4.87076e-06
-3.53017e-06
-5.5764e-06
-2.37394e-06
-5.80281e-06
-1.24702e-06
-5.32308e-06
-3.68872e-07
-3.93644e-06
-1.57873e-06
-4.34747e-07
1.96339e-06
-1.42153e-06
4.73462e-06
-2.64833e-06
6.27398e-06
-3.88318e-06
6.76481e-06
-4.98894e-06
6.49416e-06
-5.90333e-06
5.73197e-06
-6.61181e-06
4.68617e-06
-7.12381e-06
3.49418e-06
-7.45533e-06
2.23224e-06
-7.61769e-06
9.32437e-07
-7.61116e-06
-3.98872e-07
-7.42237e-06
-1.76299e-06
-7.02551e-06
-3.15026e-06
-6.38846e-06
-4.51913e-06
-5.48648e-06
-5.77275e-06
-4.32536e-06
-6.73752e-06
-2.97391e-06
-7.15426e-06
-1.59903e-06
-6.69796e-06
-4.85206e-07
-5.05026e-06
-2.06394e-06
-5.64928e-07
2.52832e-06
-1.78944e-06
5.95913e-06
-3.24318e-06
7.72772e-06
-4.6378e-06
8.15943e-06
-5.82758e-06
7.68394e-06
-6.76658e-06
6.67097e-06
-7.46484e-06
5.38442e-06
-7.95524e-06
3.98457e-06
-8.27196e-06
2.54896e-06
-8.438e-06
1.09848e-06
-8.45846e-06
-3.7841e-07
-8.31735e-06
-1.9041e-06
-7.97755e-06
-3.49007e-06
-7.38568e-06
-5.111e-06
-6.48602e-06
-6.67241e-06
-5.24872e-06
-7.97482e-06
-3.71612e-06
-8.68687e-06
-2.06322e-06
-8.35085e-06
-6.496e-07
-6.46388e-06
-2.71354e-06
-7.4572e-07
3.27404e-06
-2.25634e-06
7.46975e-06
-3.93494e-06
9.40632e-06
-5.43765e-06
9.66214e-06
-6.63043e-06
8.87672e-06
-7.50486e-06
7.54541e-06
-8.11084e-06
5.9904e-06
-8.51357e-06
4.3873e-06
-8.76992e-06
2.80531e-06
-8.91702e-06
1.24558e-06
-8.96678e-06
-3.28645e-07
-8.90273e-06
-1.96815e-06
-8.67797e-06
-3.71483e-06
-8.21644e-06
-5.57253e-06
-7.42324e-06
-7.46561e-06
-6.21382e-06
-9.18424e-06
-4.57348e-06
-1.03272e-05
-2.6528e-06
-1.02715e-05
-8.79925e-07
-8.23676e-06
-3.59346e-06
-9.97999e-07
4.27203e-06
-2.8258e-06
9.29755e-06
-4.66515e-06
1.12457e-05
-6.14367e-06
1.11407e-05
-7.18206e-06
9.91512e-06
-7.8415e-06
8.20484e-06
-8.22882e-06
6.37772e-06
-8.44766e-06
4.60614e-06
-8.57814e-06
2.9358e-06
-8.67083e-06
1.33827e-06
-8.74536e-06
-2.54113e-07
-8.7884e-06
-1.9251e-06
-8.74924e-06
-3.75399e-06
-8.53455e-06
-5.78722e-06
-8.00917e-06
-7.99099e-06
-7.01696e-06
-1.01765e-05
-5.44484e-06
-1.18993e-05
-3.35573e-06
-1.23606e-05
-1.19812e-06
-1.03944e-05
-4.79159e-06
-1.35049e-06
5.62252e-06
-3.46901e-06
1.14161e-05
-5.28011e-06
1.30568e-05
-6.47024e-06
1.23308e-05
-7.092e-06
1.05369e-05
-7.31584e-06
8.42868e-06
-7.31678e-06
6.37866e-06
-7.23308e-06
4.52244e-06
-7.15956e-06
2.86227e-06
-7.15323e-06
1.33194e-06
-7.23934e-06
-1.68007e-07
-7.41225e-06
-1.75219e-06
-7.62901e-06
-3.53723e-06
-7.79574e-06
-5.62049e-06
-7.75188e-06
-8.03486e-06
-7.26798e-06
-1.06604e-05
-6.09164e-06
-1.30757e-05
-4.09825e-06
-1.4354e-05
-1.62583e-06
-1.28668e-05
-6.41742e-06
-1.82903e-06
7.45155e-06
-4.06274e-06
1.36498e-05
-5.43182e-06
1.44258e-05
-5.88378e-06
1.27827e-05
-5.71462e-06
1.03677e-05
-5.23259e-06
7.94664e-06
-4.66881e-06
5.81488e-06
-4.17132e-06
4.02495e-06
-3.82617e-06
2.51713e-06
-3.68064e-06
1.1864e-06
-3.75866e-06
-8.99851e-08
-4.06608e-06
-1.44477e-06
-4.58394e-06
-3.01938e-06
-5.24768e-06
-4.95675e-06
-5.91155e-06
-7.37098e-06
-6.30742e-06
-1.02645e-05
-6.03383e-06
-1.33493e-05
-4.66081e-06
-1.5727e-05
-2.15829e-06
-1.53693e-05
-8.57571e-06
-2.39206e-06
9.8436e-06
-4.2106e-06
1.54683e-05
-4.37054e-06
1.45858e-05
-3.44288e-06
1.18551e-05
-2.06234e-06
8.98719e-06
-6.41739e-07
6.52604e-06
5.95479e-07
4.57766e-06
1.54801e-06
3.07241e-06
2.17835e-06
1.88679e-06
2.47321e-06
8.91544e-07
2.42137e-06
-3.81387e-08
2.00494e-06
-1.02834e-06
1.20335e-06
-2.21778e-06
1.43141e-08
-3.76772e-06
-1.49819e-06
-5.85848e-06
-3.12058e-06
-8.6421e-06
-4.38163e-06
-1.20882e-05
-4.49083e-06
-1.56178e-05
-2.67055e-06
-1.71896e-05
-1.12463e-05
-2.69586e-06
1.25395e-05
-2.7618e-06
1.55343e-05
-5.16178e-07
1.23402e-05
2.44471e-06
8.89419e-06
5.26343e-06
6.16846e-06
7.61205e-06
4.17742e-06
9.41407e-06
2.77565e-06
1.06966e-05
1.78984e-06
1.15132e-05
1.07023e-06
1.19051e-05
4.9963e-07
1.18842e-05
-1.72542e-08
1.14252e-05
-5.69309e-07
1.04639e-05
-1.25649e-06
8.90637e-06
-2.21018e-06
6.66337e-06
-3.61549e-06
3.74198e-06
-5.72071e-06
4.40623e-07
-8.78684e-06
-2.30393e-06
-1.28733e-05
-2.6637e-06
-1.68298e-05
-1.391e-05
-9.60003e-07
1.34995e-05
3.63744e-06
1.09368e-05
9.38284e-06
6.59476e-06
1.42815e-05
3.99555e-06
1.79999e-05
2.45004e-06
2.06722e-05
1.50517e-06
2.25219e-05
9.2589e-07
2.37486e-05
5.63176e-07
2.44965e-05
3.22317e-07
2.48521e-05
1.4405e-07
2.48468e-05
-1.19435e-08
2.4457e-05
-1.79559e-07
2.35979e-05
-3.97404e-07
2.21106e-05
-7.2288e-07
1.97501e-05
-1.255e-06
1.62025e-05
-2.17305e-06
1.12156e-05
-3.79999e-06
5.04547e-06
-6.70312e-06
-2.78613e-07
-1.15057e-05
-1.41886e-05
1.34995e-05
2.44363e-05
3.10311e-05
3.50266e-05
3.74767e-05
3.89818e-05
3.99077e-05
4.04709e-05
4.07932e-05
4.09373e-05
4.09253e-05
4.07458e-05
4.03484e-05
3.96255e-05
3.83705e-05
3.61974e-05
3.23974e-05
2.56943e-05
1.41886e-05
)
;

boundaryField
{
    movingWall
    {
        type            calculated;
        value           uniform 0;
    }
    fixedWalls
    {
        type            calculated;
        value           uniform 0;
    }
    frontAndBack
    {
        type            empty;
        value           nonuniform 0();
    }
}


// ************************************************************************* //
