/*--------------------------------*- C++ -*----------------------------------*\
  =========                 |
  \\      /  F ield         | OpenFOAM: The Open Source CFD Toolbox
   \\    /   O peration     | Website:  https://openfoam.org
    \\  /    A nd           | Version:  6
     \\/     M anipulation  |
\*---------------------------------------------------------------------------*/
FoamFile
{
    version     2.0;
    format      ascii;
    class       volScalarField;
    location    "0.06";
    object      p;
}
// * * * * * * * * * * * * * * * * * * * * * * * * * * * * * * * * * * * * * //

dimensions      [0 2 -2 0 0 0 0];

internalField   nonuniform List<scalar> 
400
(
1.96821e-08
-0.000341527
-0.000482564
-0.000290078
0.00023475
0.00106798
0.00217684
0.00352198
0.00505801
0.00673262
0.00848594
0.0102508
0.0119536
0.0135167
0.0148607
0.0159094
0.0165977
0.0168823
0.0167632
0.0164007
0.000339851
-1.30757e-05
-9.88766e-05
0.000124427
0.00063555
0.00142419
0.00246951
0.0037391
0.0051919
0.00677875
0.00844242
0.0101183
0.0117356
0.0132201
0.014497
0.0154977
0.0161697
0.0164838
0.0164196
0.0160432
0.000492596
4.50531e-05
-5.69581e-05
0.000169656
0.000674575
0.00144842
0.0024745
0.00372358
0.00515724
0.00672831
0.00838085
0.0100508
0.0116675
0.0131557
0.0144396
0.0154489
0.0161308
0.016454
0.0163682
0.0158858
0.000314316
-0.000229835
-0.00036858
-0.000146422
0.000364442
0.00115172
0.00219921
0.00347861
0.00495259
0.00657469
0.00828884
0.0100297
0.0117237
0.0132913
0.01465
0.0157216
0.0164452
0.0167803
0.0166536
0.0160589
-0.000226467
-0.000854081
-0.00102641
-0.000802143
-0.000269181
0.000557501
0.0016615
0.00301469
0.00458006
0.00631104
0.00815045
0.0100302
0.0118719
0.013588
0.0150856
0.016273
0.0170759
0.0174415
0.0172787
0.0165785
-0.00115523
-0.00186779
-0.0020709
-0.00183389
-0.00125941
-0.000365207
0.000831839
0.00230343
0.00401256
0.00591219
0.00794349
0.0100348
0.0121009
0.0140438
0.0157551
0.0171235
0.0180544
0.0184775
0.0182821
0.0174629
-0.00250743
-0.00331953
-0.00355355
-0.00329158
-0.00265421
-0.00166279
-0.000334957
0.00130074
0.00320739
0.00533773
0.00763159
0.0100136
0.0123909
0.0146524
0.0166691
0.0183023
0.0194269
0.0199454
0.0197184
0.0187463
-0.00433486
-0.00527052
-0.0055377
-0.00523717
-0.00451393
-0.00339459
-0.00189787
-5.23769e-05
0.00210567
0.00452982
0.00715983
0.00991789
0.0127043
0.0153933
0.0178303
0.0198392
0.0212498
0.0219202
0.0216632
0.0204829
-0.00671096
-0.00780307
-0.00810687
-0.00775165
-0.00691711
-0.00563769
-0.0039336
-0.00183321
0.00062904
0.00340936
0.00645014
0.00967446
0.0129789
0.0162241
0.019227
0.0217618
0.0235929
0.0245046
0.0242254
0.0227521
-0.00973635
-0.0110283
-0.0113714
-0.0109398
-0.00996365
-0.00848903
-0.00653822
-0.0041389
-0.00132244
0.00187265
0.00539559
0.00917643
0.0131151
0.0170655
0.0208166
0.0240832
0.0265359
0.027839
0.027566
0.0256699
-0.0135486
-0.0150969
-0.0154767
-0.0149354
-0.0137777
-0.0120668
-0.00982733
-0.00708618
-0.00387038
-0.000210349
0.00385551
0.0082733
0.0129594
0.0177762
0.0224969
0.026774
0.0301546
0.0321108
0.0319279
0.029415
-0.0183414
-0.020218
-0.0206157
-0.0199077
-0.0185108
-0.0165105
-0.0139341
-0.0108077
-0.00715374
-0.00299263
0.00165529
0.00676369
0.0122851
0.018119
0.024056
0.0297081
0.0344806
0.0375546
0.0376885
0.0343008
-0.0244045
-0.0266916
-0.0270474
-0.0260697
-0.0243432
-0.0219784
-0.0190021
-0.0154407
-0.0113146
-0.00663464
-0.00139998
0.00440156
0.0107827
0.0177243
0.0251012
0.0325623
0.0394113
0.0444328
0.0454531
0.040974
-0.0322093
-0.0349651
-0.035119
-0.033682
-0.0314793
-0.0286338
-0.025164
-0.021099
-0.0164626
-0.0112623
-0.00547934
0.000941045
0.00809156
0.0160855
0.0249886
0.0346666
0.0445243
0.0529357
0.056193
0.0508972
-0.0425984
-0.0457286
-0.0452799
-0.0430334
-0.0401132
-0.0366002
-0.0324849
-0.0278034
-0.0225933
-0.0168712
-0.0106129
-0.00373212
0.00394257
0.0126876
0.0228759
0.0348873
0.0487378
0.0627492
0.0711269
0.0670675
-0.0572055
-0.0600638
-0.0580389
-0.0543431
-0.0503095
-0.0458206
-0.0408062
-0.035316
-0.0294138
-0.0231376
-0.0164745
-0.00933091
-0.00148915
0.00746579
0.0182636
0.0320965
0.0503754
0.0724968
0.0910738
0.0943925
-0.079415
-0.0795986
-0.0737659
-0.0674729
-0.0616436
-0.055667
-0.0493679
-0.0428024
-0.0360495
-0.0291574
-0.0221183
-0.0148396
-0.00708554
0.00165033
0.012419
0.0273247
0.0497942
0.0821047
0.118187
0.141233
-0.117302
-0.106028
-0.0914904
-0.080641
-0.0719637
-0.0639081
-0.0560592
-0.0483551
-0.0407922
-0.0333618
-0.0260141
-0.0186157
-0.0108663
-0.00210416
0.00912363
0.0258858
0.0538064
0.0997763
0.164862
0.230105
-0.194108
-0.137394
-0.102361
-0.0852999
-0.074224
-0.064966
-0.0566235
-0.0488113
-0.0412991
-0.0339777
-0.0267503
-0.0194263
-0.011584
-0.00228154
0.0105774
0.0314495
0.0689113
0.136733
0.252422
0.407886
-0.354969
-0.160915
-0.0864385
-0.0683302
-0.0605587
-0.0540519
-0.0482031
-0.0425587
-0.0367528
-0.0307049
-0.0244058
-0.0177217
-0.010219
-0.000831903
0.0128931
0.0364443
0.081956
0.17419
0.356667
0.664798
)
;

boundaryField
{
    movingWall
    {
        type            zeroGradient;
    }
    fixedWalls
    {
        type            zeroGradient;
    }
    frontAndBack
    {
        type            empty;
    }
}


// ************************************************************************* //
