/*--------------------------------*- C++ -*----------------------------------*\
  =========                 |
  \\      /  F ield         | OpenFOAM: The Open Source CFD Toolbox
   \\    /   O peration     | Website:  https://openfoam.org
    \\  /    A nd           | Version:  6
     \\/     M anipulation  |
\*---------------------------------------------------------------------------*/
FoamFile
{
    version     2.0;
    format      ascii;
    class       surfaceScalarField;
    location    "0.06";
    object      phi;
}
// * * * * * * * * * * * * * * * * * * * * * * * * * * * * * * * * * * * * * //

dimensions      [0 3 -1 0 0 0 0];

internalField   nonuniform List<scalar> 
760
(
-1.01684e-08
1.01682e-08
-6.25872e-08
5.24188e-08
-1.37778e-07
7.51907e-08
-2.18463e-07
8.06853e-08
-2.95394e-07
7.69312e-08
-3.63888e-07
6.84941e-08
-4.21256e-07
5.73673e-08
-4.65605e-07
4.43491e-08
-4.95402e-07
2.97977e-08
-5.09377e-07
1.39747e-08
-5.06554e-07
-2.82354e-09
-4.86336e-07
-2.02176e-08
-4.48624e-07
-3.77116e-08
-3.93984e-07
-5.46404e-08
-3.2395e-07
-7.0034e-08
-2.41661e-07
-8.22889e-08
-1.53168e-07
-8.84928e-08
-6.99161e-08
-8.3252e-08
-1.17423e-08
-5.81739e-08
-1.17423e-08
-5.2938e-08
6.31063e-08
-1.78043e-07
1.77524e-07
-3.40608e-07
2.37755e-07
-5.12819e-07
2.52897e-07
-6.77125e-07
2.41237e-07
-8.23376e-07
2.14745e-07
-9.45375e-07
1.79367e-07
-1.03884e-06
1.37811e-07
-1.10051e-06
9.14733e-08
-1.12791e-06
4.13736e-08
-1.11929e-06
-1.14428e-08
-1.07378e-06
-6.57299e-08
-9.91582e-07
-1.1991e-07
-8.74338e-07
-1.71885e-07
-7.25742e-07
-2.18629e-07
-5.52738e-07
-2.55293e-07
-3.67717e-07
-2.73514e-07
-1.91769e-07
-2.592e-07
-5.66721e-08
-1.93271e-07
-6.84142e-08
-8.03597e-08
1.43466e-07
-2.52951e-07
3.50115e-07
-4.68817e-07
4.53621e-07
-6.94144e-07
4.78224e-07
-9.07888e-07
4.5498e-07
-1.09756e-06
4.04422e-07
-1.25536e-06
3.3716e-07
-1.37583e-06
2.58285e-07
-1.45491e-06
1.70555e-07
-1.48954e-06
7.60002e-08
-1.47761e-06
-2.33769e-08
-1.41808e-06
-1.25254e-07
-1.31128e-06
-2.26716e-07
-1.15928e-06
-3.2388e-07
-9.66763e-07
-4.11147e-07
-7.42394e-07
-4.79663e-07
-5.01381e-07
-5.14527e-07
-2.69151e-07
-4.9143e-07
-8.45035e-08
-3.77918e-07
-1.52918e-07
-9.5815e-08
2.39281e-07
-2.99875e-07
5.54176e-07
-5.51855e-07
7.056e-07
-8.12489e-07
7.38859e-07
-1.0584e-06
7.00893e-07
-1.276e-06
6.22016e-07
-1.4568e-06
5.17966e-07
-1.59493e-06
3.96418e-07
-1.68597e-06
2.61586e-07
-1.72651e-06
1.16542e-07
-1.71412e-06
-3.57597e-08
-1.64745e-06
-1.91932e-07
-1.52646e-06
-3.47699e-07
-1.35308e-06
-4.97263e-07
-1.13208e-06
-6.32147e-07
-8.72846e-07
-7.38896e-07
-5.92343e-07
-7.9503e-07
-3.19591e-07
-7.64183e-07
-1.00469e-07
-5.97039e-07
-2.53387e-07
-1.0742e-07
3.46701e-07
-3.37316e-07
7.84072e-07
-6.20105e-07
9.8839e-07
-9.11138e-07
1.02989e-06
-1.1847e-06
9.7445e-07
-1.42629e-06
8.6361e-07
-1.62714e-06
7.18812e-07
-1.7812e-06
5.50485e-07
-1.88391e-06
3.64296e-07
-1.93162e-06
1.64245e-07
-1.92144e-06
-4.5932e-08
-1.85139e-06
-2.61985e-07
-1.72066e-06
-4.78426e-07
-1.53038e-06
-6.87547e-07
-1.28483e-06
-8.77695e-07
-9.93701e-07
-1.03003e-06
-6.75778e-07
-1.11295e-06
-3.6447e-07
-1.07549e-06
-1.13772e-07
-8.47736e-07
-3.67159e-07
-1.19936e-07
4.66637e-07
-3.77549e-07
1.04168e-06
-6.93724e-07
1.30457e-06
-1.01787e-06
1.35404e-06
-1.32157e-06
1.27814e-06
-1.58938e-06
1.13142e-06
-1.81234e-06
9.41774e-07
-1.98447e-06
7.22618e-07
-2.1012e-06
4.81023e-07
-2.15865e-06
2.21695e-07
-2.15339e-06
-5.11967e-08
-2.08244e-06
-3.32936e-07
-1.94368e-06
-6.17184e-07
-1.73675e-06
-8.94478e-07
-1.46475e-06
-1.14969e-06
-1.13727e-06
-1.35751e-06
-7.75257e-07
-1.47496e-06
-4.17936e-07
-1.43281e-06
-1.29674e-07
-1.136e-06
-4.96833e-07
-1.35812e-07
6.02448e-07
-4.27513e-07
1.33339e-06
-7.84285e-07
1.66134e-06
-1.14837e-06
1.71812e-06
-1.48809e-06
1.61787e-06
-1.78706e-06
1.43039e-06
-2.03633e-06
1.19105e-06
-2.23027e-06
9.16552e-07
-2.36453e-06
6.15289e-07
-2.43515e-06
2.92318e-07
-2.43805e-06
-4.83057e-08
-2.36891e-06
-4.02074e-07
-2.22362e-06
-7.62476e-07
-1.99935e-06
-1.11874e-06
-1.69693e-06
-1.45211e-06
-1.32502e-06
-1.72941e-06
-9.06879e-07
-1.89311e-06
-4.89407e-07
-1.85028e-06
-1.5123e-07
-1.47417e-06
-6.48063e-07
-1.5658e-07
7.59028e-07
-4.91705e-07
1.66851e-06
-8.99198e-07
2.06883e-06
-1.31225e-06
2.13117e-06
-1.69537e-06
2.00099e-06
-2.03132e-06
1.76634e-06
-2.31161e-06
1.47134e-06
-2.53147e-06
1.13641e-06
-2.68726e-06
7.7108e-07
-2.77521e-06
3.80266e-07
-2.79061e-06
-3.29057e-08
-2.72749e-06
-4.65192e-07
-2.57888e-06
-9.11086e-07
-2.3381e-06
-1.35953e-06
-2.00184e-06
-1.78838e-06
-1.5761e-06
-2.15515e-06
-1.08587e-06
-2.38333e-06
-5.87932e-07
-2.34822e-06
-1.81223e-07
-1.88088e-06
-8.29286e-07
-1.83775e-07
9.42803e-07
-5.74452e-07
2.05919e-06
-1.04522e-06
2.5396e-06
-1.51769e-06
2.60364e-06
-1.95202e-06
2.43532e-06
-2.33056e-06
2.14488e-06
-2.64611e-06
1.78689e-06
-2.8956e-06
1.38589e-06
-3.07689e-06
9.52372e-07
-3.18699e-06
4.90371e-07
-3.22086e-06
9.60026e-10
-3.17061e-06
-5.15442e-07
-3.02545e-06
-1.05625e-06
-2.77289e-06
-1.61209e-06
-2.40255e-06
-2.15872e-06
-1.91434e-06
-2.64335e-06
-1.33278e-06
-2.9649e-06
-7.26484e-07
-2.95452e-06
-2.23808e-07
-2.38356e-06
-1.05309e-06
-2.19635e-07
1.16244e-06
-6.81586e-07
2.52114e-06
-1.23086e-06
3.08887e-06
-1.77421e-06
3.147e-06
-2.26719e-06
2.9283e-06
-2.69273e-06
2.57041e-06
-3.04625e-06
2.14042e-06
-3.32777e-06
1.66741e-06
-3.53789e-06
1.16249e-06
-3.67541e-06
6.27898e-07
-3.73563e-06
6.11738e-08
-3.70885e-06
-5.42223e-07
-3.57957e-06
-1.18552e-06
-3.32708e-06
-1.86458e-06
-2.92947e-06
-2.55632e-06
-2.37441e-06
-3.19841e-06
-1.6802e-06
-3.65911e-06
-9.27396e-07
-3.70732e-06
-2.86813e-07
-3.02414e-06
-1.33991e-06
-2.67918e-07
1.43036e-06
-8.22151e-07
3.07537e-06
-1.46837e-06
3.73508e-06
-2.09456e-06
3.7732e-06
-2.65206e-06
3.48579e-06
-3.12632e-06
3.04467e-06
-3.51754e-06
2.53164e-06
-3.83083e-06
1.9807e-06
-4.07129e-06
1.40295e-06
-4.24114e-06
7.97752e-07
-4.33733e-06
1.57359e-07
-4.34918e-06
-5.30375e-07
-4.2562e-06
-1.2785e-06
-4.02702e-06
-2.09376e-06
-3.62224e-06
-2.96109e-06
-3.007e-06
-3.81365e-06
-2.18098e-06
-4.48513e-06
-1.2308e-06
-4.6575e-06
-3.86046e-07
-3.8689e-06
-1.72595e-06
-3.35263e-07
1.76562e-06
-1.01073e-06
3.75084e-06
-1.77594e-06
4.50029e-06
-2.49597e-06
4.49323e-06
-3.12e-06
4.10983e-06
-3.6395e-06
3.56417e-06
-4.06265e-06
2.95478e-06
-4.40235e-06
2.3204e-06
-4.67064e-06
1.67124e-06
-4.87538e-06
1.00249e-06
-5.01737e-06
2.99348e-07
-5.08703e-06
-4.60713e-07
-5.06015e-06
-1.30538e-06
-4.89349e-06
-2.26042e-06
-4.5237e-06
-3.33088e-06
-3.87833e-06
-4.45903e-06
-2.915e-06
-5.44847e-06
-1.7061e-06
-5.86639e-06
-5.53235e-07
-5.02176e-06
-2.27919e-06
-4.33662e-07
2.19928e-06
-1.27078e-06
4.58796e-06
-2.17949e-06
5.40899e-06
-2.99941e-06
5.31315e-06
-3.68325e-06
4.79367e-06
-4.23433e-06
4.11525e-06
-4.6734e-06
3.39385e-06
-5.02463e-06
2.67163e-06
-5.30979e-06
1.9564e-06
-5.54508e-06
1.23778e-06
-5.73829e-06
4.92557e-07
-5.88466e-06
-3.14345e-07
-5.96027e-06
-1.22977e-06
-5.91244e-06
-2.30824e-06
-5.65013e-06
-3.59319e-06
-5.04587e-06
-5.06329e-06
-3.97812e-06
-6.51622e-06
-2.45734e-06
-7.38718e-06
-8.46788e-07
-6.63231e-06
-3.12598e-06
-5.84791e-07
2.78407e-06
-1.63823e-06
5.6414e-06
-2.71068e-06
6.48144e-06
-3.6207e-06
6.22317e-06
-4.33742e-06
5.51039e-06
-4.88572e-06
4.66356e-06
-5.30503e-06
3.81315e-06
-5.63467e-06
3.00128e-06
-5.90884e-06
2.23057e-06
-6.1545e-06
1.48344e-06
-6.3896e-06
7.27655e-07
-6.61921e-06
-8.47324e-08
-6.82716e-06
-1.02183e-06
-6.9603e-06
-2.1751e-06
-6.90542e-06
-3.64808e-06
-6.47024e-06
-5.49846e-06
-5.41059e-06
-7.57587e-06
-3.58949e-06
-9.20828e-06
-1.35463e-06
-8.86718e-06
-4.4806e-06
-8.26459e-07
3.61053e-06
-2.16023e-06
6.97517e-06
-3.38808e-06
7.70929e-06
-4.3334e-06
7.16849e-06
-5.00912e-06
6.18611e-06
-5.47687e-06
5.13131e-06
-5.80237e-06
4.13866e-06
-6.04354e-06
3.24244e-06
-6.24798e-06
2.43501e-06
-6.45367e-06
1.68913e-06
-6.68974e-06
9.63729e-07
-6.97489e-06
2.00413e-07
-7.30968e-06
-6.87043e-07
-7.65701e-06
-1.82777e-06
-7.90453e-06
-3.40055e-06
-7.81344e-06
-5.58956e-06
-6.99826e-06
-8.39104e-06
-5.06779e-06
-1.11388e-05
-2.1561e-06
-1.17789e-05
-6.63671e-06
-1.21769e-06
4.82822e-06
-2.86888e-06
8.62636e-06
-4.14174e-06
8.98215e-06
-4.95093e-06
7.97769e-06
-5.40746e-06
6.64264e-06
-5.63126e-06
5.35511e-06
-5.72105e-06
4.22845e-06
-5.75282e-06
3.27421e-06
-5.78349e-06
2.46568e-06
-5.85646e-06
1.7621e-06
-6.00689e-06
1.11416e-06
-6.2647e-06
4.58222e-07
-6.65182e-06
-2.99924e-07
-7.16616e-06
-1.31343e-06
-7.73913e-06
-2.82758e-06
-8.15445e-06
-5.17424e-06
-7.94742e-06
-8.59808e-06
-6.41944e-06
-1.26667e-05
-3.17941e-06
-1.50189e-05
-9.81612e-06
-1.82677e-06
6.65499e-06
-3.65794e-06
1.04575e-05
-4.57225e-06
9.89646e-06
-4.81227e-06
8.2177e-06
-4.67729e-06
6.50767e-06
-4.3618e-06
5.03961e-06
-3.98887e-06
3.85553e-06
-3.63674e-06
2.92208e-06
-3.35456e-06
2.1835e-06
-3.17501e-06
1.58256e-06
-3.12472e-06
1.06386e-06
-3.23248e-06
5.65979e-07
-3.53491e-06
2.51295e-09
-4.0746e-06
-7.73745e-07
-4.87497e-06
-2.0272e-06
-5.85899e-06
-4.19022e-06
-6.66691e-06
-7.79016e-06
-6.41602e-06
-1.29176e-05
-3.92064e-06
-1.75143e-05
-1.37368e-05
-2.64031e-06
9.2953e-06
-3.79931e-06
1.16165e-05
-3.26617e-06
9.36332e-06
-2.08579e-06
7.03733e-06
-7.87029e-07
5.2089e-06
4.30825e-07
3.82176e-06
1.49019e-06
2.79616e-06
2.36326e-06
2.049e-06
3.04646e-06
1.5003e-06
3.54458e-06
1.08444e-06
3.85947e-06
7.48975e-07
3.98038e-06
4.45067e-07
3.87193e-06
1.10967e-07
3.45672e-06
-3.58533e-07
2.59929e-06
-1.16978e-06
1.13103e-06
-2.72195e-06
-9.65579e-07
-5.69356e-06
-3.04601e-06
-1.08372e-05
-3.20019e-06
-1.73601e-05
-1.69369e-05
-2.52953e-06
1.18248e-05
6.76256e-08
9.01937e-06
3.94109e-06
5.48986e-06
7.32555e-06
3.65287e-06
1.00264e-05
2.50804e-06
1.21363e-05
1.71182e-06
1.37615e-05
1.17097e-06
1.49982e-05
8.12345e-07
1.59267e-05
5.71773e-07
1.66073e-05
4.03841e-07
1.70785e-05
2.77826e-07
1.7354e-05
1.6958e-07
1.74123e-05
5.26491e-08
1.71691e-05
-1.15352e-07
1.64208e-05
-4.2149e-07
1.47644e-05
-1.0656e-06
1.1604e-05
-2.53307e-06
6.57981e-06
-5.81304e-06
1.06536e-06
-1.18456e-05
-1.58716e-05
1.18248e-05
2.08442e-05
2.63341e-05
2.99869e-05
3.2495e-05
3.42068e-05
3.53778e-05
3.61901e-05
3.67619e-05
3.71657e-05
3.74435e-05
3.76131e-05
3.76658e-05
3.75504e-05
3.71289e-05
3.60633e-05
3.35303e-05
2.77172e-05
1.58716e-05
)
;

boundaryField
{
    movingWall
    {
        type            calculated;
        value           uniform 0;
    }
    fixedWalls
    {
        type            calculated;
        value           uniform 0;
    }
    frontAndBack
    {
        type            empty;
        value           nonuniform 0();
    }
}


// ************************************************************************* //
