/*--------------------------------*- C++ -*----------------------------------*\
  =========                 |
  \\      /  F ield         | OpenFOAM: The Open Source CFD Toolbox
   \\    /   O peration     | Website:  https://openfoam.org
    \\  /    A nd           | Version:  6
     \\/     M anipulation  |
\*---------------------------------------------------------------------------*/
FoamFile
{
    version     2.0;
    format      ascii;
    class       volVectorField;
    location    "0.06";
    object      U;
}
// * * * * * * * * * * * * * * * * * * * * * * * * * * * * * * * * * * * * * //

dimensions      [0 1 -1 0 0 0 0];

internalField   nonuniform List<vector> 
400
(
(-3.95823e-05 3.81743e-05 0)
(-0.000619541 0.00038959 0)
(-0.00194707 0.000588229 0)
(-0.00356024 0.000636965 0)
(-0.00516495 0.000607752 0)
(-0.00663367 0.000541778 0)
(-0.00790139 0.000455615 0)
(-0.00892525 0.000355075 0)
(-0.00967191 0.000242356 0)
(-0.0101135 0.00011906 0)
(-0.0102275 -1.27567e-05 0)
(-0.00999777 -0.000150237 0)
(-0.00941693 -0.00028953 0)
(-0.00848881 -0.000425432 0)
(-0.0072329 -0.000550297 0)
(-0.00569252 -0.000651173 0)
(-0.00395076 -0.000703294 0)
(-0.00217151 -0.000657905 0)
(-0.000700153 -0.00043941 0)
(-5.01551e-05 -5.11603e-05 0)
(-0.000393566 0.000614119 0)
(-0.00207557 0.00204679 0)
(-0.00506945 0.00282425 0)
(-0.00853857 0.00302228 0)
(-0.0119659 0.00288596 0)
(-0.0151044 0.00257157 0)
(-0.0178086 0.00215263 0)
(-0.019979 0.00166069 0)
(-0.0215422 0.00111098 0)
(-0.0224413 0.000514673 0)
(-0.0226338 -0.000116315 0)
(-0.0220931 -0.000767255 0)
(-0.0208114 -0.00141925 0)
(-0.0188054 -0.00204708 0)
(-0.0161252 -0.00261429 0)
(-0.012871 -0.0030616 0)
(-0.00921814 -0.00328409 0)
(-0.0054728 -0.0030977 0)
(-0.00223414 -0.00224633 0)
(-0.000421088 -0.000677553 0)
(-0.000625997 0.00197899 0)
(-0.00303147 0.00509047 0)
(-0.00707509 0.00669199 0)
(-0.0116448 0.00708828 0)
(-0.0161135 0.00675576 0)
(-0.0201897 0.00601155 0)
(-0.0236926 0.00501748 0)
(-0.0264957 0.00384968 0)
(-0.0285062 0.00254855 0)
(-0.0296538 0.00114383 0)
(-0.0298866 -0.000334551 0)
(-0.0291727 -0.00185152 0)
(-0.0275034 -0.00336296 0)
(-0.0249003 -0.00481032 0)
(-0.021427 -0.0061095 0)
(-0.0172097 -0.00712698 0)
(-0.0124645 -0.00763607 0)
(-0.00755582 -0.00726303 0)
(-0.00321422 -0.00551069 0)
(-0.00065506 -0.0021218 0)
(-0.000749748 0.00377263 0)
(-0.00360781 0.00892187 0)
(-0.00835994 0.0114472 0)
(-0.013669 0.0120271 0)
(-0.0188214 0.0114279 0)
(-0.0235024 0.0101513 0)
(-0.0275173 0.00845829 0)
(-0.030729 0.00647546 0)
(-0.0330371 0.00427232 0)
(-0.0343646 0.00190003 0)
(-0.0346534 -0.000591435 0)
(-0.0338647 -0.00314456 0)
(-0.031983 -0.00568722 0)
(-0.0290242 -0.0081229 0)
(-0.0250502 -0.0103122 0)
(-0.0201943 -0.0120352 0)
(-0.0146926 -0.0129239 0)
(-0.00895258 -0.012382 0)
(-0.00382391 -0.00960745 0)
(-0.000779998 -0.00400147 0)
(-0.000837609 0.00581088 0)
(-0.00405459 0.0132697 0)
(-0.00940285 0.0168019 0)
(-0.0153471 0.0175499 0)
(-0.0210877 0.0166285 0)
(-0.0262875 0.0147485 0)
(-0.0307438 0.0122785 0)
(-0.0343157 0.00939841 0)
(-0.0369007 0.00620718 0)
(-0.0384179 0.00277621 0)
(-0.0388026 -0.000826491 0)
(-0.0380052 -0.00452329 0)
(-0.0359957 -0.00821553 0)
(-0.0327732 -0.0117679 0)
(-0.0283854 -0.0149805 0)
(-0.0229612 -0.0175346 0)
(-0.0167525 -0.018898 0)
(-0.0102191 -0.0182112 0)
(-0.00435038 -0.0142993 0)
(-0.000877594 -0.0061442 0)
(-0.000932918 0.00807554 0)
(-0.00453504 0.0181241 0)
(-0.0105256 0.0227664 0)
(-0.0171603 0.0236773 0)
(-0.0235421 0.0223796 0)
(-0.0293074 0.0198247 0)
(-0.0342469 0.0165016 0)
(-0.0382203 0.0126474 0)
(-0.0411262 0.00838973 0)
(-0.0428825 0.0038168 0)
(-0.0434169 -0.000990435 0)
(-0.0426644 -0.00594003 0)
(-0.0405718 -0.0109116 0)
(-0.0371085 -0.0157324 0)
(-0.0322932 -0.0201359 0)
(-0.0262379 -0.0236862 0)
(-0.0192076 -0.0256502 0)
(-0.0117307 -0.0248454 0)
(-0.0049785 -0.0196462 0)
(-0.000994479 -0.00856136 0)
(-0.00105666 0.0106169 0)
(-0.0051383 0.0235828 0)
(-0.0119133 0.0294568 0)
(-0.0193841 0.0305238 0)
(-0.0265355 0.0287841 0)
(-0.032974 0.0254689 0)
(-0.0384868 0.0212051 0)
(-0.0429394 0.0162924 0)
(-0.0462379 0.0108854 0)
(-0.0483026 0.00508395 0)
(-0.0490542 -0.0010269 0)
(-0.0484086 -0.00735116 0)
(-0.0462785 -0.0137565 0)
(-0.0425872 -0.0200379 0)
(-0.0373025 -0.0258568 0)
(-0.0304981 -0.0306351 0)
(-0.0224411 -0.0333852 0)
(-0.0137441 -0.0325153 0)
(-0.00582547 -0.0258432 0)
(-0.00115532 -0.0113418 0)
(-0.00122157 0.013519 0)
(-0.00592168 0.0298058 0)
(-0.0136864 0.0370503 0)
(-0.0221926 0.0382527 0)
(-0.0302787 0.0359799 0)
(-0.0375205 0.0317941 0)
(-0.0437095 0.026483 0)
(-0.0487274 0.0204154 0)
(-0.0524977 0.0137714 0)
(-0.0549512 0.00665352 0)
(-0.0560057 -0.000862102 0)
(-0.055555 -0.00869223 0)
(-0.0534665 -0.0167102 0)
(-0.0495948 -0.0246918 0)
(-0.0438229 -0.0322259 0)
(-0.0361475 -0.0385627 0)
(-0.0268079 -0.042385 0)
(-0.0165074 -0.0415619 0)
(-0.00700282 -0.0331944 0)
(-0.0013813 -0.0146241 0)
(-0.001441 0.0168939 0)
(-0.00694211 0.0370063 0)
(-0.0159587 0.0457737 0)
(-0.02574 0.0470609 0)
(-0.0349437 0.0441223 0)
(-0.0431196 0.0389189 0)
(-0.0500791 0.0324285 0)
(-0.0557376 0.025098 0)
(-0.0600531 0.0171293 0)
(-0.0629814 0.00861559 0)
(-0.0644465 -0.000395032 0)
(-0.0643212 -0.00985765 0)
(-0.0624167 -0.019681 0)
(-0.0584902 -0.0296496 0)
(-0.0522906 -0.0392917 0)
(-0.04367 -0.0476583 0)
(-0.032772 -0.0530022 0)
(-0.0203688 -0.0524564 0)
(-0.008676 -0.0421433 0)
(-0.00170532 -0.0186094 0)
(-0.00173585 0.0208888 0)
(-0.00828009 0.0454583 0)
(-0.018879 0.0559035 0)
(-0.0302141 0.0571698 0)
(-0.0407226 0.0533683 0)
(-0.0499449 0.0469487 0)
(-0.0577393 0.0391166 0)
(-0.0640834 0.0304061 0)
(-0.0689962 0.0210354 0)
(-0.0724813 0.0110725 0)
(-0.0744865 0.000511253 0)
(-0.0748729 -0.0106783 0)
(-0.0733896 -0.0224873 0)
(-0.0696655 -0.0347613 0)
(-0.0632483 -0.0470083 0)
(-0.0537356 -0.0580702 0)
(-0.0410392 -0.0656485 0)
(-0.0259071 -0.0658434 0)
(-0.0111456 -0.053351 0)
(-0.00219378 -0.0236077 0)
(-0.00214342 0.0257078 0)
(-0.0100664 0.0555216 0)
(-0.0226709 0.0677749 0)
(-0.0358767 0.0688181 0)
(-0.0478625 0.0638586 0)
(-0.0581965 0.0559536 0)
(-0.0668301 0.04658 0)
(-0.0738452 0.0363683 0)
(-0.07936 0.025544 0)
(-0.0834597 0.0141298 0)
(-0.0861456 0.00203277 0)
(-0.0872902 -0.0109004 0)
(-0.0865891 -0.0248119 0)
(-0.083521 -0.0396976 0)
(-0.0773539 -0.0551383 0)
(-0.0672697 -0.0698112 0)
(-0.0526984 -0.0807515 0)
(-0.0341136 -0.0826 0)
(-0.0149898 -0.067846 0)
(-0.00299164 -0.0301453 0)
(-0.0027336 0.0316539 0)
(-0.0125228 0.0676855 0)
(-0.027681 0.0817945 0)
(-0.0431 0.0822461 0)
(-0.0566795 0.075687 0)
(-0.0680932 0.065931 0)
(-0.0774588 0.0547723 0)
(-0.0850216 0.042941 0)
(-0.0910494 0.0306566 0)
(-0.0957542 0.0178722 0)
(-0.0992356 0.0043718 0)
(-0.101421 -0.0101775 0)
(-0.101991 -0.0261589 0)
(-0.100284 -0.0438553 0)
(-0.0952245 -0.0631016 0)
(-0.0853754 -0.0825767 0)
(-0.0692797 -0.098623 0)
(-0.0465939 -0.103874 0)
(-0.0212977 -0.0872756 0)
(-0.00441431 -0.039202 0)
(-0.00364066 0.0392093 0)
(-0.0160301 0.0826344 0)
(-0.0344381 0.0984413 0)
(-0.0523806 0.0976518 0)
(-0.0675185 0.0888372 0)
(-0.0797804 0.076739 0)
(-0.0895616 0.0635017 0)
(-0.0973486 0.0499451 0)
(-0.103618 0.0362603 0)
(-0.108763 0.022304 0)
(-0.113037 0.00770358 0)
(-0.116491 -0.00810681 0)
(-0.118871 -0.0258504 0)
(-0.119453 -0.0462806 0)
(-0.116829 -0.0697869 0)
(-0.108765 -0.0954371 0)
(-0.0923665 -0.119119 0)
(-0.0655088 -0.130936 0)
(-0.0319104 -0.114187 0)
(-0.00709714 -0.0526524 0)
(-0.00512321 0.0491861 0)
(-0.0212288 0.101326 0)
(-0.0436831 0.118212 0)
(-0.0642328 0.115067 0)
(-0.080505 0.103041 0)
(-0.0929605 0.0879569 0)
(-0.102432 0.0723012 0)
(-0.10974 0.0569431 0)
(-0.115632 0.0420058 0)
(-0.120725 0.0272203 0)
(-0.125479 0.0120356 0)
(-0.130149 -0.00437811 0)
(-0.134671 -0.0231617 0)
(-0.138432 -0.0457337 0)
(-0.139875 -0.0734517 0)
(-0.135973 -0.106463 0)
(-0.121896 -0.140961 0)
(-0.0924172 -0.164452 0)
(-0.0491989 -0.15189 0)
(-0.0121213 -0.0738087 0)
(-0.00766409 0.0629978 0)
(-0.0291202 0.125026 0)
(-0.0561954 0.141393 0)
(-0.0786276 0.13403 0)
(-0.0946355 0.117447 0)
(-0.105707 0.0985817 0)
(-0.113323 0.0801585 0)
(-0.118734 0.0629959 0)
(-0.122989 0.0470764 0)
(-0.12694 0.0319657 0)
(-0.131255 0.0169276 0)
(-0.13643 0.000882078 0)
(-0.142714 -0.0177366 0)
(-0.149862 -0.041138 0)
(-0.156589 -0.0720723 0)
(-0.159543 -0.112712 0)
(-0.152009 -0.161024 0)
(-0.124619 -0.203069 0)
(-0.0741493 -0.203322 0)
(-0.0207281 -0.107771 0)
(-0.0120847 0.08313 0)
(-0.0409629 0.155046 0)
(-0.0718156 0.167285 0)
(-0.0930177 0.152708 0)
(-0.105052 0.129814 0)
(-0.111247 0.106356 0)
(-0.113945 0.0849877 0)
(-0.114845 0.0662557 0)
(-0.115242 0.049857 0)
(-0.116109 0.0351225 0)
(-0.118211 0.0211337 0)
(-0.122197 0.0066293 0)
(-0.128628 -0.0102706 0)
(-0.13784 -0.0325007 0)
(-0.14943 -0.064407 0)
(-0.16086 -0.111078 0)
(-0.164927 -0.174342 0)
(-0.148714 -0.241963 0)
(-0.101215 -0.268805 0)
(-0.0325294 -0.161701 0)
(-0.0194832 0.114069 0)
(-0.0571653 0.191159 0)
(-0.0857499 0.191513 0)
(-0.096546 0.165402 0)
(-0.0962481 0.134651 0)
(-0.0908859 0.106548 0)
(-0.083516 0.0829173 0)
(-0.0759788 0.0636003 0)
(-0.0694645 0.0477772 0)
(-0.0647335 0.0344551 0)
(-0.0623365 0.0225574 0)
(-0.0628031 0.0107756 0)
(-0.0667922 -0.00281487 0)
(-0.0751867 -0.0214584 0)
(-0.0889437 -0.0506758 0)
(-0.107952 -0.0986176 0)
(-0.127724 -0.173012 0)
(-0.135466 -0.268881 0)
(-0.11125 -0.338905 0)
(-0.0407587 -0.241949 0)
(-0.0297311 0.163677 0)
(-0.0717468 0.225899 0)
(-0.0760389 0.198782 0)
(-0.0554976 0.15793 0)
(-0.0287563 0.121236 0)
(-0.00288304 0.0915533 0)
(0.0201206 0.0686561 0)
(0.0394926 0.0513179 0)
(0.0550227 0.0381028 0)
(0.0667882 0.0277324 0)
(0.0748978 0.019096 0)
(0.0792931 0.0110605 0)
(0.0795426 0.0020865 0)
(0.0745306 -0.0105142 0)
(0.0620324 -0.0319085 0)
(0.0387042 -0.0714765 0)
(0.00232424 -0.142919 0)
(-0.0419644 -0.255121 0)
(-0.0685993 -0.375266 0)
(-0.0249799 -0.331085 0)
(-0.0232018 0.230277 0)
(-0.0359357 0.230438 0)
(0.0360853 0.163005 0)
(0.114221 0.115095 0)
(0.176419 0.0819961 0)
(0.224206 0.0581724 0)
(0.261059 0.0412905 0)
(0.289267 0.0295412 0)
(0.310581 0.0213125 0)
(0.326411 0.015369 0)
(0.337753 0.0108096 0)
(0.345134 0.00688967 0)
(0.348493 0.00276898 0)
(0.346827 -0.00291849 0)
(0.337399 -0.0129621 0)
(0.314361 -0.0335076 0)
(0.267642 -0.0779393 0)
(0.185095 -0.168479 0)
(0.0826497 -0.305994 0)
(0.0614573 -0.342517 0)
(0.26944 0.136642 0)
(0.337492 0.121554 0)
(0.464946 0.0797214 0)
(0.565721 0.0517895 0)
(0.629385 0.0341274 0)
(0.670214 0.0224295 0)
(0.697877 0.0147042 0)
(0.717066 0.00971913 0)
(0.730497 0.00653208 0)
(0.739967 0.00446549 0)
(0.746593 0.00306279 0)
(0.750946 0.0020046 0)
(0.753092 0.0010159 0)
(0.752407 -0.000251508 0)
(0.74701 -0.00243797 0)
(0.732219 -0.00696512 0)
(0.697962 -0.0174746 0)
(0.621377 -0.0431804 0)
(0.469439 -0.103013 0)
(0.346708 -0.149185 0)
)
;

boundaryField
{
    movingWall
    {
        type            fixedValue;
        value           uniform (1 0 0);
    }
    fixedWalls
    {
        type            noSlip;
    }
    frontAndBack
    {
        type            empty;
    }
}


// ************************************************************************* //
