/*--------------------------------*- C++ -*----------------------------------*\
  =========                 |
  \\      /  F ield         | OpenFOAM: The Open Source CFD Toolbox
   \\    /   O peration     | Website:  https://openfoam.org
    \\  /    A nd           | Version:  6
     \\/     M anipulation  |
\*---------------------------------------------------------------------------*/
FoamFile
{
    version     2.0;
    format      ascii;
    class       volScalarField;
    location    "0.05";
    object      p;
}
// * * * * * * * * * * * * * * * * * * * * * * * * * * * * * * * * * * * * * //

dimensions      [0 2 -2 0 0 0 0];

internalField   nonuniform List<scalar> 
400
(
3.73838e-08
-0.00388305
-0.00845298
-0.0116342
-0.0123152
-0.0100396
-0.0048161
0.00302262
0.0129246
0.0241857
0.0359968
0.0474851
0.0577648
0.0660039
0.0715153
0.0738755
0.0730696
0.0696451
0.064874
0.0609535
0.00383768
-0.000163712
-0.00372359
-0.00581244
-0.00591169
-0.00369546
0.000854163
0.00749633
0.0158059
0.0252223
0.035089
0.0446933
0.0533151
0.0602879
0.0650743
0.0673575
0.0671482
0.0648452
0.061106
0.057082
0.0086946
0.00314709
-0.000734368
-0.0026431
-0.00262521
-0.000516673
0.00365814
0.00967176
0.0171532
0.025619
0.0344991
0.0431686
0.0509904
0.0573673
0.0618058
0.0639913
0.0638836
0.0617178
0.0576008
0.0519987
0.0128441
0.00517815
0.000297491
-0.00194311
-0.00205968
-3.81399e-05
0.00402712
0.00987777
0.0171487
0.0253845
0.0340502
0.0425535
0.0502766
0.0566216
0.061065
0.0632268
0.0629755
0.0603972
0.0551598
0.047341
0.0152315
0.00529574
-0.000798848
-0.00352303
-0.00380363
-0.00176069
0.00243556
0.00847885
0.0159875
0.0245084
0.0335146
0.0424141
0.0505725
0.0573499
0.0621481
0.0644815
0.0641016
0.0609521
0.0543212
0.0440433
0.0150729
0.00274977
-0.00465242
-0.00787448
-0.008233
-0.00597595
-0.00135388
0.00526784
0.0134764
0.022805
0.0327156
0.0425949
0.0517649
0.0595096
0.065117
0.0679539
0.0676221
0.0639093
0.0557307
0.0427457
0.0116428
-0.00323906
-0.011992
-0.0156284
-0.015879
-0.0131301
-0.0077219
-8.88302e-05
0.00931667
0.0200062
0.0314221
0.0429181
0.0537545
0.0631123
0.0701259
0.0739648
0.0740302
0.0699087
0.060085
0.0440437
0.00412167
-0.0135528
-0.0236516
-0.0275141
-0.0273605
-0.0237466
-0.01712
-0.00799335
0.00313918
0.0157702
0.029327
0.0431326
0.0563811
0.0681321
0.0773286
0.0828822
0.0839171
0.079731
0.0682397
0.0486842
-0.00853014
-0.0292819
-0.0406495
-0.0444136
-0.0434179
-0.038445
-0.0300773
-0.0189146
-0.00548763
0.0096928
0.0260594
0.0429254
0.0594326
0.0745166
0.0868972
0.095158
0.0980389
0.0944036
0.0813594
0.0577484
-0.0276876
-0.0518266
-0.0642495
-0.0673775
-0.0648928
-0.0578955
-0.0471405
-0.033323
-0.0169942
0.0013624
0.0212259
0.041945
0.0626504
0.0821775
0.0990093
0.111329
0.117356
0.115302
0.101082
0.0728505
-0.0552102
-0.083026
-0.0960218
-0.0976148
-0.0926632
-0.0827181
-0.068754
-0.0515625
-0.031685
-0.00952608
0.0145058
0.039871
0.0657688
0.0910006
0.113839
0.132016
0.143073
0.144264
0.129732
0.0964087
-0.093697
-0.125354
-0.137913
-0.136446
-0.127517
-0.11331
-0.0950646
-0.0736503
-0.0495429
-0.0229893
0.00581082
0.0365438
0.0686055
0.100893
0.131568
0.15792
0.176675
0.183745
0.170631
0.132076
-0.146999
-0.182246
-0.192313
-0.18518
-0.169924
-0.149572
-0.125637
-0.0990001
-0.0699701
-0.0385181
-0.0045021
0.0321439
0.0711971
0.111864
0.152404
0.189812
0.21995
0.236982
0.228566
0.185511
-0.221337
-0.258647
-0.262065
-0.244833
-0.219644
-0.190501
-0.159079
-0.126098
-0.0915137
-0.0548436
-0.0154324
0.0273567
0.073918
0.124072
0.176554
0.22843
0.274908
0.308145
0.310509
0.265881
-0.327723
-0.361869
-0.350201
-0.315461
-0.27502
-0.233591
-0.192598
-0.152205
-0.111679
-0.0698327
-0.0252841
0.0233832
0.0774446
0.137718
0.203975
0.274086
0.343334
0.40219
0.42659
0.388753
-0.486425
-0.502462
-0.459128
-0.395081
-0.332075
-0.274243
-0.22172
-0.173314
-0.127064
-0.0807209
-0.031951
0.0216337
0.0824319
0.152669
0.233886
0.325978
0.425903
0.524058
0.590682
0.580528
-0.735264
-0.694442
-0.589189
-0.478846
-0.384235
-0.305922
-0.240796
-0.184889
-0.134179
-0.0849518
-0.0337243
0.0229753
0.0888267
0.167833
0.264185
0.381555
0.521214
0.677074
0.820164
0.885765
-1.16119
-0.955347
-0.731272
-0.553713
-0.419528
-0.319125
-0.24307
-0.182527
-0.13044
-0.0813407
-0.0306133
0.0261879
0.0939526
0.178641
0.287965
0.431578
0.61887
0.855264
1.13814
1.40062
-1.99793
-1.29475
-0.82927
-0.568773
-0.402473
-0.291216
-0.215084
-0.158982
-0.112794
-0.0698796
-0.025214
0.0258597
0.0886449
0.170311
0.281804
0.440084
0.66822
1.00538
1.56101
2.36588
-3.44522
-1.61584
-0.768396
-0.449754
-0.292684
-0.202542
-0.148365
-0.111591
-0.0816754
-0.0528142
-0.0211405
0.0167904
0.0650537
0.129744
0.221731
0.361684
0.588467
1.00417
1.9663
3.91009
)
;

boundaryField
{
    movingWall
    {
        type            zeroGradient;
    }
    fixedWalls
    {
        type            zeroGradient;
    }
    frontAndBack
    {
        type            empty;
    }
}


// ************************************************************************* //
