/*--------------------------------*- C++ -*----------------------------------*\
  =========                 |
  \\      /  F ield         | OpenFOAM: The Open Source CFD Toolbox
   \\    /   O peration     | Website:  https://openfoam.org
    \\  /    A nd           | Version:  6
     \\/     M anipulation  |
\*---------------------------------------------------------------------------*/
FoamFile
{
    version     2.0;
    format      ascii;
    class       surfaceScalarField;
    location    "0.05";
    object      phi;
}
// * * * * * * * * * * * * * * * * * * * * * * * * * * * * * * * * * * * * * //

dimensions      [0 3 -1 0 0 0 0];

internalField   nonuniform List<scalar> 
760
(
1.02013e-08
-1.02015e-08
-2.36692e-08
3.38704e-08
-1.03769e-07
8.00995e-08
-2.1521e-07
1.11441e-07
-3.41255e-07
1.26045e-07
-4.66608e-07
1.25353e-07
-5.7845e-07
1.11842e-07
-6.66722e-07
8.82722e-08
-7.24047e-07
5.73249e-08
-7.45627e-07
2.158e-08
-7.29274e-07
-1.63533e-08
-6.75605e-07
-5.36685e-08
-5.88367e-07
-8.72376e-08
-4.74777e-07
-1.1359e-07
-3.45722e-07
-1.29055e-07
-2.15582e-07
-1.3014e-07
-1.01358e-07
-1.14224e-07
-2.08284e-08
-8.05293e-08
1.15331e-08
-3.23615e-08
1.15332e-08
-3.18548e-08
2.16534e-08
-1.59004e-07
1.6102e-07
-3.74725e-07
2.95821e-07
-6.51908e-07
3.88624e-07
-9.57231e-07
4.31368e-07
-1.25795e-06
4.26075e-07
-1.52525e-06
3.79141e-07
-1.73573e-06
2.98746e-07
-1.87192e-06
1.93521e-07
-1.92254e-06
7.2193e-08
-1.88264e-06
-5.62437e-08
-1.75414e-06
-1.82176e-07
-1.54626e-06
-2.95116e-07
-1.27607e-06
-3.83775e-07
-9.68458e-07
-4.36673e-07
-6.55104e-07
-4.43494e-07
-3.71955e-07
-3.97372e-07
-1.5443e-07
-2.98055e-07
-2.93074e-08
-1.57484e-07
-1.77742e-08
-8.01133e-08
1.01767e-07
-3.05737e-07
3.86644e-07
-6.49056e-07
6.3914e-07
-1.06956e-06
8.09126e-07
-1.52177e-06
8.83576e-07
-1.96145e-06
8.65754e-07
-2.34944e-06
7.67135e-07
-2.6537e-06
6.03006e-07
-2.85019e-06
3.90008e-07
-2.92329e-06
1.45299e-07
-2.86623e-06
-1.13304e-07
-2.68161e-06
-3.66803e-07
-2.38209e-06
-5.94632e-07
-1.99097e-06
-7.74891e-07
-1.54205e-06
-8.85595e-07
-1.07823e-06
-9.07314e-07
-6.48216e-07
-8.27388e-07
-3.00809e-07
-6.45461e-07
-7.68136e-08
-3.81479e-07
-9.45876e-08
-1.23782e-07
2.25549e-07
-4.45684e-07
7.08546e-07
-9.13369e-07
1.10682e-06
-1.46954e-06
1.3653e-06
-2.0563e-06
1.47033e-06
-2.61971e-06
1.42917e-06
-3.11301e-06
1.26044e-06
-3.49827e-06
9.88262e-07
-3.7471e-06
6.38842e-07
-3.84099e-06
2.39191e-07
-3.77164e-06
-1.8266e-07
-3.54159e-06
-5.96847e-07
-3.16518e-06
-9.71041e-07
-2.66934e-06
-1.27073e-06
-2.09386e-06
-1.46108e-06
-1.49025e-06
-1.51092e-06
-9.1865e-07
-1.39899e-06
-4.42268e-07
-1.12184e-06
-1.20077e-07
-7.0367e-07
-2.14665e-07
-1.64674e-07
3.90224e-07
-5.81939e-07
1.12581e-06
-1.17448e-06
1.69937e-06
-1.86587e-06
2.05669e-06
-2.58452e-06
2.18898e-06
-3.26705e-06
2.1117e-06
-3.86033e-06
1.85372e-06
-4.32219e-06
1.45012e-06
-4.62138e-06
9.38026e-07
-4.73733e-06
3.55138e-07
-4.66026e-06
-2.5973e-07
-4.39184e-06
-8.65258e-07
-3.94647e-06
-1.41642e-06
-3.35271e-06
-1.86449e-06
-2.65448e-06
-2.15931e-06
-1.9109e-06
-2.2545e-06
-1.19404e-06
-2.11584e-06
-5.83992e-07
-1.7319e-06
-1.61515e-07
-1.12615e-06
-3.7618e-07
-2.05972e-07
5.96195e-07
-7.21723e-07
1.64156e-06
-1.44387e-06
2.42151e-06
-2.27472e-06
2.88755e-06
-3.12765e-06
3.0419e-06
-3.9297e-06
2.91376e-06
-4.62225e-06
2.54626e-06
-5.16018e-06
1.98806e-06
-5.51061e-06
1.28846e-06
-5.65165e-06
4.96178e-07
-5.57199e-06
-3.39393e-07
-5.27149e-06
-1.16576e-06
-4.76293e-06
-1.92497e-06
-4.07453e-06
-2.55289e-06
-3.25257e-06
-2.98128e-06
-2.36304e-06
-3.14403e-06
-1.49095e-06
-2.98794e-06
-7.3614e-07
-2.48671e-06
-2.05273e-07
-1.65701e-06
-5.81454e-07
-2.50686e-07
8.46881e-07
-8.72425e-07
2.2633e-06
-1.73261e-06
3.2817e-06
-2.70963e-06
3.86457e-06
-3.70053e-06
4.0328e-06
-4.62297e-06
3.8362e-06
-5.41405e-06
3.33734e-06
-6.02741e-06
2.60142e-06
-6.43008e-06
1.69112e-06
-6.59979e-06
6.65888e-07
-6.52374e-06
-4.15441e-07
-6.19901e-06
-1.49049e-06
-5.63483e-06
-2.48915e-06
-4.85651e-06
-3.33121e-06
-3.91022e-06
-3.92757e-06
-2.86731e-06
-4.18693e-06
-1.8262e-06
-4.02905e-06
-9.09635e-07
-3.40328e-06
-2.55577e-07
-2.31107e-06
-8.37031e-07
-3.01449e-07
1.14833e-06
-1.0404e-06
3.00225e-06
-2.04916e-06
4.29045e-06
-3.17857e-06
4.99398e-06
-4.3083e-06
5.16254e-06
-5.34768e-06
4.87557e-06
-6.23177e-06
4.22142e-06
-6.91564e-06
3.2853e-06
-7.36859e-06
2.14406e-06
-7.56954e-06
8.66838e-07
-7.5046e-06
-4.80374e-07
-7.16711e-06
-1.82798e-06
-6.56039e-06
-3.09587e-06
-5.70334e-06
-4.18825e-06
-4.63807e-06
-4.99284e-06
-3.43803e-06
-5.38697e-06
-2.2141e-06
-5.25298e-06
-1.11476e-06
-4.50262e-06
-3.16507e-07
-3.10932e-06
-1.15354e-06
-3.60616e-07
1.50895e-06
-1.2307e-06
3.87234e-06
-2.39824e-06
5.458e-06
-3.68179e-06
6.27752e-06
-4.94323e-06
6.42397e-06
-6.08607e-06
6.01842e-06
-7.04737e-06
5.18272e-06
-7.78781e-06
4.02574e-06
-8.28255e-06
2.6388e-06
-8.51423e-06
1.09852e-06
-8.4689e-06
-5.25701e-07
-8.13539e-06
-2.16149e-06
-7.50843e-06
-3.72283e-06
-6.59585e-06
-5.10083e-06
-5.4296e-06
-6.15909e-06
-4.07919e-06
-6.73737e-06
-2.66424e-06
-6.66793e-06
-1.36052e-06
-5.80634e-06
-3.92082e-07
-4.07776e-06
-1.54562e-06
-4.30747e-07
1.93969e-06
-1.44754e-06
4.88913e-06
-2.78041e-06
6.79087e-06
-4.20984e-06
7.70695e-06
-5.58108e-06
7.79521e-06
-6.7969e-06
7.23424e-06
-7.8028e-06
6.18862e-06
-8.5713e-06
4.79424e-06
-9.08861e-06
3.15611e-06
-9.34471e-06
1.35462e-06
-9.32751e-06
-5.42894e-07
-9.02116e-06
-2.46785e-06
-8.409e-06
-4.33499e-06
-7.48209e-06
-6.02774e-06
-6.25372e-06
-7.38746e-06
-4.77943e-06
-8.21166e-06
-3.17922e-06
-8.26814e-06
-1.65444e-06
-7.33112e-06
-4.86667e-07
-5.24553e-06
-2.03229e-06
-5.15575e-07
2.45527e-06
-1.69549e-06
6.06904e-06
-3.19184e-06
8.28723e-06
-4.74119e-06
9.2563e-06
-6.17659e-06
9.23061e-06
-7.40923e-06
8.46688e-06
-8.40286e-06
7.18224e-06
-9.15039e-06
5.54177e-06
-9.6557e-06
3.66142e-06
-9.9209e-06
1.61982e-06
-9.93867e-06
-5.2513e-07
-9.68919e-06
-2.71733e-06
-9.14233e-06
-4.88184e-06
-8.26632e-06
-6.90375e-06
-7.045e-06
-8.60879e-06
-5.50504e-06
-9.75162e-06
-3.75137e-06
-1.00218e-05
-2.00239e-06
-9.0801e-06
-6.05751e-07
-6.64217e-06
-2.63804e-06
-6.2177e-07
3.07704e-06
-1.98116e-06
7.42843e-06
-3.62344e-06
9.92951e-06
-5.23777e-06
1.08706e-05
-6.65626e-06
1.06491e-05
-7.81389e-06
9.62451e-06
-8.70655e-06
8.0749e-06
-9.35815e-06
6.19338e-06
-9.7977e-06
4.10096e-06
-1.00446e-05
1.86674e-06
-1.01e-05
-4.69762e-07
-9.9422e-06
-2.87512e-06
-9.52725e-06
-5.29679e-06
-8.79571e-06
-7.63529e-06
-7.69037e-06
-9.71413e-06
-6.18929e-06
-1.12527e-05
-4.35703e-06
-1.18541e-05
-2.40797e-06
-1.10292e-05
-7.57304e-07
-8.29284e-06
-3.39534e-06
-7.61978e-07
3.83902e-06
-2.31482e-06
8.98127e-06
-4.05682e-06
1.16715e-05
-5.63533e-06
1.24491e-05
-6.90553e-06
1.19193e-05
-7.85044e-06
1.05694e-05
-8.51609e-06
8.74055e-06
-8.96845e-06
6.64574e-06
-9.26803e-06
4.40054e-06
-9.45563e-06
2.05435e-06
-9.54432e-06
-3.81072e-07
-9.51437e-06
-2.90507e-06
-9.31073e-06
-5.50043e-06
-8.84553e-06
-8.10049e-06
-8.01141e-06
-1.05482e-05
-6.7156e-06
-1.25485e-05
-4.94552e-06
-1.36241e-05
-2.86991e-06
-1.31048e-05
-9.53935e-07
-1.02088e-05
-4.34928e-06
-9.59485e-07
4.7985e-06
-2.70898e-06
1.07308e-05
-4.45095e-06
1.34135e-05
-5.8213e-06
1.38195e-05
-6.74433e-06
1.28423e-05
-7.28606e-06
1.11112e-05
-7.56204e-06
9.01653e-06
-7.68814e-06
6.77184e-06
-7.75797e-06
4.47038e-06
-7.8339e-06
2.13027e-06
-7.94274e-06
-2.72227e-07
-8.07154e-06
-2.77628e-06
-8.16173e-06
-5.41024e-06
-8.104e-06
-8.15822e-06
-7.74057e-06
-1.09117e-05
-6.88992e-06
-1.33992e-05
-5.41694e-06
-1.50971e-05
-3.37361e-06
-1.51481e-05
-1.21547e-06
-1.2367e-05
-5.56475e-06
-1.25251e-06
6.05101e-06
-3.16365e-06
1.26419e-05
-4.70403e-06
1.49539e-05
-5.58576e-06
1.47012e-05
-5.88116e-06
1.31377e-05
-5.78106e-06
1.1011e-05
-5.4834e-06
8.71886e-06
-5.15079e-06
6.43924e-06
-4.90131e-06
4.22089e-06
-4.81131e-06
2.04028e-06
-4.91899e-06
-1.64556e-07
-5.22296e-06
-2.4723e-06
-5.67403e-06
-4.95917e-06
-6.16018e-06
-7.67207e-06
-6.49066e-06
-1.05812e-05
-6.39547e-06
-1.34943e-05
-5.57605e-06
-1.59166e-05
-3.86439e-06
-1.68598e-05
-1.56777e-06
-1.46636e-05
-7.13252e-06
-1.68445e-06
7.73546e-06
-3.60545e-06
1.45629e-05
-4.55522e-06
1.59036e-05
-4.52059e-06
1.46666e-05
-3.83339e-06
1.24505e-05
-2.83872e-06
1.00164e-05
-1.8052e-06
7.68534e-06
-9.16539e-07
5.55058e-06
-2.90054e-07
3.59441e-06
2.22444e-09
1.748e-06
-8.03875e-08
-8.19439e-08
-5.50836e-07
-2.00185e-06
-1.38569e-06
-4.12432e-06
-2.5021e-06
-6.55565e-06
-3.72018e-06
-9.36312e-06
-4.72109e-06
-1.24934e-05
-5.03851e-06
-1.55991e-05
-4.17059e-06
-1.77277e-05
-2.01946e-06
-1.68147e-05
-9.15198e-06
-2.23539e-06
9.97085e-06
-3.69695e-06
1.60245e-05
-3.35688e-06
1.55636e-05
-1.83224e-06
1.31419e-05
1.9245e-07
1.04259e-05
2.25214e-06
7.95669e-06
4.07316e-06
5.86433e-06
5.51009e-06
4.11364e-06
6.48983e-06
2.61467e-06
6.97268e-06
1.26515e-06
6.93026e-06
-3.95193e-08
6.33719e-06
-1.40878e-06
5.17653e-06
-2.96366e-06
3.46341e-06
-4.84253e-06
1.29602e-06
-7.19574e-06
-1.05834e-06
-1.01391e-05
-3.05503e-06
-1.36024e-05
-3.81537e-06
-1.69674e-05
-2.46923e-06
-1.81608e-05
-1.16212e-05
-2.57647e-06
1.25473e-05
-2.32738e-06
1.57754e-05
3.98276e-07
1.28379e-05
3.95896e-06
9.58126e-06
7.43807e-06
6.94674e-06
1.04448e-05
4.94994e-06
1.28454e-05
3.46374e-06
1.46205e-05
2.33852e-06
1.57894e-05
1.44581e-06
1.63703e-05
6.8421e-07
1.63616e-05
-3.08071e-08
1.57329e-05
-7.80099e-07
1.44245e-05
-1.65526e-06
1.23585e-05
-2.77647e-06
9.47648e-06
-4.31375e-06
5.83467e-06
-6.49727e-06
1.80046e-06
-9.56823e-06
-1.60244e-06
-1.35645e-05
-2.45008e-06
-1.73132e-05
-1.40713e-05
-9.20228e-07
1.34675e-05
3.8714e-06
1.09837e-05
9.97088e-06
6.73843e-06
1.53438e-05
4.20838e-06
1.95968e-05
2.69368e-06
2.28024e-05
1.74433e-06
2.51319e-05
1.13423e-06
2.67463e-05
7.24185e-07
2.77647e-05
4.27415e-07
2.8259e-05
1.89884e-07
2.82538e-05
-2.56592e-08
2.77249e-05
-2.51121e-07
2.65926e-05
-5.22993e-07
2.47117e-05
-8.95541e-07
2.18613e-05
-1.46334e-06
1.77644e-05
-2.40043e-06
1.22207e-05
-4.02446e-06
5.55252e-06
-6.89632e-06
-1.3251e-07
-1.16282e-05
-1.42038e-05
1.34675e-05
2.44513e-05
3.11897e-05
3.53981e-05
3.80918e-05
3.98361e-05
4.09703e-05
4.16945e-05
4.21219e-05
4.23118e-05
4.22862e-05
4.2035e-05
4.1512e-05
4.06165e-05
3.91532e-05
3.67527e-05
3.27283e-05
2.5832e-05
1.42038e-05
)
;

boundaryField
{
    movingWall
    {
        type            calculated;
        value           uniform 0;
    }
    fixedWalls
    {
        type            calculated;
        value           uniform 0;
    }
    frontAndBack
    {
        type            empty;
        value           nonuniform 0();
    }
}


// ************************************************************************* //
