/*--------------------------------*- C++ -*----------------------------------*\
  =========                 |
  \\      /  F ield         | OpenFOAM: The Open Source CFD Toolbox
   \\    /   O peration     | Website:  https://openfoam.org
    \\  /    A nd           | Version:  6
     \\/     M anipulation  |
\*---------------------------------------------------------------------------*/
FoamFile
{
    version     2.0;
    format      ascii;
    class       volScalarField;
    location    "0.2";
    object      p;
}
// * * * * * * * * * * * * * * * * * * * * * * * * * * * * * * * * * * * * * //

dimensions      [0 2 -2 0 0 0 0];

internalField   nonuniform List<scalar> 
400
(
-2.19277e-08
-0.00028673
-0.00053662
-0.000616845
-0.000486313
-0.000136385
0.000426444
0.00118779
0.00212668
0.00321222
0.004399
0.00562353
0.00680428
0.00784703
0.00865744
0.00916054
0.00932458
0.00918179
0.00884063
0.00850699
0.000286121
-1.01809e-05
-0.000191449
-0.000206939
-5.06088e-05
0.00028591
0.00080248
0.00149086
0.00233524
0.00330939
0.00437317
0.00547012
0.00652825
0.0074654
0.00820074
0.00867216
0.00885682
0.00878352
0.00851849
0.00818026
0.000548457
0.000150493
-4.41689e-05
-4.48913e-05
0.000114941
0.000436669
0.000921438
0.00156495
0.00235675
0.00327632
0.0042889
0.00534257
0.00636828
0.00728463
0.00800899
0.00847544
0.00865702
0.00857571
0.00826747
0.00780933
0.000637996
0.00011791
-0.00012525
-0.000139374
9.5026e-06
0.000315384
0.000779455
0.00140086
0.00217481
0.00308712
0.00410837
0.00518931
0.00625906
0.00722857
0.00800178
0.00849614
0.0086707
0.00853946
0.00812465
0.00750222
0.000474943
-0.000158752
-0.000456064
-0.000492547
-0.000360228
-7.03793e-05
0.0003793
0.000992385
0.00177089
0.0027082
0.00378122
0.00494335
0.00611974
0.00720835
0.00809063
0.00865592
0.00883901
0.00864259
0.00808569
0.00727014
2.2403e-06
-0.000737759
-0.00109028
-0.00115317
-0.00104051
-0.00076717
-0.000328461
0.000285031
0.0010839
0.00207136
0.00323328
0.00452794
0.00587693
0.00716168
0.00823181
0.0089336
0.00916113
0.0088952
0.00815314
0.0070853
-0.000826847
-0.00167276
-0.00208262
-0.00217549
-0.00208675
-0.0018344
-0.00141046
-0.000798213
2.38914e-05
0.00107258
0.00234781
0.00381876
0.00540856
0.00698255
0.00834978
0.00929303
0.00963767
0.0093169
0.00833139
0.00690044
-0.00205711
-0.0030156
-0.00348735
-0.00361531
-0.00355891
-0.00334028
-0.0029481
-0.00235726
-0.00153267
-0.000439172
0.000945441
0.00261301
0.00450183
0.00647121
0.00828651
0.00964172
0.0102472
0.0099345
0.00863931
0.00666427
-0.00373756
-0.0048218
-0.00536242
-0.00553279
-0.0055229
-0.00536206
-0.00503709
-0.0045147
-0.00374472
-0.00266873
-0.00123176
0.000599311
0.00280512
0.00526856
0.00772663
0.009763
0.0109037
0.0107741
0.00912974
0.00634416
-0.00592531
-0.00715435
-0.00777103
-0.00799062
-0.00804529
-0.00797741
-0.00777564
-0.00740147
-0.00679137
-0.00586196
-0.00451613
-0.00265577
-0.00021398
0.0027779
0.00608662
0.00919424
0.0113591
0.0118196
0.00990776
0.00596903
-0.00869003
-0.0100881
-0.010782
-0.0110487
-0.0111817
-0.011246
-0.0112384
-0.0111223
-0.0108283
-0.0102542
-0.00925886
-0.00765828
-0.00524285
-0.00185607
0.00242901
0.00708499
0.0110532
0.0129192
0.0111385
0.00571956
-0.0121234
-0.0137178
-0.0144701
-0.0147549
-0.0149582
-0.01518
-0.0154341
-0.0156962
-0.0159059
-0.0159595
-0.0156852
-0.014807
-0.0129211
-0.00955555
-0.00441109
0.00221137
0.00902726
0.0136863
0.0130533
0.00612912
-0.0163619
-0.0181755
-0.0189183
-0.0191317
-0.019344
-0.019704
-0.0202484
-0.0209767
-0.0218561
-0.0228075
-0.0236578
-0.0240565
-0.0233838
-0.0207444
-0.0152232
-0.00651427
0.00422254
0.0136058
0.0160614
0.00850471
-0.0216409
-0.0236638
-0.0242187
-0.0241546
-0.0242179
-0.0246111
-0.02539
-0.0265815
-0.0281946
-0.0301986
-0.0324501
-0.0345578
-0.0357042
-0.0345377
-0.0293657
-0.0188861
-0.00353858
0.0126458
0.021161
0.0155653
-0.0284209
-0.0305189
-0.0304664
-0.0297143
-0.0293245
-0.0295252
-0.0303633
-0.0318807
-0.0341247
-0.0371161
-0.0407501
-0.0446127
-0.0477251
-0.048332
-0.0439838
-0.0322207
-0.0121985
0.0123493
0.0306029
0.0318289
-0.0376737
-0.03931
-0.0377065
-0.0355355
-0.0342142
-0.0338767
-0.0344934
-0.0360842
-0.0387045
-0.0423933
-0.0470481
-0.0522025
-0.0567197
-0.0585139
-0.054542
-0.0413707
-0.0167513
0.0169303
0.048554
0.0633113
-0.0516079
-0.0509865
-0.045832
-0.0410956
-0.0382134
-0.0369314
-0.0370269
-0.0384301
-0.0411406
-0.0451435
-0.0502552
-0.0558709
-0.060634
-0.0621307
-0.0568413
-0.0406451
-0.0102313
0.033807
0.0825548
0.11888
-0.0762066
-0.066962
-0.0543503
-0.0454798
-0.0403129
-0.0377381
-0.0371624
-0.0382962
-0.0409736
-0.0450278
-0.0500983
-0.0553488
-0.0591211
-0.0586102
-0.0497616
-0.0276868
0.012052
0.071095
0.1454
0.217949
-0.130221
-0.0871958
-0.0584357
-0.0441572
-0.0369761
-0.0336228
-0.0329738
-0.0343928
-0.0374335
-0.0417244
-0.046717
-0.0513581
-0.0537314
-0.0507038
-0.0376813
-0.00860884
0.0435312
0.125706
0.244865
0.391535
-0.255295
-0.10281
-0.0428361
-0.0276544
-0.0227657
-0.0212563
-0.0224011
-0.0255049
-0.0299232
-0.0351962
-0.0407405
-0.0454695
-0.0474393
-0.0434953
-0.0289178
0.00313749
0.0629099
0.16774
0.344925
0.615568
)
;

boundaryField
{
    movingWall
    {
        type            zeroGradient;
    }
    fixedWalls
    {
        type            zeroGradient;
    }
    frontAndBack
    {
        type            empty;
    }
}


// ************************************************************************* //
