/*--------------------------------*- C++ -*----------------------------------*\
  =========                 |
  \\      /  F ield         | OpenFOAM: The Open Source CFD Toolbox
   \\    /   O peration     | Website:  https://openfoam.org
    \\  /    A nd           | Version:  6
     \\/     M anipulation  |
\*---------------------------------------------------------------------------*/
FoamFile
{
    version     2.0;
    format      ascii;
    class       surfaceScalarField;
    location    "0.2";
    object      phi;
}
// * * * * * * * * * * * * * * * * * * * * * * * * * * * * * * * * * * * * * //

dimensions      [0 3 -1 0 0 0 0];

internalField   nonuniform List<scalar> 
760
(
5.47051e-10
-5.46845e-10
-3.65999e-08
3.7147e-08
-1.04122e-07
6.75221e-08
-1.87885e-07
8.37628e-08
-2.76856e-07
8.89704e-08
-3.63265e-07
8.64093e-08
-4.41529e-07
7.82642e-08
-5.07153e-07
6.56236e-08
-5.5594e-07
4.87877e-08
-5.83702e-07
2.77616e-08
-5.86473e-07
2.77131e-09
-5.6121e-07
-2.52637e-08
-5.06863e-07
-5.43471e-08
-4.25656e-07
-8.12062e-08
-3.24225e-07
-1.01431e-07
-2.14105e-07
-1.1012e-07
-1.11034e-07
-1.03071e-07
-3.28231e-08
-7.82112e-08
4.63532e-09
-3.74584e-08
4.63535e-09
-3.78137e-08
3.72668e-08
-1.49977e-07
1.49311e-07
-3.1816e-07
2.35704e-07
-5.18135e-07
2.83738e-07
-7.28172e-07
2.99008e-07
-9.31064e-07
2.89301e-07
-1.11342e-06
2.60616e-07
-1.26421e-06
2.16418e-07
-1.37362e-06
1.582e-07
-1.43258e-06
8.6716e-08
-1.4332e-06
3.3966e-09
-1.37015e-06
-8.83185e-08
-1.24258e-06
-1.81909e-07
-1.05652e-06
-2.67271e-07
-8.26721e-07
-3.3123e-07
-5.77322e-07
-3.59518e-07
-3.40008e-07
-3.40386e-07
-1.4903e-07
-2.69189e-07
-3.25736e-08
-1.53915e-07
-2.79383e-08
-7.39315e-08
1.11198e-07
-2.54096e-07
3.29475e-07
-5.0528e-07
4.86889e-07
-7.94704e-07
5.73162e-07
-1.09423e-06
5.98529e-07
-1.38124e-06
5.76319e-07
-1.63776e-06
5.1713e-07
-1.84876e-06
4.2742e-07
-2.00092e-06
3.10358e-07
-2.08208e-06
1.67881e-07
-2.08185e-06
3.15884e-09
-1.99317e-06
-1.76998e-07
-1.81491e-06
-3.60165e-07
-1.55485e-06
-5.27331e-07
-1.23231e-06
-6.53771e-07
-8.79118e-07
-7.1271e-07
-5.37408e-07
-6.82095e-07
-2.53191e-07
-5.53407e-07
-6.61531e-08
-3.40952e-07
-9.40915e-08
-1.02047e-07
2.13246e-07
-3.39834e-07
5.67261e-07
-6.61334e-07
8.08389e-07
-1.02465e-06
9.36473e-07
-1.39639e-06
9.70276e-07
-1.75061e-06
9.30532e-07
-2.06678e-06
8.33303e-07
-2.32772e-06
6.88362e-07
-2.51791e-06
5.00549e-07
-2.62282e-06
2.72788e-07
-2.62941e-06
9.74614e-09
-2.52794e-06
-2.78462e-07
-2.31506e-06
-5.73044e-07
-1.99774e-06
-8.44654e-07
-1.59723e-06
-1.05428e-06
-1.1513e-06
-1.15864e-06
-7.12519e-07
-1.12088e-06
-3.40742e-07
-9.25184e-07
-9.06397e-08
-5.91054e-07
-1.84731e-07
-1.24688e-07
3.37934e-07
-4.11861e-07
8.54434e-07
-7.9493e-07
1.19146e-06
-1.22316e-06
1.3647e-06
-1.65856e-06
1.40567e-06
-2.07292e-06
1.34489e-06
-2.44457e-06
1.20495e-06
-2.75534e-06
9.99134e-07
-2.98829e-06
7.33496e-07
-3.12656e-06
4.11057e-07
-3.15362e-06
3.68139e-08
-3.05515e-06
-3.76937e-07
-2.82264e-06
-8.05555e-07
-2.45886e-06
-1.20843e-06
-1.98417e-06
-1.52898e-06
-1.44146e-06
-1.70134e-06
-8.96223e-07
-1.66612e-06
-4.27826e-07
-1.39358e-06
-1.11859e-07
-9.07021e-07
-2.96591e-07
-1.44659e-07
4.82593e-07
-4.76914e-07
1.18669e-06
-9.1729e-07
1.63184e-06
-1.40679e-06
1.85421e-06
-1.9034e-06
1.90228e-06
-2.37759e-06
1.81907e-06
-2.80762e-06
1.63499e-06
-3.17536e-06
1.36688e-06
-3.46307e-06
1.02121e-06
-3.65149e-06
5.99481e-07
-3.71948e-06
1.04803e-07
-3.64557e-06
-4.50847e-07
-3.41219e-06
-1.03894e-06
-3.01299e-06
-1.60763e-06
-2.46286e-06
-2.07911e-06
-1.80798e-06
-2.35622e-06
-1.1301e-06
-2.344e-06
-5.37274e-07
-1.98641e-06
-1.37106e-07
-1.30719e-06
-4.33697e-07
-1.64282e-07
6.46875e-07
-5.4116e-07
1.56357e-06
-1.03864e-06
2.12932e-06
-1.58978e-06
2.40534e-06
-2.14913e-06
2.46163e-06
-2.68685e-06
2.35679e-06
-3.18237e-06
2.13051e-06
-3.61882e-06
1.80333e-06
-3.97862e-06
1.381e-06
-4.2404e-06
8.61263e-07
-4.37749e-06
2.41888e-07
-4.35859e-06
-4.69744e-07
-4.15208e-06
-1.24545e-06
-3.73535e-06
-2.02436e-06
-3.11004e-06
-2.70442e-06
-2.32045e-06
-3.14582e-06
-1.46677e-06
-3.19768e-06
-6.9855e-07
-2.75462e-06
-1.7519e-07
-1.83055e-06
-6.08886e-07
-1.85351e-07
8.32226e-07
-6.0952e-07
1.98773e-06
-1.16689e-06
2.68669e-06
-1.78234e-06
3.02079e-06
-2.40761e-06
3.0869e-06
-3.01376e-06
2.96294e-06
-3.58294e-06
2.6997e-06
-4.10129e-06
2.32168e-06
-4.55304e-06
1.83275e-06
-4.91588e-06
1.22409e-06
-5.15756e-06
4.83569e-07
-5.23477e-06
-3.92528e-07
-5.09636e-06
-1.38386e-06
-4.69416e-06
-2.42656e-06
-4.00436e-06
-3.39422e-06
-3.05821e-06
-4.09196e-06
-1.97179e-06
-4.2841e-06
-9.50708e-07
-3.7757e-06
-2.38017e-07
-2.54324e-06
-8.46903e-07
-2.09296e-07
1.04152e-06
-6.858e-07
2.46424e-06
-1.30758e-06
3.30847e-06
-1.9904e-06
3.70361e-06
-2.68378e-06
3.78028e-06
-3.36109e-06
3.64025e-06
-4.0092e-06
3.34781e-06
-4.61954e-06
2.93202e-06
-5.18066e-06
2.39388e-06
-5.67171e-06
1.71514e-06
-6.05645e-06
8.68304e-07
-6.27895e-06
-1.7002e-07
-6.26414e-06
-1.39868e-06
-5.92835e-06
-2.76234e-06
-5.20638e-06
-4.1162e-06
-4.09721e-06
-5.20113e-06
-2.71954e-06
-5.66177e-06
-1.34441e-06
-5.15083e-06
-3.42573e-07
-3.54508e-06
-1.18948e-06
-2.376e-07
1.27912e-06
-7.73523e-07
3.00016e-06
-1.46477e-06
3.99972e-06
-2.21626e-06
4.4551e-06
-2.97577e-06
4.53979e-06
-3.72067e-06
4.38515e-06
-4.44466e-06
4.07181e-06
-5.14707e-06
3.63442e-06
-5.82391e-06
3.07072e-06
-6.45945e-06
2.35068e-06
-7.01712e-06
1.42598e-06
-7.43104e-06
2.43897e-07
-7.60171e-06
-1.22801e-06
-7.4036e-06
-2.96045e-06
-6.71438e-06
-4.80542e-06
-5.47436e-06
-6.44115e-06
-3.77416e-06
-7.36196e-06
-1.93905e-06
-6.98595e-06
-5.13216e-07
-4.97091e-06
-1.70269e-06
-2.72553e-07
1.55168e-06
-8.77382e-07
3.60499e-06
-1.64264e-06
4.76498e-06
-2.45978e-06
5.27224e-06
-3.27548e-06
5.3555e-06
-4.07281e-06
5.18248e-06
-4.85424e-06
4.85324e-06
-5.6292e-06
4.40938e-06
-6.40419e-06
3.84572e-06
-7.17293e-06
3.11942e-06
-7.90454e-06
2.15759e-06
-8.53047e-06
8.6983e-07
-8.93418e-06
-8.24304e-07
-8.95189e-06
-2.94273e-06
-8.39724e-06
-5.36008e-06
-7.12491e-06
-7.71348e-06
-5.14663e-06
-9.34025e-06
-2.78869e-06
-9.34388e-06
-7.84154e-07
-6.97545e-06
-2.48685e-06
-3.18518e-07
1.87019e-06
-1.00549e-06
4.29197e-06
-1.84768e-06
5.60717e-06
-2.71986e-06
6.14441e-06
-3.56897e-06
6.20461e-06
-4.38569e-06
5.9992e-06
-5.18254e-06
5.65009e-06
-5.98003e-06
5.20687e-06
-6.79693e-06
4.66262e-06
-7.64031e-06
3.96279e-06
-8.49259e-06
3.00987e-06
-9.2954e-06
1.67264e-06
-9.9332e-06
-1.86499e-07
-1.02242e-05
-2.65176e-06
-9.93038e-06
-5.65388e-06
-8.80741e-06
-8.83645e-06
-6.7267e-06
-1.1421e-05
-3.90675e-06
-1.21638e-05
-1.19918e-06
-9.68302e-06
-3.68603e-06
-3.84235e-07
2.25443e-06
-1.17281e-06
5.08054e-06
-2.09114e-06
6.5255e-06
-2.995e-06
7.04828e-06
-3.83543e-06
7.04504e-06
-4.61367e-06
6.77743e-06
-5.35291e-06
6.38933e-06
-6.08412e-06
5.93807e-06
-6.83793e-06
5.41644e-06
-7.63695e-06
4.76181e-06
-8.48457e-06
3.85749e-06
-9.34905e-06
2.53712e-06
-1.01437e-05
6.08103e-07
-1.07063e-05
-2.08908e-06
-1.07865e-05
-5.57368e-06
-1.00581e-05
-9.56492e-06
-8.20783e-06
-1.32712e-05
-5.19906e-06
-1.51726e-05
-1.7965e-06
-1.30856e-05
-5.48253e-06
-4.87237e-07
2.74167e-06
-1.40613e-06
5.99943e-06
-2.39041e-06
7.50977e-06
-3.28012e-06
7.93799e-06
-4.04073e-06
7.80564e-06
-4.69003e-06
7.42674e-06
-5.26321e-06
6.96252e-06
-5.80019e-06
6.47505e-06
-6.34126e-06
5.9575e-06
-6.92399e-06
5.34454e-06
-7.57745e-06
4.51095e-06
-8.31109e-06
3.27075e-06
-9.09611e-06
1.39312e-06
-9.83693e-06
-1.34826e-06
-1.0332e-05
-5.07865e-06
-1.02333e-05
-9.66361e-06
-9.05475e-06
-1.44497e-05
-6.37904e-06
-1.78483e-05
-2.55883e-06
-1.69058e-05
-8.04135e-06
-6.62346e-07
3.40401e-06
-1.7504e-06
7.08748e-06
-2.76424e-06
8.52362e-06
-3.55012e-06
8.72387e-06
-4.11278e-06
8.3683e-06
-4.49923e-06
7.81318e-06
-4.76101e-06
7.2243e-06
-4.9469e-06
6.66094e-06
-5.10418e-06
6.11478e-06
-5.28188e-06
5.52224e-06
-5.53291e-06
4.76198e-06
-5.912e-06
3.64985e-06
-6.46442e-06
1.94554e-06
-7.19749e-06
-6.15194e-07
-8.02445e-06
-4.25169e-06
-8.67273e-06
-9.01533e-06
-8.57875e-06
-1.45437e-05
-6.92613e-06
-1.95009e-05
-3.32985e-06
-2.05021e-05
-1.13712e-05
-9.7607e-07
4.38008e-06
-2.2687e-06
8.38012e-06
-3.20047e-06
9.45538e-06
-3.69985e-06
9.22325e-06
-3.86327e-06
8.53172e-06
-3.78947e-06
7.73938e-06
-3.55522e-06
6.99006e-06
-3.22024e-06
6.32596e-06
-2.83629e-06
5.73083e-06
-2.45746e-06
5.14341e-06
-2.15067e-06
4.45519e-06
-2.00418e-06
3.50336e-06
-2.12844e-06
2.0698e-06
-2.63871e-06
-1.04916e-07
-3.60259e-06
-3.28782e-06
-4.92446e-06
-7.69345e-06
-6.13444e-06
-1.33337e-05
-6.16612e-06
-1.94692e-05
-3.74941e-06
-2.29188e-05
-1.51206e-05
-1.5415e-06
5.92158e-06
-2.98382e-06
9.82244e-06
-3.50714e-06
9.9787e-06
-3.33763e-06
9.05374e-06
-2.75501e-06
7.9491e-06
-1.93558e-06
6.91995e-06
-9.84951e-07
6.03943e-06
3.00929e-08
5.31091e-06
1.06092e-06
4.7e-06
2.05957e-06
4.14476e-06
2.96122e-06
3.55354e-06
3.66714e-06
2.79744e-06
4.03196e-06
1.70497e-06
3.8638e-06
6.32459e-08
2.95305e-06
-2.37706e-06
1.16549e-06
-5.9059e-06
-1.30974e-06
-1.08585e-05
-3.46285e-06
-1.73161e-05
-3.28066e-06
-2.3101e-05
-1.84013e-05
-2.4771e-06
8.39868e-06
-3.46851e-06
1.08138e-05
-2.68402e-06
9.19422e-06
-1.11137e-06
7.48109e-06
7.19837e-07
6.1179e-06
2.5982e-06
5.04158e-06
4.43512e-06
4.20251e-06
6.19066e-06
3.55537e-06
7.84469e-06
3.04597e-06
9.37561e-06
2.61384e-06
1.07402e-05
2.18899e-06
1.18532e-05
1.68443e-06
1.25682e-05
9.89946e-07
1.26632e-05
-3.17828e-08
1.18403e-05
-1.55412e-06
9.76191e-06
-3.82751e-06
6.21974e-06
-7.3163e-06
1.75402e-06
-1.28504e-05
-1.32158e-06
-2.00254e-05
-1.97229e-05
-2.90943e-06
1.13081e-05
-5.83661e-07
8.48808e-06
3.30321e-06
5.30734e-06
6.97873e-06
3.80558e-06
1.02132e-05
2.88338e-06
1.30426e-05
2.21222e-06
1.55162e-05
1.72896e-06
1.76855e-05
1.38604e-06
1.95962e-05
1.13524e-06
2.12742e-05
9.35842e-07
2.27123e-05
7.50923e-07
2.38554e-05
5.41289e-07
2.45834e-05
2.61948e-07
2.46913e-05
-1.39669e-07
2.38666e-05
-7.29382e-07
2.16605e-05
-1.62143e-06
1.74795e-05
-3.13528e-06
1.0893e-05
-6.2639e-06
3.1936e-06
-1.2326e-05
-1.65293e-05
1.13081e-05
1.97962e-05
2.51035e-05
2.89091e-05
3.17925e-05
3.40047e-05
3.57337e-05
3.71197e-05
3.82549e-05
3.91908e-05
3.99417e-05
4.0483e-05
4.07449e-05
4.06053e-05
3.98759e-05
3.82545e-05
3.51192e-05
2.88553e-05
1.65293e-05
)
;

boundaryField
{
    movingWall
    {
        type            calculated;
        value           uniform 0;
    }
    fixedWalls
    {
        type            calculated;
        value           uniform 0;
    }
    frontAndBack
    {
        type            empty;
        value           nonuniform 0();
    }
}


// ************************************************************************* //
