/*--------------------------------*- C++ -*----------------------------------*\
  =========                 |
  \\      /  F ield         | OpenFOAM: The Open Source CFD Toolbox
   \\    /   O peration     | Website:  https://openfoam.org
    \\  /    A nd           | Version:  6
     \\/     M anipulation  |
\*---------------------------------------------------------------------------*/
FoamFile
{
    version     2.0;
    format      ascii;
    class       volVectorField;
    location    "0.2";
    object      U;
}
// * * * * * * * * * * * * * * * * * * * * * * * * * * * * * * * * * * * * * //

dimensions      [0 1 -1 0 0 0 0];

internalField   nonuniform List<vector> 
400
(
(7.18956e-05 -7.35635e-05 0)
(-0.000233253 0.000215878 0)
(-0.00131323 0.000468296 0)
(-0.00287677 0.000602775 0)
(-0.00464361 0.000647177 0)
(-0.00642621 0.000632358 0)
(-0.00809513 0.000577547 0)
(-0.00955275 0.000491176 0)
(-0.0107141 0.000374275 0)
(-0.0114954 0.000225034 0)
(-0.0118136 4.33271e-05 0)
(-0.0115953 -0.00016523 0)
(-0.0107953 -0.000385918 0)
(-0.00942104 -0.000593 0)
(-0.0075584 -0.00075053 0)
(-0.00538969 -0.000817374 0)
(-0.00319249 -0.000756788 0)
(-0.00131391 -0.000548066 0)
(-0.000126134 -0.000207208 0)
(0.000124253 0.000115738 0)
(-0.000221116 0.000227249 0)
(-0.00157613 0.00154192 0)
(-0.00446215 0.00260801 0)
(-0.00826855 0.00320121 0)
(-0.0124631 0.00339699 0)
(-0.0166634 0.00329993 0)
(-0.0205724 0.00298637 0)
(-0.0239516 0.00249733 0)
(-0.0265962 0.00184731 0)
(-0.0283175 0.00104079 0)
(-0.0289421 9.0329e-05 0)
(-0.0283307 -0.00096662 0)
(-0.0264122 -0.00205427 0)
(-0.023229 -0.00305191 0)
(-0.0189832 -0.00379971 0)
(-0.0140664 -0.00412252 0)
(-0.00904639 -0.00387348 0)
(-0.0046022 -0.00298923 0)
(-0.00144923 -0.00156664 0)
(-0.000142844 -9.26872e-05 0)
(-0.000515386 0.00135577 0)
(-0.00285683 0.00449003 0)
(-0.0072997 0.00684328 0)
(-0.0128855 0.00815456 0)
(-0.0189037 0.00856355 0)
(-0.0248661 0.0082721 0)
(-0.03038 0.00744084 0)
(-0.0351218 0.00616602 0)
(-0.0388124 0.00449273 0)
(-0.0411973 0.002447 0)
(-0.042046 7.35881e-05 0)
(-0.0411748 -0.00252777 0)
(-0.0384894 -0.00517334 0)
(-0.0340434 -0.00758182 0)
(-0.0280993 -0.00938879 0)
(-0.0211709 -0.0102018 0)
(-0.0140085 -0.00970014 0)
(-0.0075125 -0.00776376 0)
(-0.00267259 -0.00461902 0)
(-0.000398225 -0.00109271 0)
(-0.000737306 0.00314091 0)
(-0.00389305 0.00872738 0)
(-0.00966349 0.012648 0)
(-0.016739 0.0147728 0)
(-0.0242423 0.0153717 0)
(-0.0316142 0.0147741 0)
(-0.038409 0.0132415 0)
(-0.0442579 0.0109347 0)
(-0.0488394 0.0079348 0)
(-0.0518539 0.00429275 0)
(-0.0530207 8.98611e-05 0)
(-0.0521011 -0.00450254 0)
(-0.0489484 -0.00917318 0)
(-0.0435805 -0.0134451 0)
(-0.0362653 -0.0166956 0)
(-0.027591 -0.0182474 0)
(-0.0184694 -0.0175388 0)
(-0.0100448 -0.0143479 0)
(-0.00364067 -0.00901613 0)
(-0.000561237 -0.00267845 0)
(-0.000908333 0.0054235 0)
(-0.00474524 0.0140073 0)
(-0.0116714 0.0197284 0)
(-0.0200551 0.022723 0)
(-0.0288629 0.0234743 0)
(-0.0374812 0.0224822 0)
(-0.0454379 0.0201277 0)
(-0.0523458 0.0166405 0)
(-0.057862 0.0121326 0)
(-0.0616511 0.00666922 0)
(-0.0633749 0.000354582 0)
(-0.0627126 -0.00657972 0)
(-0.0594154 -0.0136951 0)
(-0.0533995 -0.0202961 0)
(-0.0448699 -0.0254446 0)
(-0.0344456 -0.0280837 0)
(-0.0232124 -0.027297 0)
(-0.0126468 -0.0226683 0)
(-0.00454098 -0.0146292 0)
(-0.000674722 -0.00469471 0)
(-0.00105504 0.00812215 0)
(-0.00550447 0.0202108 0)
(-0.0134975 0.0279717 0)
(-0.0231067 0.0319064 0)
(-0.0331539 0.0327947 0)
(-0.0429857 0.0313583 0)
(-0.0521245 0.0281207 0)
(-0.0601876 0.0233826 0)
(-0.0668283 0.0172743 0)
(-0.0716827 0.00985015 0)
(-0.0743443 0.00120399 0)
(-0.0743746 -0.00840675 0)
(-0.0713578 -0.0184383 0)
(-0.0650155 -0.0279647 0)
(-0.0553869 -0.035661 0)
(-0.0430456 -0.0399457 0)
(-0.0292562 -0.0393505 0)
(-0.0159561 -0.0330916 0)
(-0.00564558 -0.0216565 0)
(-0.000794164 -0.0071411 0)
(-0.00119837 0.011209 0)
(-0.00625184 0.0272964 0)
(-0.015304 0.0373434 0)
(-0.026138 0.0423048 0)
(-0.0374395 0.0433423 0)
(-0.0485317 0.0414566 0)
(-0.0589546 0.0373405 0)
(-0.0683559 0.0313676 0)
(-0.0764086 0.0236663 0)
(-0.0827348 0.0142413 0)
(-0.0868564 0.0031205 0)
(-0.0881834 -0.00947847 0)
(-0.0860572 -0.0229642 0)
(-0.0798809 -0.0361964 0)
(-0.0693685 -0.0473908 0)
(-0.0549001 -0.054239 0)
(-0.0378647 -0.0543975 0)
(-0.0208013 -0.0463877 0)
(-0.0073026 -0.0306472 0)
(-0.0009829 -0.0101763 0)
(-0.00135407 0.0146965 0)
(-0.00705186 0.0352894 0)
(-0.0172201 0.0478744 0)
(-0.0293334 0.0539557 0)
(-0.0419435 0.0551739 0)
(-0.0543698 0.0528747 0)
(-0.0661994 0.0479532 0)
(-0.0771443 0.0408585 0)
(-0.0869329 0.0316935 0)
(-0.0952038 0.0203622 0)
(-0.101423 0.00674613 0)
(-0.10483 -0.00908228 0)
(-0.104452 -0.0265969 0)
(-0.0992238 -0.0445175 0)
(-0.0883113 -0.0605596 0)
(-0.0716444 -0.0714409 0)
(-0.0505553 -0.073453 0)
(-0.0282626 -0.0638225 0)
(-0.00998948 -0.0426174 0)
(-0.00132901 -0.0141595 0)
(-0.00153501 0.0186286 0)
(-0.00795632 0.0442698 0)
(-0.0193434 0.0596433 0)
(-0.032814 0.0669255 0)
(-0.0467802 0.0683549 0)
(-0.0605814 0.065704 0)
(-0.0738875 0.0601113 0)
(-0.0865183 0.0521097 0)
(-0.0983065 0.0417534 0)
(-0.108959 0.0287874 0)
(-0.11793 0.0128454 0)
(-0.124308 -0.00629697 0)
(-0.126757 -0.028365 0)
(-0.123607 -0.0521076 0)
(-0.113213 -0.0747851 0)
(-0.0946867 -0.0919053 0)
(-0.0689203 -0.0977386 0)
(-0.0396733 -0.0872039 0)
(-0.0143798 -0.0591966 0)
(-0.0019725 -0.0197338 0)
(-0.00175603 0.0230768 0)
(-0.00901797 0.0543599 0)
(-0.021758 0.0727512 0)
(-0.0366539 0.0812679 0)
(-0.0519644 0.0829023 0)
(-0.0670759 0.0799556 0)
(-0.0817809 0.0738626 0)
(-0.0960543 0.0652557 0)
(-0.109891 0.054125 0)
(-0.123136 0.0400014 0)
(-0.13531 0.0221564 0)
(-0.145417 -0.00011939 0)
(-0.151791 -0.0270642 0)
(-0.152094 -0.0577456 0)
(-0.143658 -0.0891657 0)
(-0.124362 -0.115513 0)
(-0.0940436 -0.128326 0)
(-0.0564189 -0.11873 0)
(-0.0213985 -0.0827401 0)
(-0.00315001 -0.0279542 0)
(-0.00204252 0.0281472 0)
(-0.0103144 0.0657236 0)
(-0.0245675 0.0872994 0)
(-0.0409114 0.0969778 0)
(-0.0574309 0.0987152 0)
(-0.0735924 0.0954669 0)
(-0.08935 0.0890249 0)
(-0.104874 0.0801461 0)
(-0.120372 0.0687545 0)
(-0.1359 0.0541272 0)
(-0.151149 0.0350714 0)
(-0.165178 0.0101982 0)
(-0.176143 -0.0215484 0)
(-0.181155 -0.0599498 0)
(-0.176518 -0.102148 0)
(-0.15858 -0.141194 0)
(-0.125362 -0.165425 0)
(-0.0793427 -0.160424 0)
(-0.0322089 -0.116281 0)
(-0.00526745 -0.0404761 0)
(-0.0024457 0.0340079 0)
(-0.011987 0.0785832 0)
(-0.0279424 0.103369 0)
(-0.0456661 0.113936 0)
(-0.0630532 0.11549 0)
(-0.079698 0.111785 0)
(-0.0957517 0.105031 0)
(-0.111599 0.0961342 0)
(-0.127683 0.0849673 0)
(-0.144323 0.0705473 0)
(-0.16149 0.051164 0)
(-0.178501 0.0246091 0)
(-0.193647 -0.0112576 0)
(-0.203885 -0.057359 0)
(-0.204845 -0.111568 0)
(-0.191407 -0.166437 0)
(-0.159131 -0.20732 0)
(-0.107577 -0.212912 0)
(-0.0479374 -0.163043 0)
(-0.00897656 -0.0597913 0)
(-0.0030722 0.0409507 0)
(-0.014306 0.0932592 0)
(-0.0321846 0.120996 0)
(-0.0510514 0.131831 0)
(-0.0686375 0.132612 0)
(-0.0847566 0.128037 0)
(-0.0997965 0.120766 0)
(-0.114351 0.111868 0)
(-0.129078 0.101193 0)
(-0.144569 0.0875407 0)
(-0.161163 0.0687239 0)
(-0.178666 0.0417154 0)
(-0.195943 0.00318299 0)
(-0.210471 -0.0492651 0)
(-0.218007 -0.114929 0)
(-0.212586 -0.18702 0)
(-0.187191 -0.249241 0)
(-0.136901 -0.273523 0)
(-0.068716 -0.225 0)
(-0.0151095 -0.089313 0)
(-0.00414332 0.0495185 0)
(-0.0177816 0.110231 0)
(-0.0378009 0.140105 0)
(-0.057237 0.150025 0)
(-0.0738174 0.149003 0)
(-0.0877763 0.142782 0)
(-0.0998123 0.13444 0)
(-0.110717 0.125186 0)
(-0.121319 0.114871 0)
(-0.132437 0.102176 0)
(-0.144804 0.0846028 0)
(-0.158884 0.0585155 0)
(-0.174549 0.0195561 0)
(-0.190559 -0.0361994 0)
(-0.203917 -0.110082 0)
(-0.209056 -0.197483 0)
(-0.197223 -0.28302 0)
(-0.158475 -0.334426 0)
(-0.0917511 -0.300077 0)
(-0.0241519 -0.132776 0)
(-0.00611222 0.0607593 0)
(-0.0233472 0.130196 0)
(-0.0455362 0.160327 0)
(-0.0642122 0.167287 0)
(-0.0776258 0.162879 0)
(-0.0868599 0.153849 0)
(-0.093087 0.143539 0)
(-0.0973254 0.133203 0)
(-0.100538 0.122697 0)
(-0.103701 0.110699 0)
(-0.107865 0.0946626 0)
(-0.114156 0.0707483 0)
(-0.12362 0.034054 0)
(-0.136812 -0.0205313 0)
(-0.153004 -0.096569 0)
(-0.168689 -0.193017 0)
(-0.175395 -0.298776 0)
(-0.159434 -0.382676 0)
(-0.109329 -0.379314 0)
(-0.0349267 -0.192622 0)
(-0.00986704 0.0767814 0)
(-0.0325809 0.154045 0)
(-0.0560857 0.180532 0)
(-0.0708408 0.181255 0)
(-0.0770646 0.171317 0)
(-0.0775028 0.158089 0)
(-0.0740721 0.144823 0)
(-0.0681019 0.132611 0)
(-0.0606775 0.121241 0)
(-0.0528378 0.109459 0)
(-0.0457828 0.0949179 0)
(-0.0410617 0.0740461 0)
(-0.0406533 0.04208 0)
(-0.0468079 -0.00649412 0)
(-0.0614404 -0.0769163 0)
(-0.0845126 -0.172185 0)
(-0.110707 -0.288523 0)
(-0.12607 -0.403203 0)
(-0.109082 -0.446662 0)
(-0.0426672 -0.267779 0)
(-0.0169382 0.102143 0)
(-0.0474696 0.182247 0)
(-0.0680364 0.197276 0)
(-0.0711514 0.18693 0)
(-0.0625731 0.169124 0)
(-0.0478159 0.150697 0)
(-0.0296732 0.134101 0)
(-0.00973112 0.119885 0)
(0.0109279 0.107574 0)
(0.0313892 0.0959496 0)
(0.0505723 0.0830056 0)
(0.0668945 0.0657926 0)
(0.0779902 0.0403296 0)
(0.0805884 0.00170046 0)
(0.0707114 -0.0556731 0)
(0.0446981 -0.13765 0)
(0.00223911 -0.248772 0)
(-0.0477274 -0.382149 0)
(-0.077432 -0.480204 0)
(-0.0377124 -0.34917 0)
(-0.028698 0.14633 0)
(-0.0663726 0.21058 0)
(-0.0668574 0.19807 0)
(-0.0405658 0.171642 0)
(-0.00478067 0.146032 0)
(0.033096 0.123965 0)
(0.0705965 0.105924 0)
(0.106676 0.0914988 0)
(0.14083 0.0797814 0)
(0.172706 0.0695468 0)
(0.201721 0.0591995 0)
(0.226669 0.0466158 0)
(0.245349 0.0290135 0)
(0.254259 0.0028896 0)
(0.24842 -0.0361124 0)
(0.221595 -0.0939887 0)
(0.167422 -0.180682 0)
(0.0844486 -0.308368 0)
(-0.000994484 -0.450138 0)
(-0.0045919 -0.406149 0)
(-0.0312859 0.215226 0)
(-0.0464439 0.215065 0)
(0.0232387 0.157882 0)
(0.103107 0.120235 0)
(0.173468 0.0944459 0)
(0.234171 0.075105 0)
(0.287029 0.0605767 0)
(0.33327 0.0497783 0)
(0.373874 0.0416019 0)
(0.409579 0.0349839 0)
(0.440622 0.0288487 0)
(0.466446 0.0219736 0)
(0.485397 0.0128829 0)
(0.494395 -0.000218778 0)
(0.488508 -0.0195874 0)
(0.460576 -0.0486637 0)
(0.400256 -0.09551 0)
(0.293417 -0.182698 0)
(0.149753 -0.323368 0)
(0.0898213 -0.367886 0)
(0.260726 0.132104 0)
(0.321119 0.117005 0)
(0.441421 0.0785919 0)
(0.541415 0.0537134 0)
(0.610623 0.0381336 0)
(0.660614 0.0275788 0)
(0.699136 0.0202666 0)
(0.729809 0.0152237 0)
(0.7547 0.0117122 0)
(0.775152 0.00915056 0)
(0.791832 0.00706129 0)
(0.804662 0.00500187 0)
(0.812726 0.00251528 0)
(0.814145 -0.000897421 0)
(0.80578 -0.0058123 0)
(0.782819 -0.0130877 0)
(0.736505 -0.0248027 0)
(0.651321 -0.0476908 0)
(0.489841 -0.103084 0)
(0.357871 -0.149577 0)
)
;

boundaryField
{
    movingWall
    {
        type            fixedValue;
        value           uniform (1 0 0);
    }
    fixedWalls
    {
        type            noSlip;
    }
    frontAndBack
    {
        type            empty;
    }
}


// ************************************************************************* //
