/*--------------------------------*- C++ -*----------------------------------*\
  =========                 |
  \\      /  F ield         | OpenFOAM: The Open Source CFD Toolbox
   \\    /   O peration     | Website:  https://openfoam.org
    \\  /    A nd           | Version:  6
     \\/     M anipulation  |
\*---------------------------------------------------------------------------*/
FoamFile
{
    version     2.0;
    format      ascii;
    class       surfaceScalarField;
    location    "0.05";
    object      phi;
}
// * * * * * * * * * * * * * * * * * * * * * * * * * * * * * * * * * * * * * //

dimensions      [0 3 -1 0 0 0 0];

internalField   nonuniform List<scalar> 
760
(
1.47313e-08
-1.4756e-08
-2.08996e-08
3.56304e-08
-1.12798e-07
9.18978e-08
-2.44722e-07
1.31925e-07
-3.9661e-07
1.51887e-07
-5.49166e-07
1.52556e-07
-6.85706e-07
1.3654e-07
-7.92987e-07
1.07282e-07
-8.61466e-07
6.84791e-08
-8.85329e-07
2.38634e-08
-8.62498e-07
-2.28303e-08
-7.94677e-07
-6.78215e-08
-6.8744e-07
-1.07236e-07
-5.5033e-07
-1.3711e-07
-3.96833e-07
-1.53497e-07
-2.44045e-07
-1.52788e-07
-1.11668e-07
-1.32378e-07
-1.99492e-08
-9.17183e-08
1.51e-08
-3.50491e-08
1.51002e-08
-3.30249e-08
1.82693e-08
-1.77773e-07
1.80379e-07
-4.31126e-07
3.4525e-07
-7.62917e-07
4.63717e-07
-1.13308e-06
5.22049e-07
-1.50045e-06
5.19932e-07
-1.82781e-06
4.63895e-07
-2.0846e-06
3.64073e-07
-2.24834e-06
2.32215e-07
-2.30519e-06
8.0712e-08
-2.25025e-06
-7.77625e-08
-2.08775e-06
-2.30327e-07
-1.83107e-06
-3.63919e-07
-1.50268e-06
-4.65495e-07
-1.13357e-06
-5.22606e-07
-7.61712e-07
-5.2465e-07
-4.28993e-07
-4.65097e-07
-1.75858e-07
-3.44853e-07
-3.21674e-08
-1.7874e-07
-1.70671e-08
-9.05667e-08
1.08836e-07
-3.5353e-07
4.43341e-07
-7.61086e-07
7.52807e-07
-1.26711e-06
9.69739e-07
-1.8166e-06
1.07154e-06
-2.35396e-06
1.05729e-06
-2.82876e-06
9.38701e-07
-3.19941e-06
7.34715e-07
-3.43508e-06
4.67893e-07
-3.5168e-06
1.62428e-07
-3.43784e-06
-1.56722e-07
-3.20401e-06
-4.64153e-07
-2.83372e-06
-7.34213e-07
-2.35769e-06
-9.41525e-07
-1.81805e-06
-1.06225e-06
-1.26614e-06
-1.07655e-06
-7.58601e-07
-9.72639e-07
-3.51035e-07
-7.52419e-07
-8.93471e-08
-4.40428e-07
-1.06414e-07
-1.43133e-07
2.51969e-07
-5.21772e-07
8.21979e-07
-1.07898e-06
1.31002e-06
-1.74849e-06
1.63924e-06
-2.46002e-06
1.78307e-06
-3.14587e-06
1.74314e-06
-3.74605e-06
1.53889e-06
-4.21166e-06
1.20033e-06
-4.50674e-06
7.62968e-07
-4.60917e-06
2.64856e-07
-4.51109e-06
-2.54795e-07
-4.21916e-06
-7.5609e-07
-3.75462e-06
-1.19875e-06
-3.15324e-06
-1.54291e-06
-2.46445e-06
-1.75103e-06
-1.74942e-06
-1.79159e-06
-1.07724e-06
-1.64482e-06
-5.19209e-07
-1.31045e-06
-1.41666e-07
-8.17971e-07
-2.48079e-07
-1.91496e-07
4.43465e-07
-6.82533e-07
1.31301e-06
-1.38668e-06
2.01417e-06
-2.21484e-06
2.4674e-06
-3.08014e-06
2.64837e-06
-3.90331e-06
2.56631e-06
-4.61665e-06
2.25223e-06
-5.16637e-06
1.75004e-06
-5.51359e-06
1.11019e-06
-5.63462e-06
3.85884e-07
-5.52094e-06
-3.68473e-07
-5.17936e-06
-1.09767e-06
-4.6323e-06
-1.74581e-06
-3.91817e-06
-2.25704e-06
-3.09126e-06
-2.57794e-06
-2.22071e-06
-2.66214e-06
-1.38773e-06
-2.4778e-06
-6.80931e-07
-2.01724e-06
-1.90044e-07
-1.30886e-06
-4.38123e-07
-2.38537e-07
6.82003e-07
-8.4162e-07
1.9161e-06
-1.69274e-06
2.86529e-06
-2.67788e-06
3.45254e-06
-3.69229e-06
3.66279e-06
-4.64534e-06
3.51936e-06
-5.46305e-06
3.06993e-06
-6.08879e-06
2.37579e-06
-6.48279e-06
1.50419e-06
-6.62113e-06
5.24222e-07
-6.49506e-06
-4.94541e-07
-6.1109e-06
-1.48183e-06
-5.49066e-06
-2.36605e-06
-4.6732e-06
-3.0745e-06
-3.71552e-06
-3.53562e-06
-2.69329e-06
-3.68436e-06
-1.69985e-06
-3.47125e-06
-8.42728e-07
-2.87436e-06
-2.37608e-07
-1.91398e-06
-6.75731e-07
-2.87228e-07
9.6923e-07
-1.00582e-06
2.63469e-06
-2.00654e-06
3.86601e-06
-3.14797e-06
4.59396e-06
-4.30644e-06
4.82126e-06
-5.38066e-06
4.59358e-06
-6.29236e-06
3.98163e-06
-6.98462e-06
3.06805e-06
-7.41907e-06
1.93864e-06
-7.5732e-06
6.7835e-07
-7.43853e-06
-6.29211e-07
-7.02017e-06
-1.90018e-06
-6.33789e-06
-3.04833e-06
-5.42844e-06
-3.98395e-06
-4.34881e-06
-4.61526e-06
-3.17915e-06
-4.85402e-06
-2.02432e-06
-4.62608e-06
-1.01222e-06
-3.88646e-06
-2.87626e-07
-2.63857e-06
-9.63358e-07
-3.40351e-07
1.30958e-06
-1.18155e-06
3.47589e-06
-2.33594e-06
5.0204e-06
-3.6312e-06
5.88922e-06
-4.92419e-06
6.11426e-06
-6.10481e-06
5.77419e-06
-7.09381e-06
4.97063e-06
-7.83768e-06
3.81191e-06
-8.30268e-06
2.40364e-06
-8.46981e-06
8.45488e-07
-8.3316e-06
-7.67422e-07
-7.89113e-06
-2.34066e-06
-7.16358e-06
-3.77588e-06
-6.18016e-06
-4.96736e-06
-4.99382e-06
-5.8016e-06
-3.68568e-06
-6.16217e-06
-2.37023e-06
-5.94153e-06
-1.19669e-06
-5.05999e-06
-3.43215e-07
-3.49205e-06
-1.30657e-06
-4.00658e-07
1.71024e-06
-1.37461e-06
4.44984e-06
-2.68618e-06
6.33197e-06
-4.12739e-06
7.33042e-06
-5.53593e-06
7.5228e-06
-6.79676e-06
7.03502e-06
-7.8351e-06
6.00898e-06
-8.60629e-06
4.5831e-06
-9.08568e-06
2.88303e-06
-9.26069e-06
1.0205e-06
-9.12583e-06
-9.02278e-07
-8.68121e-06
-2.78528e-06
-7.93454e-06
-4.52255e-06
-6.90678e-06
-5.99512e-06
-5.64099e-06
-7.0674e-06
-4.2133e-06
-7.58985e-06
-2.74374e-06
-7.41108e-06
-1.40273e-06
-6.40101e-06
-4.07469e-07
-4.4873e-06
-1.71404e-06
-4.71433e-07
2.18167e-06
-1.59082e-06
5.56923e-06
-3.05951e-06
7.80066e-06
-4.62803e-06
8.89894e-06
-6.11727e-06
9.01205e-06
-7.41427e-06
8.33202e-06
-8.45716e-06
7.05186e-06
-9.21779e-06
5.34373e-06
-9.68647e-06
3.35171e-06
-9.86066e-06
1.19469e-06
-9.73825e-06
-1.02468e-06
-9.31538e-06
-3.20815e-06
-8.58886e-06
-5.24908e-06
-7.56341e-06
-7.02056e-06
-6.26404e-06
-8.36677e-06
-4.75271e-06
-9.10118e-06
-3.14722e-06
-9.01658e-06
-1.63666e-06
-7.91157e-06
-4.84e-07
-5.63996e-06
-2.19804e-06
-5.57522e-07
2.73919e-06
-1.83703e-06
6.84874e-06
-3.4545e-06
9.41813e-06
-5.11315e-06
1.05576e-05
-6.62368e-06
1.05226e-05
-7.88719e-06
9.59554e-06
-8.867e-06
8.03166e-06
-9.56148e-06
6.03822e-06
-9.98289e-06
3.77312e-06
-1.01429e-05
1.35467e-06
-1.00443e-05
-1.12325e-06
-9.67854e-06
-3.57391e-06
-9.02792e-06
-5.8997e-06
-8.07412e-06
-7.97436e-06
-6.81359e-06
-9.6273e-06
-5.28078e-06
-1.0634e-05
-3.57791e-06
-1.07194e-05
-1.90528e-06
-9.58421e-06
-5.77905e-07
-6.96733e-06
-2.77595e-06
-6.67059e-07
3.40625e-06
-2.12229e-06
8.30397e-06
-3.86382e-06
1.11597e-05
-5.54508e-06
1.22388e-05
-6.98143e-06
1.19589e-05
-8.10739e-06
1.07215e-05
-8.92808e-06
8.85236e-06
-9.48014e-06
6.59028e-06
-9.80482e-06
4.09779e-06
-9.93172e-06
1.48157e-06
-9.87026e-06
-1.18471e-06
-9.60673e-06
-3.83744e-06
-9.10626e-06
-6.40017e-06
-8.32097e-06
-8.75965e-06
-7.20687e-06
-1.07414e-05
-5.75306e-06
-1.20878e-05
-4.02477e-06
-1.24477e-05
-2.21653e-06
-1.13924e-05
-6.9739e-07
-8.48647e-06
-3.47334e-06
-8.1423e-07
4.22048e-06
-2.45804e-06
9.94778e-06
-4.26755e-06
1.29692e-05
-5.85551e-06
1.38268e-05
-7.07189e-06
1.31753e-05
-7.91365e-06
1.15633e-05
-8.44797e-06
9.38668e-06
-8.76084e-06
6.90315e-06
-8.92744e-06
4.26439e-06
-8.99717e-06
1.5513e-06
-8.98688e-06
-1.195e-06
-8.87842e-06
-3.9459e-06
-8.61942e-06
-6.65917e-06
-8.1287e-06
-9.25037e-06
-7.31122e-06
-1.15589e-05
-6.08956e-06
-1.33095e-05
-4.46038e-06
-1.40769e-05
-2.57887e-06
-1.3274e-05
-8.56376e-07
-1.0209e-05
-4.32972e-06
-1.02318e-06
5.24366e-06
-2.85372e-06
1.17783e-05
-4.61545e-06
1.47309e-05
-5.91936e-06
1.51307e-05
-6.70449e-06
1.39604e-05
-7.06946e-06
1.19282e-05
-7.16321e-06
9.48044e-06
-7.1268e-06
6.86674e-06
-7.06813e-06
4.20572e-06
-7.05377e-06
1.53694e-06
-7.10725e-06
-1.14153e-06
-7.2082e-06
-3.84495e-06
-7.29093e-06
-6.57644e-06
-7.24408e-06
-9.29722e-06
-6.91742e-06
-1.18855e-05
-6.14775e-06
-1.40791e-05
-4.82177e-06
-1.54029e-05
-2.99565e-06
-1.51001e-05
-1.07801e-06
-1.21266e-05
-5.40773e-06
-1.33017e-06
6.57382e-06
-3.29678e-06
1.37449e-05
-4.78342e-06
1.62176e-05
-5.50316e-06
1.58504e-05
-5.57188e-06
1.40292e-05
-5.23227e-06
1.15886e-05
-4.72372e-06
8.97189e-06
-4.23402e-06
6.37704e-06
-3.89106e-06
3.86276e-06
-3.76873e-06
1.41461e-06
-3.89367e-06
-1.01659e-06
-4.24732e-06
-3.49129e-06
-4.7617e-06
-6.06206e-06
-5.31013e-06
-8.74879e-06
-5.69861e-06
-1.14971e-05
-5.67221e-06
-1.41055e-05
-4.96551e-06
-1.61096e-05
-3.44289e-06
-1.66227e-05
-1.39586e-06
-1.41736e-05
-6.80358e-06
-1.76845e-06
8.34227e-06
-3.68334e-06
1.56598e-05
-4.47231e-06
1.70065e-05
-4.16971e-06
1.55478e-05
-3.18209e-06
1.30415e-05
-1.9174e-06
1.03239e-05
-6.8312e-07
7.73761e-06
3.19919e-07
5.374e-06
9.73041e-07
3.20964e-06
1.21384e-06
1.17381e-06
1.01942e-06
-8.22166e-07
4.01031e-07
-2.8729e-06
-5.8941e-07
-5.07162e-06
-1.84053e-06
-7.49767e-06
-3.1521e-06
-1.01855e-05
-4.20577e-06
-1.30519e-05
-4.56802e-06
-1.57473e-05
-3.7971e-06
-1.73936e-05
-1.83617e-06
-1.61346e-05
-8.63975e-06
-2.28921e-06
1.06315e-05
-3.62351e-06
1.69941e-05
-2.99368e-06
1.63767e-05
-1.11816e-06
1.36723e-05
1.22903e-06
1.06944e-05
3.53001e-06
8.02295e-06
5.49033e-06
5.77728e-06
6.96316e-06
3.90117e-06
7.88361e-06
2.2892e-06
8.22553e-06
8.31884e-07
7.97879e-06
-5.75422e-07
7.14196e-06
-2.03607e-06
5.72901e-06
-3.65868e-06
3.79249e-06
-5.56114e-06
1.46932e-06
-7.86232e-06
-9.47187e-07
-1.06353e-05
-2.92224e-06
-1.37723e-05
-3.64141e-06
-1.66744e-05
-2.33416e-06
-1.74418e-05
-1.09739e-05
-2.50737e-06
1.31389e-05
-1.96182e-06
1.64486e-05
1.14386e-06
1.3271e-05
5.05087e-06
9.7653e-06
8.77997e-06
6.96526e-06
1.19246e-05
4.87834e-06
1.43595e-05
3.34239e-06
1.60797e-05
2.18094e-06
1.71171e-05
1.25182e-06
1.75004e-05
4.48543e-07
1.72388e-05
-3.13796e-07
1.63164e-05
-1.11369e-06
1.46957e-05
-2.03791e-06
1.23321e-05
-3.19758e-06
9.21411e-06
-4.74434e-06
5.4506e-06
-6.87184e-06
1.4435e-06
-9.76519e-06
-1.80519e-06
-1.34258e-05
-2.47784e-06
-1.67692e-05
-1.34518e-05
-6.05367e-07
1.37442e-05
4.57935e-06
1.12639e-05
1.09955e-05
6.85485e-06
1.65657e-05
4.19513e-06
2.08994e-05
2.63156e-06
2.40994e-05
1.67836e-06
2.63658e-05
1.07597e-06
2.78755e-05
6.71201e-07
2.87535e-05
3.73788e-07
2.90723e-05
1.29803e-07
2.88556e-05
-9.70963e-08
2.808e-05
-3.38113e-07
2.66717e-05
-6.29593e-07
2.44999e-05
-1.02583e-06
2.13748e-05
-1.61915e-06
1.70733e-05
-2.57036e-06
1.14659e-05
-4.15783e-06
4.9292e-06
-6.88904e-06
-4.4252e-07
-1.13975e-05
-1.38943e-05
1.37442e-05
2.50081e-05
3.18629e-05
3.60581e-05
3.86896e-05
4.0368e-05
4.1444e-05
4.21152e-05
4.24889e-05
4.26187e-05
4.25216e-05
4.21835e-05
4.15539e-05
4.05281e-05
3.8909e-05
3.63386e-05
3.21808e-05
2.52917e-05
1.38943e-05
)
;

boundaryField
{
    movingWall
    {
        type            calculated;
        value           uniform 0;
    }
    fixedWalls
    {
        type            calculated;
        value           uniform 0;
    }
    frontAndBack
    {
        type            empty;
        value           nonuniform 0();
    }
}


// ************************************************************************* //
