/*--------------------------------*- C++ -*----------------------------------*\
  =========                 |
  \\      /  F ield         | OpenFOAM: The Open Source CFD Toolbox
   \\    /   O peration     | Website:  https://openfoam.org
    \\  /    A nd           | Version:  6
     \\/     M anipulation  |
\*---------------------------------------------------------------------------*/
FoamFile
{
    version     2.0;
    format      ascii;
    class       volVectorField;
    location    "0.05";
    object      U;
}
// * * * * * * * * * * * * * * * * * * * * * * * * * * * * * * * * * * * * * //

dimensions      [0 1 -1 0 0 0 0];

internalField   nonuniform List<vector> 
400
(
(0.000256179 -0.000252651 0)
(0.000157402 0.000107272 0)
(-0.00114725 0.000566081 0)
(-0.00345599 0.000894309 0)
(-0.0063738 0.00106027 0)
(-0.00949365 0.0010762 0)
(-0.0124488 0.000966812 0)
(-0.0149366 0.00076067 0)
(-0.0167279 0.000486123 0)
(-0.0176686 0.000170298 0)
(-0.0176797 -0.000160425 0)
(-0.0167569 -0.00047951 0)
(-0.0149731 -0.000759384 0)
(-0.0124796 -0.000970904 0)
(-0.00950815 -0.00108357 0)
(-0.00636841 -0.00106737 0)
(-0.00343602 -0.00089764 0)
(-0.00112468 -0.000564081 0)
(0.000171302 -0.000102035 0)
(0.000259906 0.000255575 0)
(-6.90256e-05 -0.000187026 0)
(-0.00157481 0.00161907 0)
(-0.00563221 0.00361357 0)
(-0.011669 0.00506203 0)
(-0.0188836 0.00579102 0)
(-0.0264442 0.00580773 0)
(-0.0335522 0.00519819 0)
(-0.0395196 0.00408598 0)
(-0.043811 0.00260893 0)
(-0.0460612 0.000908986 0)
(-0.0460819 -0.000870366 0)
(-0.0438657 -0.00258362 0)
(-0.0395887 -0.0040824 0)
(-0.0336112 -0.0052165 0)
(-0.026473 -0.00583935 0)
(-0.0188747 -0.00582154 0)
(-0.0116313 -0.00507719 0)
(-0.00558752 -0.00360681 0)
(-0.00154519 -0.0015978 0)
(-6.02474e-05 0.000201398 0)
(-0.000515251 0.00104302 0)
(-0.00365964 0.00567323 0)
(-0.0105108 0.0102117 0)
(-0.0199355 0.0134622 0)
(-0.0307684 0.0150441 0)
(-0.0418953 0.0149346 0)
(-0.0522419 0.0133055 0)
(-0.0608731 0.0104353 0)
(-0.0670574 0.00665359 0)
(-0.0702937 0.00231186 0)
(-0.0703233 -0.00222833 0)
(-0.0671366 -0.00659907 0)
(-0.0609759 -0.0104283 0)
(-0.052335 -0.0133467 0)
(-0.0419499 -0.0150058 0)
(-0.0307715 -0.0151142 0)
(-0.0198955 -0.0134996 0)
(-0.0104548 -0.0102007 0)
(-0.00361906 -0.00562727 0)
(-0.000502333 -0.0010075 0)
(-0.000910415 0.00339184 0)
(-0.00563114 0.0121192 0)
(-0.0152267 0.0199136 0)
(-0.0278919 0.0253042 0)
(-0.0420527 0.0277711 0)
(-0.0563402 0.0273004 0)
(-0.0694696 0.0241873 0)
(-0.0803369 0.0189083 0)
(-0.0880863 0.0120337 0)
(-0.0921346 0.00417716 0)
(-0.0921809 -0.00402708 0)
(-0.0882124 -0.0119332 0)
(-0.0805076 -0.0188899 0)
(-0.0696384 -0.0242539 0)
(-0.0564638 -0.0274231 0)
(-0.0421061 -0.0278977 0)
(-0.0278776 -0.0253798 0)
(-0.0151751 -0.0199068 0)
(-0.00558477 -0.0120465 0)
(-0.000893832 -0.00332834 0)
(-0.00125916 0.00674538 0)
(-0.00748306 0.020826 0)
(-0.0197752 0.0325396 0)
(-0.0356139 0.0403033 0)
(-0.0529719 0.043577 0)
(-0.0702178 0.0424411 0)
(-0.0858839 0.0373777 0)
(-0.0987437 0.0291106 0)
(-0.107867 0.0184893 0)
(-0.112629 0.00642081 0)
(-0.112706 -0.00616124 0)
(-0.108081 -0.0183076 0)
(-0.0990452 -0.0290595 0)
(-0.086204 -0.0374662 0)
(-0.0704884 -0.0426293 0)
(-0.0531447 -0.0437872 0)
(-0.0356773 -0.040448 0)
(-0.0197584 -0.0325611 0)
(-0.00744206 -0.0207361 0)
(-0.00124048 -0.00665085 0)
(-0.0015912 0.0110439 0)
(-0.00930177 0.0317601 0)
(-0.0242965 0.048086 0)
(-0.0433007 0.0584405 0)
(-0.0637944 0.0623945 0)
(-0.0838725 0.0602381 0)
(-0.101903 0.0527302 0)
(-0.116576 0.0409042 0)
(-0.12693 0.0259274 0)
(-0.132333 0.0090205 0)
(-0.132461 -0.00857462 0)
(-0.127289 -0.0255997 0)
(-0.117096 -0.040778 0)
(-0.102482 -0.0528275 0)
(-0.0844029 -0.0605095 0)
(-0.0641903 -0.0627309 0)
(-0.0435225 -0.0587091 0)
(-0.0243643 -0.0481854 0)
(-0.00928635 -0.031682 0)
(-0.00157397 -0.0109228 0)
(-0.00193624 0.0162903 0)
(-0.0111868 0.0449554 0)
(-0.0289579 0.0665911 0)
(-0.0511566 0.0797149 0)
(-0.0747288 0.0841583 0)
(-0.0974938 0.0805661 0)
(-0.117686 0.0700879 0)
(-0.13396 0.0541417 0)
(-0.145375 0.03425 0)
(-0.151336 0.0119551 0)
(-0.151538 -0.0112032 0)
(-0.145947 -0.0336733 0)
(-0.134803 -0.0538691 0)
(-0.118655 -0.0701655 0)
(-0.0984277 -0.0809391 0)
(-0.0754845 -0.0846807 0)
(-0.0516479 -0.0801923 0)
(-0.0291824 -0.0668537 0)
(-0.0112281 -0.0449483 0)
(-0.00192659 -0.0161598 0)
(-0.00232218 0.0225455 0)
(-0.0132349 0.0605195 0)
(-0.0339145 0.0881286 0)
(-0.0593357 0.104108 0)
(-0.0858627 0.108741 0)
(-0.111057 0.103212 0)
(-0.133078 0.0892011 0)
(-0.150619 0.0685962 0)
(-0.162834 0.0433063 0)
(-0.169219 0.0151861 0)
(-0.169518 -0.0139612 0)
(-0.163687 -0.042334 0)
(-0.151895 -0.0680704 0)
(-0.134581 -0.0892078 0)
(-0.112557 -0.1037 0)
(-0.0871401 -0.109525 0)
(-0.060235 -0.104914 0)
(-0.0343901 -0.0886847 0)
(-0.0133761 -0.0606837 0)
(-0.00232926 -0.0224423 0)
(-0.00277814 0.0299256 0)
(-0.0155418 0.0786285 0)
(-0.039298 0.112786 0)
(-0.0679108 0.131538 0)
(-0.0971125 0.135885 0)
(-0.12426 0.127793 0)
(-0.14754 0.109648 0)
(-0.1658 0.0838949 0)
(-0.178393 0.0528483 0)
(-0.184978 0.0186396 0)
(-0.185392 -0.0167318 0)
(-0.179579 -0.0512919 0)
(-0.1676 -0.0829705 0)
(-0.149703 -0.109503 0)
(-0.126482 -0.128396 0)
(-0.0990804 -0.137014 0)
(-0.0693734 -0.132825 0)
(-0.0401376 -0.113817 0)
(-0.0158382 -0.0791159 0)
(-0.00281462 -0.0299129 0)
(-0.00334224 0.0386048 0)
(-0.0182185 0.0995153 0)
(-0.0452217 0.140618 0)
(-0.0768504 0.16177 0)
(-0.108166 0.165087 0)
(-0.136438 0.153642 0)
(-0.160047 0.130729 0)
(-0.178168 0.0994369 0)
(-0.190484 0.0624763 0)
(-0.19692 0.0221828 0)
(-0.197451 -0.0193565 0)
(-0.192017 -0.0601175 0)
(-0.180525 -0.097934 0)
(-0.16294 -0.130315 0)
(-0.139491 -0.154331 0)
(-0.110966 -0.166639 0)
(-0.0790263 -0.163713 0)
(-0.0465477 -0.142355 0)
(-0.018736 -0.100537 0)
(-0.0034247 -0.038779 0)
(-0.00407574 0.0488359 0)
(-0.02142 0.123461 0)
(-0.0517908 0.171568 0)
(-0.0859802 0.194291 0)
(-0.118396 0.195452 0)
(-0.146438 0.179662 0)
(-0.168948 0.151348 0)
(-0.185655 0.114306 0)
(-0.196747 0.0715839 0)
(-0.20252 0.0256 0)
(-0.203146 -0.0216303 0)
(-0.198569 -0.068204 0)
(-0.188499 -0.112025 0)
(-0.172518 -0.150512 0)
(-0.150318 -0.180365 0)
(-0.122086 -0.197469 0)
(-0.0889754 -0.197061 0)
(-0.0537157 -0.174279 0)
(-0.0222308 -0.125285 0)
(-0.00422489 -0.0493329 0)
(-0.00508825 0.0609973 0)
(-0.0253885 0.150782 0)
(-0.0590984 0.20536 0)
(-0.0948961 0.228123 0)
(-0.126692 0.225493 0)
(-0.152418 0.204157 0)
(-0.171761 0.169893 0)
(-0.185286 0.127192 0)
(-0.193871 0.0793137 0)
(-0.198286 0.0285704 0)
(-0.198948 -0.0233031 0)
(-0.195818 -0.0747439 0)
(-0.188385 -0.123947 0)
(-0.175762 -0.168451 0)
(-0.156926 -0.204736 0)
(-0.131166 -0.227943 0)
(-0.0987102 -0.23184 0)
(-0.0616909 -0.20931 0)
(-0.0265622 -0.153727 0)
(-0.00532886 -0.0619966 0)
(-0.006582 0.07569 0)
(-0.0305086 0.181806 0)
(-0.0671663 0.241278 0)
(-0.102755 0.261531 0)
(-0.131163 0.252867 0)
(-0.151529 0.224652 0)
(-0.164891 0.18413 0)
(-0.17296 0.13635 0)
(-0.177445 0.0845432 0)
(-0.179643 0.0306596 0)
(-0.180237 -0.024093 0)
(-0.179219 -0.0787377 0)
(-0.175871 -0.132024 0)
(-0.16881 -0.181894 0)
(-0.156174 -0.224893 0)
(-0.136048 -0.255592 0)
(-0.107189 -0.26619 0)
(-0.0703947 -0.246664 0)
(-0.0320944 -0.186197 0)
(-0.00694203 -0.0774142 0)
(-0.00892194 0.0939036 0)
(-0.0373446 0.216742 0)
(-0.0757189 0.277771 0)
(-0.1078 0.291584 0)
(-0.128571 0.27406 0)
(-0.139399 0.23774 0)
(-0.143262 0.191193 0)
(-0.143228 0.139652 0)
(-0.141853 0.0859415 0)
(-0.140903 0.0313403 0)
(-0.141283 -0.0237174 0)
(-0.14303 -0.079067 0)
(-0.14529 -0.134274 0)
(-0.14628 -0.188025 0)
(-0.143324 -0.237364 0)
(-0.133111 -0.276733 0)
(-0.112337 -0.296959 0)
(-0.0793601 -0.284609 0)
(-0.039337 -0.222845 0)
(-0.00942866 -0.0966075 0)
(-0.0127002 0.117239 0)
(-0.0465084 0.255299 0)
(-0.0834993 0.311714 0)
(-0.106332 0.313549 0)
(-0.113309 0.284118 0)
(-0.109369 0.239119 0)
(-0.0998524 0.187783 0)
(-0.0891194 0.134829 0)
(-0.0803139 0.0821586 0)
(-0.0754212 0.0300695 0)
(-0.0754244 -0.0219504 0)
(-0.0804091 -0.0746754 0)
(-0.0895426 -0.128665 0)
(-0.100924 -0.183687 0)
(-0.111372 -0.237843 0)
(-0.116319 -0.286238 0)
(-0.110011 -0.319102 0)
(-0.0870044 -0.319682 0)
(-0.0487744 -0.263179 0)
(-0.0133652 -0.121174 0)
(-0.0185826 0.148235 0)
(-0.0578047 0.29568 0)
(-0.0864107 0.337086 0)
(-0.0905958 0.320168 0)
(-0.0757293 0.276627 0)
(-0.0514635 0.224023 0)
(-0.0252843 0.170769 0)
(-0.00217434 0.120022 0)
(0.0148051 0.0722071 0)
(0.0239427 0.0264477 0)
(0.024437 -0.0187066 0)
(0.0161696 -0.0648932 0)
(-0.000285499 -0.113649 0)
(-0.0234072 -0.166004 0)
(-0.0502347 -0.221695 0)
(-0.0757064 -0.277614 0)
(-0.091977 -0.325027 0)
(-0.0887423 -0.345364 0)
(-0.0599332 -0.304995 0)
(-0.0193503 -0.15357 0)
(-0.0261486 0.191105 0)
(-0.0672223 0.332209 0)
(-0.0730698 0.342516 0)
(-0.0448477 0.300774 0)
(0.000320687 0.24416 0)
(0.0486542 0.188259 0)
(0.0922503 0.138271 0)
(0.12705 0.0946493 0)
(0.151184 0.0560228 0)
(0.163889 0.0204536 0)
(0.16487 -0.0141375 0)
(0.154012 -0.0498785 0)
(0.131378 -0.0889431 0)
(0.0974785 -0.133461 0)
(0.0539415 -0.185075 0)
(0.00468221 -0.243612 0)
(-0.042283 -0.303919 0)
(-0.0726604 -0.349755 0)
(-0.0682846 -0.341957 0)
(-0.0267558 -0.197773 0)
(-0.0286873 0.24893 0)
(-0.0581842 0.348489 0)
(-0.0154022 0.308213 0)
(0.0610635 0.242122 0)
(0.140358 0.18082 0)
(0.210114 0.130871 0)
(0.26616 0.091738 0)
(0.307653 0.0607829 0)
(0.335097 0.0352429 0)
(0.349222 0.0127473 0)
(0.350454 -0.00875413 0)
(0.338733 -0.0312159 0)
(0.313486 -0.056751 0)
(0.273774 -0.0878743 0)
(0.218798 -0.127608 0)
(0.149049 -0.178988 0)
(0.06843 -0.242964 0)
(-0.0107027 -0.31291 0)
(-0.0566141 -0.356737 0)
(-0.0283684 -0.256032 0)
(0.0132475 0.287614 0)
(0.0288534 0.301524 0)
(0.151501 0.213634 0)
(0.279682 0.142602 0)
(0.379913 0.0945388 0)
(0.454427 0.062627 0)
(0.508318 0.0411741 0)
(0.545502 0.0261005 0)
(0.568986 0.0146979 0)
(0.580756 0.00519143 0)
(0.581774 -0.00370018 0)
(0.572049 -0.0131106 0)
(0.550617 -0.0243327 0)
(0.515435 -0.0391798 0)
(0.463314 -0.0604719 0)
(0.390001 -0.0925666 0)
(0.289904 -0.141663 0)
(0.160109 -0.215 0)
(0.0342386 -0.305704 0)
(0.0158704 -0.292142 0)
(0.304279 0.146878 0)
(0.404862 0.127586 0)
(0.567544 0.0749639 0)
(0.684224 0.0421602 0)
(0.752014 0.0241468 0)
(0.793447 0.0141628 0)
(0.820058 0.00846004 0)
(0.837033 0.00499784 0)
(0.847203 0.00267412 0)
(0.852107 0.000888163 0)
(0.852427 -0.000727548 0)
(0.848192 -0.00247147 0)
(0.838782 -0.00470267 0)
(0.822713 -0.00800654 0)
(0.797179 -0.0134746 0)
(0.756963 -0.0231842 0)
(0.690406 -0.0410406 0)
(0.57419 -0.0741038 0)
(0.409764 -0.127675 0)
(0.3066 -0.147726 0)
)
;

boundaryField
{
    movingWall
    {
        type            fixedValue;
        value           uniform (1 0 0);
    }
    fixedWalls
    {
        type            noSlip;
    }
    frontAndBack
    {
        type            empty;
    }
}


// ************************************************************************* //
