/*--------------------------------*- C++ -*----------------------------------*\
  =========                 |
  \\      /  F ield         | OpenFOAM: The Open Source CFD Toolbox
   \\    /   O peration     | Website:  https://openfoam.org
    \\  /    A nd           | Version:  6
     \\/     M anipulation  |
\*---------------------------------------------------------------------------*/
FoamFile
{
    version     2.0;
    format      ascii;
    class       volVectorField;
    location    "0.045";
    object      U;
}
// * * * * * * * * * * * * * * * * * * * * * * * * * * * * * * * * * * * * * //

dimensions      [0 1 -1 0 0 0 0];

internalField   nonuniform List<vector> 
400
(
(1.80022e-05 -1.84991e-05 0)
(-0.000455331 0.000325632 0)
(-0.00174718 0.000569832 0)
(-0.0034457 0.000663111 0)
(-0.00522197 0.000656863 0)
(-0.00688944 0.00059376 0)
(-0.00833927 0.000498372 0)
(-0.00950433 0.000383096 0)
(-0.01034 0.000253767 0)
(-0.010814 0.000113621 0)
(-0.0109026 -3.45047e-05 0)
(-0.0105912 -0.000187125 0)
(-0.00987647 -0.000339386 0)
(-0.00877081 -0.000484028 0)
(-0.00731055 -0.000609377 0)
(-0.00556967 -0.00069608 0)
(-0.00367994 -0.000713078 0)
(-0.00186281 -0.000614181 0)
(-0.000484605 -0.000350328 0)
(1.88591e-05 1.68813e-05 0)
(-0.000320937 0.000444482 0)
(-0.00192597 0.00191318 0)
(-0.00504539 0.00290036 0)
(-0.00888709 0.00329276 0)
(-0.0128503 0.00325628 0)
(-0.0165699 0.00294883 0)
(-0.019807 0.00247447 0)
(-0.0224037 0.001893 0)
(-0.0242539 0.00123747 0)
(-0.0252841 0.000528794 0)
(-0.0254446 -0.000215122 0)
(-0.0247094 -0.000974194 0)
(-0.0230798 -0.00172221 0)
(-0.020594 -0.00242179 0)
(-0.0173431 -0.0030162 0)
(-0.013497 -0.00341784 0)
(-0.00933441 -0.00349732 0)
(-0.00528054 -0.00308375 0)
(-0.00200019 -0.0020215 0)
(-0.000327921 -0.000463384 0)
(-0.000589568 0.0017495 0)
(-0.00307045 0.00507162 0)
(-0.00752505 0.00717018 0)
(-0.0128295 0.0079981 0)
(-0.0182218 0.00787709 0)
(-0.0232529 0.00712684 0)
(-0.0276187 0.00597355 0)
(-0.0311124 0.00455625 0)
(-0.0335941 0.00295769 0)
(-0.0349674 0.00123303 0)
(-0.0351687 -0.000570781 0)
(-0.0341654 -0.00240283 0)
(-0.0319611 -0.00419844 0)
(-0.0286074 -0.00586731 0)
(-0.0242247 -0.00727625 0)
(-0.0190337 -0.00822714 0)
(-0.0133881 -0.00844014 0)
(-0.00781368 -0.00756846 0)
(-0.0031562 -0.00531248 0)
(-0.000595093 -0.00180129 0)
(-0.000755742 0.0035969 0)
(-0.00386085 0.00927647 0)
(-0.00932849 0.012674 0)
(-0.0157345 0.0139606 0)
(-0.0221758 0.0136801 0)
(-0.0281477 0.0123482 0)
(-0.0333111 0.0103338 0)
(-0.0374356 0.00786871 0)
(-0.0403659 0.00509436 0)
(-0.0419945 0.00210681 0)
(-0.0422486 -0.00101272 0)
(-0.0410881 -0.00417732 0)
(-0.0385108 -0.00727716 0)
(-0.0345672 -0.0101591 0)
(-0.0293855 -0.0125987 0)
(-0.0232104 -0.0142661 0)
(-0.0164421 -0.0147017 0)
(-0.00968537 -0.0133422 0)
(-0.00395679 -0.00967887 0)
(-0.000756676 -0.00367989 0)
(-0.000875271 0.00579583 0)
(-0.00448758 0.0142425 0)
(-0.010829 0.019097 0)
(-0.0182009 0.0208482 0)
(-0.0255584 0.0203348 0)
(-0.0323428 0.018308 0)
(-0.03819 0.0152991 0)
(-0.0428585 0.0116415 0)
(-0.0461874 0.00753925 0)
(-0.0480644 0.00312953 0)
(-0.0484089 -0.00147333 0)
(-0.047169 -0.00614776 0)
(-0.0443271 -0.0107386 0)
(-0.0399176 -0.0150257 0)
(-0.0340598 -0.0186825 0)
(-0.0270078 -0.0212266 0)
(-0.0192023 -0.0219845 0)
(-0.0113382 -0.0201254 0)
(-0.00462414 -0.0148579 0)
(-0.000875759 -0.00591257 0)
(-0.000993048 0.00830306 0)
(-0.0051201 0.0199268 0)
(-0.0123646 0.026419 0)
(-0.0207442 0.0286524 0)
(-0.0290566 0.0278333 0)
(-0.0366829 0.0249971 0)
(-0.0432368 0.0208637 0)
(-0.0484721 0.0158795 0)
(-0.0522304 0.0103133 0)
(-0.0543992 0.0043404 0)
(-0.0548906 -0.00189782 0)
(-0.0536349 -0.00825185 0)
(-0.0505875 -0.0145256 0)
(-0.0457501 -0.0204306 0)
(-0.0392147 -0.025525 0)
(-0.0312308 -0.0291441 0)
(-0.0222804 -0.0303503 0)
(-0.0131716 -0.027974 0)
(-0.00535257 -0.0208639 0)
(-0.00100138 -0.00847675 0)
(-0.00113797 0.0111586 0)
(-0.00588055 0.0264213 0)
(-0.0141913 0.0347587 0)
(-0.0237509 0.0374934 0)
(-0.0331697 0.0362816 0)
(-0.0417602 0.0325032 0)
(-0.0491171 0.0271005 0)
(-0.0549992 0.0206479 0)
(-0.0592598 0.0134801 0)
(-0.0617935 0.00580407 0)
(-0.0625065 -0.00222326 0)
(-0.0613059 -0.0104377 0)
(-0.0581055 -0.0186132 0)
(-0.0528522 -0.0263952 0)
(-0.0455837 -0.0332128 0)
(-0.0365224 -0.0381781 0)
(-0.0261852 -0.0400166 0)
(-0.0155208 -0.0371205 0)
(-0.00629517 -0.0278786 0)
(-0.00116669 -0.0114448 0)
(-0.0013311 0.0144575 0)
(-0.00686381 0.03392 0)
(-0.0165109 0.0443396 0)
(-0.0275183 0.0475796 0)
(-0.038264 0.0458531 0)
(-0.0479861 0.0409623 0)
(-0.0562705 0.034117 0)
(-0.0628966 0.0260371 0)
(-0.0677465 0.0171239 0)
(-0.0707341 0.00760465 0)
(-0.0717653 -0.00236681 0)
(-0.0707196 -0.0126341 0)
(-0.0674524 -0.0229627 0)
(-0.0618248 -0.0329431 0)
(-0.0537783 -0.0418634 0)
(-0.0434638 -0.0485619 0)
(-0.0314073 -0.0513248 0)
(-0.0187203 -0.0479568 0)
(-0.00760244 -0.0362354 0)
(-0.00140164 -0.014962 0)
(-0.00159429 0.0183428 0)
(-0.00816591 0.0427101 0)
(-0.0195199 0.0554768 0)
(-0.0323194 0.0591864 0)
(-0.044651 0.0567598 0)
(-0.0556799 0.0505279 0)
(-0.0650054 0.0420252 0)
(-0.0724569 0.0321389 0)
(-0.077972 0.021335 0)
(-0.0815061 0.00984328 0)
(-0.082977 -0.00221389 0)
(-0.0822362 -0.0147237 0)
(-0.0790622 -0.0274802 0)
(-0.0731901 -0.040048 0)
(-0.0644001 -0.0515736 0)
(-0.0526929 -0.0605649 0)
(-0.0385361 -0.0647279 0)
(-0.0232013 -0.0610518 0)
(-0.00947855 -0.0464482 0)
(-0.00174855 -0.0192582 0)
(-0.00196007 0.0230155 0)
(-0.00991629 0.0531819 0)
(-0.023462 0.0685732 0)
(-0.0384643 0.0726362 0)
(-0.0526485 0.0692213 0)
(-0.0651256 0.0613337 0)
(-0.0755526 0.0509061 0)
(-0.0838549 0.0390168 0)
(-0.090069 0.0261897 0)
(-0.0942254 0.0126313 0)
(-0.0962776 -0.00160809 0)
(-0.0960567 -0.0165122 0)
(-0.0932502 -0.0319654 0)
(-0.0874188 -0.0475641 0)
(-0.0780909 -0.0623422 0)
(-0.0649856 -0.0744294 0)
(-0.0483694 -0.0807697 0)
(-0.0296046 -0.0771879 0)
(-0.0122571 -0.0592858 0)
(-0.00228485 -0.0246957 0)
(-0.00248525 0.0287656 0)
(-0.0123161 0.0658624 0)
(-0.0286782 0.0841257 0)
(-0.0463419 0.0882753 0)
(-0.062602 0.0834226 0)
(-0.0765706 0.0734449 0)
(-0.0880388 0.0607609 0)
(-0.0971008 0.0466626 0)
(-0.103953 0.0317169 0)
(-0.10875 0.0160705 0)
(-0.111519 -0.000352768 0)
(-0.112095 -0.0177058 0)
(-0.110073 -0.0360562 0)
(-0.104796 -0.0551374 0)
(-0.0954286 -0.0739561 0)
(-0.0812133 -0.0902598 0)
(-0.0619527 -0.100026 0)
(-0.0388834 -0.0974003 0)
(-0.0165007 -0.0758996 0)
(-0.00315974 -0.0318726 0)
(-0.00327286 0.0360325 0)
(-0.0156868 0.0814692 0)
(-0.0356452 0.102723 0)
(-0.056414 0.106423 0)
(-0.0748215 0.0994379 0)
(-0.0901052 0.0867732 0)
(-0.102319 0.0714299 0)
(-0.111828 0.0549237 0)
(-0.11907 0.0378354 0)
(-0.124388 0.0202028 0)
(-0.127936 0.00175732 0)
(-0.129598 -0.0179139 0)
(-0.128907 -0.0391885 0)
(-0.124972 -0.0621045 0)
(-0.116496 -0.0858243 0)
(-0.101993 -0.107818 0)
(-0.0803834 -0.122935 0)
(-0.0522934 -0.122949 0)
(-0.0231018 -0.0979838 0)
(-0.00465053 -0.0418042 0)
(-0.00450842 0.0455111 0)
(-0.0205265 0.100969 0)
(-0.0449643 0.12499 0)
(-0.0690812 0.127242 0)
(-0.0893174 0.117071 0)
(-0.105288 0.10092 0)
(-0.117511 0.0824489 0)
(-0.12676 0.063375 0)
(-0.133804 0.044239 0)
(-0.139242 0.0249061 0)
(-0.143419 0.00484378 0)
(-0.146337 -0.0167173 0)
(-0.147543 -0.0406142 0)
(-0.145973 -0.0674222 0)
(-0.139835 -0.0967768 0)
(-0.126699 -0.126184 0)
(-0.104045 -0.149392 0)
(-0.0710163 -0.155048 0)
(-0.0332871 -0.127848 0)
(-0.00723159 -0.056193 0)
(-0.00651675 0.058319 0)
(-0.0275485 0.125582 0)
(-0.0571875 0.151378 0)
(-0.0842215 0.150421 0)
(-0.105084 0.135533 0)
(-0.120241 0.114887 0)
(-0.130963 0.092804 0)
(-0.138589 0.0711121 0)
(-0.144293 0.0502123 0)
(-0.148975 0.0297166 0)
(-0.153212 0.00876357 0)
(-0.157203 -0.0138487 0)
(-0.160637 -0.0395518 0)
(-0.162456 -0.0697202 0)
(-0.160536 -0.104915 0)
(-0.151474 -0.143293 0)
(-0.130811 -0.177981 0)
(-0.0949636 -0.194037 0)
(-0.0482688 -0.168067 0)
(-0.0116065 -0.0776948 0)
(-0.00983334 0.0762269 0)
(-0.0376108 0.15658 0)
(-0.0722131 0.181584 0)
(-0.0999938 0.1745 0)
(-0.11847 0.152831 0)
(-0.129768 0.126596 0)
(-0.136263 0.100576 0)
(-0.139963 0.0764863 0)
(-0.142447 0.054414 0)
(-0.144864 0.0336186 0)
(-0.147994 0.0128685 0)
(-0.152266 -0.00948443 0)
(-0.157665 -0.0355154 0)
(-0.163448 -0.0675915 0)
(-0.16763 -0.107693 0)
(-0.166286 -0.155551 0)
(-0.153005 -0.204877 0)
(-0.120264 -0.237726 0)
(-0.0680372 -0.220178 0)
(-0.0185259 -0.109931 0)
(-0.0152097 0.101969 0)
(-0.0512276 0.194467 0)
(-0.0876025 0.213145 0)
(-0.110147 0.195555 0)
(-0.120015 0.164801 0)
(-0.122117 0.132271 0)
(-0.120145 0.102605 0)
(-0.116658 0.0769476 0)
(-0.113407 0.0548067 0)
(-0.111559 0.0349808 0)
(-0.111914 0.0158828 0)
(-0.11505 -0.0044821 0)
(-0.121333 -0.0287004 0)
(-0.130704 -0.060087 0)
(-0.142091 -0.102334 0)
(-0.152222 -0.157764 0)
(-0.153866 -0.222743 0)
(-0.135432 -0.278983 0)
(-0.0885484 -0.282038 0)
(-0.0278784 -0.157129 0)
(-0.023149 0.140013 0)
(-0.0666384 0.23667 0)
(-0.0941928 0.238186 0)
(-0.0985422 0.204756 0)
(-0.0892292 0.163801 0)
(-0.0745962 0.126 0)
(-0.0590807 0.0945567 0)
(-0.0450694 0.0693605 0)
(-0.0338386 0.0490533 0)
(-0.0260625 0.0319373 0)
(-0.0221914 0.0161967 0)
(-0.0227105 -0.000245748 0)
(-0.0282895 -0.0200892 0)
(-0.0397786 -0.0471136 0)
(-0.0578294 -0.0864114 0)
(-0.0815878 -0.143441 0)
(-0.105832 -0.219808 0)
(-0.117559 -0.302557 0)
(-0.0970311 -0.342954 0)
(-0.0359994 -0.222882 0)
(-0.0307151 0.196674 0)
(-0.0724918 0.271301 0)
(-0.064679 0.237576 0)
(-0.0288435 0.185866 0)
(0.0123357 0.138718 0)
(0.0500496 0.100905 0)
(0.0817774 0.0724168 0)
(0.107009 0.0514297 0)
(0.126036 0.0357539 0)
(0.139363 0.0234208 0)
(0.147314 0.0127033 0)
(0.149799 0.00186366 0)
(0.146087 -0.0112768 0)
(0.134565 -0.0299729 0)
(0.112597 -0.0593691 0)
(0.0771252 -0.10702 0)
(0.0271459 -0.181249 0)
(-0.0303719 -0.282237 0)
(-0.0659777 -0.373019 0)
(-0.0290506 -0.299186 0)
(-0.00706302 0.254651 0)
(-0.0121068 0.260795 0)
(0.0762622 0.184511 0)
(0.171508 0.126039 0)
(0.246013 0.085523 0)
(0.301474 0.0575069 0)
(0.342393 0.0386053 0)
(0.372111 0.0260123 0)
(0.393235 0.0174526 0)
(0.407681 0.0112707 0)
(0.416601 0.00626331 0)
(0.420362 0.00141107 0)
(0.418436 -0.00444272 0)
(0.409035 -0.0130584 0)
(0.388454 -0.0276112 0)
(0.350272 -0.0541895 0)
(0.284621 -0.10402 0)
(0.180435 -0.192358 0)
(0.062321 -0.313172 0)
(0.0381078 -0.323652 0)
(0.285788 0.141292 0)
(0.366861 0.124832 0)
(0.509303 0.0781058 0)
(0.617202 0.0473672 0)
(0.681793 0.0288151 0)
(0.721105 0.0174288 0)
(0.746302 0.0105413 0)
(0.762748 0.00645061 0)
(0.773512 0.00399561 0)
(0.780455 0.00243431 0)
(0.784571 0.0013034 0)
(0.786196 0.00028117 0)
(0.785069 -0.000933872 0)
(0.780142 -0.00276585 0)
(0.768994 -0.00601567 0)
(0.74653 -0.0124724 0)
(0.7017 -0.0265005 0)
(0.607428 -0.0578931 0)
(0.445823 -0.118517 0)
(0.327941 -0.151938 0)
)
;

boundaryField
{
    movingWall
    {
        type            fixedValue;
        value           uniform (1 0 0);
    }
    fixedWalls
    {
        type            noSlip;
    }
    frontAndBack
    {
        type            empty;
    }
}


// ************************************************************************* //
