/*--------------------------------*- C++ -*----------------------------------*\
  =========                 |
  \\      /  F ield         | OpenFOAM: The Open Source CFD Toolbox
   \\    /   O peration     | Website:  https://openfoam.org
    \\  /    A nd           | Version:  6
     \\/     M anipulation  |
\*---------------------------------------------------------------------------*/
FoamFile
{
    version     2.0;
    format      ascii;
    class       surfaceScalarField;
    location    "0.055";
    object      phi;
}
// * * * * * * * * * * * * * * * * * * * * * * * * * * * * * * * * * * * * * //

dimensions      [0 3 -1 0 0 0 0];

internalField   nonuniform List<scalar> 
760
(
1.08949e-08
-1.08954e-08
-2.30465e-08
3.39416e-08
-1.04521e-07
8.14746e-08
-2.18504e-07
1.13984e-07
-3.47886e-07
1.29382e-07
-4.76911e-07
1.29025e-07
-5.92285e-07
1.15374e-07
-6.83504e-07
9.12186e-08
-7.42816e-07
5.93129e-08
-7.6516e-07
2.23439e-08
-7.48222e-07
-1.69379e-08
-6.92661e-07
-5.55608e-08
-6.02441e-07
-9.02206e-08
-4.85158e-07
-1.17282e-07
-3.52212e-07
-1.32946e-07
-2.18556e-07
-1.33656e-07
-1.01739e-07
-1.16817e-07
-1.9936e-08
-8.18027e-08
1.23178e-08
-3.22535e-08
1.23178e-08
-3.18883e-08
2.09931e-08
-1.61218e-07
1.6327e-07
-3.81802e-07
3.02058e-07
-6.66202e-07
3.98383e-07
-9.80317e-07
4.43497e-07
-1.29039e-06
4.39102e-07
-1.56652e-06
3.91503e-07
-1.78427e-06
3.08966e-07
-1.92532e-06
2.0036e-07
-1.97775e-06
7.47761e-08
-1.93638e-06
-5.83111e-08
-1.8032e-06
-1.88735e-07
-1.58799e-06
-3.05431e-07
-1.30869e-06
-3.96586e-07
-9.91311e-07
-4.50323e-07
-6.68821e-07
-4.56147e-07
-3.78331e-07
-4.07307e-07
-1.56096e-07
-3.04038e-07
-2.91169e-08
-1.59232e-07
-1.6799e-08
-8.15517e-08
1.02545e-07
-3.12339e-07
3.94058e-07
-6.64535e-07
6.54254e-07
-1.09694e-06
8.30787e-07
-1.56293e-06
9.09489e-07
-2.01687e-06
8.9304e-07
-2.4181e-06
7.92733e-07
-2.73315e-06
6.24016e-07
-2.93678e-06
4.03994e-07
-3.01256e-06
1.50552e-07
-2.95332e-06
-1.17545e-07
-2.76185e-06
-3.80209e-07
-2.45152e-06
-6.15758e-07
-2.04683e-06
-8.01278e-07
-1.58313e-06
-9.14029e-07
-1.10503e-06
-9.3424e-07
-6.62881e-07
-8.49459e-07
-3.0672e-07
-6.60199e-07
-7.79433e-08
-3.88009e-07
-9.47422e-08
-1.26747e-07
2.29291e-07
-4.57048e-07
7.2436e-07
-9.37778e-07
1.13498e-06
-1.51046e-06
1.40347e-06
-2.11568e-06
1.5147e-06
-2.69777e-06
1.47513e-06
-3.20816e-06
1.30313e-06
-3.60724e-06
1.0231e-06
-3.86521e-06
6.6196e-07
-3.96255e-06
2.47895e-07
-3.89053e-06
-1.8957e-07
-3.65188e-06
-6.18859e-07
-3.26175e-06
-1.00589e-06
-2.74847e-06
-1.31455e-06
-2.15367e-06
-1.50884e-06
-1.53091e-06
-1.55699e-06
-9.42356e-07
-1.43802e-06
-4.52914e-07
-1.14964e-06
-1.22684e-07
-7.18239e-07
-2.17425e-07
-1.69074e-07
3.98365e-07
-5.97802e-07
1.15309e-06
-1.20727e-06
1.74446e-06
-1.91937e-06
2.11556e-06
-2.66061e-06
2.25595e-06
-3.36564e-06
2.18016e-06
-3.97931e-06
1.9168e-06
-4.45758e-06
1.50136e-06
-4.76761e-06
9.71998e-07
-4.88777e-06
3.68048e-07
-4.80775e-06
-2.69586e-07
-4.52941e-06
-8.97198e-07
-4.06799e-06
-1.46731e-06
-3.45356e-06
-1.92898e-06
-2.73205e-06
-2.23035e-06
-1.9649e-06
-2.32414e-06
-1.22657e-06
-2.17635e-06
-5.99279e-07
-1.77693e-06
-1.65555e-07
-1.15196e-06
-3.8298e-07
-2.11557e-07
6.09921e-07
-7.41269e-07
1.6828e-06
-1.48346e-06
2.48665e-06
-2.33831e-06
2.97042e-06
-3.21703e-06
3.13467e-06
-4.0445e-06
3.00762e-06
-4.75991e-06
2.63222e-06
-5.31622e-06
2.05766e-06
-5.67887e-06
1.33465e-06
-5.82482e-06
5.13995e-07
-5.74219e-06
-3.52218e-07
-5.43098e-06
-1.20841e-06
-4.9048e-06
-1.99348e-06
-4.1934e-06
-2.64038e-06
-3.34514e-06
-3.07861e-06
-2.4285e-06
-3.24078e-06
-1.53114e-06
-3.07372e-06
-7.55503e-07
-2.55256e-06
-2.10576e-07
-1.69689e-06
-5.93556e-07
-2.57043e-07
8.66965e-07
-8.9428e-07
2.32004e-06
-1.77634e-06
3.36871e-06
-2.77921e-06
3.97329e-06
-3.79764e-06
4.1531e-06
-4.74704e-06
3.95702e-06
-5.56231e-06
3.44749e-06
-6.19512e-06
2.69048e-06
-6.61085e-06
1.75037e-06
-6.78604e-06
6.89186e-07
-6.70729e-06
-4.30962e-07
-6.37176e-06
-1.54395e-06
-5.78943e-06
-2.5758e-06
-4.98707e-06
-3.44274e-06
-4.01289e-06
-4.05279e-06
-2.94076e-06
-4.31291e-06
-1.87192e-06
-4.14255e-06
-9.32025e-07
-3.49246e-06
-2.61845e-07
-2.36707e-06
-8.55401e-07
-3.07993e-07
1.17496e-06
-1.06263e-06
3.07467e-06
-2.0933e-06
4.39938e-06
-3.24844e-06
5.12843e-06
-4.40545e-06
5.31011e-06
-5.47146e-06
5.02303e-06
-6.37946e-06
4.35549e-06
-7.08265e-06
3.39367e-06
-7.54873e-06
2.21645e-06
-7.75549e-06
8.95945e-07
-7.68844e-06
-4.98012e-07
-7.3409e-06
-1.89149e-06
-6.71684e-06
-3.19986e-06
-5.83644e-06
-4.32314e-06
-4.74365e-06
-5.14558e-06
-3.51434e-06
-5.54222e-06
-2.26216e-06
-5.39474e-06
-1.13861e-06
-4.61601e-06
-3.23304e-07
-3.18238e-06
-1.1787e-06
-3.66602e-07
1.54156e-06
-1.25087e-06
3.95894e-06
-2.43817e-06
5.58667e-06
-3.74488e-06
6.43514e-06
-5.0309e-06
6.59613e-06
-6.19779e-06
6.18992e-06
-7.18077e-06
5.33847e-06
-7.93885e-06
4.15175e-06
-8.4458e-06
2.7234e-06
-8.68324e-06
1.13339e-06
-8.63666e-06
-5.44591e-07
-8.29482e-06
-2.23333e-06
-7.65291e-06
-3.84177e-06
-6.71976e-06
-5.2563e-06
-5.52884e-06
-6.3365e-06
-4.1517e-06
-6.91936e-06
-2.71046e-06
-6.83598e-06
-1.38378e-06
-5.94269e-06
-3.98829e-07
-4.16733e-06
-1.57753e-06
-4.35328e-07
1.97689e-06
-1.46295e-06
4.98656e-06
-2.811e-06
6.93472e-06
-4.25838e-06
7.88253e-06
-5.64882e-06
7.98657e-06
-6.8836e-06
7.4247e-06
-7.90675e-06
6.36162e-06
-8.68948e-06
4.93449e-06
-9.2169e-06
3.25082e-06
-9.47821e-06
1.39469e-06
-9.46085e-06
-5.61955e-07
-9.14883e-06
-2.54534e-06
-8.52579e-06
-4.46482e-06
-7.58338e-06
-6.1987e-06
-6.33591e-06
-7.58396e-06
-4.84038e-06
-8.41489e-06
-3.21871e-06
-8.45764e-06
-1.67468e-06
-7.48672e-06
-4.92672e-07
-5.34934e-06
-2.07021e-06
-5.17911e-07
2.4948e-06
-1.70351e-06
6.17216e-06
-3.20815e-06
8.43936e-06
-4.76769e-06
9.44206e-06
-6.21436e-06
9.43324e-06
-7.45841e-06
8.66876e-06
-8.46269e-06
7.36589e-06
-9.21928e-06
5.69108e-06
-9.73138e-06
3.76292e-06
-1.00006e-05
1.66394e-06
-1.00194e-05
-5.43191e-07
-9.76775e-06
-2.79698e-06
-9.21559e-06
-5.01698e-06
-8.33131e-06
-7.08298e-06
-7.09912e-06
-8.81615e-06
-5.54636e-06
-9.96766e-06
-3.77899e-06
-1.0225e-05
-2.01703e-06
-9.24868e-06
-6.10265e-07
-6.7561e-06
-2.68047e-06
-6.21191e-07
3.11599e-06
-1.97974e-06
7.53071e-06
-3.62166e-06
1.00813e-05
-5.23643e-06
1.10568e-05
-6.65618e-06
1.0853e-05
-7.81568e-06
9.82826e-06
-8.71056e-06
8.26078e-06
-9.36452e-06
6.34504e-06
-9.80641e-06
4.20481e-06
-1.00556e-05
1.9131e-06
-1.0113e-05
-4.85741e-07
-9.95705e-06
-2.95295e-06
-9.54348e-06
-5.43055e-06
-8.81257e-06
-7.81389e-06
-7.70673e-06
-9.92199e-06
-6.20373e-06
-1.14707e-05
-4.36806e-06
-1.20607e-05
-2.41457e-06
-1.12022e-05
-7.59607e-07
-8.41107e-06
-3.44008e-06
-7.58181e-07
3.87417e-06
-2.30308e-06
9.07561e-06
-4.03527e-06
1.18135e-05
-5.60353e-06
1.26251e-05
-6.86389e-06
1.21134e-05
-7.79997e-06
1.07643e-05
-8.45827e-06
8.91908e-06
-8.90526e-06
6.79202e-06
-9.20187e-06
4.50142e-06
-9.38931e-06
2.10054e-06
-9.48087e-06
-3.94189e-07
-9.45676e-06
-2.97706e-06
-9.26157e-06
-5.62574e-06
-8.80665e-06
-8.26881e-06
-7.98353e-06
-1.07451e-05
-6.69811e-06
-1.27561e-05
-4.93653e-06
-1.38223e-05
-2.86664e-06
-1.32721e-05
-9.5345e-07
-1.03243e-05
-4.39353e-06
-9.52726e-07
4.8269e-06
-2.68772e-06
1.08106e-05
-4.41104e-06
1.35368e-05
-5.76089e-06
1.39749e-05
-6.66324e-06
1.30157e-05
-7.18547e-06
1.12866e-05
-7.44441e-06
9.17801e-06
-7.55712e-06
6.90473e-06
-7.61833e-06
4.56263e-06
-7.69126e-06
2.17347e-06
-7.80326e-06
-2.82184e-07
-7.9414e-06
-2.83892e-06
-8.0466e-06
-5.52055e-06
-8.00834e-06
-8.30706e-06
-7.66709e-06
-1.10864e-05
-6.83906e-06
-1.35841e-05
-5.38667e-06
-1.52747e-05
-3.35964e-06
-1.52991e-05
-1.21188e-06
-1.2472e-05
-5.60541e-06
-1.24373e-06
6.07063e-06
-3.1357e-06
1.27026e-05
-4.65074e-06
1.50518e-05
-5.50377e-06
1.4828e-05
-5.76941e-06
1.32813e-05
-5.64057e-06
1.11577e-05
-5.31721e-06
8.85466e-06
-4.9639e-06
6.55143e-06
-4.70042e-06
4.29915e-06
-4.60449e-06
2.07754e-06
-4.71505e-06
-1.71618e-07
-5.03086e-06
-2.52311e-06
-5.50202e-06
-5.04939e-06
-6.01504e-06
-7.79404e-06
-6.3769e-06
-1.07245e-05
-6.31463e-06
-1.36464e-05
-5.52628e-06
-1.6063e-05
-3.84037e-06
-1.6985e-05
-1.56116e-06
-1.47512e-05
-7.16657e-06
-1.67525e-06
7.74587e-06
-3.57543e-06
1.46028e-05
-4.49667e-06
1.59731e-05
-4.42863e-06
1.47599e-05
-3.7058e-06
1.25585e-05
-2.67595e-06
1.01279e-05
-1.61042e-06
7.78913e-06
-6.95514e-07
5.63652e-06
-5.08081e-08
3.65444e-06
2.49968e-07
1.77676e-06
1.65167e-07
-8.68172e-08
-3.18267e-07
-2.03968e-06
-1.1761e-06
-4.19155e-06
-2.3238e-06
-6.64634e-06
-3.5789e-06
-9.46939e-06
-4.61927e-06
-1.2606e-05
-4.97465e-06
-1.57076e-05
-4.139e-06
-1.78207e-05
-2.01044e-06
-1.68798e-05
-9.17701e-06
-2.22773e-06
9.97361e-06
-3.67046e-06
1.60455e-05
-3.30292e-06
1.56055e-05
-1.74454e-06
1.32016e-05
3.17376e-07
1.04966e-05
2.41468e-06
8.03058e-06
4.27046e-06
5.93335e-06
5.73625e-06
4.17073e-06
6.73634e-06
2.65435e-06
7.22916e-06
1.28394e-06
7.18534e-06
-4.29945e-08
6.57947e-06
-1.43381e-06
5.39553e-06
-3.00761e-06
3.65046e-06
-4.90128e-06
1.44509e-06
-7.26402e-06
-9.5001e-07
-1.02109e-05
-2.9863e-06
-1.36713e-05
-3.78082e-06
-1.70261e-05
-2.45909e-06
-1.82015e-05
-1.16361e-05
-2.57209e-06
1.25457e-05
-2.3094e-06
1.57828e-05
4.38644e-07
1.28575e-05
4.02884e-06
9.61136e-06
7.5419e-06
6.98353e-06
1.05838e-05
4.98872e-06
1.30172e-05
3.49993e-06
1.48197e-05
2.36822e-06
1.60079e-05
1.46611e-06
1.65985e-05
6.93389e-07
1.65888e-05
-3.32904e-08
1.59486e-05
-7.93652e-07
1.46193e-05
-1.6783e-06
1.25247e-05
-2.80665e-06
9.60893e-06
-4.34826e-06
5.93104e-06
-6.53303e-06
1.86177e-06
-9.60207e-06
-1.57149e-06
-1.35929e-05
-2.44092e-06
-1.73321e-05
-1.4077e-05
-9.1984e-07
1.34655e-05
3.87847e-06
1.09845e-05
9.99239e-06
6.74356e-06
1.53864e-05
4.21731e-06
1.9665e-05
2.70494e-06
2.28975e-05
1.75623e-06
2.52523e-05
1.14519e-06
2.68875e-05
7.32969e-07
2.79205e-05
4.33162e-07
2.84217e-05
1.92144e-07
2.84154e-05
-2.69476e-08
2.78774e-05
-2.55666e-07
2.67293e-05
-5.30211e-07
2.48273e-05
-9.04634e-07
2.19524e-05
-1.4734e-06
1.78299e-05
-2.41054e-06
1.22616e-05
-4.03374e-06
5.57253e-06
-6.90382e-06
-1.27013e-07
-1.16325e-05
-1.4204e-05
1.34655e-05
2.445e-05
3.11936e-05
3.54109e-05
3.81158e-05
3.98721e-05
4.10173e-05
4.17502e-05
4.21834e-05
4.23755e-05
4.23486e-05
4.20929e-05
4.15627e-05
4.06581e-05
3.91847e-05
3.67741e-05
3.27404e-05
2.58366e-05
1.4204e-05
)
;

boundaryField
{
    movingWall
    {
        type            calculated;
        value           uniform 0;
    }
    fixedWalls
    {
        type            calculated;
        value           uniform 0;
    }
    frontAndBack
    {
        type            empty;
        value           nonuniform 0();
    }
}


// ************************************************************************* //
