/*--------------------------------*- C++ -*----------------------------------*\
  =========                 |
  \\      /  F ield         | OpenFOAM: The Open Source CFD Toolbox
   \\    /   O peration     | Website:  https://openfoam.org
    \\  /    A nd           | Version:  6
     \\/     M anipulation  |
\*---------------------------------------------------------------------------*/
FoamFile
{
    version     2.0;
    format      ascii;
    class       volVectorField;
    location    "0.055";
    object      U;
}
// * * * * * * * * * * * * * * * * * * * * * * * * * * * * * * * * * * * * * //

dimensions      [0 1 -1 0 0 0 0];

internalField   nonuniform List<vector> 
400
(
(0.000200561 -0.00019782 0)
(6.32671e-05 0.000127553 0)
(-0.00111783 0.000515931 0)
(-0.00313485 0.00078257 0)
(-0.00563529 0.000910602 0)
(-0.00828032 0.000916261 0)
(-0.0107754 0.000822405 0)
(-0.012881 0.000652041 0)
(-0.0144142 0.000426009 0)
(-0.0152466 0.000163473 0)
(-0.0153038 -0.000116431 0)
(-0.0145682 -0.000392868 0)
(-0.013085 -0.000642028 0)
(-0.0109689 -0.000836737 0)
(-0.00841085 -0.000947302 0)
(-0.00567751 -0.000944227 0)
(-0.0031008 -0.00080361 0)
(-0.00105116 -0.000515593 0)
(0.000113167 -0.000110679 0)
(0.000216036 0.000210957 0)
(-9.71334e-05 -8.8698e-05 0)
(-0.00148022 0.00151031 0)
(-0.00505085 0.00319205 0)
(-0.0102632 0.00436952 0)
(-0.0164114 0.00493337 0)
(-0.0228033 0.00491443 0)
(-0.0287938 0.00439494 0)
(-0.0338336 0.00347542 0)
(-0.0374928 0.0022592 0)
(-0.0394676 0.000849533 0)
(-0.0395855 -0.000647089 0)
(-0.0378121 -0.00211597 0)
(-0.0342629 -0.00343088 0)
(-0.0292142 -0.00445488 0)
(-0.0231086 -0.00504753 0)
(-0.0165454 -0.00508112 0)
(-0.01024 -0.00446873 0)
(-0.00494665 -0.00320476 0)
(-0.00138947 -0.00145146 0)
(-6.60784e-05 0.000142875 0)
(-0.000483525 0.00103909 0)
(-0.00327768 0.00509046 0)
(-0.00924041 0.00890792 0)
(-0.0173376 0.0115513 0)
(-0.0265533 0.0127748 0)
(-0.0359624 0.0126123 0)
(-0.0446947 0.0112305 0)
(-0.0520001 0.00885675 0)
(-0.0572877 0.00574057 0)
(-0.0601385 0.00214098 0)
(-0.0603143 -0.00167083 0)
(-0.0577681 -0.00540421 0)
(-0.0526585 -0.00874452 0)
(-0.0453633 -0.0113582 0)
(-0.0364852 -0.0129132 0)
(-0.0268371 -0.0131204 0)
(-0.0173835 -0.0117995 0)
(-0.00914095 -0.00896763 0)
(-0.00316535 -0.00498203 0)
(-0.00044081 -0.000919585 0)
(-0.000823639 0.00313124 0)
(-0.00497423 0.0107233 0)
(-0.0132958 0.0172763 0)
(-0.0241741 0.0216652 0)
(-0.0362457 0.0235719 0)
(-0.0483742 0.0230693 0)
(-0.0595163 0.0204407 0)
(-0.0687816 0.0160746 0)
(-0.0754723 0.0104036 0)
(-0.0790939 0.00388216 0)
(-0.0793613 -0.00301225 0)
(-0.0762108 -0.00976878 0)
(-0.0698169 -0.0158369 0)
(-0.0606116 -0.0206361 0)
(-0.0492974 -0.023591 0)
(-0.0368392 -0.0242022 0)
(-0.0244047 -0.022153 0)
(-0.0132635 -0.017446 0)
(-0.00485924 -0.0105819 0)
(-0.000770256 -0.00293079 0)
(-0.00112929 0.0060916 0)
(-0.00659578 0.0183116 0)
(-0.0172779 0.0281734 0)
(-0.0309387 0.0345129 0)
(-0.0458264 0.0370462 0)
(-0.0605849 0.0359591 0)
(-0.074017 0.0317033 0)
(-0.0851257 0.0248658 0)
(-0.0931419 0.0160904 0)
(-0.0975213 0.00604882 0)
(-0.0979427 -0.00455599 0)
(-0.0943171 -0.0149726 0)
(-0.0868086 -0.0243888 0)
(-0.0758636 -0.031942 0)
(-0.0622406 -0.0367666 0)
(-0.0470221 -0.0380928 0)
(-0.0315698 -0.035396 0)
(-0.0174361 -0.0285815 0)
(-0.00652153 -0.0181995 0)
(-0.00107059 -0.00580804 0)
(-0.00143024 0.00989015 0)
(-0.00823672 0.0278744 0)
(-0.0213537 0.0416629 0)
(-0.0378791 0.0501598 0)
(-0.0556336 0.0532339 0)
(-0.0730281 0.0512827 0)
(-0.0887232 0.0449988 0)
(-0.101641 0.0352151 0)
(-0.110971 0.0228135 0)
(-0.116142 0.00869471 0)
(-0.116803 -0.00620866 0)
(-0.112831 -0.0209006 0)
(-0.104351 -0.034295 0)
(-0.0917844 -0.0452174 0)
(-0.0759016 -0.0524587 0)
(-0.0578727 -0.0548977 0)
(-0.0392507 -0.0516969 0)
(-0.0219084 -0.0425462 0)
(-0.00828395 -0.0279346 0)
(-0.0013795 -0.00954992 0)
(-0.00175403 0.0145593 0)
(-0.00999383 0.0395076 0)
(-0.0256951 0.0578689 0)
(-0.0452198 0.0687143 0)
(-0.065918 0.0722016 0)
(-0.0859612 0.0690634 0)
(-0.103887 0.0603254 0)
(-0.118571 0.0471232 0)
(-0.129197 0.0306017 0)
(-0.135194 0.0118923 0)
(-0.136197 -0.00785546 0)
(-0.132037 -0.0274155 0)
(-0.122769 -0.045431 0)
(-0.10874 -0.0603951 0)
(-0.0906773 -0.070697 0)
(-0.0697908 -0.0747621 0)
(-0.0478068 -0.071298 0)
(-0.0269492 -0.0596177 0)
(-0.0102899 -0.0400088 0)
(-0.00173504 -0.0142403 0)
(-0.0021248 0.020185 0)
(-0.0119528 0.0533794 0)
(-0.0304442 0.0769591 0)
(-0.0531108 0.0902863 0)
(-0.0767828 0.0939802 0)
(-0.0994003 0.0892656 0)
(-0.119418 0.0776152 0)
(-0.135722 0.0605326 0)
(-0.147545 0.0394468 0)
(-0.15436 0.0157068 0)
(-0.155807 -0.00935386 0)
(-0.151667 -0.0343176 0)
(-0.141894 -0.0575842 0)
(-0.126696 -0.0773101 0)
(-0.106676 -0.0914278 0)
(-0.0830012 -0.0977895 0)
(-0.057517 -0.0944632 0)
(-0.0328037 -0.0801612 0)
(-0.0126796 -0.0547657 0)
(-0.00217472 -0.0200443 0)
(-0.00256596 0.0268991 0)
(-0.0141897 0.0697163 0)
(-0.0357025 0.0991142 0)
(-0.0615987 0.114932 0)
(-0.088135 0.118489 0)
(-0.113056 0.111707 0)
(-0.13481 0.0966464 0)
(-0.15238 0.0752502 0)
(-0.165134 0.0492439 0)
(-0.172654 0.0201625 0)
(-0.174622 -0.0105365 0)
(-0.170777 -0.041315 0)
(-0.160932 -0.0703904 0)
(-0.145083 -0.0956089 0)
(-0.123595 -0.114409 0)
(-0.0974588 -0.123941 0)
(-0.0685196 -0.121401 0)
(-0.03967 -0.104587 0)
(-0.0155889 -0.0726578 0)
(-0.00273856 -0.0272054 0)
(-0.00310704 0.0348781 0)
(-0.0167867 0.0887834 0)
(-0.0415392 0.124474 0)
(-0.0706103 0.142566 0)
(-0.0996386 0.145423 0)
(-0.126256 0.135937 0)
(-0.149035 0.116925 0)
(-0.167193 0.090845 0)
(-0.18035 0.059714 0)
(-0.188287 0.0251951 0)
(-0.190791 -0.0112237 0)
(-0.187575 -0.0479946 0)
(-0.178287 -0.083261 0)
(-0.162625 -0.114635 0)
(-0.140567 -0.139065 0)
(-0.112729 -0.152882 0)
(-0.0807454 -0.152132 0)
(-0.0476814 -0.133265 0)
(-0.0191598 -0.0942172 0)
(-0.00347657 -0.0360473 0)
(-0.00379713 0.0443571 0)
(-0.0198613 0.11087 0)
(-0.0480102 0.153064 0)
(-0.079935 0.172835 0)
(-0.110651 0.174099 0)
(-0.137847 0.16108 0)
(-0.160429 0.137548 0)
(-0.178038 0.106533 0)
(-0.190703 0.0703146 0)
(-0.198522 0.0305912 0)
(-0.201462 -0.0112502 0)
(-0.199251 -0.053809 0)
(-0.191364 -0.0953198 0)
(-0.177123 -0.133308 0)
(-0.155951 -0.164309 0)
(-0.12782 -0.18377 0)
(-0.093818 -0.186291 0)
(-0.0568815 -0.166396 0)
(-0.0235586 -0.120016 0)
(-0.00446211 -0.0469889 0)
(-0.00472968 0.0556715 0)
(-0.0236156 0.136281 0)
(-0.0551772 0.184694 0)
(-0.0891761 0.204946 0)
(-0.120111 0.203264 0)
(-0.146041 0.185659 0)
(-0.16652 0.15705 0)
(-0.181867 0.121061 0)
(-0.192696 0.0801522 0)
(-0.199546 0.0359234 0)
(-0.202653 -0.0105085 0)
(-0.20182 -0.0580876 0)
(-0.196374 -0.105365 0)
(-0.185219 -0.150015 0)
(-0.16707 -0.188355 0)
(-0.140942 -0.214999 0)
(-0.106887 -0.222851 0)
(-0.0671696 -0.203805 0)
(-0.0290018 -0.150602 0)
(-0.00581579 -0.0605824 0)
(-0.00608784 0.0693521 0)
(-0.0284068 0.165329 0)
(-0.0630939 0.218776 0)
(-0.0976087 0.237403 0)
(-0.126296 0.230833 0)
(-0.148142 0.207389 0)
(-0.16379 0.173269 0)
(-0.17452 0.132619 0)
(-0.181696 0.0879234 0)
(-0.186392 0.0404984 0)
(-0.189186 -0.00900236 0)
(-0.190031 -0.0600868 0)
(-0.188176 -0.111889 0)
(-0.182149 -0.162556 0)
(-0.16988 -0.208543 0)
(-0.149136 -0.243888 0)
(-0.118332 -0.259735 0)
(-0.0781656 -0.244608 0)
(-0.0357825 -0.186385 0)
(-0.00774647 -0.0775918 0)
(-0.00821949 0.0862984 0)
(-0.0348187 0.198262 0)
(-0.0716578 0.253996 0)
(-0.103794 0.267602 0)
(-0.126329 0.253569 0)
(-0.140071 0.222987 0)
(-0.147295 0.183274 0)
(-0.150489 0.138846 0)
(-0.151837 0.0919367 0)
(-0.15295 0.0433548 0)
(-0.154752 -0.00689937 0)
(-0.15741 -0.0590909 0)
(-0.160231 -0.113195 0)
(-0.161532 -0.168213 0)
(-0.15857 -0.22126 0)
(-0.147737 -0.266381 0)
(-0.125212 -0.293296 0)
(-0.0888798 -0.286662 0)
(-0.0442485 -0.227376 0)
(-0.0106098 -0.0991197 0)
(-0.0117223 0.108041 0)
(-0.0436082 0.234984 0)
(-0.0800456 0.287661 0)
(-0.104628 0.291239 0)
(-0.115154 0.266748 0)
(-0.115513 0.228117 0)
(-0.110101 0.183497 0)
(-0.102649 0.137031 0)
(-0.0960041 0.0903029 0)
(-0.092124 0.0433686 0)
(-0.092168 -0.00455189 0)
(-0.0965338 -0.0545751 0)
(-0.104763 -0.107677 0)
(-0.115297 -0.164057 0)
(-0.125135 -0.222132 0)
(-0.12957 -0.276919 0)
(-0.122271 -0.317742 0)
(-0.0969048 -0.325687 0)
(-0.0545438 -0.272587 0)
(-0.0149332 -0.126743 0)
(-0.0173581 0.137148 0)
(-0.0550165 0.274215 0)
(-0.0849819 0.31444 0)
(-0.093185 0.301504 0)
(-0.0836365 0.263996 0)
(-0.0645868 0.217685 0)
(-0.0425488 0.170252 0)
(-0.0220266 0.124674 0)
(-0.00597449 0.0813936 0)
(0.00375598 0.0395362 0)
(0.00605412 -0.00244313 0)
(0.000365086 -0.0464134 0)
(-0.0132677 -0.0942903 0)
(-0.0338936 -0.147614 0)
(-0.0590462 -0.206678 0)
(-0.0838692 -0.268731 0)
(-0.100152 -0.324665 0)
(-0.0965164 -0.35397 0)
(-0.0655163 -0.318817 0)
(-0.0211433 -0.1627 0)
(-0.0250715 0.178125 0)
(-0.0659935 0.311271 0)
(-0.0761878 0.323777 0)
(-0.0542995 0.287882 0)
(-0.0154369 0.237416 0)
(0.0278864 0.186694 0)
(0.0683856 0.140791 0)
(0.102113 0.100447 0)
(0.127042 0.0645866 0)
(0.142136 0.0314463 0)
(0.146757 -0.00102388 0)
(0.140369 -0.0350727 0)
(0.122499 -0.0731562 0)
(0.0929981 -0.117875 0)
(0.0527379 -0.171549 0)
(0.00497058 -0.234778 0)
(-0.0424945 -0.30282 0)
(-0.0747018 -0.358383 0)
(-0.0714855 -0.358175 0)
(-0.0281304 -0.210384 0)
(-0.0291338 0.235423 0)
(-0.0613664 0.331306 0)
(-0.0259458 0.29607 0)
(0.0432514 0.236209 0)
(0.117154 0.179678 0)
(0.183782 0.132762 0)
(0.238872 0.0954913 0)
(0.281257 0.0658157 0)
(0.311097 0.0413504 0)
(0.328855 0.0199137 0)
(0.334734 -0.000488016 0)
(0.328434 -0.0218499 0)
(0.309046 -0.046424 0)
(0.275126 -0.0770113 0)
(0.225111 -0.117171 0)
(0.158517 -0.170837 0)
(0.0783038 -0.240065 0)
(-0.00363341 -0.318493 0)
(-0.0540116 -0.371159 0)
(-0.0276284 -0.270094 0)
(0.00844283 0.278892 0)
(0.0186593 0.292455 0)
(0.133937 0.209271 0)
(0.257116 0.142443 0)
(0.355285 0.0965035 0)
(0.429758 0.0652455 0)
(0.484959 0.0438385 0)
(0.524336 0.0287013 0)
(0.55064 0.0173264 0)
(0.565781 0.00799819 0)
(0.57072 -0.000558622 0)
(0.565478 -0.00948628 0)
(0.549057 -0.020091 0)
(0.519261 -0.0342286 0)
(0.472508 -0.0548847 0)
(0.403791 -0.086937 0)
(0.306351 -0.137706 0)
(0.175567 -0.215597 0)
(0.0449265 -0.312563 0)
(0.0214379 -0.301022 0)
(0.299945 0.145134 0)
(0.395576 0.126926 0)
(0.554169 0.0761301 0)
(0.670664 0.0439744 0)
(0.739861 0.0258027 0)
(0.782836 0.0153829 0)
(0.810882 0.00928051 0)
(0.829143 0.00555026 0)
(0.840497 0.00308193 0)
(0.846591 0.00124535 0)
(0.84821 -0.000348088 0)
(0.845476 -0.00200112 0)
(0.837859 -0.00405534 0)
(0.82397 -0.00705378 0)
(0.801063 -0.0120353 0)
(0.763899 -0.0210969 0)
(0.700692 -0.0384211 0)
(0.586613 -0.0717271 0)
(0.419696 -0.127127 0)
(0.311492 -0.149196 0)
)
;

boundaryField
{
    movingWall
    {
        type            fixedValue;
        value           uniform (1 0 0);
    }
    fixedWalls
    {
        type            noSlip;
    }
    frontAndBack
    {
        type            empty;
    }
}


// ************************************************************************* //
