/*--------------------------------*- C++ -*----------------------------------*\
  =========                 |
  \\      /  F ield         | OpenFOAM: The Open Source CFD Toolbox
   \\    /   O peration     | Website:  https://openfoam.org
    \\  /    A nd           | Version:  6
     \\/     M anipulation  |
\*---------------------------------------------------------------------------*/
FoamFile
{
    version     2.0;
    format      ascii;
    class       surfaceScalarField;
    location    "0.005";
    object      phi;
}
// * * * * * * * * * * * * * * * * * * * * * * * * * * * * * * * * * * * * * //

dimensions      [0 3 -1 0 0 0 0];

internalField   nonuniform List<scalar> 
760
(
1.2288e-08
-1.22869e-08
-2.05786e-08
3.28664e-08
-1.03341e-07
8.27621e-08
-2.20622e-07
1.17281e-07
-3.54405e-07
1.33783e-07
-4.8773e-07
1.33325e-07
-6.0624e-07
1.1851e-07
-6.98778e-07
9.25383e-08
-7.57475e-07
5.86975e-08
-7.77666e-07
2.01906e-08
-7.57775e-07
-1.98907e-08
-6.99281e-07
-5.84944e-08
-6.06778e-07
-9.25027e-08
-4.88121e-07
-1.18656e-07
-3.54538e-07
-1.33583e-07
-2.20512e-07
-1.34026e-07
-1.0312e-07
-1.17392e-07
-2.04538e-08
-8.26665e-08
1.24239e-08
-3.28779e-08
1.24236e-08
-3.07848e-08
1.84978e-08
-1.60679e-07
1.6276e-07
-3.85534e-07
3.07617e-07
-6.77641e-07
4.09387e-07
-1.00114e-06
4.57281e-07
-1.32005e-06
4.52243e-07
-1.6025e-06
4.00953e-07
-1.82283e-06
3.12875e-07
-1.96258e-06
1.98439e-07
-2.01059e-06
6.82068e-08
-1.9631e-06
-6.73823e-08
-1.82367e-06
-1.97924e-07
-1.6033e-06
-3.12871e-07
-1.32049e-06
-4.01472e-07
-1.00099e-06
-4.53077e-07
-6.76942e-07
-4.58076e-07
-3.84539e-07
-4.09795e-07
-1.59715e-07
-3.07491e-07
-3.02366e-08
-1.62358e-07
-1.78126e-08
-8.1155e-08
9.96524e-08
-3.14955e-07
3.9656e-07
-6.74888e-07
6.67549e-07
-1.11896e-06
8.53456e-07
-1.59815e-06
9.36468e-07
-2.0639e-06
9.18e-07
-2.47309e-06
8.10145e-07
-2.79084e-06
6.30625e-07
-2.99186e-06
3.99453e-07
-3.06085e-06
1.37203e-07
-2.99264e-06
-1.35599e-07
-2.79212e-06
-3.98442e-07
-2.4744e-06
-6.30593e-07
-2.06475e-06
-8.11116e-07
-1.59824e-06
-9.19594e-07
-1.11829e-06
-9.38023e-07
-6.73785e-07
-8.54298e-07
-3.13932e-07
-6.67344e-07
-8.07274e-08
-3.95562e-07
-9.85397e-08
-1.2722e-07
2.26872e-07
-4.63042e-07
7.32382e-07
-9.553e-07
1.15981e-06
-1.54385e-06
1.442e-06
-2.16592e-06
1.55854e-06
-2.76214e-06
1.51422e-06
-3.28099e-06
1.32899e-06
-3.68136e-06
1.031e-06
-3.93372e-06
6.51806e-07
-4.02028e-06
2.2377e-07
-3.93502e-06
-2.20862e-07
-3.68358e-06
-6.49876e-07
-3.28348e-06
-1.0307e-06
-2.76419e-06
-1.3304e-06
-2.16701e-06
-1.51677e-06
-1.54384e-06
-1.56119e-06
-9.54499e-07
-1.44364e-06
-4.62077e-07
-1.15977e-06
-1.26723e-07
-7.30916e-07
-2.25263e-07
-1.70429e-07
3.97301e-07
-6.07828e-07
1.16978e-06
-1.23356e-06
1.78554e-06
-1.96653e-06
2.17497e-06
-2.72853e-06
2.32054e-06
-3.44941e-06
2.2351e-06
-4.07053e-06
1.95012e-06
-4.54645e-06
1.50692e-06
-4.84516e-06
9.50509e-07
-4.94765e-06
3.26266e-07
-4.84748e-06
-3.21032e-07
-4.55055e-06
-9.46804e-07
-4.07545e-06
-1.5058e-06
-3.45404e-06
-1.95181e-06
-2.73194e-06
-2.23887e-06
-1.96826e-06
-2.32488e-06
-1.23377e-06
-2.17813e-06
-6.07253e-07
-1.78629e-06
-1.69967e-07
-1.1682e-06
-3.95231e-07
-2.14232e-07
6.11533e-07
-7.57108e-07
1.71265e-06
-1.522e-06
2.55043e-06
-2.40411e-06
3.05709e-06
-3.30795e-06
3.22438e-06
-4.15222e-06
3.07937e-06
-4.87212e-06
2.67002e-06
-5.41945e-06
2.05424e-06
-5.76137e-06
1.29243e-06
-5.87884e-06
4.43744e-07
-5.7654e-06
-4.34474e-07
-5.42672e-06
-1.28549e-06
-4.8812e-06
-2.05132e-06
-4.16138e-06
-2.67163e-06
-3.31559e-06
-3.08467e-06
-2.40918e-06
-3.23128e-06
-1.52435e-06
-3.06296e-06
-7.57501e-07
-2.55314e-06
-2.13965e-07
-1.71174e-06
-6.09196e-07
-2.62014e-07
8.73547e-07
-9.19206e-07
2.36985e-06
-1.83303e-06
3.46425e-06
-2.87148e-06
4.09554e-06
-3.91995e-06
4.27285e-06
-4.88609e-06
4.04551e-06
-5.70036e-06
3.4843e-06
-6.31393e-06
2.66781e-06
-6.69517e-06
1.67368e-06
-6.82645e-06
5.7502e-07
-6.70174e-06
-5.59181e-07
-6.32594e-06
-1.6613e-06
-5.71575e-06
-2.6615e-06
-4.90226e-06
-3.48513e-06
-3.93431e-06
-4.05261e-06
-2.88208e-06
-4.28351e-06
-1.83911e-06
-4.10593e-06
-9.21439e-07
-3.47081e-06
-2.62199e-07
-2.37098e-06
-8.71395e-07
-3.16895e-07
1.19044e-06
-1.10173e-06
3.15468e-06
-2.17682e-06
4.53934e-06
-3.3782e-06
5.29692e-06
-4.57064e-06
5.46528e-06
-5.65187e-06
5.12674e-06
-6.55045e-06
4.38288e-06
-7.22017e-06
3.33753e-06
-7.63357e-06
2.08708e-06
-7.77632e-06
7.17764e-07
-7.64353e-06
-6.91971e-07
-7.23857e-06
-2.06625e-06
-6.57448e-06
-3.32559e-06
-5.67785e-06
-4.38176e-06
-4.59467e-06
-5.13579e-06
-3.39703e-06
-5.48115e-06
-2.18869e-06
-5.31428e-06
-1.10699e-06
-4.5525e-06
-3.17916e-07
-3.16006e-06
-1.18931e-06
-3.81873e-07
1.57231e-06
-1.31125e-06
4.08406e-06
-2.55995e-06
5.78803e-06
-3.92592e-06
6.6629e-06
-5.25265e-06
6.79201e-06
-6.43116e-06
6.30525e-06
-7.39303e-06
5.34475e-06
-8.09978e-06
4.04427e-06
-8.53221e-06
2.51951e-06
-8.68197e-06
8.67528e-07
-8.54624e-06
-8.27703e-07
-8.12596e-06
-2.48652e-06
-7.4278e-06
-4.02375e-06
-6.46965e-06
-5.33992e-06
-5.28941e-06
-6.31603e-06
-3.95598e-06
-6.81458e-06
-2.58006e-06
-6.69019e-06
-1.32106e-06
-5.8115e-06
-3.84253e-07
-4.09686e-06
-1.57356e-06
-4.6032e-07
2.03263e-06
-1.55362e-06
5.17736e-06
-2.98443e-06
7.21885e-06
-4.50548e-06
8.18395e-06
-5.94045e-06
8.22698e-06
-7.18016e-06
7.54496e-06
-8.16726e-06
6.33185e-06
-8.87832e-06
4.75533e-06
-9.30796e-06
2.94915e-06
-9.45717e-06
1.01673e-06
-9.32632e-06
-9.58552e-07
-8.91292e-06
-2.89993e-06
-8.21395e-06
-4.72271e-06
-7.23303e-06
-6.32084e-06
-5.99246e-06
-7.5566e-06
-4.54963e-06
-8.25742e-06
-3.01542e-06
-8.2244e-06
-1.56975e-06
-7.25717e-06
-4.64723e-07
-5.20189e-06
-2.03829e-06
-5.56896e-07
2.58953e-06
-1.83467e-06
6.45513e-06
-3.4464e-06
8.83058e-06
-5.0927e-06
9.83025e-06
-6.58357e-06
9.71786e-06
-7.82138e-06
8.78276e-06
-8.77191e-06
7.28239e-06
-9.43654e-06
5.41996e-06
-9.83031e-06
3.34292e-06
-9.9673e-06
1.15373e-06
-9.8524e-06
-1.07345e-06
-9.47865e-06
-3.27368e-06
-8.82979e-06
-5.37157e-06
-7.88858e-06
-7.26204e-06
-6.65181e-06
-8.79336e-06
-5.15287e-06
-9.75637e-06
-3.4906e-06
-9.88667e-06
-1.85901e-06
-8.88876e-06
-5.64111e-07
-6.49679e-06
-2.6024e-06
-6.79143e-07
3.26867e-06
-2.16097e-06
7.93695e-06
-3.93313e-06
1.06027e-05
-5.64121e-06
1.15383e-05
-7.09651e-06
1.11732e-05
-8.23244e-06
9.91869e-06
-9.05459e-06
8.10454e-06
-9.60056e-06
5.96593e-06
-9.91255e-06
3.65491e-06
-1.0021e-05
1.26221e-06
-9.93651e-06
-1.15797e-06
-9.64689e-06
-3.5633e-06
-9.11976e-06
-5.8987e-06
-8.3105e-06
-8.0713e-06
-7.17885e-06
-9.92502e-06
-5.71708e-06
-1.12181e-05
-3.99173e-06
-1.1612e-05
-2.19516e-06
-1.06853e-05
-6.90064e-07
-8.00189e-06
-3.29246e-06
-8.40169e-07
4.10884e-06
-2.53965e-06
9.63644e-06
-4.41583e-06
1.24789e-05
-6.06898e-06
1.31915e-05
-7.34257e-06
1.24468e-05
-8.23072e-06
1.08068e-05
-8.79919e-06
8.67301e-06
-9.1327e-06
6.29944e-06
-9.30504e-06
3.82724e-06
-9.36442e-06
1.32159e-06
-9.32734e-06
-1.19505e-06
-9.17677e-06
-3.71387e-06
-8.86333e-06
-6.21214e-06
-8.31102e-06
-8.62361e-06
-7.43178e-06
-1.08043e-05
-6.15609e-06
-1.24938e-05
-4.48748e-06
-1.32806e-05
-2.58444e-06
-1.25884e-05
-8.55699e-07
-9.73063e-06
-4.14816e-06
-1.06244e-06
5.17129e-06
-2.97385e-06
1.15478e-05
-4.83177e-06
1.43368e-05
-6.23238e-06
1.45921e-05
-7.10765e-06
1.3322e-05
-7.55247e-06
1.12517e-05
-7.71251e-06
8.83305e-06
-7.72494e-06
6.31187e-06
-7.69348e-06
3.79579e-06
-7.68104e-06
1.30915e-06
-7.70893e-06
-1.16717e-06
-7.75688e-06
-3.66592e-06
-7.76223e-06
-6.20679e-06
-7.61994e-06
-8.76589e-06
-7.18943e-06
-1.12348e-05
-6.3197e-06
-1.33635e-05
-4.9104e-06
-1.46899e-05
-3.0278e-06
-1.4471e-05
-1.08321e-06
-1.16752e-05
-5.23137e-06
-1.3798e-06
6.55109e-06
-3.44237e-06
1.36104e-05
-5.0412e-06
1.59357e-05
-5.87637e-06
1.54273e-05
-6.05838e-06
1.3504e-05
-5.82584e-06
1.10191e-05
-5.41267e-06
8.41988e-06
-4.99965e-06
5.89885e-06
-4.70728e-06
3.50342e-06
-4.60315e-06
1.20502e-06
-4.70975e-06
-1.06056e-06
-5.00743e-06
-3.36824e-06
-5.4307e-06
-5.78352e-06
-5.85941e-06
-8.33718e-06
-6.11045e-06
-1.09837e-05
-5.94409e-06
-1.35299e-05
-5.11314e-06
-1.55209e-05
-3.49963e-06
-1.60845e-05
-1.40542e-06
-1.37694e-05
-6.6368e-06
-1.82174e-06
8.37283e-06
-3.83042e-06
1.56191e-05
-4.72815e-06
1.68334e-05
-4.54332e-06
1.52424e-05
-3.68015e-06
1.26409e-05
-2.54159e-06
9.88056e-06
-1.42642e-06
7.30471e-06
-5.24785e-07
4.99721e-06
5.51125e-08
2.92353e-06
2.5938e-07
1.00075e-06
7.06255e-08
-8.71808e-07
-4.97931e-07
-2.79969e-06
-1.39618e-06
-4.88528e-06
-2.51855e-06
-7.2148e-06
-3.67513e-06
-9.82716e-06
-4.56301e-06
-1.2642e-05
-4.76957e-06
-1.53143e-05
-3.87718e-06
-1.69769e-05
-1.84901e-06
-1.57976e-05
-8.4858e-06
-2.3333e-06
1.07061e-05
-3.73617e-06
1.70219e-05
-3.1915e-06
1.62887e-05
-1.42144e-06
1.34724e-05
8.00816e-07
1.04186e-05
2.96555e-06
7.71583e-06
4.79138e-06
5.47888e-06
6.14566e-06
3.64293e-06
6.97602e-06
2.09317e-06
7.26565e-06
7.11113e-07
7.00999e-06
-6.16143e-07
6.20945e-06
-1.99915e-06
4.87642e-06
-3.55224e-06
3.0587e-06
-5.39709e-06
8.85241e-07
-7.6537e-06
-1.36305e-06
-1.03937e-05
-3.17009e-06
-1.35073e-05
-3.74725e-06
-1.63997e-05
-2.35249e-06
-1.71924e-05
-1.08383e-05
-2.52061e-06
1.32267e-05
-1.99813e-06
1.64995e-05
1.05659e-06
1.3234e-05
4.87676e-06
9.65219e-06
8.4878e-06
6.80757e-06
1.1497e-05
4.70668e-06
1.3796e-05
3.17986e-06
1.53955e-05
2.04335e-06
1.63396e-05
1.14915e-06
1.66648e-05
3.85909e-07
1.63842e-05
-3.35532e-07
1.54824e-05
-1.09737e-06
1.39195e-05
-1.98939e-06
1.1647e-05
-3.12462e-06
8.64801e-06
-4.65467e-06
5.02436e-06
-6.77008e-06
1.16692e-06
-9.64984e-06
-1.94122e-06
-1.32916e-05
-2.51082e-06
-1.66228e-05
-1.33491e-05
-5.64411e-07
1.37911e-05
4.63987e-06
1.12952e-05
1.10299e-05
6.84404e-06
1.65297e-05
4.15237e-06
2.07615e-05
2.57569e-06
2.38462e-05
1.62206e-06
2.60001e-05
1.02591e-06
2.74125e-05
6.30921e-07
2.82165e-05
3.45202e-07
2.84888e-05
1.13626e-07
2.82545e-05
-1.01246e-07
2.74888e-05
-3.31696e-07
2.61145e-05
-6.15112e-07
2.39966e-05
-1.00668e-06
2.0941e-05
-1.59903e-06
1.67223e-05
-2.55145e-06
1.12095e-05
-4.137e-06
4.77441e-06
-6.85649e-06
-5.01267e-07
-1.13471e-05
-1.38504e-05
1.37911e-05
2.50863e-05
3.19304e-05
3.60827e-05
3.86584e-05
4.02805e-05
4.13064e-05
4.19373e-05
4.22825e-05
4.23962e-05
4.22949e-05
4.19632e-05
4.13481e-05
4.03414e-05
3.87424e-05
3.61909e-05
3.20539e-05
2.51975e-05
1.38504e-05
)
;

boundaryField
{
    movingWall
    {
        type            calculated;
        value           uniform 0;
    }
    fixedWalls
    {
        type            calculated;
        value           uniform 0;
    }
    frontAndBack
    {
        type            empty;
        value           nonuniform 0();
    }
}


// ************************************************************************* //
