/*--------------------------------*- C++ -*----------------------------------*\
  =========                 |
  \\      /  F ield         | OpenFOAM: The Open Source CFD Toolbox
   \\    /   O peration     | Website:  https://openfoam.org
    \\  /    A nd           | Version:  6
     \\/     M anipulation  |
\*---------------------------------------------------------------------------*/
FoamFile
{
    version     2.0;
    format      ascii;
    class       volVectorField;
    location    "0.005";
    object      U;
}
// * * * * * * * * * * * * * * * * * * * * * * * * * * * * * * * * * * * * * //

dimensions      [0 1 -1 0 0 0 0];

internalField   nonuniform List<vector> 
400
(
(0.000214652 -0.000223267 0)
(0.000110301 0.000103914 0)
(-0.00107676 0.00051763 0)
(-0.00313777 0.000803596 0)
(-0.00571964 0.000942456 0)
(-0.00845618 0.000948352 0)
(-0.011029 0.000845695 0)
(-0.0131807 0.0006609 0)
(-0.0147204 0.000419271 0)
(-0.015523 0.000144385 0)
(-0.0155263 -0.00014165 0)
(-0.0147292 -0.000417285 0)
(-0.0131919 -0.000660308 0)
(-0.0110389 -0.000846769 0)
(-0.0084617 -0.000950617 0)
(-0.00571989 -0.000944853 0)
(-0.00313494 -0.000805416 0)
(-0.00106975 -0.000518846 0)
(0.000113925 -0.000109746 0)
(0.000222072 0.000218314 0)
(-8.21634e-05 -0.000134936 0)
(-0.00144931 0.00147623 0)
(-0.00506748 0.0032393 0)
(-0.0104039 0.00448799 0)
(-0.0167315 0.0050899 0)
(-0.0233154 0.00506639 0)
(-0.0294649 0.0045044 0)
(-0.0345967 0.00351922 0)
(-0.0382671 0.0022334 0)
(-0.0401799 0.000768377 0)
(-0.0401858 -0.000757286 0)
(-0.0382823 -0.002226 0)
(-0.0346148 -0.00351805 0)
(-0.0294784 -0.00450976 0)
(-0.0233188 -0.00507579 0)
(-0.0167227 -0.00509907 0)
(-0.0103857 -0.00449288 0)
(-0.00504559 -0.00323847 0)
(-0.00142951 -0.00147692 0)
(-7.13794e-05 0.00014206 0)
(-0.000469946 0.000977839 0)
(-0.00327669 0.0050971 0)
(-0.00935023 0.0090765 0)
(-0.0176494 0.0118649 0)
(-0.0271258 0.01316 0)
(-0.0367978 0.0129755 0)
(-0.0457372 0.0114887 0)
(-0.0531525 0.00895984 0)
(-0.058438 0.00568136 0)
(-0.0611876 0.00195246 0)
(-0.0611962 -0.00192929 0)
(-0.0584606 -0.00566679 0)
(-0.0531806 -0.00895942 0)
(-0.0457605 -0.0115027 0)
(-0.036808 -0.0129984 0)
(-0.0271192 -0.013182 0)
(-0.0176294 -0.0118764 0)
(-0.00932586 -0.00907318 0)
(-0.0032595 -0.00508355 0)
(-0.000463731 -0.000962915 0)
(-0.00081373 0.00307437 0)
(-0.00500705 0.0108143 0)
(-0.0135067 0.0176355 0)
(-0.0246716 0.0222525 0)
(-0.0370869 0.0242583 0)
(-0.0495412 0.0236958 0)
(-0.0609196 0.0208696 0)
(-0.0702851 0.0162262 0)
(-0.0769277 0.0102716 0)
(-0.0803748 0.0035274 0)
(-0.0803889 -0.00348505 0)
(-0.0769656 -0.0102444 0)
(-0.0703354 -0.016224 0)
(-0.0609679 -0.0208931 0)
(-0.0495743 -0.0237356 0)
(-0.0370973 -0.0242979 0)
(-0.024661 -0.0222747 0)
(-0.0134854 -0.0176309 0)
(-0.00499006 -0.010788 0)
(-0.000807733 -0.00304586 0)
(-0.00112251 0.00605069 0)
(-0.00666745 0.0185394 0)
(-0.0176119 0.0288039 0)
(-0.031664 0.0354619 0)
(-0.0469905 0.0381063 0)
(-0.0621347 0.0368876 0)
(-0.0758113 0.0322984 0)
(-0.0869722 0.0250184 0)
(-0.0948431 0.0158031 0)
(-0.0989171 0.00542478 0)
(-0.0989416 -0.00534879 0)
(-0.0949109 -0.0157512 0)
(-0.0870672 -0.0250069 0)
(-0.0759115 -0.0323298 0)
(-0.0622183 -0.0369488 0)
(-0.0470424 -0.0381722 0)
(-0.0316809 -0.0355049 0)
(-0.017604 -0.0288063 0)
(-0.00665367 -0.0185058 0)
(-0.0011165 -0.00601261 0)
(-0.00142904 0.00988623 0)
(-0.00836662 0.0283122 0)
(-0.0218635 0.0426727 0)
(-0.0389187 0.051582 0)
(-0.0572276 0.0547496 0)
(-0.0750655 0.0525411 0)
(-0.0909853 0.0457231 0)
(-0.103857 0.0352693 0)
(-0.112875 0.0222237 0)
(-0.117531 0.0076288 0)
(-0.117573 -0.00749277 0)
(-0.112994 -0.0221249 0)
(-0.104027 -0.0352339 0)
(-0.0911756 -0.0457577 0)
(-0.0752398 -0.0526294 0)
(-0.0573575 -0.0548563 0)
(-0.0389914 -0.0516645 0)
(-0.0218858 -0.0426996 0)
(-0.00836226 -0.0282817 0)
(-0.00142384 -0.00984015 0)
(-0.00176538 0.0146263 0)
(-0.0102208 0.0402635 0)
(-0.0264734 0.0594086 0)
(-0.0467164 0.0707542 0)
(-0.0681114 0.0742658 0)
(-0.0886509 0.0706624 0)
(-0.106745 0.0610969 0)
(-0.12122 0.0469126 0)
(-0.131287 0.0294806 0)
(-0.136469 0.0101243 0)
(-0.136537 -0.00988617 0)
(-0.13148 -0.0292985 0)
(-0.121505 -0.046828 0)
(-0.107073 -0.0611245 0)
(-0.0889672 -0.0707841 0)
(-0.0683678 -0.074434 0)
(-0.0468836 -0.0709061 0)
(-0.0265504 -0.0594898 0)
(-0.010236 -0.040257 0)
(-0.00176273 -0.0145782 0)
(-0.00216146 0.0203825 0)
(-0.0123399 0.0546186 0)
(-0.0316312 0.0792419 0)
(-0.0552695 0.0931327 0)
(-0.0798103 0.0966974 0)
(-0.102966 0.0911923 0)
(-0.123049 0.0782976 0)
(-0.13891 0.0598137 0)
(-0.149841 0.0374747 0)
(-0.155447 0.0128805 0)
(-0.15555 -0.0124806 0)
(-0.150134 -0.0371572 0)
(-0.13935 -0.059642 0)
(-0.123567 -0.0783 0)
(-0.103483 -0.0913523 0)
(-0.0802513 -0.0969542 0)
(-0.0555804 -0.0933962 0)
(-0.0317958 -0.0794232 0)
(-0.0123894 -0.0546711 0)
(-0.00216431 -0.0203448 0)
(-0.0026483 0.0273271 0)
(-0.0148293 0.0716857 0)
(-0.037489 0.102435 0)
(-0.0646829 0.118825 0)
(-0.092282 0.121972 0)
(-0.117757 0.113915 0)
(-0.139416 0.0970411 0)
(-0.156238 0.0737011 0)
(-0.167692 0.046016 0)
(-0.173539 0.0158341 0)
(-0.173683 -0.0151969 0)
(-0.168107 -0.0454953 0)
(-0.156867 -0.0733904 0)
(-0.140173 -0.09699 0)
(-0.118534 -0.114114 0)
(-0.0929705 -0.122348 0)
(-0.0651943 -0.119255 0)
(-0.037782 -0.102781 0)
(-0.0149325 -0.0718502 0)
(-0.00266103 -0.0273212 0)
(-0.00326527 0.035695 0)
(-0.0178021 0.0918357 0)
(-0.0441597 0.129219 0)
(-0.0749166 0.147788 0)
(-0.105196 0.149772 0)
(-0.13233 0.138332 0)
(-0.154785 0.116768 0)
(-0.171829 0.0880784 0)
(-0.18324 0.054768 0)
(-0.189021 0.0188693 0)
(-0.189209 -0.0179092 0)
(-0.183783 -0.0539652 0)
(-0.172664 -0.0875641 0)
(-0.15581 -0.116622 0)
(-0.133413 -0.138561 0)
(-0.106188 -0.150297 0)
(-0.0756863 -0.14845 0)
(-0.0446273 -0.129814 0)
(-0.0179835 -0.0921868 0)
(-0.00329386 -0.0357541 0)
(-0.00407347 0.0457984 0)
(-0.0214046 0.115479 0)
(-0.0517161 0.159705 0)
(-0.0857306 0.179682 0)
(-0.117822 0.17937 0)
(-0.145399 0.163495 0)
(-0.167346 0.136513 0)
(-0.183446 0.102132 0)
(-0.193951 0.063193 0)
(-0.199209 0.0217979 0)
(-0.199434 -0.0204305 0)
(-0.194607 -0.0620264 0)
(-0.184469 -0.101341 0)
(-0.16863 -0.136217 0)
(-0.146794 -0.16373 0)
(-0.119147 -0.180062 0)
(-0.0868047 -0.180639 0)
(-0.0524041 -0.160646 0)
(-0.0216925 -0.116115 0)
(-0.00412571 -0.0459706 0)
(-0.00517992 0.0580681 0)
(-0.0258546 0.143038 0)
(-0.0601763 0.193735 0)
(-0.0965803 0.21365 0)
(-0.128844 0.209395 0)
(-0.154858 0.187821 0)
(-0.174311 0.154765 0)
(-0.187786 0.114643 0)
(-0.196181 0.0705043 0)
(-0.200282 0.0243418 0)
(-0.200524 -0.0225046 0)
(-0.196893 -0.0689072 0)
(-0.18892 -0.113503 0)
(-0.175775 -0.154251 0)
(-0.156506 -0.188013 0)
(-0.130477 -0.210245 0)
(-0.0979704 -0.214952 0)
(-0.0611188 -0.195125 0)
(-0.0262789 -0.144077 0)
(-0.0052659 -0.0584193 0)
(-0.00678135 0.0731416 0)
(-0.0314924 0.174892 0)
(-0.0694353 0.230642 0)
(-0.106396 0.247997 0)
(-0.136048 0.237546 0)
(-0.157457 0.208887 0)
(-0.171632 0.169357 0)
(-0.180257 0.123938 0)
(-0.185014 0.0756506 0)
(-0.187172 0.0261272 0)
(-0.187395 -0.0238095 0)
(-0.18568 -0.0735973 0)
(-0.181348 -0.1224 0)
(-0.173097 -0.168552 0)
(-0.15919 -0.208956 0)
(-0.137867 -0.2385 0)
(-0.108044 -0.249649 0)
(-0.0706332 -0.232563 0)
(-0.0320789 -0.176462 0)
(-0.00691359 -0.0737566 0)
(-0.00923337 0.0920172 0)
(-0.0388148 0.211227 0)
(-0.0790326 0.268814 0)
(-0.113106 0.27972 0)
(-0.135768 0.260253 0)
(-0.148312 0.223264 0)
(-0.153655 0.177436 0)
(-0.154795 0.127934 0)
(-0.154203 0.0773678 0)
(-0.153562 0.0267045 0)
(-0.153712 -0.0239836 0)
(-0.154668 -0.0749086 0)
(-0.155603 -0.126 0)
(-0.154827 -0.176283 0)
(-0.149824 -0.223106 0)
(-0.137507 -0.261193 0)
(-0.114836 -0.281645 0)
(-0.0804175 -0.271283 0)
(-0.0395712 -0.213442 0)
(-0.00942531 -0.0929981 0)
(-0.0131127 0.116264 0)
(-0.048336 0.251617 0)
(-0.0874681 0.304926 0)
(-0.11263 0.303885 0)
(-0.121917 0.272405 0)
(-0.120203 0.226551 0)
(-0.112745 0.175666 0)
(-0.103772 0.124375 0)
(-0.0962768 0.074358 0)
(-0.0921003 0.0256166 0)
(-0.0921169 -0.0226877 0)
(-0.0963571 -0.0716519 0)
(-0.104 -0.122133 0)
(-0.113232 -0.174158 0)
(-0.121046 -0.226057 0)
(-0.123136 -0.273144 0)
(-0.11409 -0.305889 0)
(-0.0888442 -0.307837 0)
(-0.0492213 -0.254519 0)
(-0.013372 -0.117718 0)
(-0.019054 0.148328 0)
(-0.0597194 0.293995 0)
(-0.0903574 0.332611 0)
(-0.0968332 0.312918 0)
(-0.0844106 0.26735 0)
(-0.0626876 0.213827 0)
(-0.0390136 0.160825 0)
(-0.0181657 0.111367 0)
(-0.0029826 0.065652 0)
(0.00502081 0.022534 0)
(0.00518667 -0.0197116 0)
(-0.00252748 -0.0629782 0)
(-0.0175454 -0.109023 0)
(-0.0384206 -0.159052 0)
(-0.0623502 -0.212933 0)
(-0.0845279 -0.26767 0)
(-0.0974689 -0.314679 0)
(-0.0913289 -0.335669 0)
(-0.0605805 -0.297475 0)
(-0.0193617 -0.150336 0)
(-0.026567 0.192253 0)
(-0.0687546 0.332272 0)
(-0.0760519 0.340066 0)
(-0.0497301 0.295808 0)
(-0.00690167 0.237415 0)
(0.0387599 0.180727 0)
(0.0795762 0.130906 0)
(0.111776 0.0882377 0)
(0.133768 0.0511366 0)
(0.145011 0.0174462 0)
(0.145361 -0.0151179 0)
(0.134776 -0.048865 0)
(0.113318 -0.0861148 0)
(0.0814352 -0.129096 0)
(0.0406298 -0.179501 0)
(-0.00538193 -0.237158 0)
(-0.0488792 -0.296938 0)
(-0.0759954 -0.342764 0)
(-0.069225 -0.335965 0)
(-0.0268197 -0.194809 0)
(-0.0287853 0.250759 0)
(-0.0586556 0.349544 0)
(-0.0164478 0.307145 0)
(0.0586512 0.239092 0)
(0.135826 0.176545 0)
(0.202962 0.126132 0)
(0.256211 0.0871773 0)
(0.295069 0.056869 0)
(0.320324 0.032284 0)
(0.332904 0.0109113 0)
(0.333355 -0.00942275 0)
(0.321655 -0.0307784 0)
(0.297209 -0.0553518 0)
(0.25901 -0.0857074 0)
(0.206162 -0.124868 0)
(0.139036 -0.175804 0)
(0.0613729 -0.239361 0)
(-0.0147198 -0.308903 0)
(-0.0580996 -0.352709 0)
(-0.0286755 -0.253524 0)
(0.0139255 0.28907 0)
(0.0299741 0.302466 0)
(0.152682 0.213231 0)
(0.279876 0.141111 0)
(0.37828 0.0925118 0)
(0.450535 0.0605045 0)
(0.502081 0.0392322 0)
(0.53712 0.0245013 0)
(0.558861 0.0135319 0)
(0.569412 0.00449618 0)
(0.569791 -0.00393286 0)
(0.560001 -0.012931 0)
(0.539028 -0.0238282 0)
(0.504746 -0.0384651 0)
(0.453877 -0.0596634 0)
(0.382095 -0.0917256 0)
(0.283768 -0.140712 0)
(0.155985 -0.213728 0)
(0.0320577 -0.304079 0)
(0.014957 -0.290849 0)
(0.304969 0.147262 0)
(0.406281 0.127689 0)
(0.569234 0.0746412 0)
(0.68524 0.0416457 0)
(0.751949 0.0236152 0)
(0.792236 0.0136961 0)
(0.81777 0.00808479 0)
(0.833831 0.00471959 0)
(0.843306 0.00249225 0)
(0.847762 0.000798307 0)
(0.847883 -0.000734852 0)
(0.843679 -0.00241294 0)
(0.834492 -0.00460462 0)
(0.818776 -0.00790739 0)
(0.793657 -0.0134245 0)
(0.753847 -0.0232312 0)
(0.687634 -0.0411936 0)
(0.571832 -0.0742865 0)
(0.408211 -0.127712 0)
(0.30589 -0.147596 0)
)
;

boundaryField
{
    movingWall
    {
        type            fixedValue;
        value           uniform (1 0 0);
    }
    fixedWalls
    {
        type            noSlip;
    }
    frontAndBack
    {
        type            empty;
    }
}


// ************************************************************************* //
