/*--------------------------------*- C++ -*----------------------------------*\
  =========                 |
  \\      /  F ield         | OpenFOAM: The Open Source CFD Toolbox
   \\    /   O peration     | Website:  https://openfoam.org
    \\  /    A nd           | Version:  6
     \\/     M anipulation  |
\*---------------------------------------------------------------------------*/
FoamFile
{
    version     2.0;
    format      ascii;
    class       volScalarField;
    location    "0.005";
    object      p;
}
// * * * * * * * * * * * * * * * * * * * * * * * * * * * * * * * * * * * * * //

dimensions      [0 2 -2 0 0 0 0];

internalField   nonuniform List<scalar> 
400
(
7.06297e-09
0.00048328
0.00165526
0.00348995
0.00593339
0.00891912
0.0123676
0.0161882
0.0202816
0.0245424
0.0288614
0.0331278
0.0372319
0.0410672
0.0445333
0.0475379
0.05
0.0518517
0.0530373
0.0535282
-0.000487031
5.01064e-06
0.00120115
0.00307115
0.00555999
0.00860027
0.0121109
0.0159997
0.0201657
0.0245017
0.0288969
0.0332389
0.0374162
0.0413208
0.0448502
0.0479105
0.0504188
0.0523061
0.0535157
0.0540154
-0.00168867
-0.00117491
7.71479e-05
0.00203324
0.00463475
0.00781066
0.0114759
0.015534
0.0198797
0.024402
0.0289857
0.0335147
0.0378734
0.0419493
0.0456358
0.0488343
0.0514576
0.0534325
0.0546984
0.0552196
-0.00364019
-0.00308931
-0.00174663
0.00034948
0.00313456
0.00653123
0.0104476
0.0147802
0.0194171
0.0242406
0.0291294
0.033961
0.0386133
0.0429672
0.0469089
0.0503325
0.0531433
0.0552614
0.0566198
0.0571786
-0.00639082
-0.00578667
-0.00431503
-0.00201995
0.00102544
0.00473426
0.00900459
0.0137231
0.0187684
0.024014
0.02933
0.0345856
0.0396499
0.0443949
0.0486967
0.0524389
0.0555163
0.0578386
0.0593296
0.0599432
-0.0100176
-0.00934173
-0.00769717
-0.0051363
-0.00174459
0.00237763
0.00711464
0.0123399
0.0179198
0.0237167
0.0295905
0.0354001
0.0410042
0.0462631
0.0510403
0.0552054
0.0586383
0.0612343
0.0629037
0.0635916
-0.0146241
-0.0138545
-0.011985
-0.00908013
-0.00524295
-0.000592502
0.00473698
0.0106019
0.0168538
0.0233418
0.0299143
0.0364186
0.0427018
0.0486104
0.0539922
0.0586988
0.0625904
0.0655418
0.0674444
0.0682299
-0.0203452
-0.0194547
-0.0172964
-0.013953
-0.00955301
-0.00424129
0.00182335
0.00847593
0.0155503
0.0228812
0.0303048
0.0376569
0.0447719
0.0514817
0.0576153
0.0630017
0.0674747
0.0708809
0.0730842
0.0739966
-0.0273545
-0.0263077
-0.0237793
-0.0198798
-0.0147743
-0.00864409
-0.00168033
0.0059257
0.0139878
0.022326
0.030765
0.0391305
0.0472456
0.0549265
0.0619817
0.068212
0.0734164
0.0774023
0.0799931
0.0810702
-0.0358751
-0.0346243
-0.0316181
-0.0270105
-0.0210217
-0.0138839
-0.00583074
0.0029148
0.012145
0.0216668
0.0312964
0.0408532
0.0501519
0.0589953
0.0671695
0.0744419
0.080566
0.0852936
0.0883878
0.0896818
-0.0461968
-0.0446739
-0.0410407
-0.0355226
-0.028423
-0.0200464
-0.0106816
-0.000588454
0.0100046
0.0208951
0.0318979
0.0428329
0.0535132
0.0637329
0.0732569
0.0818143
0.0890998
0.0947868
0.0985464
0.100132
-0.0587033
-0.0568055
-0.052329
-0.0456205
-0.0371123
-0.0272107
-0.0162744
-0.00460341
0.00755729
0.0200051
0.0325641
0.0450668
0.0573365
0.0691683
0.0803115
0.0904548
0.0992193
0.106168
0.11083
0.112822
-0.0739174
-0.0714789
-0.0658299
-0.0575311
-0.0472161
-0.0354327
-0.0226232
-0.00912553
0.00480992
0.0189958
0.0332828
0.0475342
0.0616016
0.0752984
0.0883719
0.100475
0.111143
0.119788
0.125715
0.128302
-0.092583
-0.0893147
-0.0819661
-0.0714881
-0.0588274
-0.0447181
-0.0296919
-0.0141098
0.00179501
0.0178752
0.0340328
0.0501874
0.0662448
0.082064
0.0974172
0.111941
0.125086
0.136066
0.143845
0.147358
-0.115819
-0.111172
-0.101237
-0.0876929
-0.0719558
-0.0549786
-0.0373612
-0.0194486
-0.0014164
0.0166648
0.0347816
0.0529411
0.0711378
0.0893161
0.107319
0.124818
0.141208
0.155484
0.166103
0.171185
-0.145434
-0.138264
-0.12418
-0.106224
-0.0864395
-0.0659644
-0.045384
-0.0249454
-0.00470061
0.0154057
0.0354832
0.0556618
0.076064
0.0967718
0.117773
0.138866
0.159503
0.178518
0.193712
0.201716
-0.18456
-0.172288
-0.15123
-0.126851
-0.101798
-0.077171
-0.0533337
-0.0302886
-0.00786954
0.0141627
0.0360785
0.0581613
0.0806986
0.103967
0.128197
0.15348
0.179567
0.205427
0.228269
0.242189
-0.239755
-0.215581
-0.18231
-0.148656
-0.116998
-0.0877206
-0.0605559
-0.0350369
-0.0106676
0.0130271
0.0365007
0.0602034
0.0846058
0.110224
0.137631
0.167439
0.200144
0.235634
0.271646
0.299389
-0.330707
-0.271033
-0.215165
-0.168996
-0.129964
-0.0961677
-0.0661041
-0.0386018
-0.0127629
0.0121315
0.0367032
0.0615462
0.0872925
0.114689
0.144702
0.17866
0.218416
0.266467
0.326767
0.396991
-0.490541
-0.329859
-0.238191
-0.181007
-0.136903
-0.100378
-0.0687528
-0.0402676
-0.0137406
0.0116942
0.03675
0.0620952
0.0884482
0.116697
0.148095
0.184652
0.229976
0.291578
0.391169
0.564474
)
;

boundaryField
{
    movingWall
    {
        type            zeroGradient;
    }
    fixedWalls
    {
        type            zeroGradient;
    }
    frontAndBack
    {
        type            empty;
    }
}


// ************************************************************************* //
