/*--------------------------------*- C++ -*----------------------------------*\
  =========                 |
  \\      /  F ield         | OpenFOAM: The Open Source CFD Toolbox
   \\    /   O peration     | Website:  https://openfoam.org
    \\  /    A nd           | Version:  6
     \\/     M anipulation  |
\*---------------------------------------------------------------------------*/
FoamFile
{
    version     2.0;
    format      ascii;
    class       volVectorField;
    location    "0.005";
    object      U;
}
// * * * * * * * * * * * * * * * * * * * * * * * * * * * * * * * * * * * * * //

dimensions      [0 1 -1 0 0 0 0];

internalField   nonuniform List<vector> 
400
(
(-0.000277022 0.000274809 0)
(-0.00087134 0.000316329 0)
(-0.00149672 0.000303965 0)
(-0.00208563 0.000280423 0)
(-0.00261927 0.00024962 0)
(-0.00308455 0.000212685 0)
(-0.00347035 0.000170711 0)
(-0.00376771 0.000124833 0)
(-0.00396995 7.61844e-05 0)
(-0.00407263 2.58685e-05 0)
(-0.00407347 -2.5036e-05 0)
(-0.00397241 -7.544e-05 0)
(-0.00377155 -0.00012424 0)
(-0.0034752 -0.000170322 0)
(-0.00308995 -0.000212551 0)
(-0.00262472 -0.000249773 0)
(-0.00209062 -0.000280884 0)
(-0.00150044 -0.000304784 0)
(-0.000873604 -0.000317866 0)
(-0.000277103 -0.000276179 0)
(-0.000333562 0.000883066 0)
(-0.00104684 0.00101283 0)
(-0.001793 0.000972078 0)
(-0.00249528 0.00089646 0)
(-0.00313111 0.000797706 0)
(-0.00368516 0.00067945 0)
(-0.00414424 0.000545207 0)
(-0.00449785 0.000398594 0)
(-0.0047382 0.000243205 0)
(-0.00486014 8.25469e-05 0)
(-0.00486107 -7.99498e-05 0)
(-0.00474092 -0.000240864 0)
(-0.00450209 -0.00039673 0)
(-0.00414956 -0.000543997 0)
(-0.00369102 -0.000679027 0)
(-0.00313693 -0.000798141 0)
(-0.00250043 -0.00089775 0)
(-0.00179675 -0.00097416 0)
(-0.00104867 -0.0010159 0)
(-0.000333603 -0.000885305 0)
(-0.000352133 0.00156765 0)
(-0.0011067 0.00179435 0)
(-0.00189595 0.00172094 0)
(-0.0026375 0.00158639 0)
(-0.00330777 0.00141089 0)
(-0.0038909 0.00120107 0)
(-0.00437335 0.000963275 0)
(-0.00474446 0.000703942 0)
(-0.00499647 0.000429391 0)
(-0.0051243 0.00014573 0)
(-0.00512539 -0.000141104 0)
(-0.00499965 -0.000425217 0)
(-0.00474944 -0.000700627 0)
(-0.0043796 -0.00096115 0)
(-0.0038978 -0.00120036 0)
(-0.00331465 -0.00141171 0)
(-0.00264364 -0.0015887 0)
(-0.00190066 -0.00172454 0)
(-0.00110955 -0.00179895 0)
(-0.000352908 -0.00157161 0)
(-0.000378034 0.00229802 0)
(-0.00118836 0.00262708 0)
(-0.00203517 0.00251785 0)
(-0.00282926 0.00231925 0)
(-0.00354527 0.0020609 0)
(-0.00416657 0.00175286 0)
(-0.00467929 0.00140468 0)
(-0.00507283 0.00102585 0)
(-0.00533967 0.000625515 0)
(-0.00547497 0.000212367 0)
(-0.00547634 -0.000205239 0)
(-0.00534366 -0.000619068 0)
(-0.00507907 -0.00102071 0)
(-0.00468714 -0.00140137 0)
(-0.00417527 -0.00175173 0)
(-0.003554 -0.00206211 0)
(-0.0028371 -0.00232272 0)
(-0.00204125 -0.00252325 0)
(-0.00119212 -0.00263376 0)
(-0.000379215 -0.00230395 0)
(-0.000414651 0.00308995 0)
(-0.00130311 0.00352963 0)
(-0.00223005 0.00337997 0)
(-0.00309686 0.00310993 0)
(-0.00387565 0.00275999 0)
(-0.00454881 0.00234439 0)
(-0.00510224 0.00187646 0)
(-0.00552567 0.00136909 0)
(-0.0058121 0.000834349 0)
(-0.00595725 0.000283421 0)
(-0.00595902 -0.000273147 0)
(-0.00581727 -0.000825032 0)
(-0.00553377 -0.00136163 0)
(-0.00511249 -0.00187161 0)
(-0.00456021 -0.00234268 0)
(-0.00388712 -0.00276167 0)
(-0.00310721 -0.0031149 0)
(-0.00223813 -0.00338777 0)
(-0.00130814 -0.00353925 0)
(-0.000416271 -0.00309885 0)
(-0.00046359 0.00396722 0)
(-0.00145605 0.00452804 0)
(-0.00248896 0.00433098 0)
(-0.00345099 0.00397867 0)
(-0.00431095 0.00352455 0)
(-0.00505018 0.00298827 0)
(-0.00565467 0.00238775 0)
(-0.00611503 0.00173977 0)
(-0.00642542 0.00105942 0)
(-0.00658256 0.000360121 0)
(-0.00658488 -0.000345792 0)
(-0.00643223 -0.0010464 0)
(-0.00612573 -0.0017293 0)
(-0.00566828 -0.00238086 0)
(-0.00506541 -0.00298574 0)
(-0.00432635 -0.0035268 0)
(-0.00346496 -0.0039856 0)
(-0.00249993 -0.00434195 0)
(-0.0014629 -0.00454165 0)
(-0.000465808 -0.00398005 0)
(-0.000527142 0.00495661 0)
(-0.00165419 0.00565172 0)
(-0.00282301 0.00539696 0)
(-0.00390545 0.00494694 0)
(-0.00486615 0.00437117 0)
(-0.00568562 0.00369651 0)
(-0.00635074 0.00294673 0)
(-0.00685401 0.00214305 0)
(-0.00719176 0.00130355 0)
(-0.00736246 0.000443485 0)
(-0.00736554 -0.000423795 0)
(-0.00720078 -0.0012856 0)
(-0.00686823 -0.0021285 0)
(-0.00636894 -0.00293702 0)
(-0.00570616 -0.00369275 0)
(-0.00488707 -0.00437402 0)
(-0.00392455 -0.00495638 0)
(-0.00283812 -0.00541216 0)
(-0.00166365 -0.00567076 0)
(-0.000530233 -0.00497478 0)
(-0.000608713 0.00609045 0)
(-0.0019077 0.00693565 0)
(-0.00324808 0.00660792 0)
(-0.00447948 0.00603819 0)
(-0.0055615 0.00531666 0)
(-0.00647462 0.00448018 0)
(-0.00720813 0.00356006 0)
(-0.00775821 0.00258256 0)
(-0.00812499 0.00156853 0)
(-0.00830991 0.00053418 0)
(-0.00831397 -0.000507353 0)
(-0.00813694 -0.00154396 0)
(-0.00777715 -0.00256245 0)
(-0.00723253 -0.00354639 0)
(-0.00650242 -0.00447458 0)
(-0.0055901 -0.00532016 0)
(-0.00450583 -0.00605092 0)
(-0.00326911 -0.00662887 0)
(-0.00192094 -0.00696218 0)
(-0.000613069 -0.00611604 0)
(-0.000713408 0.00740942 0)
(-0.00223165 0.00842286 0)
(-0.00378711 0.00799914 0)
(-0.00520001 0.00727798 0)
(-0.0064243 0.00637735 0)
(-0.00744223 0.00534818 0)
(-0.00824837 0.00423151 0)
(-0.00884554 0.00305925 0)
(-0.00924014 0.00185427 0)
(-0.00943835 0.000632219 0)
(-0.00944368 -0.000595979 0)
(-0.00925587 -0.00182092 0)
(-0.00887066 -0.00303161 0)
(-0.00828107 -0.00421231 0)
(-0.00747993 -0.00533977 0)
(-0.00646355 -0.00638138 0)
(-0.00523663 -0.00729496 0)
(-0.00381668 -0.00802795 0)
(-0.00225041 -0.0084599 0)
(-0.000719605 -0.00744549 0)
(-0.000849074 0.0089668 0)
(-0.00264884 0.0101681 0)
(-0.00447388 0.00961275 0)
(-0.00610526 0.0086936 0)
(-0.00749148 0.00756733 0)
(-0.00862047 0.0063049 0)
(-0.00949706 0.0049598 0)
(-0.0101355 0.00356965 0)
(-0.010552 0.00215775 0)
(-0.0107602 0.000736609 0)
(-0.0107671 -0.000688059 0)
(-0.0105726 -0.00211279 0)
(-0.0101685 -0.00353185 0)
(-0.00954068 -0.00493278 0)
(-0.00867148 -0.00629205 0)
(-0.00754546 -0.00757134 0)
(-0.0061565 -0.00871581 0)
(-0.00451591 -0.0096522 0)
(-0.00267583 -0.01022 0)
(-0.000858042 -0.00901786 0)
(-0.00102823 0.0108356 0)
(-0.00319493 0.0122436 0)
(-0.0053594 0.0114995 0)
(-0.00725026 0.0103125 0)
(-0.00881321 0.00889505 0)
(-0.0100498 0.00734646 0)
(-0.0109836 0.00573515 0)
(-0.0116476 0.00410329 0)
(-0.0120732 0.00247146 0)
(-0.0122842 0.00084483 0)
(-0.0122931 -0.000780423 0)
(-0.0120997 -0.00241127 0)
(-0.0116907 -0.00405175 0)
(-0.0110413 -0.00569697 0)
(-0.0101185 -0.00732649 0)
(-0.00888752 -0.00889774 0)
(-0.00732245 -0.0103408 0)
(-0.00541995 -0.0115532 0)
(-0.0032345 -0.0123165 0)
(-0.00104152 -0.0109085 0)
(-0.00127183 0.0131208 0)
(-0.00392789 0.0147475 0)
(-0.00652287 0.0137203 0)
(-0.00871554 0.0121584 0)
(-0.0104578 0.0103572 0)
(-0.0117804 0.00845432 0)
(-0.0127402 0.00653411 0)
(-0.0133992 0.00463908 0)
(-0.0138105 0.00278121 0)
(-0.014012 0.000952117 0)
(-0.0140232 -0.000867674 0)
(-0.0138439 -0.00270143 0)
(-0.0134542 -0.00456914 0)
(-0.0128154 -0.00647996 0)
(-0.0118723 -0.00842291 0)
(-0.01056 -0.0103557 0)
(-0.00881799 -0.012193 0)
(-0.00661146 -0.0137928 0)
(-0.00398732 -0.0148506 0)
(-0.00129209 -0.0132265 0)
(-0.00161682 0.0159828 0)
(-0.0049462 0.0178179 0)
(-0.00809082 0.0163455 0)
(-0.0106204 0.0142425 0)
(-0.0125177 0.0119271 0)
(-0.0138729 0.0095853 0)
(-0.0147989 0.00731218 0)
(-0.0154005 0.00514069 0)
(-0.0157602 0.00306372 0)
(-0.015933 0.00105059 0)
(-0.0159466 -0.000941485 0)
(-0.0158011 -0.00295923 0)
(-0.0154692 -0.00504634 0)
(-0.014895 -0.00723526 0)
(-0.0139943 -0.00953542 0)
(-0.0126579 -0.0119157 0)
(-0.0107668 -0.0142813 0)
(-0.00822287 -0.0164417 0)
(-0.00503832 -0.0179648 0)
(-0.00164901 -0.0161391 0)
(-0.00213286 0.0196818 0)
(-0.00642577 0.021654 0)
(-0.0102712 0.0194475 0)
(-0.0131425 0.0165426 0)
(-0.0151154 0.0135347 0)
(-0.0163954 0.0106564 0)
(-0.0171849 0.00799432 0)
(-0.0176476 0.00555116 0)
(-0.0179006 0.00328416 0)
(-0.0180172 0.00112856 0)
(-0.018033 -0.000990121 0)
(-0.0179488 -0.00314937 0)
(-0.0177303 -0.00542513 0)
(-0.0173045 -0.00788523 0)
(-0.0165527 -0.0105768 0)
(-0.0153062 -0.0135022 0)
(-0.0133529 -0.0165786 0)
(-0.0104724 -0.0195708 0)
(-0.00657466 -0.0218643 0)
(-0.00218709 -0.0199202 0)
(-0.00296154 0.0246729 0)
(-0.00869885 0.0265438 0)
(-0.0134144 0.0230715 0)
(-0.0165436 0.018961 0)
(-0.0184043 0.0150318 0)
(-0.0194133 0.0115234 0)
(-0.0199041 0.00846427 0)
(-0.0201106 0.00578867 0)
(-0.0201827 0.00339463 0)
(-0.0202072 0.00117001 0)
(-0.0202245 -0.000998488 0)
(-0.020236 -0.00322434 0)
(-0.0202049 -0.00562285 0)
(-0.0200466 -0.00831054 0)
(-0.0196111 -0.0113967 0)
(-0.01866 -0.0149574 0)
(-0.0168462 -0.0189758 0)
(-0.0137276 -0.0232181 0)
(-0.00895246 -0.0268434 0)
(-0.00306021 -0.0250507 0)
(-0.00441355 0.0318125 0)
(-0.0124289 0.0328821 0)
(-0.0181168 0.0271479 0)
(-0.021193 0.0212364 0)
(-0.0225511 0.0161373 0)
(-0.0229604 0.0119554 0)
(-0.022917 0.00855632 0)
(-0.0227146 0.00574629 0)
(-0.0225165 0.0033359 0)
(-0.0224076 0.00115532 0)
(-0.0224246 -0.000949327 0)
(-0.0225703 -0.00312671 0)
(-0.0228136 -0.00553289 0)
(-0.0230755 -0.00834292 0)
(-0.0231966 -0.0117564 0)
(-0.0228828 -0.0159845 0)
(-0.021624 -0.0211882 0)
(-0.0186125 -0.0272896 0)
(-0.0128853 -0.0332917 0)
(-0.00460862 -0.0324324 0)
(-0.00720518 0.043015 0)
(-0.0189838 0.0411262 0)
(-0.0253465 0.0312498 0)
(-0.0275135 0.0227743 0)
(-0.0276261 0.0163604 0)
(-0.026933 0.0116141 0)
(-0.026051 0.00805888 0)
(-0.0252681 0.00530145 0)
(-0.0247103 0.00304498 0)
(-0.0244286 0.00106386 0)
(-0.0244422 -0.0008265 0)
(-0.0247548 -0.00279778 0)
(-0.0253557 -0.00503604 0)
(-0.0262039 -0.0077712 0)
(-0.0271855 -0.0113108 0)
(-0.0280235 -0.0160715 0)
(-0.028097 -0.0225767 0)
(-0.0261122 -0.0312918 0)
(-0.0198179 -0.0416275 0)
(-0.00759625 -0.0441465 0)
(-0.0127977 0.063577 0)
(-0.0308105 0.051322 0)
(-0.0357727 0.0338527 0)
(-0.0348974 0.0223033 0)
(-0.032477 0.0149062 0)
(-0.0300103 0.0100562 0)
(-0.0279676 0.00674038 0)
(-0.0264589 0.00433881 0)
(-0.0254786 0.00246802 0)
(-0.0249983 0.000876091 0)
(-0.0250001 -0.000623765 0)
(-0.0254878 -0.00219849 0)
(-0.0264876 -0.00403446 0)
(-0.0280407 -0.00638431 0)
(-0.0301729 -0.00963782 0)
(-0.0328024 -0.0144392 0)
(-0.0354805 -0.0218715 0)
(-0.0366858 -0.0336917 0)
(-0.032058 -0.0519779 0)
(-0.013226 -0.0662775 0)
(-0.0165771 0.0975199 0)
(-0.0409974 0.0577282 0)
(-0.0348007 0.0301866 0)
(-0.0259017 0.0174414 0)
(-0.0191189 0.0107402 0)
(-0.014256 0.00686593 0)
(-0.0108738 0.00444842 0)
(-0.00860985 0.00280787 0)
(-0.00721212 0.00158627 0)
(-0.00652941 0.000575939 0)
(-0.00649128 -0.000364239 0)
(-0.0070965 -0.00135576 0)
(-0.00841369 -0.00253789 0)
(-0.0105945 -0.00411605 0)
(-0.0138974 -0.00645144 0)
(-0.0186993 -0.0102578 0)
(-0.0254325 -0.0170695 0)
(-0.0342122 -0.0304979 0)
(-0.0399873 -0.0591611 0)
(-0.0117157 -0.0998036 0)
(0.155419 0.0596546 0)
(0.147506 0.0305531 0)
(0.181614 0.0136959 0)
(0.201965 0.00708953 0)
(0.212245 0.00407346 0)
(0.218312 0.00249155 0)
(0.222139 0.00157364 0)
(0.224564 0.000982949 0)
(0.226026 0.000559651 0)
(0.22675 0.000219079 0)
(0.226837 -9.22241e-05 0)
(0.226294 -0.000418089 0)
(0.22504 -0.000808415 0)
(0.22287 -0.00133968 0)
(0.219363 -0.00215645 0)
(0.213669 -0.00357434 0)
(0.203852 -0.00636179 0)
(0.184266 -0.0126529 0)
(0.148893 -0.0290923 0)
(0.159166 -0.0585306 0)
)
;

boundaryField
{
    movingWall
    {
        type            fixedValue;
        value           uniform (1 0 0);
    }
    fixedWalls
    {
        type            noSlip;
    }
    frontAndBack
    {
        type            empty;
    }
}


// ************************************************************************* //
