/*--------------------------------*- C++ -*----------------------------------*\
  =========                 |
  \\      /  F ield         | OpenFOAM: The Open Source CFD Toolbox
   \\    /   O peration     | Website:  https://openfoam.org
    \\  /    A nd           | Version:  6
     \\/     M anipulation  |
\*---------------------------------------------------------------------------*/
FoamFile
{
    version     2.0;
    format      ascii;
    class       volScalarField;
    location    "0.155";
    object      p;
}
// * * * * * * * * * * * * * * * * * * * * * * * * * * * * * * * * * * * * * //

dimensions      [0 2 -2 0 0 0 0];

internalField   nonuniform List<scalar> 
400
(
1.02077e-05
-0.0231801
-0.0520594
-0.0743145
-0.0826355
-0.0737489
-0.0474099
-0.00555213
0.0484011
0.110053
0.174434
0.236353
0.290742
0.333041
0.359661
0.368569
0.360026
0.337441
0.308338
0.285155
0.0229959
-0.000834236
-0.0234968
-0.0388406
-0.0432706
-0.034488
-0.0121953
0.0222139
0.0661442
0.116175
0.16838
0.218639
0.262942
0.297731
0.320273
0.329086
0.324475
0.308848
0.285991
0.262201
0.0535434
0.0205222
-0.00399923
-0.0181507
-0.021751
-0.013548
0.00643702
0.0368549
0.0754351
0.119252
0.164957
0.209031
0.248036
0.278898
0.299188
0.307455
0.303669
0.289191
0.264417
0.231427
0.0816293
0.0359486
0.00545802
-0.010679
-0.0150763
-0.0074093
0.0118261
0.0410369
0.0779437
0.119772
0.16341
0.205586
0.243076
0.272918
0.292625
0.300455
0.295877
0.279325
0.248451
0.202713
0.100738
0.0416803
0.00404012
-0.0149414
-0.0202713
-0.0124476
0.00751159
0.0376423
0.0754911
0.118256
0.162874
0.206138
0.244838
0.275926
0.296665
0.304867
0.299425
0.279941
0.241719
0.182402
0.106192
0.0334872
-0.0116094
-0.0333589
-0.0389555
-0.0296793
-0.00711878
0.0262924
0.0678061
0.114466
0.163127
0.210511
0.253286
0.288167
0.312016
0.322062
0.316543
0.294244
0.248303
0.174979
0.093934
0.00717398
-0.0452539
-0.0689949
-0.0734734
-0.0608163
-0.033274
0.00614845
0.0543129
0.108022
0.163971
0.218729
0.268752
0.310409
0.340032
0.35412
0.350112
0.325872
0.272286
0.184338
0.059634
-0.041847
-0.10109
-0.125298
-0.126466
-0.107773
-0.0722882
-0.0237038
0.0343819
0.0984959
0.165158
0.230775
0.291562
0.343486
0.382234
0.403408
0.403427
0.378962
0.318231
0.214738
-0.00203484
-0.119162
-0.1842
-0.206415
-0.201072
-0.172788
-0.12569
-0.0642868
0.00732538
0.0854269
0.166427
0.246644
0.322109
0.388391
0.440459
0.472815
0.480544
0.458643
0.391841
0.271602
-0.0980961
-0.231967
-0.300932
-0.31732
-0.300874
-0.258261
-0.194993
-0.11653
-0.0274432
0.0684198
0.167529
0.2663
0.360748
0.446153
0.516747
0.56574
0.586451
0.571471
0.500654
0.362312
-0.238214
-0.389865
-0.459314
-0.463856
-0.429679
-0.366405
-0.281322
-0.180928
-0.0701438
0.0473092
0.168278
0.289614
0.407638
0.517601
0.613116
0.685955
0.727181
0.725914
0.654926
0.497281
-0.436297
-0.606083
-0.669572
-0.65267
-0.591117
-0.498697
-0.384851
-0.257057
-0.120261
0.0223928
0.168638
0.316295
0.462524
0.603036
0.731177
0.837329
0.90983
0.932948
0.868954
0.691728
-0.713578
-0.899396
-0.944697
-0.890862
-0.78785
-0.65498
-0.503985
-0.342911
-0.176068
-0.0052792
0.168823
0.345791
0.524422
0.701707
0.871481
1.0232
1.14232
1.20671
1.16313
0.968978
-1.10503
-1.29728
-1.30074
-1.18487
-1.02002
-0.831982
-0.634158
-0.434036
-0.234061
-0.0336119
0.169336
0.377064
0.591088
0.810928
1.0323
1.24505
1.43243
1.56486
1.56721
1.36721
-1.67261
-1.84051
-1.7557
-1.53745
-1.28214
-1.02083
-0.766125
-0.522481
-0.288414
-0.0592838
0.17084
0.408123
0.658105
0.924547
1.20734
1.49951
1.78483
2.02755
2.12494
1.95306
-2.52803
-2.58722
-2.32553
-1.94252
-1.55887
-1.20423
-0.88444
-0.596184
-0.330898
-0.0779559
0.173771
0.435419
0.717885
1.03122
1.38288
1.77418
2.19597
2.6132
2.89778
2.84434
-3.873
-3.61304
-3.01649
-2.38085
-1.82324
-1.35641
-0.968437
-0.640393
-0.352256
-0.0853279
0.177711
0.453631
0.759663
1.11426
1.53689
2.04545
2.64948
3.33064
3.96436
4.24909
-6.1594
-5.01373
-3.78643
-2.79027
-2.01927
-1.43416
-0.988413
-0.636622
-0.342536
-0.0781285
0.179939
0.453521
0.765974
1.14533
1.62784
2.25901
3.08471
4.13979
5.42507
6.62751
-10.5695
-6.84899
-4.35763
-2.91496
-1.96811
-1.32304
-0.875101
-0.545543
-0.282402
-0.0515912
0.17244
0.412782
0.695029
1.05335
1.53993
2.23475
3.24505
4.76456
7.34526
11.1677
-17.9825
-8.61119
-4.15441
-2.37804
-1.46163
-0.918354
-0.578354
-0.344492
-0.163417
-0.0055271
0.148972
0.317277
0.519136
0.78396
1.1648
1.76026
2.7477
4.62118
9.19197
18.678
)
;

boundaryField
{
    movingWall
    {
        type            zeroGradient;
    }
    fixedWalls
    {
        type            zeroGradient;
    }
    frontAndBack
    {
        type            empty;
    }
}


// ************************************************************************* //
