/*--------------------------------*- C++ -*----------------------------------*\
  =========                 |
  \\      /  F ield         | OpenFOAM: The Open Source CFD Toolbox
   \\    /   O peration     | Website:  https://openfoam.org
    \\  /    A nd           | Version:  6
     \\/     M anipulation  |
\*---------------------------------------------------------------------------*/
FoamFile
{
    version     2.0;
    format      ascii;
    class       volScalarField;
    location    "0.21";
    object      p;
}
// * * * * * * * * * * * * * * * * * * * * * * * * * * * * * * * * * * * * * //

dimensions      [0 2 -2 0 0 0 0];

internalField   nonuniform List<scalar> 
400
(
-3.96191e-08
-0.000289186
-0.000544334
-0.000631234
-0.000507504
-0.000163511
0.00039505
0.00115445
0.0020941
0.003183
0.00437488
0.00560447
0.00678765
0.00782742
0.00862745
0.00911279
0.00925451
0.00909035
0.00873568
0.00840029
0.000288541
-1.03823e-05
-0.00019572
-0.000215972
-6.45969e-05
0.000267238
0.000779853
0.00146547
0.00230861
0.00328308
0.00434815
0.00544613
0.00650315
0.00743501
0.00815946
0.00861454
0.00877969
0.00868804
0.00841135
0.00807195
0.000556434
0.000154149
-4.46379e-05
-4.9335e-05
0.000106323
0.0004237
0.000904154
0.00154379
0.00233258
0.00325027
0.00426186
0.0053145
0.00633753
0.00724759
0.00796047
0.00841008
0.00857143
0.00847053
0.0081489
0.00768792
0.000652552
0.000125447
-0.000122738
-0.000140903
3.66827e-06
0.000304646
0.000763299
0.00137921
0.00214827
0.00305685
0.00407566
0.00515479
0.00622173
0.00718511
0.00794659
0.0084227
0.00857399
0.00841866
0.0079852
0.00735515
0.000494347
-0.000149342
-0.000452946
-0.000494088
-0.000366958
-8.34416e-05
0.000358804
0.00096393
0.00173493
0.00266621
0.0037353
0.00489526
0.00606963
0.00715346
0.00802484
0.0085708
0.00872665
0.00849934
0.00791518
0.00708362
2.19977e-05
-0.000730649
-0.00109084
-0.00115956
-0.00105384
-0.000789398
-0.000361455
0.000240176
0.00102746
0.00200526
0.00316076
0.00445258
0.00580096
0.00708391
0.00814616
0.00882943
0.00902627
0.00872113
0.00793955
0.00684248
-0.000813618
-0.00167403
-0.00209294
-0.00219344
-0.00211454
-0.0018752
-0.00146735
-0.000873274
-6.96105e-05
0.000962774
0.00222629
0.00369173
0.00528195
0.00685895
0.00822518
0.00915533
0.00946925
0.00910139
0.00806055
0.00658071
-0.00205898
-0.00303266
-0.00351473
-0.00365295
-0.00361076
-0.00341143
-0.00304362
-0.00248117
-0.00168682
-0.000622131
0.000739194
0.00239304
0.00428013
0.0062582
0.00808498
0.00944153
0.0100254
0.00966296
0.00829501
0.00624374
-0.00376373
-0.0048624
-0.00541452
-0.00559872
-0.0056092
-0.00547675
-0.00518853
-0.00471055
-0.00399047
-0.00296587
-0.00157559
0.000221482
0.00241398
0.00488861
0.00737652
0.00944316
0.0105899
0.0104233
0.00869351
0.00579782
-0.00598427
-0.00722525
-0.00785439
-0.00809229
-0.0081753
-0.00814795
-0.00800018
-0.00769387
-0.00716415
-0.00632358
-0.00506673
-0.00328194
-0.000884847
0.00210847
0.00546678
0.00865144
0.0108802
0.0113478
0.00935718
0.00527463
-0.00878775
-0.0101933
-0.0109001
-0.0111898
-0.0113602
-0.0114794
-0.0115475
-0.0115302
-0.011359
-0.0109288
-0.0100889
-0.00863481
-0.0063261
-0.0029723
0.00137256
0.00616525
0.0102912
0.0122568
0.010445
0.00486565
-0.0122611
-0.0138567
-0.0146209
-0.0149322
-0.0151805
-0.0154713
-0.0158241
-0.0162203
-0.0166041
-0.0168712
-0.0168399
-0.0162065
-0.0145204
-0.0112517
-0.00605804
0.000757529
0.00784736
0.012746
0.0121876
0.00513267
-0.0165337
-0.0183402
-0.0190912
-0.0193303
-0.0195904
-0.0200284
-0.0206904
-0.0215854
-0.0226895
-0.0239266
-0.0251123
-0.0258614
-0.02549
-0.023022
-0.0174774
-0.00853852
0.00257345
0.0123439
0.0150247
0.0074402
-0.0218315
-0.0238376
-0.0243924
-0.024345
-0.0244485
-0.0249178
-0.0258221
-0.0272018
-0.029078
-0.0314246
-0.0340841
-0.0366205
-0.0381364
-0.0371829
-0.0319945
-0.0212606
-0.00548599
0.0111731
0.0200476
0.0145877
-0.028604
-0.0306752
-0.0306073
-0.0298509
-0.0294796
-0.0297399
-0.0306963
-0.0324071
-0.034933
-0.0382969
-0.0423731
-0.0466899
-0.0501738
-0.0509633
-0.0465442
-0.0344771
-0.014013
0.011
0.0296526
0.0311565
-0.0378131
-0.0394139
-0.0377716
-0.0355622
-0.0342246
-0.0339181
-0.0346343
-0.0364109
-0.0393149
-0.0433817
-0.0484768
-0.0540619
-0.0588921
-0.0607716
-0.0566066
-0.0430238
-0.0179255
0.0161639
0.0481087
0.0631639
-0.0516659
-0.0510032
-0.0457815
-0.0409661
-0.0380282
-0.036746
-0.0369204
-0.0384983
-0.0414869
-0.0458599
-0.0513902
-0.0573897
-0.0623859
-0.0638538
-0.0582322
-0.041484
-0.0104984
0.0339339
0.0828832
0.119398
-0.0761686
-0.066883
-0.0541798
-0.0451958
-0.0399419
-0.037344
-0.0368326
-0.0381322
-0.0410791
-0.0454876
-0.0509463
-0.0565313
-0.0604698
-0.0598518
-0.0505849
-0.027864
0.0125402
0.0720261
0.146475
0.219081
-0.130133
-0.0870716
-0.058205
-0.0437902
-0.0365025
-0.0331115
-0.0325155
-0.034089
-0.0373831
-0.0420027
-0.0473468
-0.0522786
-0.0547786
-0.0516219
-0.0381821
-0.00847486
0.0443373
0.126991
0.246314
0.392981
-0.255225
-0.102705
-0.0426168
-0.027285
-0.0222747
-0.0207127
-0.0218947
-0.0251345
-0.029783
-0.0353566
-0.0412222
-0.0462175
-0.0483075
-0.0442583
-0.0293208
0.00329295
0.063674
0.168964
0.346338
0.616986
)
;

boundaryField
{
    movingWall
    {
        type            zeroGradient;
    }
    fixedWalls
    {
        type            zeroGradient;
    }
    frontAndBack
    {
        type            empty;
    }
}


// ************************************************************************* //
