/*--------------------------------*- C++ -*----------------------------------*\
  =========                 |
  \\      /  F ield         | OpenFOAM: The Open Source CFD Toolbox
   \\    /   O peration     | Website:  https://openfoam.org
    \\  /    A nd           | Version:  6
     \\/     M anipulation  |
\*---------------------------------------------------------------------------*/
FoamFile
{
    version     2.0;
    format      ascii;
    class       surfaceScalarField;
    location    "0.21";
    object      phi;
}
// * * * * * * * * * * * * * * * * * * * * * * * * * * * * * * * * * * * * * //

dimensions      [0 3 -1 0 0 0 0];

internalField   nonuniform List<scalar> 
760
(
8.0456e-10
-8.04158e-10
-3.62162e-08
3.70207e-08
-1.03998e-07
6.7782e-08
-1.88462e-07
8.44641e-08
-2.78532e-07
9.00697e-08
-3.66331e-07
8.77996e-08
-4.46125e-07
7.97931e-08
-5.13224e-07
6.70996e-08
-5.63208e-07
4.99844e-08
-5.91641e-07
2.84321e-08
-5.9433e-07
2.6893e-09
-5.68094e-07
-2.62356e-08
-5.1192e-07
-5.61741e-08
-4.28304e-07
-8.36169e-08
-3.24386e-07
-1.03918e-07
-2.1234e-07
-1.12046e-07
-1.0845e-07
-1.03891e-07
-3.06938e-08
-7.77561e-08
5.50609e-09
-3.61999e-08
5.50608e-09
-3.77108e-08
3.69066e-08
-1.50348e-07
1.49658e-07
-3.19906e-07
2.3734e-07
-5.22233e-07
2.8679e-07
-7.35484e-07
3.03321e-07
-9.42186e-07
2.94501e-07
-1.12856e-06
2.66165e-07
-1.28311e-06
2.2165e-07
-1.39548e-06
1.62354e-07
-1.45605e-06
8.89991e-08
-1.45647e-06
3.11669e-09
-1.39116e-06
-9.15495e-08
-1.25939e-06
-1.87943e-07
-1.06775e-06
-2.75256e-07
-8.32045e-07
-3.39623e-07
-5.77688e-07
-3.66403e-07
-3.37478e-07
-3.44101e-07
-1.46104e-07
-2.6913e-07
-3.11035e-08
-1.512e-07
-2.55974e-08
-7.43669e-08
1.11274e-07
-2.56181e-07
3.31472e-07
-5.10378e-07
4.91538e-07
-8.04161e-07
5.80573e-07
-1.10918e-06
6.08336e-07
-1.40242e-06
5.8775e-07
-1.66535e-06
5.2909e-07
-1.88227e-06
4.38568e-07
-2.03909e-06
3.1918e-07
-2.12292e-06
1.72823e-07
-2.12268e-06
2.87698e-09
-2.03096e-06
-1.83268e-07
-1.84672e-06
-3.72186e-07
-1.57843e-06
-5.43542e-07
-1.24676e-06
-6.71294e-07
-8.85284e-07
-7.27878e-07
-5.37804e-07
-6.91581e-07
-2.51226e-07
-5.55708e-07
-6.47603e-08
-3.37666e-07
-9.03576e-08
-1.0321e-07
2.14483e-07
-3.44145e-07
5.72407e-07
-6.70616e-07
8.18009e-07
-1.04054e-06
9.50497e-07
-1.42023e-06
9.88024e-07
-1.78321e-06
9.50733e-07
-2.10832e-06
8.54196e-07
-2.37755e-06
7.07802e-07
-2.57448e-06
5.16111e-07
-2.68363e-06
2.81966e-07
-2.69107e-06
1.03186e-08
-2.58647e-06
-2.8787e-07
-2.36635e-06
-5.92302e-07
-2.03832e-06
-8.71573e-07
-1.62512e-06
-1.0845e-06
-1.16673e-06
-1.18626e-06
-7.18122e-07
-1.14019e-06
-3.40856e-07
-9.32975e-07
-8.962e-08
-5.88902e-07
-1.79978e-07
-1.26612e-07
3.41095e-07
-4.18494e-07
8.64289e-07
-8.08541e-07
1.20806e-06
-1.24568e-06
1.38763e-06
-1.69151e-06
1.43386e-06
-2.11729e-06
1.37651e-06
-2.50065e-06
1.23755e-06
-2.82255e-06
1.0297e-06
-3.06503e-06
7.58593e-07
-3.21009e-06
4.27025e-07
-3.24002e-06
4.02509e-08
-3.13946e-06
-3.88431e-07
-2.89935e-06
-8.32416e-07
-2.52271e-06
-1.24821e-06
-2.03133e-06
-1.57588e-06
-1.47078e-06
-1.74682e-06
-9.09984e-07
-1.70098e-06
-4.31345e-07
-1.41161e-06
-1.11482e-07
-9.08765e-07
-2.9146e-07
-1.47246e-07
4.88341e-07
-4.85576e-07
1.20262e-06
-9.34714e-07
1.65719e-06
-1.43521e-06
1.88813e-06
-1.94463e-06
1.94327e-06
-2.43294e-06
1.86482e-06
-2.87776e-06
1.68237e-06
-3.26012e-06
1.41206e-06
-3.5612e-06
1.05968e-06
-3.76042e-06
6.2624e-07
-3.83502e-06
1.14854e-07
-3.76189e-06
-4.61566e-07
-3.52206e-06
-1.07224e-06
-3.10865e-06
-1.66161e-06
-2.53756e-06
-2.14697e-06
-1.85802e-06
-2.42636e-06
-1.15657e-06
-2.40243e-06
-5.46367e-07
-2.02182e-06
-1.37879e-07
-1.31725e-06
-4.29339e-07
-1.67322e-07
6.55662e-07
-5.51231e-07
1.58653e-06
-1.05878e-06
2.16475e-06
-1.62257e-06
2.45192e-06
-2.19681e-06
2.51751e-06
-2.75128e-06
2.41929e-06
-3.26492e-06
2.19601e-06
-3.72016e-06
1.86731e-06
-4.0984e-06
1.43791e-06
-4.37672e-06
9.04562e-07
-4.52636e-06
2.64502e-07
-4.51351e-06
-4.74424e-07
-4.3039e-06
-1.28185e-06
-3.87311e-06
-2.09241e-06
-3.22282e-06
-2.79726e-06
-2.40043e-06
-3.24875e-06
-1.5125e-06
-3.29036e-06
-7.16586e-07
-2.81773e-06
-1.78009e-07
-1.85583e-06
-6.07348e-07
-1.88546e-07
8.44208e-07
-6.20101e-07
2.01808e-06
-1.18816e-06
2.7328e-06
-1.81723e-06
3.081e-06
-2.45891e-06
3.15919e-06
-3.08408e-06
3.04446e-06
-3.6747e-06
2.78663e-06
-4.21644e-06
2.40906e-06
-4.69264e-06
1.9141e-06
-5.07931e-06
1.29123e-06
-5.34159e-06
5.26787e-07
-5.43258e-06
-3.83441e-07
-5.29695e-06
-1.41747e-06
-4.88293e-06
-2.50643e-06
-4.16528e-06
-3.51491e-06
-3.17788e-06
-4.23615e-06
-2.04445e-06
-4.42378e-06
-9.82045e-07
-3.88014e-06
-2.44173e-07
-2.5937e-06
-8.51521e-07
-2.12261e-07
1.05647e-06
-6.9574e-07
2.50156e-06
-1.32788e-06
3.36494e-06
-2.02434e-06
3.77745e-06
-2.73469e-06
3.86954e-06
-3.43247e-06
3.74224e-06
-4.10467e-06
3.45883e-06
-4.74261e-06
3.04699e-06
-5.33414e-06
2.50564e-06
-5.8567e-06
1.81379e-06
-6.27093e-06
9.41014e-07
-6.51627e-06
-1.38104e-07
-6.51194e-06
-1.42181e-06
-6.16886e-06
-2.8495e-06
-5.41869e-06
-4.26508e-06
-4.26191e-06
-5.39293e-06
-2.82507e-06
-5.86062e-06
-1.39335e-06
-5.31186e-06
-3.53568e-07
-3.63349e-06
-1.20509e-06
-2.39869e-07
1.29634e-06
-7.81416e-07
3.04311e-06
-1.48152e-06
4.06505e-06
-2.24532e-06
4.54125e-06
-3.02091e-06
4.64514e-06
-3.7861e-06
4.50743e-06
-4.53507e-06
4.2078e-06
-5.26736e-06
3.77928e-06
-5.97856e-06
3.21684e-06
-6.65122e-06
2.48646e-06
-7.24535e-06
1.53514e-06
-7.68972e-06
3.06267e-07
-7.87826e-06
-1.23327e-06
-7.67901e-06
-3.04875e-06
-6.96534e-06
-4.97875e-06
-5.67744e-06
-6.68083e-06
-3.9119e-06
-7.62615e-06
-2.0079e-06
-7.21586e-06
-5.30491e-07
-5.1109e-06
-1.73558e-06
-2.73586e-07
1.56992e-06
-8.81616e-07
3.65114e-06
-1.65283e-06
4.83626e-06
-2.47922e-06
5.36764e-06
-3.30799e-06
5.47391e-06
-4.12282e-06
5.32226e-06
-4.92687e-06
5.01185e-06
-5.73005e-06
4.58246e-06
-6.5386e-06
4.02539e-06
-7.34462e-06
3.29247e-06
-8.11381e-06
2.30433e-06
-8.77247e-06
9.64932e-07
-9.19794e-06
-8.07796e-07
-9.22076e-06
-3.02594e-06
-8.65058e-06
-5.54894e-06
-7.34045e-06
-7.99096e-06
-5.30368e-06
-9.66293e-06
-2.87507e-06
-9.64447e-06
-8.08748e-07
-7.17721e-06
-2.54433e-06
-3.17754e-07
1.88768e-06
-1.0044e-06
4.33779e-06
-1.84811e-06
5.67997e-06
-2.72447e-06
6.24399e-06
-3.58096e-06
6.3304e-06
-4.40888e-06
6.15018e-06
-5.22144e-06
5.82442e-06
-6.03966e-06
5.40068e-06
-6.88212e-06
4.86785e-06
-7.75452e-06
4.16486e-06
-8.6365e-06
3.18631e-06
-9.46585e-06
1.79428e-06
-1.01232e-05
-1.50492e-07
-1.04237e-05
-2.72537e-06
-1.01278e-05
-5.84482e-06
-8.98883e-06
-9.12997e-06
-6.87404e-06
-1.17777e-05
-3.99992e-06
-1.25186e-05
-1.23081e-06
-9.94633e-06
-3.77513e-06
-3.81216e-07
2.26889e-06
-1.16501e-06
5.12158e-06
-2.07907e-06
6.59403e-06
-2.98007e-06
7.14499e-06
-3.81944e-06
7.16978e-06
-4.59884e-06
6.92958e-06
-5.34198e-06
6.56755e-06
-6.08017e-06
6.13887e-06
-6.84397e-06
5.63165e-06
-7.65513e-06
4.97603e-06
-8.51562e-06
4.04679e-06
-9.39224e-06
2.6709e-06
-1.01978e-05
6.55091e-07
-1.07715e-05
-2.15171e-06
-1.08642e-05
-5.75208e-06
-1.01484e-05
-9.84577e-06
-8.30279e-06
-1.36233e-05
-5.27686e-06
-1.55445e-05
-1.83117e-06
-1.3392e-05
-5.6063e-06
-4.81842e-07
2.75074e-06
-1.39121e-06
6.03095e-06
-2.36471e-06
7.56753e-06
-3.24324e-06
8.02352e-06
-3.99245e-06
7.91898e-06
-4.63029e-06
7.56743e-06
-5.19223e-06
7.12949e-06
-5.71844e-06
6.66508e-06
-6.24939e-06
6.1626e-06
-6.82278e-06
5.54942e-06
-7.46804e-06
4.69206e-06
-8.19593e-06
3.39879e-06
-8.98049e-06
1.43965e-06
-9.7306e-06
-1.4016e-06
-1.02491e-05
-5.23356e-06
-1.01888e-05
-9.90612e-06
-9.05514e-06
-1.4757e-05
-6.41085e-06
-1.81888e-05
-2.58621e-06
-1.72167e-05
-8.19251e-06
-6.55156e-07
3.40589e-06
-1.72981e-06
7.10561e-06
-2.72707e-06
8.56478e-06
-3.49388e-06
8.79033e-06
-4.03506e-06
8.46016e-06
-4.39767e-06
7.93004e-06
-4.63346e-06
7.36528e-06
-4.79152e-06
6.82314e-06
-4.91985e-06
6.29093e-06
-5.06884e-06
5.69841e-06
-5.29372e-06
4.91694e-06
-5.6527e-06
3.75777e-06
-6.19569e-06
1.98264e-06
-6.93539e-06
-6.61898e-07
-7.79019e-06
-4.37876e-06
-8.49019e-06
-9.20613e-06
-8.4674e-06
-1.47798e-05
-6.88785e-06
-1.97684e-05
-3.33523e-06
-2.07693e-05
-1.15277e-05
-9.68817e-07
4.37471e-06
-2.24689e-06
8.38369e-06
-3.15916e-06
9.47705e-06
-3.63469e-06
9.26586e-06
-3.77009e-06
8.59557e-06
-3.66425e-06
7.8242e-06
-3.39414e-06
7.09516e-06
-3.01998e-06
6.44898e-06
-2.59485e-06
5.86581e-06
-2.17538e-06
5.27893e-06
-1.83242e-06
4.57398e-06
-1.65919e-06
3.58454e-06
-1.77114e-06
2.09459e-06
-2.28764e-06
-1.45399e-07
-3.27921e-06
-3.38719e-06
-4.65258e-06
-7.83275e-06
-5.93809e-06
-1.34943e-05
-6.06062e-06
-1.96458e-05
-3.72357e-06
-2.31063e-05
-1.52513e-05
-1.53718e-06
5.91189e-06
-2.96844e-06
9.81495e-06
-3.47467e-06
9.98328e-06
-3.28245e-06
9.07364e-06
-2.67184e-06
7.98495e-06
-1.81934e-06
6.9717e-06
-8.30733e-07
6.10656e-06
2.26601e-07
5.39165e-06
1.3024e-06
4.79e-06
2.34548e-06
4.23586e-06
3.28606e-06
3.6334e-06
4.01949e-06
2.85111e-06
4.39515e-06
1.71892e-06
4.21852e-06
3.12319e-08
3.28039e-06
-2.44906e-06
1.4478e-06
-6.00016e-06
-1.09102e-06
-1.09554e-05
-3.32601e-06
-1.74108e-05
-3.23066e-06
-2.32017e-05
-1.8482e-05
-2.47847e-06
8.39036e-06
-3.46698e-06
1.08034e-05
-2.67351e-06
9.18981e-06
-1.08565e-06
7.48578e-06
7.66781e-07
6.13252e-06
2.67223e-06
5.06625e-06
4.54197e-06
4.23682e-06
6.33553e-06
3.59809e-06
8.03114e-06
3.09439e-06
9.60394e-06
2.66306e-06
1.10055e-05
2.23179e-06
1.21446e-05
1.71207e-06
1.2869e-05
9.9453e-07
1.29541e-05
-5.38439e-08
1.21038e-05
-1.59879e-06
9.98599e-06
-3.88236e-06
6.39588e-06
-7.36533e-06
1.87215e-06
-1.28871e-05
-1.27027e-06
-2.00593e-05
-1.97522e-05
-2.91472e-06
1.13051e-05
-5.93873e-07
8.4826e-06
3.29258e-06
5.30336e-06
6.97338e-06
3.80498e-06
1.02192e-05
2.8867e-06
1.30659e-05
2.21953e-06
1.55627e-05
1.74002e-06
1.77606e-05
1.40021e-06
1.97037e-05
1.15133e-06
2.14149e-05
9.51849e-07
2.28826e-05
7.64051e-07
2.40464e-05
5.48298e-07
2.47808e-05
2.60085e-07
2.48783e-05
-1.51304e-07
2.40281e-05
-7.48555e-07
2.17882e-05
-1.64247e-06
1.75733e-05
-3.15047e-06
1.09554e-05
-6.26919e-06
3.22274e-06
-1.23266e-05
-1.65295e-05
1.13051e-05
1.97877e-05
2.5091e-05
2.8896e-05
3.17827e-05
3.40023e-05
3.57423e-05
3.71425e-05
3.82938e-05
3.92457e-05
4.00097e-05
4.0558e-05
4.08181e-05
4.06668e-05
3.99182e-05
3.82758e-05
3.51253e-05
2.88561e-05
1.65295e-05
)
;

boundaryField
{
    movingWall
    {
        type            calculated;
        value           uniform 0;
    }
    fixedWalls
    {
        type            calculated;
        value           uniform 0;
    }
    frontAndBack
    {
        type            empty;
        value           nonuniform 0();
    }
}


// ************************************************************************* //
