/*--------------------------------*- C++ -*----------------------------------*\
  =========                 |
  \\      /  F ield         | OpenFOAM: The Open Source CFD Toolbox
   \\    /   O peration     | Website:  https://openfoam.org
    \\  /    A nd           | Version:  6
     \\/     M anipulation  |
\*---------------------------------------------------------------------------*/
FoamFile
{
    version     2.0;
    format      ascii;
    class       volVectorField;
    location    "0.21";
    object      U;
}
// * * * * * * * * * * * * * * * * * * * * * * * * * * * * * * * * * * * * * //

dimensions      [0 1 -1 0 0 0 0];

internalField   nonuniform List<vector> 
400
(
(7.49582e-05 -7.66852e-05 0)
(-0.000225576 0.000213056 0)
(-0.00130642 0.000468273 0)
(-0.00287947 0.00060611 0)
(-0.00466464 0.000653602 0)
(-0.00647275 0.000641149 0)
(-0.00817167 0.000587676 0)
(-0.00966028 0.000501328 0)
(-0.0108494 0.000382824 0)
(-0.0116504 0.000230112 0)
(-0.0119752 4.31198e-05 0)
(-0.0117465 -0.000171924 0)
(-0.0109178 -0.000398971 0)
(-0.00949959 -0.000610361 0)
(-0.00758571 -0.000768166 0)
(-0.00537055 -0.000830134 0)
(-0.0031445 -0.000760265 0)
(-0.0012629 -0.00054108 0)
(-9.44383e-05 -0.00019414 0)
(0.000133184 0.000124185 0)
(-0.000218565 0.000219472 0)
(-0.00157506 0.00153983 0)
(-0.00447865 0.00262028 0)
(-0.00832238 0.00322996 0)
(-0.0125735 0.00344067 0)
(-0.0168458 0.00335449 0)
(-0.0208353 0.00304588 0)
(-0.0242947 0.0025544 0)
(-0.0270091 0.00189331 0)
(-0.0287785 0.00106653 0)
(-0.029419 8.7572e-05 0)
(-0.0287833 -0.00100266 0)
(-0.0267985 -0.00212202 0)
(-0.0235137 -0.00314127 0)
(-0.0191478 -0.00389217 0)
(-0.0141166 -0.00419514 0)
(-0.00901419 -0.00390667 0)
(-0.00453759 -0.0029768 0)
(-0.0013998 -0.00152433 0)
(-0.00012688 -6.05734e-05 0)
(-0.000516902 0.00135041 0)
(-0.00287555 0.00450724 0)
(-0.00736436 0.00689734 0)
(-0.0130246 0.00824859 0)
(-0.0191429 0.00869296 0)
(-0.0252251 0.0084261 0)
(-0.0308686 0.0076039 0)
(-0.0357372 0.006319 0)
(-0.0395374 0.0046139 0)
(-0.0419991 0.00251399 0)
(-0.0428769 6.70788e-05 0)
(-0.041976 -0.00261849 0)
(-0.0391984 -0.00534405 0)
(-0.0346054 -0.00780882 0)
(-0.0284803 -0.00962933 0)
(-0.0213694 -0.0104026 0)
(-0.0140599 -0.00981458 0)
(-0.00748135 -0.00777359 0)
(-0.0026286 -0.00455261 0)
(-0.000381023 -0.00103056 0)
(-0.000744529 0.00315104 0)
(-0.00393828 0.00879167 0)
(-0.00978993 0.0127811 0)
(-0.0169829 0.0149762 0)
(-0.024634 0.0156354 0)
(-0.0321761 0.0150782 0)
(-0.0391518 0.0135577 0)
(-0.0451773 0.0112289 0)
(-0.0499138 0.00816816 0)
(-0.0530426 0.00442571 0)
(-0.0542639 8.80441e-05 0)
(-0.0533232 -0.00465906 0)
(-0.0500655 -0.0094793 0)
(-0.0445131 -0.0138625 0)
(-0.036955 -0.0171525 0)
(-0.0280179 -0.0186508 0)
(-0.0186629 -0.0178024 0)
(-0.0100804 -0.0144294 0)
(-0.00361409 -0.00895052 0)
(-0.000544488 -0.00259045 0)
(-0.000921539 0.0054646 0)
(-0.00481824 0.0141505 0)
(-0.0118621 0.0199815 0)
(-0.0204072 0.0230821 0)
(-0.029411 0.023922 0)
(-0.0382512 0.0229879 0)
(-0.0464432 0.0206492 0)
(-0.0535844 0.0171264 0)
(-0.0593126 0.0125247 0)
(-0.0632707 0.00690708 0)
(-0.0650964 0.000383695 0)
(-0.0644457 -0.00679461 0)
(-0.0610525 -0.0141542 0)
(-0.0548282 -0.0209506 0)
(-0.0459935 -0.0261923 0)
(-0.0352089 -0.0287826 0)
(-0.0236251 -0.0278041 0)
(-0.0127903 -0.0228972 0)
(-0.00454434 -0.0146072 0)
(-0.000659276 -0.00459058 0)
(-0.00107339 0.00820897 0)
(-0.00560157 0.0204633 0)
(-0.0137445 0.0283838 0)
(-0.0235544 0.0324659 0)
(-0.0338423 0.0334758 0)
(-0.0439466 0.0321194 0)
(-0.0533784 0.0289056 0)
(-0.0617404 0.0241227 0)
(-0.0686671 0.0178902 0)
(-0.0737703 0.0102565 0)
(-0.0766139 0.00131915 0)
(-0.0767255 -0.00864358 0)
(-0.0736568 -0.0190449 0)
(-0.0671073 -0.0288928 0)
(-0.0571179 -0.0367821 0)
(-0.0443016 -0.0410605 0)
(-0.0300047 -0.0402349 0)
(-0.016273 -0.0335823 0)
(-0.00570086 -0.0217464 0)
(-0.000782421 -0.00703743 0)
(-0.00122013 0.011353 0)
(-0.00636531 0.0276822 0)
(-0.0155902 0.0379465 0)
(-0.0266547 0.0431033 0)
(-0.0382339 0.0443023 0)
(-0.0496447 0.0425271 0)
(-0.0604195 0.0384535 0)
(-0.0701943 0.0324387 0)
(-0.0786257 0.0245947 0)
(-0.0853105 0.0149129 0)
(-0.0897344 0.00341752 0)
(-0.0912601 -0.0096576 0)
(-0.0891744 -0.0236751 0)
(-0.0828315 -0.037412 0)
(-0.0719219 -0.0489698 0)
(-0.0568535 -0.0559191 0)
(-0.0391116 -0.0558439 0)
(-0.0213903 -0.0473106 0)
(-0.00744683 -0.0309581 0)
(-0.000980389 -0.0101033 0)
(-0.00137679 0.0149042 0)
(-0.00717062 0.0358224 0)
(-0.0175209 0.0486887 0)
(-0.02988 0.0550206 0)
(-0.0427917 0.0564498 0)
(-0.0555734 0.054305 0)
(-0.0678095 0.0494623 0)
(-0.0792062 0.0423502 0)
(-0.0894796 0.0330471 0)
(-0.098244 0.0214316 0)
(-0.104923 0.00736701 0)
(-0.108693 -0.00907205 0)
(-0.1085 -0.0273189 0)
(-0.103194 -0.0459978 0)
(-0.0918821 -0.0626684 0)
(-0.0745004 -0.0738568 0)
(-0.052482 -0.0756996 0)
(-0.0292466 -0.0654175 0)
(-0.0102747 -0.0433159 0)
(-0.00134511 -0.01417 0)
(-0.00155558 0.0188996 0)
(-0.00806624 0.04495 0)
(-0.019627 0.0606725 0)
(-0.033339 0.068268 0)
(-0.0476113 0.0699695 0)
(-0.0617866 0.0675338 0)
(-0.0755384 0.0620797 0)
(-0.088688 0.0541145 0)
(-0.101063 0.0436576 0)
(-0.112347 0.0304112 0)
(-0.121948 0.0139666 0)
(-0.128875 -0.00592292 0)
(-0.131685 -0.0289584 0)
(-0.128586 -0.0537859 0)
(-0.11784 -0.0774641 0)
(-0.0985333 -0.0952203 0)
(-0.0716472 -0.101052 0)
(-0.0411637 -0.0897721 0)
(-0.014866 -0.0605135 0)
(-0.00202058 -0.0199096 0)
(-0.00177067 0.0234021 0)
(-0.00910195 0.0551705 0)
(-0.0219856 0.0739783 0)
(-0.0370931 0.0828763 0)
(-0.052686 0.0848549 0)
(-0.0681591 0.0822014 0)
(-0.083315 0.0763309 0)
(-0.0981375 0.0678458 0)
(-0.112623 0.0566886 0)
(-0.126597 0.0423237 0)
(-0.139531 0.0239482 0)
(-0.150339 0.000795094 0)
(-0.157228 -0.0273745 0)
(-0.15772 -0.0595218 0)
(-0.149032 -0.092401 0)
(-0.128995 -0.119826 0)
(-0.0975 -0.132928 0)
(-0.0584495 -0.122579 0)
(-0.0221395 -0.084954 0)
(-0.00324818 -0.0284094 0)
(-0.00204689 0.0285076 0)
(-0.010353 0.0666272 0)
(-0.0246945 0.0886811 0)
(-0.0411886 0.0988099 0)
(-0.0579288 0.100969 0)
(-0.0743926 0.0981031 0)
(-0.0905484 0.091985 0)
(-0.10658 0.0833369 0)
(-0.122702 0.0720205 0)
(-0.138954 0.0572189 0)
(-0.154978 0.0376276 0)
(-0.169743 0.0117605 0)
(-0.181284 -0.0214638 0)
(-0.18658 -0.0617154 0)
(-0.181835 -0.105845 0)
(-0.163351 -0.146455 0)
(-0.129149 -0.171369 0)
(-0.0817802 -0.165752 0)
(-0.033229 -0.119663 0)
(-0.0054395 -0.0413538 0)
(-0.00243538 0.0343729 0)
(-0.0119602 0.0795202 0)
(-0.0279225 0.104832 0)
(-0.0456998 0.115911 0)
(-0.0631997 0.117961 0)
(-0.0800268 0.114725 0)
(-0.0963463 0.108396 0)
(-0.112558 0.0998415 0)
(-0.12911 0.0888566 0)
(-0.146311 0.0743371 0)
(-0.16409 0.0544253 0)
(-0.181693 0.0267845 0)
(-0.197319 -0.0107638 0)
(-0.207847 -0.0590161 0)
(-0.208865 -0.115522 0)
(-0.195235 -0.172359 0)
(-0.162466 -0.214339 0)
(-0.11003 -0.219635 0)
(-0.0491798 -0.167751 0)
(-0.00924544 -0.0612492 0)
(-0.00304386 0.0412791 0)
(-0.0141981 0.0941481 0)
(-0.0319793 0.122437 0)
(-0.0507702 0.133827 0)
(-0.0683149 0.135157 0)
(-0.0844324 0.131116 0)
(-0.0995202 0.124348 0)
(-0.114183 0.11588 0)
(-0.129085 0.105471 0)
(-0.144811 0.0917773 0)
(-0.161675 0.0724438 0)
(-0.179445 0.0443023 0)
(-0.196956 0.00399206 0)
(-0.211681 -0.0507252 0)
(-0.219418 -0.118813 0)
(-0.214235 -0.193044 0)
(-0.189045 -0.256668 0)
(-0.138699 -0.281111 0)
(-0.0699553 -0.230897 0)
(-0.0154697 -0.0914722 0)
(-0.00409686 0.0497619 0)
(-0.0175889 0.110976 0)
(-0.0373965 0.141396 0)
(-0.0566079 0.151885 0)
(-0.0729615 0.151431 0)
(-0.0866905 0.145769 0)
(-0.0984979 0.137963 0)
(-0.109182 0.129178 0)
(-0.119579 0.119167 0)
(-0.130512 0.106463 0)
(-0.142714 0.0883936 0)
(-0.15666 0.061195 0)
(-0.172247 0.0205109 0)
(-0.188303 -0.0373962 0)
(-0.201936 -0.113525 0)
(-0.207673 -0.202914 0)
(-0.196717 -0.289908 0)
(-0.158853 -0.341907 0)
(-0.0925518 -0.306562 0)
(-0.0245246 -0.135613 0)
(-0.00605425 0.0608724 0)
(-0.023091 0.130705 0)
(-0.0449691 0.161339 0)
(-0.0632828 0.16884 0)
(-0.0762909 0.164976 0)
(-0.0850719 0.156482 0)
(-0.0907997 0.14669 0)
(-0.0944994 0.136809 0)
(-0.0971454 0.126603 0)
(-0.0997347 0.114606 0)
(-0.103353 0.0981143 0)
(-0.109176 0.0731871 0)
(-0.118318 0.0349568 0)
(-0.131428 -0.0214737 0)
(-0.1479 -0.0993395 0)
(-0.16435 -0.197332 0)
(-0.172331 -0.304272 0)
(-0.157957 -0.388941 0)
(-0.10922 -0.385364 0)
(-0.0351482 -0.195838 0)
(-0.0098147 0.0767421 0)
(-0.0323206 0.154261 0)
(-0.0554705 0.18117 0)
(-0.0697861 0.182367 0)
(-0.0754925 0.172908 0)
(-0.0753308 0.160151 0)
(-0.0712209 0.14734 0)
(-0.0644996 0.135529 0)
(-0.0562703 0.124425 0)
(-0.0476102 0.11265 0)
(-0.0397822 0.0977282 0)
(-0.0344197 0.0760069 0)
(-0.0335914 0.0427732 0)
(-0.0396316 -0.00726901 0)
(-0.0545369 -0.0790381 0)
(-0.0783606 -0.175294 0)
(-0.105862 -0.292292 0)
(-0.123034 -0.407532 0)
(-0.107938 -0.451255 0)
(-0.0425772 -0.270776 0)
(-0.016919 0.101982 0)
(-0.0473053 0.182194 0)
(-0.0675735 0.197533 0)
(-0.0702867 0.187561 0)
(-0.0612046 0.170137 0)
(-0.0458388 0.152086 0)
(-0.0269867 0.135854 0)
(-0.00624196 0.121958 0)
(0.0152919 0.109863 0)
(0.0366527 0.0982573 0)
(0.0566799 0.0850346 0)
(0.0736851 0.0671844 0)
(0.0851956 0.0407642 0)
(0.0878639 0.00103825 0)
(0.0776826 -0.0572821 0)
(0.050984 -0.139802 0)
(0.00741892 -0.251069 0)
(-0.0441341 -0.384548 0)
(-0.0756914 -0.482869 0)
(-0.0373213 -0.351276 0)
(-0.0287345 0.146142 0)
(-0.0663983 0.210381 0)
(-0.0667469 0.198049 0)
(-0.0402154 0.171865 0)
(-0.00407218 0.146516 0)
(0.0342841 0.124707 0)
(0.0723813 0.106916 0)
(0.109168 0.0927115 0)
(0.144119 0.0811452 0)
(0.176836 0.0709344 0)
(0.206654 0.0604193 0)
(0.232256 0.0474335 0)
(0.251325 0.0292138 0)
(0.260272 0.00236965 0)
(0.254099 -0.0372518 0)
(0.226627 -0.0954222 0)
(0.171566 -0.182001 0)
(0.0874273 -0.30943 0)
(0.000582494 -0.451195 0)
(-0.00413579 -0.407101 0)
(-0.0313543 0.215095 0)
(-0.0466109 0.21486 0)
(0.0230314 0.157739 0)
(0.102938 0.120208 0)
(0.173454 0.0945513 0)
(0.23444 0.0753451 0)
(0.287701 0.0609461 0)
(0.334458 0.0502601 0)
(0.375671 0.0421606 0)
(0.412038 0.035557 0)
(0.443722 0.0293435 0)
(0.470072 0.0222768 0)
(0.489328 0.0128886 0)
(0.498324 -0.000564729 0)
(0.492108 -0.020241 0)
(0.463584 -0.0494621 0)
(0.402556 -0.0962022 0)
(0.294986 -0.183117 0)
(0.150563 -0.323623 0)
(0.0900668 -0.368076 0)
(0.260693 0.132068 0)
(0.321008 0.11693 0)
(0.44122 0.0785174 0)
(0.541157 0.0536609 0)
(0.610383 0.038113 0)
(0.660477 0.0275937 0)
(0.699181 0.0203166 0)
(0.730106 0.0153044 0)
(0.7553 0.0118142 0)
(0.776076 0.00925754 0)
(0.793054 0.00714937 0)
(0.8061 0.00504194 0)
(0.814234 0.00248005 0)
(0.815539 -0.00102209 0)
(0.80688 -0.00601537 0)
(0.78351 -0.0133288 0)
(0.736801 -0.0250196 0)
(0.651357 -0.0478354 0)
(0.489784 -0.103162 0)
(0.357848 -0.14959 0)
)
;

boundaryField
{
    movingWall
    {
        type            fixedValue;
        value           uniform (1 0 0);
    }
    fixedWalls
    {
        type            noSlip;
    }
    frontAndBack
    {
        type            empty;
    }
}


// ************************************************************************* //
