/*--------------------------------*- C++ -*----------------------------------*\
  =========                 |
  \\      /  F ield         | OpenFOAM: The Open Source CFD Toolbox
   \\    /   O peration     | Website:  https://openfoam.org
    \\  /    A nd           | Version:  6
     \\/     M anipulation  |
\*---------------------------------------------------------------------------*/
FoamFile
{
    version     2.0;
    format      ascii;
    class       volScalarField;
    location    "0.015";
    object      p;
}
// * * * * * * * * * * * * * * * * * * * * * * * * * * * * * * * * * * * * * //

dimensions      [0 2 -2 0 0 0 0];

internalField   nonuniform List<scalar> 
400
(
-4.63786e-08
-0.00317221
-0.00560677
-0.00577043
-0.0032234
0.00201542
0.00966508
0.0192977
0.0304112
0.0424616
0.0548779
0.0670698
0.0784377
0.0883867
0.0963526
0.10185
0.104561
0.104468
0.102042
0.0988555
0.00308492
-0.000181121
-0.00194714
-0.00155689
0.00109234
0.00602265
0.0130569
0.0218614
0.0320101
0.0430189
0.0543655
0.0655057
0.0758906
0.084989
0.0923174
0.0974882
0.10029
0.100744
0.0989806
0.0956989
0.00564006
0.00133537
-0.000620342
-0.000137272
0.00253114
0.0073591
0.0141842
0.0226975
0.0325016
0.0431386
0.0541092
0.0648896
0.0749518
0.083786
0.0909308
0.0960163
0.0988397
0.0993702
0.0973869
0.0930384
0.00632818
0.000787352
-0.00170158
-0.00133245
0.00136788
0.00630261
0.0132799
0.0219736
0.0319795
0.0428377
0.054047
0.0650799
0.0754004
0.084486
0.0918534
0.0970992
0.0999781
0.100383
0.0978279
0.0922026
0.00464139
-0.00209567
-0.00516656
-0.00491279
-0.002071
0.00319319
0.0106429
0.0199139
0.0305745
0.0421433
0.0540991
0.0658919
0.0769574
0.0867353
0.094692
0.100361
0.103433
0.103721
0.100539
0.0936604
0.000254815
-0.00773322
-0.011408
-0.0112012
-0.00804171
-0.00216968
0.0061174
0.0163986
0.0281966
0.0409925
0.0542304
0.0673225
0.0796585
0.0906184
0.0995916
0.106019
0.109498
0.109754
0.10591
0.0976895
-0.00714481
-0.0165915
-0.0209172
-0.020643
-0.0169246
-0.010099
-0.000547093
0.0112321
0.0246987
0.0392839
0.0543866
0.0693714
0.0835687
0.0962791
0.106787
0.114404
0.118596
0.11896
0.114389
0.104561
-0.0179809
-0.0292548
-0.0343043
-0.0337917
-0.0291909
-0.0209811
-0.00966016
0.00416955
0.01989
0.0368751
0.0544759
0.072007
0.0887338
0.103863
0.116545
0.125916
0.131251
0.13195
0.12656
0.114663
-0.0328936
-0.0465389
-0.0523944
-0.0513799
-0.0454526
-0.0353098
-0.0216136
-0.00509977
0.0135232
0.0335718
0.0543574
0.0751553
0.0951727
0.113518
0.129179
0.141062
0.148164
0.14957
0.143264
0.128614
-0.0528606
-0.0696179
-0.0763209
-0.0743718
-0.0664838
-0.0536884
-0.0368746
-0.0169438
0.00529829
0.0291232
0.0538265
0.0786733
0.10284
0.12535
0.145016
0.160446
0.170249
0.173001
0.165761
0.147412
-0.0793983
-0.100208
-0.107643
-0.104015
-0.0932268
-0.0768101
-0.0559546
-0.0317573
-0.0051144
0.0232307
0.0526041
0.0823175
0.111575
0.139364
0.164332
0.184741
0.198665
0.203895
0.19595
0.172698
-0.11494
-0.140856
-0.148498
-0.141882
-0.126768
-0.105398
-0.0793378
-0.049891
-0.0180156
0.0155876
0.0503514
0.0857264
0.121049
0.155371
0.187255
0.214605
0.234823
0.24453
0.23674
0.207265
-0.163558
-0.195401
-0.201785
-0.189872
-0.168236
-0.140063
-0.107324
-0.0715033
-0.0335462
0.00598454
0.0467417
0.0884495
0.130737
0.172911
0.213624
0.250541
0.280328
0.297987
0.292606
0.256023
-0.232354
-0.269673
-0.271285
-0.250035
-0.21851
-0.180968
-0.139712
-0.096274
-0.0514389
-0.00548073
0.0416297
0.0900665
0.139973
0.191195
0.242833
0.292659
0.336784
0.368257
0.370432
0.327845
-0.334133
-0.372451
-0.361463
-0.323936
-0.277481
-0.227149
-0.175212
-0.122924
-0.0706277
-0.0180783
0.0353284
0.0904187
0.148107
0.209159
0.273682
0.340299
0.405313
0.460069
0.480595
0.438893
-0.491832
-0.516222
-0.476471
-0.411284
-0.342739
-0.275419
-0.210634
-0.148642
-0.0888404
-0.0301305
0.0288923
0.0898964
0.154805
0.225705
0.304458
0.391797
0.485914
0.57813
0.637599
0.617423
-0.746049
-0.716708
-0.617868
-0.508058
-0.408168
-0.319457
-0.240428
-0.168951
-0.10264
-0.0391105
0.0240515
0.0894722
0.160226
0.240059
0.333425
0.444925
0.577396
0.726029
0.859962
0.911174
-1.18472
-0.991391
-0.77571
-0.599798
-0.460106
-0.348089
-0.256317
-0.178076
-0.108136
-0.0424996
0.022267
0.0896429
0.163767
0.250166
0.356635
0.493678
0.672459
0.900344
1.17332
1.42054
-2.0382
-1.34694
-0.891387
-0.633753
-0.461992
-0.338117
-0.244418
-0.168142
-0.101221
-0.0386656
0.0232272
0.0880319
0.160164
0.24615
0.3567
0.509207
0.728162
1.05496
1.59943
2.39055
-3.49847
-1.68184
-0.848037
-0.535633
-0.374607
-0.271294
-0.197266
-0.136813
-0.0819248
-0.0288022
0.0249
0.0814386
0.143899
0.217532
0.312576
0.449489
0.667676
1.07078
2.01808
3.94755
)
;

boundaryField
{
    movingWall
    {
        type            zeroGradient;
    }
    fixedWalls
    {
        type            zeroGradient;
    }
    frontAndBack
    {
        type            empty;
    }
}


// ************************************************************************* //
