/*--------------------------------*- C++ -*----------------------------------*\
  =========                 |
  \\      /  F ield         | OpenFOAM: The Open Source CFD Toolbox
   \\    /   O peration     | Website:  https://openfoam.org
    \\  /    A nd           | Version:  6
     \\/     M anipulation  |
\*---------------------------------------------------------------------------*/
FoamFile
{
    version     2.0;
    format      ascii;
    class       volVectorField;
    location    "0.015";
    object      U;
}
// * * * * * * * * * * * * * * * * * * * * * * * * * * * * * * * * * * * * * //

dimensions      [0 1 -1 0 0 0 0];

internalField   nonuniform List<vector> 
400
(
(5.37276e-05 -5.50557e-05 0)
(-0.000351872 0.000285383 0)
(-0.001626 0.000562346 0)
(-0.00339499 0.000690431 0)
(-0.00531487 0.000704884 0)
(-0.00715473 0.000644883 0)
(-0.00876325 0.000538792 0)
(-0.010044 0.000405018 0)
(-0.0109376 0.000254689 0)
(-0.0114082 9.46854e-05 0)
(-0.0114365 -6.99572e-05 0)
(-0.0110173 -0.000234407 0)
(-0.0101602 -0.000392728 0)
(-0.00889451 -0.000536337 0)
(-0.00727796 -0.000651828 0)
(-0.00541107 -0.000718359 0)
(-0.00345448 -0.00070574 0)
(-0.0016505 -0.000574538 0)
(-0.000354738 -0.000291896 0)
(5.6727e-05 5.49212e-05 0)
(-0.000273768 0.000336083 0)
(-0.00182637 0.00182951 0)
(-0.00503018 0.00296442 0)
(-0.00913976 0.00350881 0)
(-0.0135121 0.00356333 0)
(-0.017694 0.00326804 0)
(-0.0213587 0.00273995 0)
(-0.0242832 0.00206338 0)
(-0.0263241 0.00129487 0)
(-0.027394 0.000472988 0)
(-0.0274471 -0.000372352 0)
(-0.0264735 -0.00121255 0)
(-0.0245015 -0.00201395 0)
(-0.0216063 -0.00273093 0)
(-0.0179284 -0.00329752 0)
(-0.0136978 -0.00361949 0)
(-0.00925792 -0.00357246 0)
(-0.00508347 -0.00301512 0)
(-0.00183654 -0.00185473 0)
(-0.00027119 -0.000335747 0)
(-0.000559872 0.00159461 0)
(-0.0030807 0.00505752 0)
(-0.0078113 0.00751017 0)
(-0.0136428 0.00868186 0)
(-0.0197355 0.00876053 0)
(-0.0255189 0.00802649 0)
(-0.0305704 0.0067323 0)
(-0.0345948 0.0050706 0)
(-0.0373996 0.00317755 0)
(-0.038867 0.00115041 0)
(-0.0389354 -0.000933542 0)
(-0.0375924 -0.00300044 0)
(-0.0348768 -0.00496491 0)
(-0.0308909 -0.0067144 0)
(-0.0258226 -0.00809227 0)
(-0.0199761 -0.00888446 0)
(-0.0137952 -0.00882241 0)
(-0.00787909 -0.0076228 0)
(-0.00309335 -0.0051134 0)
(-0.000557176 -0.00159741 0)
(-0.000752575 0.00346509 0)
(-0.00402141 0.00950891 0)
(-0.0100034 0.0135455 0)
(-0.0172363 0.0154109 0)
(-0.0246935 0.0154458 0)
(-0.0317133 0.0141092 0)
(-0.0378119 0.0118174 0)
(-0.0426539 0.00889263 0)
(-0.0460226 0.00556732 0)
(-0.0477859 0.00200981 0)
(-0.0478746 -0.00164523 0)
(-0.0462727 -0.00526933 0)
(-0.0430209 -0.00871455 0)
(-0.0382307 -0.0117872 0)
(-0.032112 -0.0142208 0)
(-0.0250106 -0.0156566 0)
(-0.0174369 -0.0156509 0)
(-0.0100906 -0.0137383 0)
(-0.00403496 -0.0096036 0)
(-0.000747727 -0.00346861 0)
(-0.00089819 0.00576794 0)
(-0.00480801 0.0149258 0)
(-0.0119273 0.0207839 0)
(-0.0204529 0.0233815 0)
(-0.0291587 0.0232898 0)
(-0.0372889 0.0211968 0)
(-0.0443089 0.0177138 0)
(-0.0498589 0.0133118 0)
(-0.0537136 0.0083295 0)
(-0.0557386 0.00301116 0)
(-0.0558619 -0.00244963 0)
(-0.0540627 -0.007869 0)
(-0.0503745 -0.013034 0)
(-0.044903 -0.0176629 0)
(-0.037862 -0.0213659 0)
(-0.0296223 -0.0236158 0)
(-0.020753 -0.0237568 0)
(-0.0120627 -0.0210881 0)
(-0.00483181 -0.0150752 0)
(-0.00089194 -0.00577181 0)
(-0.001041 0.00846012 0)
(-0.00560996 0.0212795 0)
(-0.0139259 0.0292291 0)
(-0.0238205 0.0326078 0)
(-0.0338393 0.032297 0)
(-0.0431182 0.029278 0)
(-0.0510732 0.0243999 0)
(-0.0573306 0.0183069 0)
(-0.0616698 0.0114543 0)
(-0.0639645 0.00416312 0)
(-0.0641452 -0.0033186 0)
(-0.0621836 -0.0107574 0)
(-0.0580959 -0.0178787 0)
(-0.0519669 -0.0243093 0)
(-0.0439969 -0.0295203 0)
(-0.0345689 -0.0327842 0)
(-0.0243115 -0.0331814 0)
(-0.0141635 -0.0297041 0)
(-0.00566397 -0.0215197 0)
(-0.00103609 -0.00846993 0)
(-0.00121487 0.011588 0)
(-0.00657271 0.0286914 0)
(-0.0163071 0.0390424 0)
(-0.027806 0.0432503 0)
(-0.0393365 0.0425992 0)
(-0.0499085 0.038446 0)
(-0.0588912 0.0319351 0)
(-0.0659118 0.0239153 0)
(-0.0707713 0.0149695 0)
(-0.0733659 0.00549192 0)
(-0.0736351 -0.00422607 0)
(-0.0715403 -0.0139154 0)
(-0.0670683 -0.0232501 0)
(-0.0602623 -0.0317663 0)
(-0.0512849 -0.0387785 0)
(-0.0405128 -0.0433163 0)
(-0.028631 -0.0441243 0)
(-0.0167347 -0.0397923 0)
(-0.00669071 -0.0290928 0)
(-0.00121634 -0.0116217 0)
(-0.0014496 0.0152707 0)
(-0.00783107 0.0374203 0)
(-0.0193584 0.0505283 0)
(-0.0328322 0.0555883 0)
(-0.0461665 0.0544141 0)
(-0.0582295 0.0488503 0)
(-0.0683575 0.0404127 0)
(-0.0762048 0.0301941 0)
(-0.0816225 0.0189151 0)
(-0.0845504 0.00703325 0)
(-0.0849482 -0.00513806 0)
(-0.0827648 -0.0173189 0)
(-0.0779409 -0.0291536 0)
(-0.0704487 -0.0400951 0)
(-0.0603754 -0.0492852 0)
(-0.0480545 -0.0554562 0)
(-0.0342099 -0.0569187 0)
(-0.0201162 -0.0517232 0)
(-0.00806967 -0.0381082 0)
(-0.00146665 -0.0153667 0)
(-0.00177975 0.019701 0)
(-0.00953613 0.0478671 0)
(-0.0233876 0.0641305 0)
(-0.0393227 0.0700003 0)
(-0.0548032 0.0680108 0)
(-0.0685524 0.0606538 0)
(-0.0799092 0.0499174 0)
(-0.088603 0.0371851 0)
(-0.0945801 0.0233206 0)
(-0.0978575 0.00882448 0)
(-0.0984324 -0.00600331 0)
(-0.0962403 -0.0209132 0)
(-0.0911556 -0.0355572 0)
(-0.0830375 -0.0493281 0)
(-0.0718382 -0.0611847 0)
(-0.0577824 -0.0694991 0)
(-0.0415823 -0.0720139 0)
(-0.0246983 -0.0660386 0)
(-0.00999145 -0.0490543 0)
(-0.00182978 -0.0199334 0)
(-0.00225651 0.0251641 0)
(-0.01189 0.0605956 0)
(-0.0287685 0.0804285 0)
(-0.0477394 0.0869298 0)
(-0.065696 0.0836545 0)
(-0.0812441 0.073969 0)
(-0.0938002 0.0604646 0)
(-0.103249 0.044865 0)
(-0.109702 0.0281721 0)
(-0.113299 0.0108918 0)
(-0.114103 -0.00674454 0)
(-0.112037 -0.0245807 0)
(-0.106886 -0.0423386 0)
(-0.0983432 -0.0593982 0)
(-0.0861394 -0.0745441 0)
(-0.0702796 -0.0857238 0)
(-0.0513575 -0.089938 0)
(-0.0309778 -0.0834566 0)
(-0.0127237 -0.0626326 0)
(-0.00237255 -0.0256695 0)
(-0.00296421 0.032082 0)
(-0.0151842 0.0763722 0)
(-0.0359713 0.100127 0)
(-0.0585718 0.106825 0)
(-0.0792032 0.101516 0)
(-0.09645 0.0887617 0)
(-0.109944 0.0719134 0)
(-0.119852 0.0530775 0)
(-0.126541 0.0333664 0)
(-0.130341 0.0132282 0)
(-0.13141 -0.00725463 0)
(-0.129673 -0.0281091 0)
(-0.124803 -0.0492213 0)
(-0.116268 -0.0700443 0)
(-0.103464 -0.0892367 0)
(-0.0860099 -0.104278 0)
(-0.0641817 -0.111219 0)
(-0.039584 -0.104862 0)
(-0.0166583 -0.0798176 0)
(-0.00320687 -0.0331047 0)
(-0.00404409 0.0410867 0)
(-0.0198357 0.0962069 0)
(-0.0455394 0.124 0)
(-0.072207 0.130006 0)
(-0.095352 0.121511 0)
(-0.113764 0.104695 0)
(-0.127523 0.0838373 0)
(-0.137253 0.0614357 0)
(-0.143693 0.0386443 0)
(-0.14743 0.0157557 0)
(-0.148757 -0.00740443 0)
(-0.147617 -0.0311634 0)
(-0.143567 -0.055702 0)
(-0.135801 -0.0806857 0)
(-0.123261 -0.104765 0)
(-0.104956 -0.124972 0)
(-0.0805185 -0.136206 0)
(-0.0512144 -0.131224 0)
(-0.0223456 -0.10191 0)
(-0.0045191 -0.0430493 0)
(-0.00572906 0.0531318 0)
(-0.0264014 0.121351 0)
(-0.0579398 0.152706 0)
(-0.0885595 0.156382 0)
(-0.113277 0.143003 0)
(-0.13154 0.12088 0)
(-0.144231 0.095338 0)
(-0.152642 0.069192 0)
(-0.157995 0.0435031 0)
(-0.161181 0.0182692 0)
(-0.162662 -0.00707074 0)
(-0.162421 -0.0332776 0)
(-0.15993 -0.0609859 0)
(-0.154105 -0.0902735 0)
(-0.143354 -0.120006 0)
(-0.125838 -0.146929 0)
(-0.100081 -0.164685 0)
(-0.066364 -0.163323 0)
(-0.0304791 -0.130505 0)
(-0.00660787 -0.0567326 0)
(-0.00839092 0.0696378 0)
(-0.0355272 0.153141 0)
(-0.0731467 0.186327 0)
(-0.106259 0.184895 0)
(-0.13014 0.164325 0)
(-0.145685 0.135525 0)
(-0.155035 0.104815 0)
(-0.160338 0.0750977 0)
(-0.163338 0.0471076 0)
(-0.165216 0.0203708 0)
(-0.166588 -0.00618979 0)
(-0.167515 -0.0338873 0)
(-0.167455 -0.0639663 0)
(-0.165148 -0.0971609 0)
(-0.158517 -0.132906 0)
(-0.144735 -0.168054 0)
(-0.120697 -0.195186 0)
(-0.0846545 -0.201096 0)
(-0.0417437 -0.167211 0)
(-0.00992104 -0.0759501 0)
(-0.0125758 0.0926298 0)
(-0.0477003 0.192458 0)
(-0.0896834 0.223403 0)
(-0.121107 0.212591 0)
(-0.139329 0.182103 0)
(-0.147858 0.145545 0)
(-0.150503 0.109788 0)
(-0.15028 0.0773384 0)
(-0.149303 0.0482656 0)
(-0.148887 0.0214364 0)
(-0.149714 -0.00482457 0)
(-0.151935 -0.0324279 0)
(-0.155133 -0.0633161 0)
(-0.158128 -0.0991025 0)
(-0.158663 -0.140247 0)
(-0.153102 -0.184429 0)
(-0.136397 -0.223925 0)
(-0.103459 -0.242363 0)
(-0.056313 -0.212798 0)
(-0.0150307 -0.103121 0)
(-0.018863 0.124886 0)
(-0.0623666 0.238423 0)
(-0.102531 0.259138 0)
(-0.1234 0.233277 0)
(-0.127903 0.190571 0)
(-0.123355 0.146374 0)
(-0.115192 0.10698 0)
(-0.10684 0.0737196 0)
(-0.100296 0.0455944 0)
(-0.0966335 0.0206965 0)
(-0.0963929 -0.00320331 0)
(-0.0997872 -0.0285038 0)
(-0.106704 -0.0577618 0)
(-0.116465 -0.093542 0)
(-0.127303 -0.137751 0)
(-0.13556 -0.189891 0)
(-0.134696 -0.243542 0)
(-0.11535 -0.280773 0)
(-0.0724367 -0.265413 0)
(-0.0222818 -0.141241 0)
(-0.0268799 0.170487 0)
(-0.0751666 0.285619 0)
(-0.0986494 0.28224 0)
(-0.093644 0.235775 0)
(-0.0736244 0.181204 0)
(-0.0495775 0.132362 0)
(-0.0272386 0.0929812 0)
(-0.00920171 0.0622927 0)
(0.00357021 0.0379925 0)
(0.0108244 0.0175067 0)
(0.0124712 -0.00167681 0)
(0.00832084 -0.0221001 0)
(-0.00196764 -0.046571 0)
(-0.0186993 -0.0783285 0)
(-0.0415731 -0.120799 0)
(-0.0684756 -0.176224 0)
(-0.0933857 -0.241941 0)
(-0.103788 -0.302828 0)
(-0.082958 -0.317264 0)
(-0.0302689 -0.193972 0)
(-0.030572 0.232619 0)
(-0.0695965 0.317092 0)
(-0.0475279 0.270875 0)
(0.00384043 0.203724 0)
(0.0574424 0.144497 0)
(0.103343 0.0989936 0)
(0.139145 0.0661403 0)
(0.165129 0.0427415 0)
(0.18245 0.0255433 0)
(0.192208 0.0118422 0)
(0.195006 -0.000603472 0)
(0.190791 -0.0139027 0)
(0.178768 -0.0304477 0)
(0.157408 -0.0533602 0)
(0.124729 -0.0868218 0)
(0.0793049 -0.135741 0)
(0.0224866 -0.203447 0)
(-0.0361881 -0.285001 0)
(-0.0671819 -0.34669 0)
(-0.0301714 -0.2608 0)
(0.00808613 0.279352 0)
(0.0144073 0.28781 0)
(0.119852 0.199136 0)
(0.228591 0.128733 0)
(0.309793 0.081578 0)
(0.366971 0.0510965 0)
(0.406338 0.0318066 0)
(0.432557 0.0195122 0)
(0.449085 0.0112792 0)
(0.458184 0.00516744 0)
(0.460987 -0.00017605 0)
(0.457598 -0.00590319 0)
(0.447057 -0.0133411 0)
(0.427102 -0.0244507 0)
(0.39387 -0.0424615 0)
(0.341682 -0.072655 0)
(0.262595 -0.122892 0)
(0.150222 -0.202225 0)
(0.0350112 -0.303281 0)
(0.0197097 -0.298342 0)
(0.300621 0.14589 0)
(0.395952 0.126596 0)
(0.550861 0.0744305 0)
(0.660892 0.0413919 0)
(0.722228 0.0229431 0)
(0.757306 0.0127261 0)
(0.778371 0.00711449 0)
(0.79109 0.00399789 0)
(0.798563 0.00216374 0)
(0.802479 0.000938076 0)
(0.803601 -7.32519e-05 0)
(0.802021 -0.00116216 0)
(0.79719 -0.00266223 0)
(0.787677 -0.00512727 0)
(0.770608 -0.00963759 0)
(0.74045 -0.0183675 0)
(0.68489 -0.0356105 0)
(0.578324 -0.069247 0)
(0.417412 -0.125624 0)
(0.311551 -0.14919 0)
)
;

boundaryField
{
    movingWall
    {
        type            fixedValue;
        value           uniform (1 0 0);
    }
    fixedWalls
    {
        type            noSlip;
    }
    frontAndBack
    {
        type            empty;
    }
}


// ************************************************************************* //
