/*--------------------------------*- C++ -*----------------------------------*\
  =========                 |
  \\      /  F ield         | OpenFOAM: The Open Source CFD Toolbox
   \\    /   O peration     | Website:  https://openfoam.org
    \\  /    A nd           | Version:  6
     \\/     M anipulation  |
\*---------------------------------------------------------------------------*/
FoamFile
{
    version     2.0;
    format      ascii;
    class       volScalarField;
    location    "0.265";
    object      p;
}
// * * * * * * * * * * * * * * * * * * * * * * * * * * * * * * * * * * * * * //

dimensions      [0 2 -2 0 0 0 0];

internalField   nonuniform List<scalar> 
400
(
6.67135e-06
-0.0231858
-0.0520655
-0.0743207
-0.0826418
-0.0737554
-0.0474164
-0.00555861
0.0483949
0.110047
0.174428
0.236347
0.290735
0.333034
0.359654
0.368563
0.360019
0.337435
0.308332
0.285149
0.0229902
-0.000840347
-0.023503
-0.0388467
-0.0432767
-0.0344942
-0.0122017
0.0222073
0.0661377
0.116168
0.168374
0.218633
0.262935
0.297725
0.320267
0.32908
0.324469
0.308842
0.285984
0.262195
0.0535372
0.0205159
-0.00400556
-0.018157
-0.0217571
-0.013554
0.00643087
0.0368485
0.0754285
0.119245
0.164951
0.209025
0.24803
0.278892
0.299182
0.307449
0.303663
0.289184
0.264411
0.231421
0.0816232
0.0359423
0.0054516
-0.0106854
-0.0150826
-0.00741536
0.0118201
0.0410308
0.0779373
0.119766
0.163403
0.20558
0.24307
0.272912
0.292619
0.300449
0.29587
0.279318
0.248444
0.202706
0.100732
0.0416742
0.00403377
-0.014948
-0.0202778
-0.012454
0.00750556
0.0376364
0.0754851
0.11825
0.162868
0.206131
0.244832
0.27592
0.29666
0.304861
0.299418
0.279935
0.241712
0.182396
0.106186
0.0334812
-0.0116155
-0.0333653
-0.0389621
-0.0296859
-0.0071251
0.0262864
0.0678003
0.11446
0.163121
0.210504
0.25328
0.28816
0.312009
0.322056
0.316537
0.294238
0.248297
0.174973
0.0939276
0.00716784
-0.0452599
-0.0690011
-0.0734799
-0.060823
-0.0332807
0.00614212
0.054307
0.108016
0.163965
0.218723
0.268746
0.310403
0.340025
0.354113
0.350106
0.325866
0.27228
0.184331
0.0596274
-0.0418533
-0.101096
-0.125304
-0.126472
-0.107779
-0.0722949
-0.0237105
0.0343756
0.0984899
0.165152
0.230769
0.291556
0.343479
0.382228
0.403401
0.403421
0.378956
0.318224
0.214732
-0.00204141
-0.119169
-0.184207
-0.206421
-0.201078
-0.172794
-0.125696
-0.0642936
0.00731867
0.0854205
0.166421
0.246638
0.322103
0.388384
0.440452
0.472809
0.480537
0.458637
0.391835
0.271596
-0.0981024
-0.231973
-0.300939
-0.317327
-0.30088
-0.258267
-0.195
-0.116537
-0.02745
0.068413
0.167522
0.266294
0.360742
0.446147
0.516741
0.565733
0.586444
0.571465
0.500648
0.362306
-0.23822
-0.389872
-0.45932
-0.463863
-0.429685
-0.366411
-0.281328
-0.180934
-0.0701503
0.0473024
0.168271
0.289607
0.407632
0.517595
0.61311
0.685949
0.727174
0.725908
0.65492
0.497275
-0.436303
-0.606089
-0.669578
-0.652676
-0.591124
-0.498704
-0.384857
-0.257063
-0.120268
0.0223864
0.168631
0.316288
0.462518
0.60303
0.731171
0.837322
0.909823
0.932942
0.868948
0.691721
-0.713584
-0.899402
-0.944703
-0.890868
-0.787856
-0.654987
-0.503991
-0.342917
-0.176074
-0.00528526
0.168817
0.345784
0.524415
0.7017
0.871475
1.0232
1.14232
1.2067
1.16312
0.968971
-1.10504
-1.29729
-1.30074
-1.18488
-1.02003
-0.831989
-0.634165
-0.434043
-0.234067
-0.0336178
0.16933
0.377058
0.591082
0.810921
1.0323
1.24505
1.43243
1.56486
1.5672
1.3672
-1.67261
-1.84051
-1.75571
-1.53746
-1.28215
-1.02083
-0.766132
-0.522488
-0.288421
-0.0592898
0.170835
0.408117
0.658099
0.92454
1.20734
1.4995
1.78482
2.02754
2.12493
1.95306
-2.52804
-2.58723
-2.32554
-1.94252
-1.55887
-1.20424
-0.884447
-0.59619
-0.330904
-0.0779623
0.173765
0.435413
0.717879
1.03122
1.38287
1.77417
2.19596
2.61319
2.89777
2.84434
-3.873
-3.61305
-3.0165
-2.38086
-1.82324
-1.35641
-0.968443
-0.640399
-0.352263
-0.0853346
0.177705
0.453625
0.759657
1.11425
1.53688
2.04545
2.64948
3.33063
3.96435
4.24908
-6.15941
-5.01373
-3.78644
-2.79027
-2.01928
-1.43417
-0.988419
-0.636629
-0.342543
-0.0781351
0.179932
0.453514
0.765968
1.14532
1.62783
2.259
3.0847
4.13978
5.42507
6.62751
-10.5695
-6.84899
-4.35764
-2.91497
-1.96811
-1.32305
-0.875107
-0.545549
-0.282408
-0.0515975
0.172433
0.412776
0.695022
1.05334
1.53993
2.23474
3.24505
4.76455
7.34525
11.1677
-17.9825
-8.6112
-4.15441
-2.37805
-1.46163
-0.918361
-0.57836
-0.344498
-0.163423
-0.00553319
0.148966
0.31727
0.519129
0.783953
1.16479
1.76026
2.74769
4.62118
9.19196
18.678
)
;

boundaryField
{
    movingWall
    {
        type            zeroGradient;
    }
    fixedWalls
    {
        type            zeroGradient;
    }
    frontAndBack
    {
        type            empty;
    }
}


// ************************************************************************* //
