/*--------------------------------*- C++ -*----------------------------------*\
  =========                 |
  \\      /  F ield         | OpenFOAM: The Open Source CFD Toolbox
   \\    /   O peration     | Website:  https://openfoam.org
    \\  /    A nd           | Version:  6
     \\/     M anipulation  |
\*---------------------------------------------------------------------------*/
FoamFile
{
    version     2.0;
    format      ascii;
    class       volVectorField;
    location    "0.035";
    object      U;
}
// * * * * * * * * * * * * * * * * * * * * * * * * * * * * * * * * * * * * * //

dimensions      [0 1 -1 0 0 0 0];

internalField   nonuniform List<vector> 
400
(
(0.000257688 -0.000254049 0)
(0.000161243 0.000105157 0)
(-0.00114226 0.000564905 0)
(-0.0034521 0.000894573 0)
(-0.00637409 0.00106153 0)
(-0.00949952 0.00107757 0)
(-0.0124594 0.000967415 0)
(-0.0149491 0.00076002 0)
(-0.0167388 0.000484263 0)
(-0.0176752 0.000167764 0)
(-0.0176807 -0.000162812 0)
(-0.0167533 -0.000480944 0)
(-0.0149673 -0.000759369 0)
(-0.0124747 -0.000969458 0)
(-0.00950674 -0.00108125 0)
(-0.00637136 -0.00106508 0)
(-0.00344208 -0.000896236 0)
(-0.00113092 -0.00056391 0)
(0.000168286 -0.000102568 0)
(0.000259611 0.000255452 0)
(-6.59474e-05 -0.000191153 0)
(-0.00156697 0.0016134 0)
(-0.00562267 0.00361192 0)
(-0.0116626 0.00506615 0)
(-0.0188859 0.0057991 0)
(-0.0264573 0.00581609 0)
(-0.0335743 0.00520315 0)
(-0.0395453 0.00408538 0)
(-0.0438338 0.00260278 0)
(-0.0460759 0.000899395 0)
(-0.0460862 -0.000880078 0)
(-0.0438611 -0.00259013 0)
(-0.0395798 -0.00408358 0)
(-0.0336037 -0.00521231 0)
(-0.0264716 -0.0058319 0)
(-0.0188814 -0.00581436 0)
(-0.0116437 -0.00507373 0)
(-0.00560024 -0.00360855 0)
(-0.00155208 -0.00160281 0)
(-6.15223e-05 0.000198253 0)
(-0.000511131 0.00103466 0)
(-0.00364938 0.00566342 0)
(-0.0104994 0.0102114 0)
(-0.0199302 0.0134745 0)
(-0.0307759 0.0150647 0)
(-0.0419178 0.0149554 0)
(-0.052276 0.0133183 0)
(-0.0609112 0.0104355 0)
(-0.0670907 0.00664119 0)
(-0.0703151 0.00229139 0)
(-0.0703299 -0.00224966 0)
(-0.0671302 -0.00661397 0)
(-0.0609625 -0.010432 0)
(-0.0523224 -0.013339 0)
(-0.041945 -0.014991 0)
(-0.0307773 -0.0150997 0)
(-0.01991 -0.0134932 0)
(-0.0104713 -0.0102059 0)
(-0.00362904 -0.00564046 0)
(-0.00050465 -0.00101692 0)
(-0.000905327 0.00337702 0)
(-0.00561964 0.0121043 0)
(-0.0152171 0.0199165 0)
(-0.0278939 0.0253284 0)
(-0.042074 0.0278082 0)
(-0.0563816 0.0273363 0)
(-0.0695245 0.0242085 0)
(-0.0803941 0.0189072 0)
(-0.0881337 0.0120108 0)
(-0.0921628 0.00414037 0)
(-0.0921859 -0.00406541 0)
(-0.0881967 -0.0119606 0)
(-0.0804793 -0.0188981 0)
(-0.0696087 -0.0242418 0)
(-0.0564432 -0.0273976 0)
(-0.0421006 -0.0278715 0)
(-0.0278867 -0.0253661 0)
(-0.0151912 -0.019913 0)
(-0.0055964 -0.0120679 0)
(-0.000897012 -0.00334526 0)
(-0.00125339 0.00672348 0)
(-0.00747284 0.0208084 0)
(-0.0197744 0.0325517 0)
(-0.0356355 0.0403472 0)
(-0.0530231 0.0436375 0)
(-0.0702959 0.0424958 0)
(-0.0859767 0.0374065 0)
(-0.0988339 0.029103 0)
(-0.107937 0.0184471 0)
(-0.112665 0.006357 0)
(-0.112704 -0.00622734 0)
(-0.108044 -0.0183564 0)
(-0.0989845 -0.0290775 0)
(-0.0861367 -0.0374508 0)
(-0.070431 -0.0425898 0)
(-0.0531094 -0.0437426 0)
(-0.035667 -0.0404195 0)
(-0.019766 -0.0325623 0)
(-0.00745228 -0.0207634 0)
(-0.00124402 -0.00667618 0)
(-0.00158556 0.0110162 0)
(-0.0092976 0.0317471 0)
(-0.0243164 0.0481195 0)
(-0.043361 0.0585175 0)
(-0.0639001 0.0624888 0)
(-0.084014 0.0603159 0)
(-0.102059 0.0527634 0)
(-0.116719 0.0408796 0)
(-0.127034 0.0258499 0)
(-0.132381 0.00891052 0)
(-0.132445 -0.00868775 0)
(-0.127214 -0.0256862 0)
(-0.116979 -0.0408166 0)
(-0.102348 -0.0528121 0)
(-0.084279 -0.0604516 0)
(-0.0640979 -0.062657 0)
(-0.0434717 -0.0586517 0)
(-0.0243503 -0.0481691 0)
(-0.00928982 -0.0317079 0)
(-0.00157692 -0.0109555 0)
(-0.00193223 0.0162608 0)
(-0.0111962 0.0449613 0)
(-0.0290159 0.0666669 0)
(-0.0512823 0.0798458 0)
(-0.0749218 0.0843011 0)
(-0.097733 0.0806714 0)
(-0.117936 0.0701183 0)
(-0.134181 0.0540825 0)
(-0.14553 0.0341116 0)
(-0.151399 0.011769 0)
(-0.151501 -0.0113933 0)
(-0.145816 -0.0338234 0)
(-0.134602 -0.0539464 0)
(-0.118421 -0.0701572 0)
(-0.0981999 -0.0808579 0)
(-0.0752995 -0.0845622 0)
(-0.0515279 -0.0800843 0)
(-0.0291281 -0.066798 0)
(-0.0112168 -0.0449576 0)
(-0.00192736 -0.0161955 0)
(-0.00232206 0.0225233 0)
(-0.0132684 0.0605687 0)
(-0.0340335 0.0882782 0)
(-0.0595604 0.104322 0)
(-0.0861822 0.108951 0)
(-0.111434 0.103348 0)
(-0.133457 0.089216 0)
(-0.150944 0.0684758 0)
(-0.163056 0.0430705 0)
(-0.169303 0.0148824 0)
(-0.169453 -0.0142702 0)
(-0.163482 -0.0425846 0)
(-0.151582 -0.068213 0)
(-0.134209 -0.0892195 0)
(-0.112183 -0.103592 0)
(-0.0868208 -0.109343 0)
(-0.06001 -0.104725 0)
(-0.0342712 -0.088556 0)
(-0.0133389 -0.0606506 0)
(-0.00232557 -0.0224717 0)
(-0.0027851 0.0299261 0)
(-0.015613 0.0787578 0)
(-0.0395056 0.113054 0)
(-0.0682726 0.131872 0)
(-0.0976001 0.136181 0)
(-0.124813 0.12796 0)
(-0.14808 0.109627 0)
(-0.166253 0.0836774 0)
(-0.178695 0.0524683 0)
(-0.185088 0.0181658 0)
(-0.185295 -0.0172121 0)
(-0.179288 -0.0516903 0)
(-0.167152 -0.0832153 0)
(-0.149162 -0.109555 0)
(-0.125924 -0.128261 0)
(-0.0985841 -0.136746 0)
(-0.0690039 -0.132515 0)
(-0.0399254 -0.113569 0)
(-0.0157611 -0.0790013 0)
(-0.00280331 -0.0299196 0)
(-0.00336048 0.0386516 0)
(-0.0183437 0.099776 0)
(-0.0455479 0.141059 0)
(-0.0773864 0.162266 0)
(-0.108858 0.165489 0)
(-0.137194 0.153832 0)
(-0.160767 0.130644 0)
(-0.178757 0.0990779 0)
(-0.190871 0.0618981 0)
(-0.197058 0.0214803 0)
(-0.197324 -0.0200673 0)
(-0.191638 -0.0607188 0)
(-0.179936 -0.0983266 0)
(-0.162213 -0.130437 0)
(-0.138721 -0.154177 0)
(-0.110258 -0.166265 0)
(-0.0784744 -0.163237 0)
(-0.046211 -0.141928 0)
(-0.0186024 -0.100286 0)
(-0.00340169 -0.0387386 0)
(-0.00411058 0.0489623 0)
(-0.0216172 0.123918 0)
(-0.0522637 0.172249 0)
(-0.0867174 0.194992 0)
(-0.119306 0.195971 0)
(-0.147399 0.179858 0)
(-0.169837 0.151163 0)
(-0.186367 0.113757 0)
(-0.197208 0.0707534 0)
(-0.202684 0.0246127 0)
(-0.202997 -0.0226279 0)
(-0.198119 -0.0690635 0)
(-0.187789 -0.112616 0)
(-0.171622 -0.150744 0)
(-0.14934 -0.18021 0)
(-0.121152 -0.19698 0)
(-0.0882153 -0.196377 0)
(-0.0532262 -0.173605 0)
(-0.0220227 -0.124831 0)
(-0.00418517 -0.0492107 0)
(-0.00514619 0.0612473 0)
(-0.0256753 0.151515 0)
(-0.0597355 0.206346 0)
(-0.095836 0.229059 0)
(-0.127799 0.226123 0)
(-0.153539 0.204328 0)
(-0.172761 0.169561 0)
(-0.186066 0.126407 0)
(-0.194368 0.0781891 0)
(-0.198464 0.0272599 0)
(-0.198795 -0.0246262 0)
(-0.195341 -0.075904 0)
(-0.187616 -0.124784 0)
(-0.174762 -0.16884 0)
(-0.155793 -0.204617 0)
(-0.130037 -0.227348 0)
(-0.0977435 -0.230918 0)
(-0.0610319 -0.208321 0)
(-0.0262623 -0.152987 0)
(-0.00526655 -0.061747 0)
(-0.00667066 0.0761187 0)
(-0.0308982 0.182893 0)
(-0.0679609 0.242618 0)
(-0.103851 0.262704 0)
(-0.132377 0.25357 0)
(-0.15269 0.224744 0)
(-0.165878 0.183606 0)
(-0.1737 0.135299 0)
(-0.177904 0.0831127 0)
(-0.179808 0.0290254 0)
(-0.180106 -0.0257417 0)
(-0.178792 -0.0802096 0)
(-0.175156 -0.133136 0)
(-0.167838 -0.182488 0)
(-0.155013 -0.224865 0)
(-0.13482 -0.254933 0)
(-0.106069 -0.265034 0)
(-0.0695754 -0.245312 0)
(-0.0316913 -0.185089 0)
(-0.00685082 -0.0769808 0)
(-0.00904942 0.094574 0)
(-0.0378375 0.21825 0)
(-0.076618 0.279473 0)
(-0.108928 0.29294 0)
(-0.129708 0.274758 0)
(-0.140391 0.237686 0)
(-0.144033 0.190442 0)
(-0.143762 0.138342 0)
(-0.142166 0.0842453 0)
(-0.141017 0.0294425 0)
(-0.141207 -0.0256305 0)
(-0.142755 -0.0808076 0)
(-0.144794 -0.135652 0)
(-0.145542 -0.188858 0)
(-0.142354 -0.237498 0)
(-0.131979 -0.276095 0)
(-0.111197 -0.295628 0)
(-0.078439 -0.282892 0)
(-0.0388342 -0.221302 0)
(-0.00930304 -0.0959262 0)
(-0.0128719 0.118215 0)
(-0.0470754 0.257246 0)
(-0.0843699 0.313701 0)
(-0.107256 0.314958 0)
(-0.114077 0.284687 0)
(-0.109891 0.238846 0)
(-0.100142 0.186803 0)
(-0.0892434 0.133322 0)
(-0.0803516 0.0803089 0)
(-0.075433 0.028047 0)
(-0.0754346 -0.0239868 0)
(-0.0803992 -0.0765665 0)
(-0.0894551 -0.130239 0)
(-0.100678 -0.184754 0)
(-0.110893 -0.238208 0)
(-0.115582 -0.285748 0)
(-0.109096 -0.317735 0)
(-0.0861231 -0.317686 0)
(-0.0482092 -0.261186 0)
(-0.0132048 -0.120182 0)
(-0.0187889 0.149558 0)
(-0.0583502 0.297983 0)
(-0.0869984 0.339158 0)
(-0.0909586 0.321415 0)
(-0.0757495 0.276921 0)
(-0.0511809 0.223488 0)
(-0.0248316 0.169617 0)
(-0.00170809 0.118456 0)
(0.0151498 0.0703941 0)
(0.0240754 0.0245175 0)
(0.0243226 -0.0206464 0)
(0.0158323 -0.0667365 0)
(-0.000763378 -0.115268 0)
(-0.023893 -0.167233 0)
(-0.0505667 -0.222324 0)
(-0.0757386 -0.277414 0)
(-0.0916499 -0.323845 0)
(-0.0881649 -0.343298 0)
(-0.0594154 -0.302641 0)
(-0.0191735 -0.152226 0)
(-0.0263307 0.192758 0)
(-0.0675228 0.33462 0)
(-0.0729833 0.344338 0)
(-0.0442317 0.3016 0)
(0.00138581 0.244068 0)
(0.0499627 0.187502 0)
(0.0935607 0.137094 0)
(0.128151 0.0932371 0)
(0.151923 0.0544932 0)
(0.164173 0.0188764 0)
(0.164663 -0.015718 0)
(0.153337 -0.0514205 0)
(0.130316 -0.0903832 0)
(0.0961756 -0.134688 0)
(0.0526069 -0.185909 0)
(0.00356677 -0.243794 0)
(-0.0429495 -0.303173 0)
(-0.072779 -0.347958 0)
(-0.0680553 -0.339495 0)
(-0.0266353 -0.196093 0)
(-0.0286606 0.250696 0)
(-0.0578514 0.35054 0)
(-0.0142415 0.30941 0)
(0.0628923 0.242372 0)
(0.142528 0.180396 0)
(0.212301 0.130075 0)
(0.268098 0.0907798 0)
(0.309159 0.0597749 0)
(0.336063 0.0342336 0)
(0.349591 0.0117477 0)
(0.350207 -0.00975112 0)
(0.337881 -0.0322199 0)
(0.312076 -0.0577584 0)
(0.271906 -0.0888471 0)
(0.216645 -0.128443 0)
(0.146875 -0.17948 0)
(0.0665765 -0.242793 0)
(-0.0118914 -0.31176 0)
(-0.0570676 -0.354666 0)
(-0.0285025 -0.254248 0)
(0.0138341 0.2888 0)
(0.0301289 0.302649 0)
(0.153657 0.214044 0)
(0.282257 0.142412 0)
(0.382469 0.0940662 0)
(0.456695 0.0620904 0)
(0.510152 0.040668 0)
(0.546838 0.0256485 0)
(0.569809 0.0142932 0)
(0.581066 0.00481547 0)
(0.581575 -0.00407051 0)
(0.57134 -0.0135001 0)
(0.549396 -0.0247648 0)
(0.513711 -0.0396708 0)
(0.46114 -0.0610126 0)
(0.387514 -0.0930799 0)
(0.28737 -0.141943 0)
(0.157963 -0.214729 0)
(0.0328208 -0.304742 0)
(0.0151442 -0.291066 0)
(0.304806 0.147146 0)
(0.406021 0.127687 0)
(0.569196 0.0748001 0)
(0.685788 0.0419034 0)
(0.753283 0.0239112 0)
(0.794415 0.0139865 0)
(0.820753 0.00833929 0)
(0.837496 0.00491713 0)
(0.84747 0.00261872 0)
(0.852205 0.00084617 0)
(0.852364 -0.000766426 0)
(0.847964 -0.00251792 0)
(0.83837 -0.00476999 0)
(0.82208 -0.00811285 0)
(0.796281 -0.0136426 0)
(0.755758 -0.02343 0)
(0.68888 -0.0413439 0)
(0.57252 -0.0743709 0)
(0.408471 -0.127734 0)
(0.305965 -0.147572 0)
)
;

boundaryField
{
    movingWall
    {
        type            fixedValue;
        value           uniform (1 0 0);
    }
    fixedWalls
    {
        type            noSlip;
    }
    frontAndBack
    {
        type            empty;
    }
}


// ************************************************************************* //
