/*--------------------------------*- C++ -*----------------------------------*\
  =========                 |
  \\      /  F ield         | OpenFOAM: The Open Source CFD Toolbox
   \\    /   O peration     | Website:  https://openfoam.org
    \\  /    A nd           | Version:  6
     \\/     M anipulation  |
\*---------------------------------------------------------------------------*/
FoamFile
{
    version     2.0;
    format      ascii;
    class       volScalarField;
    location    "0.075";
    object      p;
}
// * * * * * * * * * * * * * * * * * * * * * * * * * * * * * * * * * * * * * //

dimensions      [0 2 -2 0 0 0 0];

internalField   nonuniform List<scalar> 
400
(
5.01932e-07
-0.00299291
-0.0065568
-0.00909382
-0.00975017
-0.00816964
-0.00434534
0.00148663
0.00892217
0.0174348
0.0264061
0.0351566
0.0429859
0.0492309
0.0533446
0.0549966
0.0541907
0.0513836
0.0476025
0.0445732
0.002963
-0.000123767
-0.0029028
-0.00458508
-0.0047774
-0.00322814
8.61841e-05
0.00499674
0.0111949
0.0182647
0.025708
0.032974
0.0394967
0.0447473
0.0482987
0.0499033
0.0495801
0.0476609
0.044689
0.0415835
0.00675006
0.00246488
-0.000556299
-0.00208969
-0.00218508
-0.000719399
0.00229688
0.00670566
0.0122421
0.0185527
0.0252098
0.0317337
0.0376249
0.0424089
0.0456916
0.0472241
0.0469821
0.0451674
0.0418957
0.0375609
0.0100027
0.00407947
0.000295643
-0.00148654
-0.00168883
-0.000306418
0.00259749
0.00684502
0.0121814
0.0182802
0.0247459
0.0311262
0.0369366
0.0416992
0.0449914
0.0465082
0.0461501
0.0440019
0.0398408
0.0337671
0.0118714
0.00420671
-0.000498334
-0.00264837
-0.00299098
-0.00162564
0.0013303
0.00566938
0.0111326
0.0174037
0.0240992
0.03077
0.0369183
0.0420282
0.0456115
0.0472719
0.0468126
0.0442055
0.0389352
0.0309233
0.0117145
0.00224627
-0.0034397
-0.00597168
-0.00640293
-0.0049293
-0.00172186
0.00297787
0.00889931
0.0157267
0.0230763
0.0304868
0.0374251
0.0433102
0.0475541
0.0496327
0.0492219
0.0461675
0.0396669
0.0295186
0.00894339
-0.00241673
-0.00909996
-0.0119561
-0.0123548
-0.0105914
-0.00689301
-0.00153751
0.0051908
0.0129743
0.0214254
0.0300632
0.0383065
0.0454863
0.0508805
0.0537931
0.0537267
0.0503614
0.0425609
0.0300048
0.00291437
-0.0104595
-0.0181179
-0.0211673
-0.0213388
-0.0190444
-0.0145742
-0.00824368
-0.000347192
0.00880241
0.0188209
0.0292128
0.0393467
0.0484508
0.0556361
0.0599803
0.0607445
0.0573664
0.0482652
0.0329506
-0.00715404
-0.0226922
-0.0312525
-0.0342724
-0.0339294
-0.0307872
-0.0252122
-0.0175577
-0.00811821
0.00281485
0.0148811
0.0275909
0.0402765
0.0520627
0.0618653
0.0684738
0.0708125
0.0679508
0.0576681
0.0391855
-0.022254
-0.0401236
-0.0494191
-0.0520428
-0.050759
-0.0463407
-0.0392518
-0.0298824
-0.0185101
-0.00537642
0.00921851
0.0248307
0.0407935
0.0561496
0.0696096
0.0796112
0.084621
0.0831517
0.0720307
0.0499597
-0.0436829
-0.0640453
-0.0737267
-0.0753375
-0.072457
-0.0661571
-0.0570265
-0.0454877
-0.0317742
-0.0160354
0.00154317
0.0206276
0.0406204
0.0605412
0.0789191
0.093798
0.103051
0.104373
0.0931589
0.0671641
-0.073216
-0.096167
-0.10552
-0.105056
-0.0995422
-0.0904729
-0.0785896
-0.0643307
-0.0478434
-0.0291248
-0.00817094
0.0148854
0.0396225
0.0651481
0.0898974
0.111534
0.127218
0.133507
0.123653
0.0936801
-0.113469
-0.138849
-0.146422
-0.142042
-0.132241
-0.119088
-0.103479
-0.0858209
-0.0661027
-0.0440846
-0.0194762
0.00790884
0.0379714
0.0700842
0.102772
0.133445
0.158526
0.173088
0.167281
0.133997
-0.168712
-0.195512
-0.198345
-0.186866
-0.17019
-0.151051
-0.130424
-0.108561
-0.0851615
-0.0596291
-0.0312655
0.000573426
0.0362919
0.0757721
0.11794
0.160272
0.198639
0.226431
0.229551
0.1954
-0.246655
-0.271281
-0.263307
-0.23935
-0.211924
-0.184232
-0.157028
-0.130132
-0.102727
-0.0736802
-0.0417422
-0.00566481
0.0356518
0.0828932
0.135834
0.192628
0.249205
0.297551
0.31846
0.290207
-0.361806
-0.373698
-0.342855
-0.297781
-0.254227
-0.214903
-0.179592
-0.147122
-0.11577
-0.0836243
-0.0487259
-0.00909302
0.0372386
0.0920565
0.156549
0.230507
0.311224
0.390575
0.44489
0.439052
-0.541819
-0.513008
-0.437074
-0.358368
-0.291993
-0.237935
-0.193597
-0.155792
-0.121297
-0.0871255
-0.0504713
-0.00854268
0.041596
0.103098
0.179208
0.272695
0.384277
0.508537
0.622414
0.676228
-0.851073
-0.702114
-0.539187
-0.411418
-0.316262
-0.246151
-0.193889
-0.152752
-0.117295
-0.0832411
-0.0469443
-0.00488319
0.0467958
0.11274
0.198888
0.312631
0.461044
0.647616
0.869373
1.07513
-1.46428
-0.947769
-0.607183
-0.418948
-0.300509
-0.222553
-0.170355
-0.132627
-0.101651
-0.0722683
-0.0405143
-0.00268991
0.0453917
0.109312
0.197482
0.322909
0.50337
0.768265
1.19901
1.81732
-2.53955
-1.17935
-0.555153
-0.32543
-0.214516
-0.152411
-0.116742
-0.0936933
-0.0751559
-0.0565377
-0.0346928
-0.00678319
0.0304998
0.0819575
0.155926
0.268217
0.449004
0.775804
1.51475
2.98947
)
;

boundaryField
{
    movingWall
    {
        type            zeroGradient;
    }
    fixedWalls
    {
        type            zeroGradient;
    }
    frontAndBack
    {
        type            empty;
    }
}


// ************************************************************************* //
