/*--------------------------------*- C++ -*----------------------------------*\
  =========                 |
  \\      /  F ield         | OpenFOAM: The Open Source CFD Toolbox
   \\    /   O peration     | Website:  https://openfoam.org
    \\  /    A nd           | Version:  6
     \\/     M anipulation  |
\*---------------------------------------------------------------------------*/
FoamFile
{
    version     2.0;
    format      ascii;
    class       surfaceScalarField;
    location    "0.075";
    object      phi;
}
// * * * * * * * * * * * * * * * * * * * * * * * * * * * * * * * * * * * * * //

dimensions      [0 3 -1 0 0 0 0];

internalField   nonuniform List<scalar> 
760
(
1.08697e-08
-1.08728e-08
-2.33026e-08
3.41728e-08
-1.05006e-07
8.17036e-08
-2.1913e-07
1.14123e-07
-3.48655e-07
1.29525e-07
-4.77998e-07
1.29343e-07
-5.94002e-07
1.16004e-07
-6.86183e-07
9.21817e-08
-7.46661e-07
6.04771e-08
-7.70112e-07
2.34515e-08
-7.53913e-07
-1.61992e-08
-6.98454e-07
-5.54584e-08
-6.07575e-07
-9.0879e-08
-4.8896e-07
-1.18616e-07
-3.54308e-07
-1.34652e-07
-2.19027e-07
-1.35281e-07
-1.0112e-07
-1.17907e-07
-1.90339e-08
-8.20865e-08
1.28062e-08
-3.18399e-08
1.28062e-08
-3.22825e-08
2.14096e-08
-1.62407e-07
1.64297e-07
-3.83819e-07
3.03117e-07
-6.68979e-07
3.99284e-07
-9.83955e-07
4.44502e-07
-1.29528e-06
4.40663e-07
-1.57323e-06
3.93958e-07
-1.79335e-06
3.12304e-07
-1.93701e-06
2.04141e-07
-1.99178e-06
7.82147e-08
-1.95184e-06
-5.6137e-08
-1.8187e-06
-1.88596e-07
-1.60191e-06
-3.07668e-07
-1.31961e-06
-4.00922e-07
-9.98406e-07
-4.55852e-07
-6.72153e-07
-4.61534e-07
-3.78857e-07
-4.11202e-07
-1.55335e-07
-3.05608e-07
-2.84929e-08
-1.58682e-07
-1.56867e-08
-8.24059e-08
1.03816e-07
-3.14648e-07
3.96539e-07
-6.68295e-07
6.56764e-07
-1.10206e-06
8.33051e-07
-1.56961e-06
9.12047e-07
-2.02567e-06
8.9673e-07
-2.42984e-06
7.98127e-07
-2.74856e-06
6.31018e-07
-2.95613e-06
4.11711e-07
-3.03537e-06
1.57462e-07
-2.97831e-06
-1.13198e-07
-2.78702e-06
-3.79889e-07
-2.47456e-06
-6.20127e-07
-2.06563e-06
-8.09851e-07
-1.59635e-06
-9.25136e-07
-1.11251e-06
-9.45375e-07
-6.6569e-07
-8.58018e-07
-3.06844e-07
-6.64454e-07
-7.74631e-08
-3.88063e-07
-9.31498e-08
-1.28036e-07
2.31852e-07
-4.60289e-07
7.28792e-07
-9.42787e-07
1.13926e-06
-1.51707e-06
1.40734e-06
-2.12422e-06
1.51919e-06
-2.70914e-06
1.48165e-06
-3.22359e-06
1.31258e-06
-3.62782e-06
1.03525e-06
-3.89142e-06
6.75311e-07
-3.9939e-06
2.59945e-07
-3.9254e-06
-1.81694e-07
-3.6877e-06
-6.17588e-07
-3.29542e-06
-1.01242e-06
-2.77698e-06
-1.32828e-06
-2.17487e-06
-1.52725e-06
-1.5441e-06
-1.57614e-06
-9.4852e-07
-1.4536e-06
-4.54444e-07
-1.15853e-06
-1.22464e-07
-7.20043e-07
-2.15614e-07
-1.70622e-07
4.02474e-07
-6.01288e-07
1.15946e-06
-1.21214e-06
1.75011e-06
-1.92535e-06
2.12055e-06
-2.66833e-06
2.26218e-06
-3.37662e-06
2.18994e-06
-3.99553e-06
1.93149e-06
-4.48087e-06
1.52058e-06
-4.799e-06
9.93441e-07
-4.92695e-06
3.87897e-07
-4.85292e-06
-2.55729e-07
-4.57734e-06
-8.93161e-07
-4.11456e-06
-1.4752e-06
-3.49452e-06
-1.94832e-06
-2.76398e-06
-2.2578e-06
-1.98611e-06
-2.35401e-06
-1.23764e-06
-2.20207e-06
-6.0297e-07
-1.7932e-06
-1.65771e-07
-1.15724e-06
-3.81385e-07
-2.12991e-07
6.15465e-07
-7.43715e-07
1.69018e-06
-1.48573e-06
2.49213e-06
-2.34011e-06
2.97493e-06
-3.21958e-06
3.14164e-06
-4.05036e-06
3.02072e-06
-4.77236e-06
2.65349e-06
-5.3383e-06
2.08653e-06
-5.71255e-06
1.36769e-06
-5.87031e-06
5.45657e-07
-5.79761e-06
-3.28424e-07
-5.49245e-06
-1.19832e-06
-4.96694e-06
-2.00071e-06
-4.25025e-06
-2.66501e-06
-3.39142e-06
-3.11663e-06
-2.46092e-06
-3.28451e-06
-1.5494e-06
-3.11358e-06
-7.62538e-07
-2.58007e-06
-2.11544e-07
-1.70824e-06
-5.92929e-07
-2.57758e-07
8.73224e-07
-8.93715e-07
2.32614e-06
-1.77243e-06
3.37085e-06
-2.77179e-06
3.97428e-06
-3.78895e-06
4.1588e-06
-4.7413e-06
3.97307e-06
-5.56467e-06
3.47686e-06
-6.21043e-06
2.73229e-06
-6.64248e-06
1.79974e-06
-6.83506e-06
7.38239e-07
-6.77199e-06
-3.91492e-07
-6.44762e-06
-1.5227e-06
-5.86965e-06
-2.57868e-06
-5.06356e-06
-3.4711e-06
-4.07784e-06
-4.10235e-06
-2.98847e-06
-4.37388e-06
-1.90048e-06
-4.20157e-06
-9.44136e-07
-3.53641e-06
-2.64081e-07
-2.38829e-06
-8.5701e-07
-3.0712e-07
1.18034e-06
-1.05636e-06
3.07538e-06
-2.07848e-06
4.39296e-06
-3.22533e-06
5.12114e-06
-4.37796e-06
5.31143e-06
-5.44615e-06
5.04126e-06
-6.364e-06
4.39472e-06
-7.08419e-06
3.45247e-06
-7.57248e-06
2.28804e-06
-7.80374e-06
9.69498e-07
-7.75993e-06
-4.35309e-07
-7.43067e-06
-1.85195e-06
-6.81669e-06
-3.19266e-06
-5.9359e-06
-4.35189e-06
-4.83178e-06
-5.20647e-06
-3.58208e-06
-5.62358e-06
-2.30493e-06
-5.47873e-06
-1.15815e-06
-4.68318e-06
-3.27562e-07
-3.21888e-06
-1.18457e-06
-3.62998e-07
1.54334e-06
-1.23554e-06
3.94792e-06
-2.40676e-06
5.56418e-06
-3.69866e-06
6.41304e-06
-4.97619e-06
6.58897e-06
-6.14422e-06
6.20928e-06
-7.13903e-06
5.38953e-06
-7.91875e-06
4.23218e-06
-8.45464e-06
2.82393e-06
-8.72477e-06
1.23963e-06
-8.7104e-06
-4.4968e-07
-8.3958e-06
-2.16655e-06
-7.77187e-06
-3.81659e-06
-6.84398e-06
-5.27978e-06
-5.64389e-06
-6.40656e-06
-4.24426e-06
-7.02321e-06
-2.77195e-06
-6.95104e-06
-1.41374e-06
-6.04139e-06
-4.06158e-07
-4.22646e-06
-1.59073e-06
-4.27588e-07
1.97093e-06
-1.43468e-06
4.95501e-06
-2.75689e-06
6.88639e-06
-4.18155e-06
7.8377e-06
-5.55894e-06
7.96636e-06
-6.7939e-06
7.44424e-06
-7.83116e-06
6.42679e-06
-8.64036e-06
5.04138e-06
-9.20349e-06
3.38706e-06
-9.50572e-06
1.54186e-06
-9.52989e-06
-4.25508e-07
-9.25506e-06
-2.44137e-06
-8.65974e-06
-4.41191e-06
-7.73085e-06
-6.20867e-06
-6.47927e-06
-7.65814e-06
-4.96145e-06
-8.54102e-06
-3.30343e-06
-8.60906e-06
-1.71854e-06
-7.62629e-06
-5.04447e-07
-5.44055e-06
-2.09518e-06
-5.04427e-07
2.47536e-06
-1.65831e-06
6.10889e-06
-3.12578e-06
8.35386e-06
-4.65439e-06
9.36631e-06
-6.08401e-06
9.39598e-06
-7.32808e-06
8.68832e-06
-8.34906e-06
7.44778e-06
-9.13646e-06
5.82878e-06
-9.68977e-06
3.94036e-06
-1.00064e-05
1.85854e-06
-1.00745e-05
-3.57469e-07
-9.8692e-06
-2.64666e-06
-9.35517e-06
-4.92595e-06
-8.49499e-06
-7.06885e-06
-7.26743e-06
-8.88571e-06
-5.69656e-06
-1.01119e-05
-3.89029e-06
-1.04153e-05
-2.07841e-06
-9.43817e-06
-6.28199e-07
-6.89076e-06
-2.72337e-06
-6.00278e-07
3.07564e-06
-1.91423e-06
7.42285e-06
-3.50769e-06
9.94732e-06
-5.08505e-06
1.09437e-05
-6.48614e-06
1.07971e-05
-7.64727e-06
9.84944e-06
-8.56176e-06
8.36227e-06
-9.24933e-06
6.51635e-06
-9.73469e-06
4.42573e-06
-1.00335e-05
2.15736e-06
-1.01435e-05
-2.47493e-07
-1.00394e-05
-2.75073e-06
-9.67265e-06
-5.29272e-06
-8.97742e-06
-7.76407e-06
-7.88879e-06
-9.97434e-06
-6.37762e-06
-1.16231e-05
-4.50602e-06
-1.22869e-05
-2.49633e-06
-1.14479e-05
-7.85676e-07
-8.60141e-06
-3.50905e-06
-7.2831e-07
3.80395e-06
-2.21577e-06
8.9103e-06
-3.89131e-06
1.16229e-05
-5.42066e-06
1.2473e-05
-6.66555e-06
1.2042e-05
-7.60772e-06
1.07916e-05
-8.28847e-06
9.04302e-06
-8.7688e-06
6.99668e-06
-9.10553e-06
4.76247e-06
-9.33747e-06
2.38929e-06
-9.47672e-06
-1.08241e-07
-9.50255e-06
-2.7249e-06
-9.35739e-06
-5.43789e-06
-8.94778e-06
-8.17367e-06
-8.15702e-06
-1.07651e-05
-6.88023e-06
-1.28998e-05
-5.09458e-06
-1.40726e-05
-2.96915e-06
-1.35733e-05
-9.8961e-07
-1.05809e-05
-4.49866e-06
-9.12993e-07
4.71694e-06
-2.58115e-06
1.05785e-05
-4.24765e-06
1.32894e-05
-5.56641e-06
1.37918e-05
-6.46372e-06
1.29393e-05
-6.99975e-06
1.13276e-05
-7.28278e-06
9.32605e-06
-7.42344e-06
7.13734e-06
-7.51321e-06
4.85224e-06
-7.61514e-06
2.49123e-06
-7.75854e-06
3.51514e-08
-7.93313e-06
-2.55031e-06
-8.08148e-06
-5.28954e-06
-8.09151e-06
-8.16365e-06
-7.79669e-06
-1.10599e-05
-6.99991e-06
-1.36966e-05
-5.54698e-06
-1.55255e-05
-3.47762e-06
-1.56426e-05
-1.25932e-06
-1.27993e-05
-5.75798e-06
-1.19495e-06
5.91189e-06
-3.0203e-06
1.24038e-05
-4.49314e-06
1.47622e-05
-5.33629e-06
1.46349e-05
-5.61531e-06
1.32183e-05
-5.50957e-06
1.12219e-05
-5.20813e-06
9.02461e-06
-4.8697e-06
6.7989e-06
-4.61312e-06
4.59566e-06
-4.51899e-06
2.3971e-06
-4.63168e-06
1.47844e-07
-4.95657e-06
-2.22542e-06
-5.44996e-06
-4.79615e-06
-6.00183e-06
-7.61178e-06
-6.41652e-06
-1.06452e-05
-6.40894e-06
-1.37042e-05
-5.6547e-06
-1.62797e-05
-3.95781e-06
-1.73395e-05
-1.61836e-06
-1.51387e-05
-7.37634e-06
-1.62289e-06
7.53478e-06
-3.4762e-06
1.42571e-05
-4.39101e-06
1.5677e-05
-4.34793e-06
1.45919e-05
-3.66067e-06
1.2531e-05
-2.65925e-06
1.02205e-05
-1.60512e-06
7.97049e-06
-6.82218e-07
5.876e-06
-1.30177e-08
3.92646e-06
3.22589e-07
2.06149e-06
2.74818e-07
1.95615e-07
-1.78732e-07
-1.77187e-06
-1.02366e-06
-3.95122e-06
-2.18426e-06
-6.45118e-06
-3.48265e-06
-9.34683e-06
-4.59135e-06
-1.25955e-05
-5.01871e-06
-1.58524e-05
-4.2222e-06
-1.81361e-05
-2.06876e-06
-1.72921e-05
-9.4451e-06
-2.18877e-06
9.72354e-06
-3.63535e-06
1.57037e-05
-3.31694e-06
1.53586e-05
-1.82166e-06
1.30966e-05
1.91202e-07
1.05182e-05
2.26846e-06
8.14322e-06
4.13629e-06
6.10266e-06
5.64205e-06
4.37024e-06
6.70262e-06
2.86589e-06
7.26801e-06
1.49611e-06
7.30017e-06
1.63453e-07
6.7646e-06
-1.2363e-06
5.63508e-06
-2.8217e-06
3.91689e-06
-4.73299e-06
1.69906e-06
-7.129e-06
-7.5429e-07
-1.01422e-05
-2.88513e-06
-1.37216e-05
-3.77503e-06
-1.72462e-05
-2.49467e-06
-1.85725e-05
-1.19398e-05
-2.58601e-06
1.23096e-05
-2.40662e-06
1.55243e-05
2.39602e-07
1.27124e-05
3.75105e-06
9.58512e-06
7.22877e-06
7.04043e-06
1.02806e-05
5.09142e-06
1.27608e-05
3.62239e-06
1.46359e-05
2.49516e-06
1.59123e-05
1.58947e-06
1.65987e-05
8.09746e-07
1.66863e-05
7.58174e-08
1.61398e-05
-6.89765e-07
1.48944e-05
-1.57626e-06
1.28649e-05
-2.70356e-06
9.98192e-06
-4.246e-06
6.28716e-06
-6.44741e-06
2.14039e-06
-9.57478e-06
-1.41798e-06
-1.36878e-05
-2.40841e-06
-1.75821e-05
-1.43482e-05
-1.04066e-06
1.33502e-05
3.61552e-06
1.08681e-05
9.62817e-06
6.69973e-06
1.49785e-05
4.23477e-06
1.92685e-05
2.75045e-06
2.25519e-05
1.80797e-06
2.49803e-05
1.19404e-06
2.66994e-05
7.76056e-07
2.78188e-05
4.70062e-07
2.84051e-05
2.23448e-07
2.84809e-05
1.09563e-12
2.80223e-05
-2.31141e-07
2.69513e-05
-5.05252e-07
2.5123e-05
-8.75277e-07
2.23123e-05
-1.43529e-06
1.82282e-05
-2.36333e-06
1.26467e-05
-3.99329e-06
5.87088e-06
-6.91193e-06
1.61406e-08
-1.17273e-05
-1.4332e-05
1.33502e-05
2.42183e-05
3.09181e-05
3.51528e-05
3.79033e-05
3.97113e-05
4.09053e-05
4.16814e-05
4.21514e-05
4.23749e-05
4.23749e-05
4.21437e-05
4.16385e-05
4.07632e-05
3.93279e-05
3.69646e-05
3.29713e-05
2.60594e-05
1.4332e-05
)
;

boundaryField
{
    movingWall
    {
        type            calculated;
        value           uniform 0;
    }
    fixedWalls
    {
        type            calculated;
        value           uniform 0;
    }
    frontAndBack
    {
        type            empty;
        value           nonuniform 0();
    }
}


// ************************************************************************* //
