/*--------------------------------*- C++ -*----------------------------------*\
  =========                 |
  \\      /  F ield         | OpenFOAM: The Open Source CFD Toolbox
   \\    /   O peration     | Website:  https://openfoam.org
    \\  /    A nd           | Version:  6
     \\/     M anipulation  |
\*---------------------------------------------------------------------------*/
FoamFile
{
    version     2.0;
    format      ascii;
    class       volScalarField;
    location    "0.09";
    object      p;
}
// * * * * * * * * * * * * * * * * * * * * * * * * * * * * * * * * * * * * * //

dimensions      [0 2 -2 0 0 0 0];

internalField   nonuniform List<scalar> 
400
(
3.1296e-08
-0.000354803
-0.000591248
-0.000554853
-0.000218986
0.000407083
0.00129842
0.00242192
0.00373839
0.00520117
0.00675413
0.00833067
0.00985406
0.0112397
0.0124
0.0132529
0.0137373
0.0138325
0.0135843
0.0131923
0.00035352
-1.23792e-05
-0.000178556
-8.96715e-05
0.000249
0.000837049
0.001662
0.00269977
0.00391738
0.00527266
0.00671327
0.00817657
0.00959064
0.0108773
0.0119575
0.012761
0.0132412
0.0133872
0.0132107
0.0128067
0.000604063
0.000128116
-5.56799e-05
4.10379e-05
0.000374761
0.000942629
0.00173631
0.0027363
0.00391404
0.0052311
0.00663799
0.008074
0.00946825
0.0107426
0.0118175
0.0126212
0.0131064
0.0132574
0.0130499
0.0125199
0.000587262
-1.01862e-05
-0.000243139
-0.000158919
0.00016954
0.000734345
0.00152782
0.00253276
0.00372365
0.00506483
0.00650854
0.00799402
0.00944803
0.0107873
0.0119241
0.0127764
0.0132867
0.0134287
0.0131527
0.0124763
0.000244077
-0.000461268
-0.000744364
-0.000673355
-0.000342786
0.000235521
0.00105438
0.00209857
0.00334536
0.00476158
0.0063006
0.0079004
0.00948298
0.0109559
0.0122175
0.0131685
0.0137344
0.0138759
0.0135256
0.0127032
-0.000463261
-0.00127388
-0.00160617
-0.00154356
-0.00119946
-0.000589006
0.00028141
0.00139885
0.00274378
0.00428595
0.00598007
0.00776245
0.00954869
0.0112336
0.0126953
0.0138088
0.0144741
0.0146329
0.0142004
0.0132108
-0.00157145
-0.00249873
-0.00288231
-0.00282173
-0.00245132
-0.00178993
-0.000842872
0.000379965
0.00186338
0.00358144
0.00549163
0.00752963
0.00960436
0.0115949
0.0133526
0.0147155
0.0155444
0.0157497
0.0152202
0.0140112
-0.00312781
-0.00419482
-0.00463494
-0.00456966
-0.0041605
-0.00343144
-0.00238643
-0.00103106
0.000625756
0.00256499
0.00475009
0.00711935
0.00957726
0.0119866
0.0141651
0.0158995
0.0169906
0.0172936
0.0166465
0.0151276
-0.0051985
-0.00643889
-0.00694345
-0.00686627
-0.00640673
-0.00559662
-0.00443818
-0.00293113
-0.00107544
0.00112062
0.00363168
0.00640511
0.00934768
0.0123098
0.0150722
0.0173536
0.0188636
0.01936
0.0185763
0.0166021
-0.00787499
-0.00933355
-0.00991096
-0.00981175
-0.00928981
-0.00838867
-0.00710863
-0.00544178
-0.0033762
-0.000904753
0.00196551
0.0052015
0.00872576
0.0123897
0.015943
0.0190228
0.0212061
0.0220808
0.0211674
0.0185139
-0.0112837
-0.0130176
-0.0136715
-0.0135311
-0.0129302
-0.0119295
-0.0105269
-0.00870529
-0.00643844
-0.00369976
-0.000470127
0.00325097
0.00742407
0.0119312
0.0165179
0.0207448
0.0240127
0.0256253
0.0246793
0.0210304
-0.0156046
-0.0176827
-0.0183997
-0.0181769
-0.0174673
-0.0163543
-0.0148315
-0.0128718
-0.0104344
-0.00747206
-0.00393429
0.00022724
0.00504088
0.0104699
0.0163239
0.0221425
0.0271385
0.0301707
0.0295345
0.0245345
-0.0211104
-0.0236033
-0.0243234
-0.0239296
-0.023051
-0.0217957
-0.0201475
-0.0180684
-0.0155066
-0.0123995
-0.00866834
-0.00421059
0.00109808
0.00737063
0.014604
0.0224812
0.0301312
0.0358074
0.0363908
0.0299136
-0.0282501
-0.0311869
-0.031736
-0.030985
-0.0298161
-0.0283469
-0.0265365
-0.0243341
-0.0216849
-0.0185251
-0.0147644
-0.0102588
-0.0047803
0.00199465
0.0104184
0.0206337
0.0320545
0.0423463
0.0461842
0.0391052
-0.0378312
-0.0410585
-0.0409866
-0.0395012
-0.0378074
-0.0359704
-0.0338897
-0.0314962
-0.0287415
-0.0255805
-0.0219406
-0.017671
-0.0124689
-0.00578648
0.00322689
0.0155851
0.0316962
0.0491899
0.060078
0.0557844
-0.0514118
-0.0541778
-0.0523856
-0.0494325
-0.04679
-0.0442955
-0.0417223
-0.0389679
-0.0359919
-0.0327802
-0.0292989
-0.025424
-0.0208228
-0.0147636
-0.00586692
0.0080276
0.0291063
0.0562458
0.0797698
0.0857799
-0.0721958
-0.0719339
-0.0659418
-0.0602052
-0.0558982
-0.0522759
-0.0488792
-0.0455276
-0.0421588
-0.038763
-0.0353219
-0.0317177
-0.0275757
-0.0219879
-0.0130869
0.0023924
0.028702
0.0674402
0.110348
0.138773
-0.108048
-0.0958069
-0.0804549
-0.0698704
-0.0628868
-0.0576296
-0.0532162
-0.0492402
-0.0455046
-0.0419211
-0.0384093
-0.0347676
-0.0304677
-0.0242991
-0.0138117
0.00531685
0.0392865
0.0935256
0.166281
0.237556
-0.182696
-0.124511
-0.0879984
-0.0709122
-0.0616503
-0.0555427
-0.0510709
-0.047417
-0.0441042
-0.0409041
-0.0376455
-0.0340035
-0.0292326
-0.0217339
-0.00834858
0.016594
0.0620721
0.139875
0.263635
0.424277
-0.342559
-0.146714
-0.0701959
-0.0516127
-0.0454359
-0.0420656
-0.0402173
-0.0389455
-0.0375817
-0.0358714
-0.0336796
-0.0306907
-0.0261094
-0.0182123
-0.00356713
0.024333
0.0778109
0.179779
0.37013
0.682799
)
;

boundaryField
{
    movingWall
    {
        type            zeroGradient;
    }
    fixedWalls
    {
        type            zeroGradient;
    }
    frontAndBack
    {
        type            empty;
    }
}


// ************************************************************************* //
