/*--------------------------------*- C++ -*----------------------------------*\
  =========                 |
  \\      /  F ield         | OpenFOAM: The Open Source CFD Toolbox
   \\    /   O peration     | Website:  https://openfoam.org
    \\  /    A nd           | Version:  6
     \\/     M anipulation  |
\*---------------------------------------------------------------------------*/
FoamFile
{
    version     2.0;
    format      ascii;
    class       surfaceScalarField;
    location    "0.09";
    object      phi;
}
// * * * * * * * * * * * * * * * * * * * * * * * * * * * * * * * * * * * * * //

dimensions      [0 3 -1 0 0 0 0];

internalField   nonuniform List<scalar> 
760
(
-4.33051e-09
4.33022e-09
-4.91001e-08
4.47696e-08
-1.21027e-07
7.19266e-08
-2.03575e-07
8.25486e-08
-2.85813e-07
8.22376e-08
-3.61233e-07
7.54199e-08
-4.2589e-07
6.46568e-08
-4.77083e-07
5.11936e-08
-5.1264e-07
3.5557e-08
-5.30654e-07
1.80141e-08
-5.29499e-07
-1.15551e-09
-5.07996e-07
-2.15032e-08
-4.65707e-07
-4.22889e-08
-4.03381e-07
-6.23259e-08
-3.23629e-07
-7.9752e-08
-2.31889e-07
-9.17396e-08
-1.37612e-07
-9.42779e-08
-5.54044e-08
-8.22072e-08
-4.88032e-09
-5.05241e-08
-4.8803e-09
-4.5136e-08
4.94662e-08
-1.64363e-07
1.63996e-07
-3.30861e-07
2.38424e-07
-5.17034e-07
2.68722e-07
-7.01818e-07
2.67021e-07
-8.71097e-07
2.44699e-07
-1.01561e-06
2.09167e-07
-1.12888e-06
1.64468e-07
-1.20597e-06
1.12644e-07
-1.24288e-06
5.49225e-08
-1.23652e-06
-7.51563e-09
-1.18498e-06
-7.30444e-08
-1.08807e-06
-1.39191e-07
-9.48238e-07
-2.02162e-07
-7.71773e-07
-2.56217e-07
-5.70538e-07
-2.92975e-07
-3.63717e-07
-3.01099e-07
-1.78642e-07
-2.67283e-07
-4.80264e-08
-1.81139e-07
-5.29067e-08
-7.68554e-08
1.26322e-07
-2.53492e-07
3.40633e-07
-4.87243e-07
4.72176e-07
-7.42894e-07
5.24372e-07
-9.94229e-07
5.18357e-07
-1.22335e-06
4.73817e-07
-1.4182e-06
4.04017e-07
-1.57025e-06
3.16523e-07
-1.67302e-06
2.15413e-07
-1.72137e-06
1.03267e-07
-1.71139e-06
-1.74892e-08
-1.64076e-06
-1.43676e-07
-1.50937e-06
-2.70577e-07
-1.32049e-06
-3.91046e-07
-1.08233e-06
-4.94379e-07
-8.10121e-07
-5.65182e-07
-5.28181e-07
-5.83039e-07
-2.70801e-07
-5.24664e-07
-7.9939e-08
-3.72001e-07
-1.32846e-07
-9.76082e-08
2.2393e-07
-3.16832e-07
5.59857e-07
-6.01113e-07
7.56457e-07
-9.07847e-07
8.31107e-07
-1.207e-06
8.17508e-07
-1.47852e-06
7.45343e-07
-1.70903e-06
6.34522e-07
-1.88901e-06
4.96506e-07
-2.01118e-06
3.37575e-07
-2.06962e-06
1.61714e-07
-2.05971e-06
-2.74016e-08
-1.97836e-06
-2.25022e-07
-1.82488e-06
-4.24059e-07
-1.60231e-06
-6.13622e-07
-1.31944e-06
-7.77242e-07
-9.93466e-07
-8.91159e-07
-6.52594e-07
-9.23911e-07
-3.37607e-07
-8.3965e-07
-1.00451e-07
-6.09157e-07
-2.33296e-07
-1.1309e-07
3.3702e-07
-3.6707e-07
8.13837e-07
-6.94007e-07
1.08339e-06
-1.04416e-06
1.18125e-06
-1.38389e-06
1.15724e-06
-1.69156e-06
1.05301e-06
-1.95304e-06
8.96008e-07
-2.15841e-06
7.01874e-07
-2.29989e-06
4.79056e-07
-2.37091e-06
2.32736e-07
-2.36583e-06
-3.24808e-08
-2.28026e-06
-3.10596e-07
-2.11199e-06
-5.92335e-07
-1.86273e-06
-8.62877e-07
-1.54084e-06
-1.09913e-06
-1.16486e-06
-1.26714e-06
-7.67246e-07
-1.32152e-06
-3.9675e-07
-1.21015e-06
-1.17024e-07
-8.88883e-07
-3.50321e-07
-1.2788e-07
4.649e-07
-4.15923e-07
1.10188e-06
-7.85421e-07
1.45289e-06
-1.17929e-06
1.57512e-06
-1.56016e-06
1.53811e-06
-1.9049e-06
1.39775e-06
-2.19898e-06
1.19009e-06
-2.43236e-06
9.35254e-07
-2.597e-06
6.43699e-07
-2.68563e-06
3.21359e-07
-2.69125e-06
-2.68606e-08
-2.60742e-06
-3.94424e-07
-2.42931e-06
-7.70442e-07
-2.15595e-06
-1.13624e-06
-1.79395e-06
-1.46113e-06
-1.36265e-06
-1.69844e-06
-8.99629e-07
-1.78455e-06
-4.64244e-07
-1.64553e-06
-1.35421e-07
-1.21771e-06
-4.85741e-07
-1.45047e-07
6.09947e-07
-4.71922e-07
1.42875e-06
-8.89683e-07
1.87065e-06
-1.33297e-06
2.01841e-06
-1.7603e-06
1.96544e-06
-2.14714e-06
1.78459e-06
-2.47889e-06
1.52184e-06
-2.74578e-06
1.20214e-06
-2.9398e-06
8.37725e-07
-3.05305e-06
4.346e-07
-3.07688e-06
-3.02252e-09
-3.00202e-06
-4.69286e-07
-2.8196e-06
-9.52862e-07
-2.52401e-06
-1.43182e-06
-2.11805e-06
-1.86709e-06
-1.62047e-06
-2.19602e-06
-1.07462e-06
-2.3304e-06
-5.54256e-07
-2.16589e-06
-1.60089e-07
-1.61187e-06
-6.45831e-07
-1.66707e-07
7.76654e-07
-5.41172e-07
1.80322e-06
-1.01695e-06
2.34643e-06
-1.51868e-06
2.52015e-06
-2.00029e-06
2.44705e-06
-2.4361e-06
2.22039e-06
-2.81199e-06
1.89773e-06
-3.11914e-06
1.50929e-06
-3.35016e-06
1.06875e-06
-3.49687e-06
5.81307e-07
-3.54895e-06
4.90558e-08
-3.49351e-06
-5.24726e-07
-3.31597e-06
-1.1304e-06
-3.00328e-06
-1.74451e-06
-2.55082e-06
-2.31955e-06
-1.97355e-06
-2.7733e-06
-1.31995e-06
-2.984e-06
-6.8291e-07
-2.80293e-06
-1.95845e-07
-2.09894e-06
-8.41676e-07
-1.94704e-07
9.71358e-07
-6.28879e-07
2.23739e-06
-1.17544e-06
2.89299e-06
-1.74658e-06
3.09129e-06
-2.29114e-06
2.9916e-06
-2.78286e-06
2.71212e-06
-3.20916e-06
2.32402e-06
-3.56324e-06
1.86337e-06
-3.83941e-06
1.34492e-06
-4.03008e-06
7.71977e-07
-4.12369e-06
1.42668e-07
-4.10336e-06
-5.4505e-07
-3.94698e-06
-1.28679e-06
-3.63028e-06
-2.06121e-06
-3.13536e-06
-2.81446e-06
-2.46674e-06
-3.44192e-06
-1.67414e-06
-3.7766e-06
-8.7422e-07
-3.60285e-06
-2.50258e-07
-2.7229e-06
-1.09193e-06
-2.31341e-07
1.2027e-06
-7.4102e-07
2.74707e-06
-1.37378e-06
3.52575e-06
-2.02612e-06
3.74363e-06
-2.64161e-06
3.60709e-06
-3.1946e-06
3.26512e-06
-3.67559e-06
2.80501e-06
-4.08152e-06
2.26931e-06
-4.41008e-06
1.67348e-06
-4.65594e-06
1.01783e-06
-4.8076e-06
2.94331e-07
-4.84467e-06
-5.07978e-07
-4.73616e-06
-1.39531e-06
-4.44213e-06
-2.35524e-06
-3.92285e-06
-3.33374e-06
-3.16032e-06
-4.20445e-06
-2.19479e-06
-4.74213e-06
-1.16782e-06
-4.62982e-06
-3.37261e-07
-3.55346e-06
-1.42919e-06
-2.80253e-07
1.48295e-06
-8.86075e-07
3.3529e-06
-1.62294e-06
4.26262e-06
-2.36777e-06
4.48846e-06
-3.05943e-06
4.29875e-06
-3.67495e-06
3.88064e-06
-4.21026e-06
3.34031e-06
-4.66836e-06
2.72741e-06
-5.05274e-06
2.05787e-06
-5.36288e-06
1.32797e-06
-5.59e-06
5.21447e-07
-5.71229e-06
-3.85691e-07
-5.69016e-06
-1.41743e-06
-5.46427e-06
-2.58113e-06
-4.96238e-06
-3.83563e-06
-4.12518e-06
-5.04165e-06
-2.961e-06
-5.90631e-06
-1.6263e-06
-5.96453e-06
-4.82252e-07
-4.6975e-06
-1.91145e-06
-3.47666e-07
1.83062e-06
-1.07699e-06
4.08222e-06
-1.9376e-06
5.12323e-06
-2.78297e-06
5.33384e-06
-3.54947e-06
5.06524e-06
-4.22036e-06
4.55153e-06
-4.80017e-06
3.92013e-06
-5.30091e-06
3.22814e-06
-5.73483e-06
2.49179e-06
-6.10966e-06
1.7028e-06
-6.42342e-06
8.35204e-07
-6.65739e-06
-1.51713e-07
-6.76706e-06
-1.30777e-06
-6.67336e-06
-2.67483e-06
-6.26241e-06
-4.24658e-06
-5.40998e-06
-5.89408e-06
-4.05471e-06
-7.26157e-06
-2.33365e-06
-7.6856e-06
-7.27563e-07
-6.30359e-06
-2.63901e-06
-4.44466e-07
2.27508e-06
-1.3333e-06
4.97105e-06
-2.33583e-06
6.12576e-06
-3.28002e-06
6.27802e-06
-4.10561e-06
5.89084e-06
-4.80787e-06
5.25379e-06
-5.40423e-06
4.51649e-06
-5.91889e-06
3.74281e-06
-6.37595e-06
2.94885e-06
-6.79501e-06
2.12186e-06
-7.18585e-06
1.22605e-06
-7.53979e-06
2.02224e-07
-7.81585e-06
-1.0317e-06
-7.92289e-06
-2.56779e-06
-7.70546e-06
-4.46401e-06
-6.95587e-06
-6.64366e-06
-5.49443e-06
-8.72302e-06
-3.36553e-06
-9.81449e-06
-1.13327e-06
-8.53585e-06
-3.77228e-06
-5.8972e-07
2.8648e-06
-1.68266e-06
6.06399e-06
-2.83328e-06
7.27639e-06
-3.84935e-06
7.29408e-06
-4.68738e-06
6.72887e-06
-5.3642e-06
5.93061e-06
-5.91572e-06
5.06801e-06
-6.38167e-06
4.20875e-06
-6.80017e-06
3.36735e-06
-7.20497e-06
2.52665e-06
-7.62147e-06
1.64256e-06
-8.05844e-06
6.3919e-07
-8.4916e-06
-5.98541e-07
-8.837e-06
-2.2224e-06
-8.91835e-06
-4.38266e-06
-8.45118e-06
-7.11084e-06
-7.09992e-06
-1.00743e-05
-4.70371e-06
-1.22107e-05
-1.76072e-06
-1.14788e-05
-5.533e-06
-8.16561e-07
3.68136e-06
-2.15822e-06
7.40565e-06
-3.42191e-06
8.54008e-06
-4.42261e-06
8.29478e-06
-5.16253e-06
7.46879e-06
-5.69598e-06
6.46406e-06
-6.08491e-06
5.45693e-06
-6.38738e-06
4.51122e-06
-6.65546e-06
3.63543e-06
-6.93554e-06
2.80673e-06
-7.26786e-06
1.97488e-06
-7.68215e-06
1.05348e-06
-8.1842e-06
-9.6491e-08
-8.72684e-06
-1.67976e-06
-9.16165e-06
-3.94785e-06
-9.18282e-06
-7.08966e-06
-8.31468e-06
-1.09424e-05
-6.07865e-06
-1.44467e-05
-2.61163e-06
-1.49459e-05
-8.14463e-06
-1.17988e-06
4.86124e-06
-2.77912e-06
9.00489e-06
-4.0051e-06
9.76605e-06
-4.76974e-06
9.05942e-06
-5.17948e-06
7.87854e-06
-5.35062e-06
6.6352e-06
-5.37934e-06
5.48565e-06
-5.34185e-06
4.47373e-06
-5.29892e-06
3.59251e-06
-5.30135e-06
2.80916e-06
-5.39524e-06
2.06877e-06
-5.62527e-06
1.28351e-06
-6.03164e-06
3.09879e-07
-6.63158e-06
-1.07982e-06
-7.37083e-06
-3.2086e-06
-8.03158e-06
-6.42891e-06
-8.10925e-06
-1.08648e-05
-6.7875e-06
-1.57685e-05
-3.48657e-06
-1.82468e-05
-1.16312e-05
-1.75638e-06
6.61762e-06
-3.4566e-06
1.07051e-05
-4.20503e-06
1.05145e-05
-4.25341e-06
9.10781e-06
-3.9107e-06
7.53582e-06
-3.377e-06
6.10151e-06
-2.77764e-06
4.88628e-06
-2.19284e-06
3.88894e-06
-1.67509e-06
3.07475e-06
-1.26201e-06
2.39608e-06
-9.88024e-07
1.79479e-06
-8.95786e-07
1.19128e-06
-1.04735e-06
4.61445e-07
-1.52863e-06
-5.98546e-07
-2.42679e-06
-2.31044e-06
-3.73767e-06
-5.11803e-06
-5.13945e-06
-9.46297e-06
-5.6581e-06
-1.52498e-05
-3.80269e-06
-2.01022e-05
-1.54339e-05
-2.57377e-06
9.19138e-06
-3.56102e-06
1.16924e-05
-2.76379e-06
9.71726e-06
-1.25282e-06
7.59684e-06
4.11477e-07
5.87152e-06
2.00715e-06
4.50584e-06
3.44361e-06
3.44982e-06
4.68589e-06
2.64666e-06
5.72614e-06
2.0345e-06
6.56609e-06
1.55613e-06
7.20307e-06
1.15781e-06
7.61543e-06
7.78919e-07
7.74254e-06
3.34339e-07
7.45755e-06
-3.13563e-07
6.54485e-06
-1.39774e-06
4.73169e-06
-3.30488e-06
1.91073e-06
-6.64202e-06
-1.24651e-06
-1.20926e-05
-2.55505e-06
-1.87937e-05
-1.79889e-05
-2.54846e-06
1.17398e-05
1.42988e-07
9.00092e-06
4.26355e-06
5.5967e-06
8.00846e-06
3.85193e-06
1.11281e-05
2.75188e-06
1.36714e-05
1.96255e-06
1.57169e-05
1.40432e-06
1.73466e-05
1.01696e-06
1.86355e-05
7.45557e-07
1.96429e-05
5.48787e-07
2.04056e-05
3.95046e-07
2.09299e-05
2.54692e-07
2.11728e-05
9.14181e-08
2.10086e-05
-1.49337e-07
2.01717e-05
-5.60852e-07
1.819e-05
-1.32319e-06
1.44107e-05
-2.86274e-06
8.46702e-06
-6.1489e-06
1.86484e-06
-1.21915e-05
-1.61241e-05
1.17398e-05
2.07408e-05
2.63375e-05
3.01894e-05
3.29413e-05
3.49038e-05
3.63081e-05
3.73251e-05
3.80706e-05
3.86194e-05
3.90145e-05
3.92692e-05
3.93606e-05
3.92113e-05
3.86504e-05
3.73272e-05
3.44645e-05
2.83156e-05
1.61241e-05
)
;

boundaryField
{
    movingWall
    {
        type            calculated;
        value           uniform 0;
    }
    fixedWalls
    {
        type            calculated;
        value           uniform 0;
    }
    frontAndBack
    {
        type            empty;
        value           nonuniform 0();
    }
}


// ************************************************************************* //
