/*--------------------------------*- C++ -*----------------------------------*\
  =========                 |
  \\      /  F ield         | OpenFOAM: The Open Source CFD Toolbox
   \\    /   O peration     | Website:  https://openfoam.org
    \\  /    A nd           | Version:  6
     \\/     M anipulation  |
\*---------------------------------------------------------------------------*/
FoamFile
{
    version     2.0;
    format      ascii;
    class       volVectorField;
    location    "0.09";
    object      U;
}
// * * * * * * * * * * * * * * * * * * * * * * * * * * * * * * * * * * * * * //

dimensions      [0 1 -1 0 0 0 0];

internalField   nonuniform List<vector> 
400
(
(2.25648e-05 -2.36236e-05 0)
(-0.000414071 0.00030015 0)
(-0.00162583 0.000531739 0)
(-0.00322662 0.000622714 0)
(-0.00491063 0.000622881 0)
(-0.00650879 0.000572463 0)
(-0.00792351 0.000493134 0)
(-0.00909207 0.000394333 0)
(-0.00996758 0.000279252 0)
(-0.0105098 0.000149036 0)
(-0.0106832 5.11439e-06 0)
(-0.0104588 -0.000149567 0)
(-0.00981937 -0.000309622 0)
(-0.00876582 -0.000465993 0)
(-0.00732888 -0.000603942 0)
(-0.0055852 -0.000700247 0)
(-0.00367806 -0.00072043 0)
(-0.00184583 -0.000617482 0)
(-0.000467494 -0.000346551 0)
(2.51324e-05 2.18355e-05 0)
(-0.000301769 0.00040755 0)
(-0.00182215 0.00179751 0)
(-0.00478552 0.00273756 0)
(-0.00844383 0.00312196 0)
(-0.0122361 0.00311222 0)
(-0.0158278 0.00285706 0)
(-0.0190001 0.00244884 0)
(-0.0216027 0.00193518 0)
(-0.0235254 0.00133822 0)
(-0.0246801 0.00067029 0)
(-0.0249957 -5.63013e-05 0)
(-0.0244204 -0.000823421 0)
(-0.0229304 -0.0016024 0)
(-0.0205438 -0.00234838 0)
(-0.0173419 -0.00299229 0)
(-0.013499 -0.00343137 0)
(-0.00931326 -0.00352322 0)
(-0.00523887 -0.00309417 0)
(-0.00196281 -0.00200449 0)
(-0.000314233 -0.00044093 0)
(-0.000564973 0.00165202 0)
(-0.00293762 0.00480884 0)
(-0.00719419 0.00681121 0)
(-0.0122676 0.00762399 0)
(-0.0174457 0.0075614 0)
(-0.0223174 0.00692422 0)
(-0.0266032 0.00591362 0)
(-0.0301057 0.00464247 0)
(-0.0326794 0.00317006 0)
(-0.0342099 0.00153323 0)
(-0.0346066 -0.000232957 0)
(-0.033805 -0.00208161 0)
(-0.0317772 -0.00394267 0)
(-0.0285486 -0.00570984 0)
(-0.0242265 -0.00722365 0)
(-0.0190363 -0.00825384 0)
(-0.0133567 -0.00849302 0)
(-0.00775198 -0.00758821 0)
(-0.00309973 -0.00527221 0)
(-0.000573935 -0.00174674 0)
(-0.000729175 0.00342835 0)
(-0.00370757 0.00883562 0)
(-0.00893645 0.0120766 0)
(-0.0150627 0.01334 0)
(-0.0212459 0.0131576 0)
(-0.0270284 0.0120137 0)
(-0.0321007 0.0102358 0)
(-0.0362433 0.00801231 0)
(-0.0392938 0.00544651 0)
(-0.0411225 0.00260434 0)
(-0.041624 -0.000452584 0)
(-0.0407188 -0.00364436 0)
(-0.0383644 -0.00685299 0)
(-0.0345768 -0.00989955 0)
(-0.0294647 -0.0125162 0)
(-0.0232765 -0.0143189 0)
(-0.0164439 -0.0148 0)
(-0.00962551 -0.0133831 0)
(-0.00388682 -0.00961153 0)
(-0.000727998 -0.00358004 0)
(-0.000844379 0.0055466 0)
(-0.00430024 0.0135879 0)
(-0.0103411 0.01821 0)
(-0.017361 0.0199293 0)
(-0.0243976 0.0195653 0)
(-0.0309526 0.0178213 0)
(-0.0366988 0.015166 0)
(-0.0414071 0.0118688 0)
(-0.0449071 0.00807742 0)
(-0.0470583 0.00388493 0)
(-0.0477389 -0.000623802 0)
(-0.0468459 -0.00533913 0)
(-0.0443076 -0.010096 0)
(-0.0401095 -0.0146378 0)
(-0.0343387 -0.0185734 0)
(-0.0272484 -0.0213358 0)
(-0.0193195 -0.0221727 0)
(-0.0113248 -0.0202248 0)
(-0.00455395 -0.0147756 0)
(-0.000840196 -0.00575753 0)
(-0.000952372 0.00795219 0)
(-0.00487095 0.0189968 0)
(-0.0117156 0.0251589 0)
(-0.0196318 0.027353 0)
(-0.0275301 0.0267556 0)
(-0.0348711 0.0243301 0)
(-0.041315 0.0207058 0)
(-0.04663 0.0162384 0)
(-0.0506435 0.0111178 0)
(-0.0532067 0.00545764 0)
(-0.0541777 -0.000643409 0)
(-0.0534195 -0.00705592 0)
(-0.0508125 -0.0135747 0)
(-0.0462856 -0.0198641 0)
(-0.0398762 -0.0253909 0)
(-0.0318202 -0.0293627 0)
(-0.0226478 -0.0307134 0)
(-0.0132808 -0.0282132 0)
(-0.00530519 -0.020808 0)
(-0.000959881 -0.0082632 0)
(-0.00107979 0.0106676 0)
(-0.00552962 0.0251153 0)
(-0.0132873 0.0329956 0)
(-0.022218 0.0356903 0)
(-0.031089 0.0348073 0)
(-0.0393184 0.0316193 0)
(-0.046559 0.0269391 0)
(-0.0525846 0.0212156 0)
(-0.0572279 0.0146766 0)
(-0.0603357 0.00744528 0)
(-0.0617447 -0.000381811 0)
(-0.0612737 -0.008674 0)
(-0.0587331 -0.0172023 0)
(-0.0539608 -0.0255565 0)
(-0.0469017 -0.0330426 0)
(-0.0377353 -0.0385844 0)
(-0.0270264 -0.0406983 0)
(-0.0158851 -0.037651 0)
(-0.00631259 -0.0279404 0)
(-0.00112133 -0.0111805 0)
(-0.00124439 0.0137637 0)
(-0.00635411 0.0320833 0)
(-0.0152195 0.0418805 0)
(-0.0253596 0.0450955 0)
(-0.0353727 0.0438598 0)
(-0.0446351 0.0398155 0)
(-0.0528028 0.0339885 0)
(-0.059668 0.0269283 0)
(-0.0650823 0.0188952 0)
(-0.0688985 0.0100063 0)
(-0.0709358 0.000332133 0)
(-0.0709621 -0.0100256 0)
(-0.0686942 -0.0208453 0)
(-0.0638345 -0.0316625 0)
(-0.0561684 -0.04161 0)
(-0.0457439 -0.0492569 0)
(-0.033108 -0.0525522 0)
(-0.0195854 -0.0490452 0)
(-0.00777048 -0.0365965 0)
(-0.00135943 -0.0146767 0)
(-0.00146204 0.0173487 0)
(-0.00741244 0.0401104 0)
(-0.0176496 0.0520418 0)
(-0.0292461 0.0557735 0)
(-0.0405973 0.0540845 0)
(-0.0510449 0.0490641 0)
(-0.0602667 0.041988 0)
(-0.0680957 0.0335165 0)
(-0.0744244 0.0239352 0)
(-0.079132 0.0133352 0)
(-0.0820351 0.00172835 0)
(-0.0828529 -0.0108582 0)
(-0.0811896 -0.0242648 0)
(-0.0765575 -0.0380221 0)
(-0.0684852 -0.0511028 0)
(-0.0567552 -0.0616505 0)
(-0.0417669 -0.06684 0)
(-0.0250321 -0.0631555 0)
(-0.00998083 -0.0474595 0)
(-0.00173208 -0.0190323 0)
(-0.00175425 0.0215695 0)
(-0.00878731 0.0494734 0)
(-0.0207294 0.0637629 0)
(-0.0340663 0.0679572 0)
(-0.0469515 0.0656556 0)
(-0.0587106 0.0594968 0)
(-0.0690747 0.0510523 0)
(-0.0779514 0.0411046 0)
(-0.0853083 0.029958 0)
(-0.0910851 0.0176544 0)
(-0.0951269 0.00410635 0)
(-0.0971256 -0.0107972 0)
(-0.0965687 -0.0270456 0)
(-0.0927261 -0.0442636 0)
(-0.0847425 -0.0613359 0)
(-0.0719199 -0.0759442 0)
(-0.0542462 -0.0842327 0)
(-0.0332537 -0.0810672 0)
(-0.0134775 -0.0616161 0)
(-0.00235676 -0.0247281 0)
(-0.0021578 0.0266294 0)
(-0.010604 0.0605315 0)
(-0.0246651 0.0773787 0)
(-0.0400475 0.0818856 0)
(-0.0546259 0.0787172 0)
(-0.0677502 0.0711936 0)
(-0.0792541 0.0612349 0)
(-0.0891666 0.0497603 0)
(-0.0975776 0.0370859 0)
(-0.104537 0.0231826 0)
(-0.109972 0.00781864 0)
(-0.113598 -0.0093339 0)
(-0.114817 -0.0285388 0)
(-0.112633 -0.049687 0)
(-0.105674 -0.0717546 0)
(-0.0924664 -0.092034 0)
(-0.0721294 -0.105388 0)
(-0.045773 -0.104246 0)
(-0.0191835 -0.080781 0)
(-0.0034716 -0.0326233 0)
(-0.00274041 0.0328263 0)
(-0.0130671 0.0737589 0)
(-0.0297546 0.0932724 0)
(-0.0474711 0.0977702 0)
(-0.0637964 0.0933313 0)
(-0.0781836 0.0841199 0)
(-0.0906423 0.0724601 0)
(-0.101383 0.059419 0)
(-0.110675 0.0453204 0)
(-0.118741 0.030048 0)
(-0.125666 0.013187 0)
(-0.131278 -0.00589005 0)
(-0.134985 -0.0278789 0)
(-0.135574 -0.0531938 0)
(-0.131081 -0.0812441 0)
(-0.118949 -0.109227 0)
(-0.0967829 -0.13063 0)
(-0.0644045 -0.134418 0)
(-0.028522 -0.107527 0)
(-0.00552483 -0.0442578 0)
(-0.00362913 0.0406248 0)
(-0.0165137 0.0897894 0)
(-0.0364134 0.111847 0)
(-0.0566322 0.115715 0)
(-0.0745022 0.109373 0)
(-0.0897288 0.0980109 0)
(-0.102604 0.084396 0)
(-0.11359 0.0697446 0)
(-0.123196 0.0543845 0)
(-0.131881 0.0381067 0)
(-0.139971 0.0202948 0)
(-0.147525 -4.17718e-05 0)
(-0.154117 -0.0241892 0)
(-0.158495 -0.0534057 0)
(-0.158214 -0.0880563 0)
(-0.149483 -0.125877 0)
(-0.127735 -0.159304 0)
(-0.0902197 -0.172934 0)
(-0.0432308 -0.145209 0)
(-0.00926419 -0.0622356 0)
(-0.00506317 0.0507857 0)
(-0.0214868 0.109451 0)
(-0.0451482 0.133414 0)
(-0.0676395 0.135522 0)
(-0.0862628 0.126309 0)
(-0.101254 0.11214 0)
(-0.113339 0.0962213 0)
(-0.123316 0.0798886 0)
(-0.131982 0.0634604 0)
(-0.140072 0.0466394 0)
(-0.148205 0.0286187 0)
(-0.156778 0.00803387 0)
(-0.165731 -0.0170903 0)
(-0.17411 -0.0491514 0)
(-0.179418 -0.0900925 0)
(-0.17695 -0.139175 0)
(-0.159737 -0.188829 0)
(-0.121142 -0.219271 0)
(-0.0643485 -0.196941 0)
(-0.0156929 -0.0904413 0)
(-0.00748902 0.064592 0)
(-0.0288175 0.133722 0)
(-0.0563448 0.157859 0)
(-0.0797902 0.156244 0)
(-0.0970761 0.142736 0)
(-0.109481 0.124891 0)
(-0.118391 0.106237 0)
(-0.125026 0.0881386 0)
(-0.13049 0.0708552 0)
(-0.135768 0.0539945 0)
(-0.141738 0.0365966 0)
(-0.149145 0.0169924 0)
(-0.158443 -0.00743315 0)
(-0.169389 -0.0403185 0)
(-0.180235 -0.0856671 0)
(-0.186446 -0.145412 0)
(-0.179487 -0.213896 0)
(-0.148385 -0.268878 0)
(-0.0896173 -0.263125 0)
(-0.025449 -0.133719 0)
(-0.0117005 0.0842765 0)
(-0.0396072 0.163396 0)
(-0.0694573 0.183786 0)
(-0.0898482 0.175232 0)
(-0.101046 0.155519 0)
(-0.106263 0.133058 0)
(-0.107811 0.111357 0)
(-0.107376 0.091584 0)
(-0.1063 0.0738026 0)
(-0.105674 0.0574691 0)
(-0.10645 0.0415093 0)
(-0.109546 0.0241067 0)
(-0.115872 0.00228536 0)
(-0.126165 -0.0285204 0)
(-0.140331 -0.0743223 0)
(-0.155799 -0.140559 0)
(-0.164856 -0.2261 0)
(-0.153751 -0.310985 0)
(-0.109327 -0.337551 0)
(-0.0367105 -0.196814 0)
(-0.0188808 0.114106 0)
(-0.0544989 0.197737 0)
(-0.0800801 0.206116 0)
(-0.0874258 0.185927 0)
(-0.083174 0.15821 0)
(-0.0735161 0.130909 0)
(-0.0616515 0.106712 0)
(-0.0494753 0.086139 0)
(-0.0382347 0.0687959 0)
(-0.0287745 0.0538779 0)
(-0.0217695 0.0402296 0)
(-0.0179575 0.026111 0)
(-0.0183774 0.00869615 0)
(-0.0245722 -0.0166414 0)
(-0.0384815 -0.0568952 0)
(-0.0611922 -0.120711 0)
(-0.0894487 -0.213905 0)
(-0.111233 -0.326315 0)
(-0.10366 -0.401196 0)
(-0.041273 -0.279794 0)
(-0.0292304 0.16235 0)
(-0.0688098 0.229578 0)
(-0.068821 0.209412 0)
(-0.0425163 0.173573 0)
(-0.00875151 0.139294 0)
(0.0247015 0.110044 0)
(0.055368 0.0863672 0)
(0.0822789 0.0676695 0)
(0.105116 0.0529301 0)
(0.12389 0.0410613 0)
(0.138646 0.0309205 0)
(0.149188 0.0210911 0)
(0.154754 0.00945709 0)
(0.153545 -0.00749601 0)
(0.14219 -0.0356774 0)
(0.115747 -0.0844037 0)
(0.0699005 -0.166069 0)
(0.00730013 -0.287785 0)
(-0.0447977 -0.413521 0)
(-0.0200265 -0.358754 0)
(-0.0233634 0.228178 0)
(-0.0354633 0.23093 0)
(0.039626 0.167731 0)
(0.12363 0.122877 0)
(0.193823 0.0912497 0)
(0.250408 0.0676427 0)
(0.295984 0.0501734 0)
(0.332426 0.0374533 0)
(0.361315 0.0281718 0)
(0.384017 0.0212369 0)
(0.401522 0.0157362 0)
(0.414289 0.0107642 0)
(0.421997 0.00517083 0)
(0.42307 -0.00282085 0)
(0.413854 -0.0162687 0)
(0.387412 -0.0408283 0)
(0.332575 -0.0882531 0)
(0.234957 -0.180136 0)
(0.109332 -0.31905 0)
(0.0684758 -0.353131 0)
(0.268724 0.135377 0)
(0.335631 0.120602 0)
(0.463652 0.0798706 0)
(0.567283 0.0529562 0)
(0.635518 0.0359246 0)
(0.681526 0.0244563 0)
(0.714186 0.0166579 0)
(0.737829 0.0114272 0)
(0.755065 0.00793491 0)
(0.76771 0.00556991 0)
(0.776931 0.00388779 0)
(0.783286 0.00252915 0)
(0.786675 0.00113058 0)
(0.786105 -0.000779427 0)
(0.779156 -0.00394535 0)
(0.760701 -0.00971718 0)
(0.720837 -0.0212448 0)
(0.637749 -0.0471578 0)
(0.477987 -0.106445 0)
(0.349011 -0.151035 0)
)
;

boundaryField
{
    movingWall
    {
        type            fixedValue;
        value           uniform (1 0 0);
    }
    fixedWalls
    {
        type            noSlip;
    }
    frontAndBack
    {
        type            empty;
    }
}


// ************************************************************************* //
