/*--------------------------------*- C++ -*----------------------------------*\
  =========                 |
  \\      /  F ield         | OpenFOAM: The Open Source CFD Toolbox
   \\    /   O peration     | Website:  https://openfoam.org
    \\  /    A nd           | Version:  6
     \\/     M anipulation  |
\*---------------------------------------------------------------------------*/
FoamFile
{
    version     2.0;
    format      ascii;
    class       volScalarField;
    location    "0.17";
    object      p;
}
// * * * * * * * * * * * * * * * * * * * * * * * * * * * * * * * * * * * * * //

dimensions      [0 2 -2 0 0 0 0];

internalField   nonuniform List<scalar> 
400
(
-1.22035e-08
-0.000281135
-0.00051469
-0.00057194
-0.000416529
-4.33957e-05
0.000538178
0.00131165
0.00225466
0.00333636
0.00451355
0.00572775
0.00690492
0.00795928
0.00880281
0.00936105
0.00959413
0.00951758
0.00921839
0.0088902
0.000280542
-9.69016e-06
-0.000178379
-0.000177195
-2.27769e-06
0.000353036
0.000886959
0.00158962
0.0024439
0.00342326
0.00448887
0.00558778
0.0066534
0.00760971
0.00838033
0.00890299
0.00914822
0.00913189
0.00890307
0.00856854
0.000525653
0.000138817
-4.31497e-05
-2.97711e-05
0.000146026
0.000485357
0.000988488
0.00164966
0.00245676
0.00338823
0.00440968
0.00547174
0.00651004
0.00744904
0.0082109
0.00873037
0.00897491
0.00895435
0.00868768
0.00823846
0.000592159
9.16055e-05
-0.00013596
-0.000135684
2.96687e-05
0.000355
0.000841019
0.00148522
0.00228048
0.00321054
0.0042453
0.00533733
0.00642047
0.0074126
0.00822447
0.00877651
0.00902356
0.00896697
0.0086098
0.00801065
0.000409083
-0.000195696
-0.000473256
-0.000493158
-0.000341351
-2.73462e-05
0.000450794
0.00109453
0.00190254
0.00286477
0.00395607
0.00513067
0.00631856
0.00742632
0.00834553
0.0089726
0.00924095
0.00914038
0.00866742
0.00790001
-7.21625e-05
-0.000774881
-0.00110305
-0.00114539
-0.00100743
-0.000701713
-0.000224044
0.00043218
0.00127293
0.00229619
0.00348372
0.00479284
0.00614945
0.0074453
0.00854472
0.00930766
0.00963269
0.00948933
0.00886922
0.00788894
-0.000891336
-0.00169404
-0.00207496
-0.00214128
-0.00201798
-0.00172036
-0.00124113
-0.000567164
0.000317
0.00142051
0.00273603
0.00422833
0.0058223
0.00739398
0.00877236
0.00976402
0.0102103
0.0100398
0.00922706
0.00794439
-0.00208865
-0.00300138
-0.00343976
-0.00353273
-0.00342812
-0.00314493
-0.00267252
-0.0019898
-0.00106915
0.000114225
0.00157058
0.00328087
0.00517823
0.00712865
0.00892101
0.0102873
0.0109748
0.0108286
0.00976682
0.00802888
-0.00371165
-0.00475166
-0.00525468
-0.00537872
-0.00530154
-0.00504851
-0.00460625
-0.00394497
-0.00302243
-0.00179314
-0.000220205
0.00170793
0.00395199
0.0063874
0.00877065
0.010739
0.0118904
0.011904
0.0105477
0.00811741
-0.00581982
-0.00701092
-0.00758624
-0.00774534
-0.00770794
-0.00751066
-0.00713948
-0.00655684
-0.00570534
-0.00451535
-0.00291404
-0.000840057
0.00172764
0.00471804
0.00789424
0.0107995
0.0128127
0.0133021
0.0116854
0.00823372
-0.00849006
-0.00986197
-0.0105122
-0.010703
-0.0107155
-0.010605
-0.0103611
-0.00994212
-0.00927915
-0.00828043
-0.00683299
-0.00480726
-0.00207772
0.00141587
0.00554151
0.00981457
0.0133465
0.0149701
0.0133679
0.00852993
-0.0118273
-0.0134136
-0.0141237
-0.0143205
-0.0143769
-0.0143775
-0.0143204
-0.0141667
-0.0138461
-0.0132562
-0.0122526
-0.0106311
-0.00811932
-0.00442024
0.000617054
0.0066775
0.0126708
0.0166289
0.0158517
0.00946018
-0.0159882
-0.0178181
-0.0185285
-0.0186539
-0.0187071
-0.018812
-0.0189784
-0.0191785
-0.0193553
-0.0194184
-0.0192178
-0.0184923
-0.0168047
-0.0135208
-0.00797339
5.46347e-05
0.0095858
0.0177128
0.0194937
0.0121544
-0.0212358
-0.023305
-0.0238527
-0.0237259
-0.0236484
-0.023784
-0.0241483
-0.0247271
-0.0254917
-0.0263896
-0.0273013
-0.0279478
-0.0277471
-0.0256833
-0.0203788
-0.0106517
0.00323816
0.0177415
0.0250177
0.0190477
-0.0280637
-0.0302413
-0.0302306
-0.0294811
-0.0290147
-0.0290018
-0.0294351
-0.0303043
-0.0316111
-0.0333543
-0.0354681
-0.0376879
-0.039327
-0.0390196
-0.0346408
-0.0237882
-0.00534735
0.0174122
0.034134
0.0343813
-0.0374759
-0.0392242
-0.0377415
-0.0356845
-0.0343982
-0.0339348
-0.0341979
-0.0351497
-0.0368015
-0.0391845
-0.0422672
-0.0457829
-0.0489447
-0.0500931
-0.0464836
-0.0346129
-0.011759
0.0202485
0.0504962
0.0640777
-0.0516915
-0.051207
-0.0462745
-0.0417933
-0.0390795
-0.0377733
-0.0375778
-0.0383674
-0.0401091
-0.0428049
-0.0463818
-0.0504843
-0.0541495
-0.0554086
-0.0510145
-0.0366788
-0.00841836
0.0339618
0.0817352
0.117219
-0.0766224
-0.0675211
-0.0552241
-0.0467361
-0.0418487
-0.0393276
-0.0385055
-0.0390463
-0.0407691
-0.0435511
-0.0471747
-0.051081
-0.0540146
-0.0536014
-0.0460355
-0.0262418
0.010944
0.0681357
0.141703
0.213916
-0.130815
-0.0879217
-0.0595376
-0.0457292
-0.0389011
-0.0356533
-0.0347935
-0.0356504
-0.0377798
-0.0408741
-0.0445425
-0.0480062
-0.0497211
-0.0469329
-0.0352582
-0.00847844
0.0410578
0.121249
0.239628
0.386226
-0.255828
-0.103472
-0.0439077
-0.0292503
-0.0247721
-0.0234227
-0.0244111
-0.0270136
-0.0305949
-0.0347644
-0.0390931
-0.0427476
-0.0441138
-0.0403637
-0.0269572
0.00307894
0.0605031
0.163451
0.339788
0.610348
)
;

boundaryField
{
    movingWall
    {
        type            zeroGradient;
    }
    fixedWalls
    {
        type            zeroGradient;
    }
    frontAndBack
    {
        type            empty;
    }
}


// ************************************************************************* //
