/*--------------------------------*- C++ -*----------------------------------*\
  =========                 |
  \\      /  F ield         | OpenFOAM: The Open Source CFD Toolbox
   \\    /   O peration     | Website:  https://openfoam.org
    \\  /    A nd           | Version:  6
     \\/     M anipulation  |
\*---------------------------------------------------------------------------*/
FoamFile
{
    version     2.0;
    format      ascii;
    class       surfaceScalarField;
    location    "0.17";
    object      phi;
}
// * * * * * * * * * * * * * * * * * * * * * * * * * * * * * * * * * * * * * //

dimensions      [0 3 -1 0 0 0 0];

internalField   nonuniform List<scalar> 
760
(
-4.09517e-10
4.09629e-10
-3.84372e-08
3.80276e-08
-1.05688e-07
6.72504e-08
-1.87686e-07
8.1998e-08
-2.73507e-07
8.58218e-08
-3.55754e-07
8.22468e-08
-4.29351e-07
7.35967e-08
-4.90401e-07
6.10499e-08
-5.35391e-07
4.49899e-08
-5.6087e-07
2.54793e-08
-5.6357e-07
2.70043e-09
-5.40905e-07
-2.26658e-08
-4.91788e-07
-4.91168e-08
-4.17694e-07
-7.40938e-08
-3.23755e-07
-9.3939e-08
-2.19544e-07
-1.04211e-07
-1.19049e-07
-1.00495e-07
-3.94655e-08
-7.95837e-08
1.90629e-09
-4.13718e-08
1.90627e-09
-3.8642e-08
3.90517e-08
-1.50305e-07
1.49691e-07
-3.15188e-07
2.32133e-07
-5.08588e-07
2.75397e-07
-7.09083e-07
2.86317e-07
-9.00366e-07
2.7353e-07
-1.07031e-06
2.43541e-07
-1.20938e-06
2.00124e-07
-1.30939e-06
1.44996e-07
-1.3629e-06
7.89919e-08
-1.36349e-06
3.28815e-09
-1.30665e-06
-7.95106e-08
-1.19132e-06
-1.64438e-07
-1.02189e-06
-2.43532e-07
-8.10014e-07
-3.05811e-07
-5.75894e-07
-3.3833e-07
-3.47654e-07
-3.28735e-07
-1.58037e-07
-2.69201e-07
-3.7131e-08
-1.62278e-07
-3.52247e-08
-7.3206e-08
1.12258e-07
-2.49344e-07
3.25829e-07
-4.92192e-07
4.74981e-07
-7.68781e-07
5.51986e-07
-1.05161e-06
5.6915e-07
-1.31945e-06
5.41361e-07
-1.5561e-06
4.80192e-07
-1.74867e-06
3.92703e-07
-1.88614e-06
2.82456e-07
-1.95863e-06
1.51486e-07
-1.95776e-06
2.41422e-09
-1.8777e-06
-1.59568e-07
-1.71717e-06
-3.24969e-07
-1.48191e-06
-4.78794e-07
-1.18722e-06
-6.00499e-07
-8.59551e-07
-6.65995e-07
-5.35808e-07
-6.52479e-07
-2.59073e-07
-5.45936e-07
-7.04009e-08
-3.5095e-07
-1.05626e-07
-9.90538e-08
2.11312e-07
-3.28105e-07
5.5488e-07
-6.3508e-07
7.81957e-07
-9.78411e-07
8.95317e-07
-1.32576e-06
9.16503e-07
-1.65288e-06
8.68475e-07
-1.94144e-06
7.68749e-07
-2.17677e-06
6.28034e-07
-2.34612e-06
4.51806e-07
-2.43782e-06
2.43187e-07
-2.44149e-06
6.08325e-09
-2.34928e-06
-2.51774e-07
-2.15822e-06
-5.16027e-07
-1.87342e-06
-7.63592e-07
-1.51164e-06
-9.62288e-07
-1.10387e-06
-1.07376e-06
-6.95256e-07
-1.06109e-06
-3.40371e-07
-9.0082e-07
-9.376e-08
-5.97561e-07
-1.99386e-07
-1.19318e-07
3.30629e-07
-3.92852e-07
8.28415e-07
-7.55066e-07
1.14417e-06
-1.15612e-06
1.29637e-06
-1.55938e-06
1.31976e-06
-1.93854e-06
1.24763e-06
-2.27427e-06
1.10447e-06
-2.55109e-06
9.04855e-07
-2.75515e-06
6.55867e-07
-2.87302e-06
3.61063e-07
-2.89171e-06
2.47667e-08
-2.79989e-06
-3.43588e-07
-2.59075e-06
-7.25175e-07
-2.26619e-06
-1.08815e-06
-1.8422e-06
-1.38627e-06
-1.35359e-06
-1.56238e-06
-8.55381e-07
-1.5593e-06
-4.17778e-07
-1.33842e-06
-1.13256e-07
-9.02083e-07
-3.12642e-07
-1.37269e-07
4.67898e-07
-4.51652e-07
1.1428e-06
-8.65624e-07
1.55814e-06
-1.32148e-06
1.75223e-06
-1.77869e-06
1.77697e-06
-2.20958e-06
1.67852e-06
-2.59463e-06
1.48952e-06
-2.91832e-06
1.22855e-06
-3.16615e-06
9.03695e-07
-3.32284e-06
5.17757e-07
-3.3719e-06
7.38248e-08
-3.29669e-06
-4.18801e-07
-3.08359e-06
-9.38275e-07
-2.72768e-06
-1.44406e-06
-2.24077e-06
-1.87318e-06
-1.65998e-06
-2.14317e-06
-1.05266e-06
-2.16662e-06
-5.11516e-07
-1.87957e-06
-1.3549e-07
-1.27811e-06
-4.48132e-07
-1.55541e-07
6.23439e-07
-5.11618e-07
1.49887e-06
-9.78633e-07
2.02516e-06
-1.49102e-06
2.26462e-06
-2.00467e-06
2.29063e-06
-2.49127e-06
2.16512e-06
-2.93199e-06
1.93024e-06
-3.31219e-06
1.60874e-06
-3.61739e-06
1.2089e-06
-3.83068e-06
7.31042e-07
-3.93137e-06
1.74518e-07
-3.8955e-06
-4.5467e-07
-3.69896e-06
-1.13482e-06
-3.32462e-06
-1.8184e-06
-2.77412e-06
-2.42368e-06
-2.08282e-06
-2.83447e-06
-1.33192e-06
-2.91752e-06
-6.4655e-07
-2.56494e-06
-1.67867e-07
-1.75679e-06
-6.15998e-07
-1.76144e-07
7.99583e-07
-5.78335e-07
1.90107e-06
-1.10323e-06
2.55005e-06
-1.67677e-06
2.83816e-06
-2.2516e-06
2.86546e-06
-2.79963e-06
2.71315e-06
-3.30397e-06
2.43458e-06
-3.75217e-06
2.05695e-06
-4.13108e-06
1.58781e-06
-4.42305e-06
1.02301e-06
-4.60327e-06
3.54739e-07
-4.6388e-06
-4.19139e-07
-4.49081e-06
-1.28281e-06
-4.12252e-06
-2.18669e-06
-3.51551e-06
-3.03069e-06
-2.69418e-06
-3.6558e-06
-1.75145e-06
-3.86024e-06
-8.57008e-07
-3.45938e-06
-2.2057e-07
-2.39323e-06
-8.36568e-07
-2.00691e-07
1.00027e-06
-6.56198e-07
2.35657e-06
-1.24608e-06
3.13993e-06
-1.88651e-06
3.47859e-06
-2.52718e-06
3.50613e-06
-3.14142e-06
3.32739e-06
-3.71593e-06
3.00909e-06
-4.24238e-06
2.5834e-06
-4.71105e-06
2.05648e-06
-5.10561e-06
1.41757e-06
-5.39849e-06
6.47623e-07
-5.54737e-06
-2.70266e-07
-5.49484e-06
-1.33535e-06
-5.17566e-06
-2.50586e-06
-4.53707e-06
-3.66928e-06
-3.57576e-06
-4.61711e-06
-2.38579e-06
-5.05021e-06
-1.19115e-06
-4.65402e-06
-3.0922e-07
-3.27516e-06
-1.14579e-06
-2.30878e-07
1.23115e-06
-7.49377e-07
2.87507e-06
-1.41256e-06
3.80311e-06
-2.12482e-06
4.19085e-06
-2.8333e-06
4.21461e-06
-3.51432e-06
4.00841e-06
-4.16018e-06
3.65495e-06
-4.76908e-06
3.19231e-06
-5.33763e-06
2.62503e-06
-5.85413e-06
1.93406e-06
-6.2915e-06
1.08499e-06
-6.59996e-06
3.81939e-08
-6.70211e-06
-1.2332e-06
-6.49658e-06
-2.71138e-06
-5.87988e-06
-4.28598e-06
-4.7962e-06
-5.7008e-06
-3.31562e-06
-6.53079e-06
-1.7125e-06
-6.25714e-06
-4.57854e-07
-4.52981e-06
-1.60364e-06
-2.69226e-07
1.50038e-06
-8.63249e-07
3.4691e-06
-1.60828e-06
4.54814e-06
-2.39422e-06
4.9768e-06
-3.16645e-06
4.98684e-06
-3.9062e-06
4.74815e-06
-4.61354e-06
4.36229e-06
-5.29566e-06
3.87442e-06
-5.95858e-06
3.28795e-06
-6.5994e-06
2.57489e-06
-7.19674e-06
1.68233e-06
-7.69887e-06
5.40323e-07
-8.01231e-06
-9.19756e-07
-7.9984e-06
-2.7253e-06
-7.4913e-06
-4.79308e-06
-6.35489e-06
-6.8372e-06
-4.59183e-06
-8.29386e-06
-2.48981e-06
-8.35916e-06
-7.01781e-07
-6.31783e-06
-2.30542e-06
-3.20252e-07
1.82063e-06
-1.00638e-06
4.15523e-06
-1.84078e-06
5.38253e-06
-2.69584e-06
5.83187e-06
-3.51694e-06
5.80794e-06
-4.2927e-06
5.52391e-06
-5.03287e-06
5.10245e-06
-5.75526e-06
4.59682e-06
-6.47763e-06
4.01032e-06
-7.20973e-06
3.30698e-06
-7.94224e-06
2.41484e-06
-8.63112e-06
1.2292e-06
-9.17928e-06
-3.71596e-07
-9.4232e-06
-2.48138e-06
-9.13928e-06
-5.077e-06
-8.09343e-06
-7.88304e-06
-6.1647e-06
-1.02226e-05
-3.56511e-06
-1.09588e-05
-1.0886e-06
-8.79434e-06
-3.39403e-06
-3.92573e-07
2.2132e-06
-1.19336e-06
4.95601e-06
-2.12092e-06
6.31009e-06
-3.02829e-06
6.73923e-06
-3.86519e-06
6.64483e-06
-4.63122e-06
6.28995e-06
-5.34729e-06
5.81852e-06
-6.04206e-06
5.29159e-06
-6.74521e-06
4.71347e-06
-7.48105e-06
4.04282e-06
-8.25825e-06
3.19205e-06
-9.05318e-06
2.02413e-06
-9.78719e-06
3.62408e-07
-1.03028e-05
-1.96577e-06
-1.03505e-05
-5.02928e-06
-9.60956e-06
-8.62399e-06
-7.78875e-06
-1.20434e-05
-4.88683e-06
-1.38607e-05
-1.6678e-06
-1.20134e-05
-5.06183e-06
-5.02946e-07
2.71615e-06
-1.44883e-06
5.9019e-06
-2.46258e-06
7.32383e-06
-3.38161e-06
7.65827e-06
-4.1707e-06
7.43392e-06
-4.84677e-06
6.96602e-06
-5.44365e-06
6.4154e-06
-5.99985e-06
5.84779e-06
-6.55483e-06
5.26845e-06
-7.1462e-06
4.63419e-06
-7.80348e-06
3.84933e-06
-8.53548e-06
2.75613e-06
-9.30885e-06
1.13578e-06
-1.00176e-05
-1.25706e-06
-1.04467e-05
-4.60018e-06
-1.02441e-05
-8.82651e-06
-8.94888e-06
-1.33387e-05
-6.20868e-06
-1.66009e-05
-2.44529e-06
-1.57768e-05
-7.50711e-06
-6.84204e-07
3.40035e-06
-1.81245e-06
7.03014e-06
-2.87544e-06
8.38683e-06
-3.71722e-06
8.50004e-06
-4.34213e-06
8.05883e-06
-4.79677e-06
7.42066e-06
-5.13213e-06
6.75076e-06
-5.39626e-06
6.11192e-06
-5.63517e-06
5.50737e-06
-5.89525e-06
4.89427e-06
-6.22413e-06
4.17821e-06
-6.66729e-06
3.19929e-06
-7.25566e-06
1.72415e-06
-7.97719e-06
-5.35532e-07
-8.72406e-06
-3.85331e-06
-9.21083e-06
-8.33974e-06
-8.88832e-06
-1.36612e-05
-7.00505e-06
-1.84841e-05
-3.28768e-06
-1.94941e-05
-1.07948e-05
-9.99137e-07
4.39949e-06
-2.33773e-06
8.36873e-06
-3.33081e-06
9.37991e-06
-3.90493e-06
9.07416e-06
-4.15569e-06
8.30959e-06
-4.18127e-06
7.44625e-06
-4.05825e-06
6.62774e-06
-3.84583e-06
5.8995e-06
-3.59353e-06
5.25507e-06
-3.34964e-06
4.65038e-06
-3.17035e-06
3.99892e-06
-3.1281e-06
3.15704e-06
-3.31417e-06
1.91021e-06
-3.82435e-06
-2.53471e-08
-4.70888e-06
-2.96878e-06
-5.85883e-06
-7.18979e-06
-6.80367e-06
-1.27163e-05
-6.5144e-06
-1.87734e-05
-3.82449e-06
-2.2184e-05
-1.46193e-05
-1.55604e-06
5.95553e-06
-3.03525e-06
9.84795e-06
-3.61545e-06
9.96011e-06
-3.52131e-06
8.98002e-06
-3.03109e-06
7.81937e-06
-2.3203e-06
6.73545e-06
-1.49447e-06
5.80192e-06
-6.19864e-07
5.02489e-06
2.58082e-07
4.37712e-06
1.09958e-06
3.80889e-06
1.85442e-06
3.24408e-06
2.44415e-06
2.56731e-06
2.745e-06
1.60936e-06
2.58128e-06
1.38373e-07
1.74996e-06
-2.13747e-06
1.17998e-07
-5.55782e-06
-2.12185e-06
-1.04765e-05
-3.96603e-06
-1.69292e-05
-3.45961e-06
-2.26905e-05
-1.80789e-05
-2.4728e-06
8.42833e-06
-3.47499e-06
1.08501e-05
-2.72255e-06
9.20767e-06
-1.20359e-06
7.46106e-06
5.53486e-07
6.06229e-06
2.33808e-06
4.95086e-06
4.06174e-06
4.07826e-06
5.68538e-06
3.40125e-06
7.19263e-06
2.86987e-06
8.57088e-06
2.43063e-06
9.79266e-06
2.0223e-06
1.07946e-05
1.56537e-06
1.14533e-05
9.50651e-07
1.15625e-05
2.92252e-08
1.08241e-05
-1.39908e-06
8.88594e-06
-3.61969e-06
5.52734e-06
-7.1179e-06
1.29112e-06
-1.2693e-05
-1.52048e-06
-1.98789e-05
-1.95994e-05
-2.89091e-06
1.13192e-05
-5.48377e-07
8.50761e-06
3.3385e-06
5.32079e-06
6.99322e-06
3.80635e-06
1.01856e-05
2.86994e-06
1.29517e-05
2.18472e-06
1.53416e-05
1.68838e-06
1.74084e-05
1.33441e-06
1.9202e-05
1.07628e-06
2.07569e-05
8.75792e-07
2.208e-05
6.99117e-07
2.3136e-05
5.09457e-07
2.38251e-05
2.61518e-07
2.39569e-05
-1.02553e-07
2.32176e-05
-6.59781e-07
2.11368e-05
-1.53896e-06
1.70898e-05
-3.07085e-06
1.06337e-05
-6.23692e-06
3.07365e-06
-1.23188e-05
-1.65257e-05
1.13192e-05
1.98268e-05
2.51476e-05
2.8954e-05
3.18239e-05
3.40086e-05
3.5697e-05
3.70314e-05
3.81077e-05
3.89835e-05
3.96826e-05
4.01921e-05
4.04536e-05
4.0351e-05
3.96913e-05
3.81523e-05
3.50814e-05
2.88445e-05
1.65257e-05
)
;

boundaryField
{
    movingWall
    {
        type            calculated;
        value           uniform 0;
    }
    fixedWalls
    {
        type            calculated;
        value           uniform 0;
    }
    frontAndBack
    {
        type            empty;
        value           nonuniform 0();
    }
}


// ************************************************************************* //
