/*--------------------------------*- C++ -*----------------------------------*\
  =========                 |
  \\      /  F ield         | OpenFOAM: The Open Source CFD Toolbox
   \\    /   O peration     | Website:  https://openfoam.org
    \\  /    A nd           | Version:  6
     \\/     M anipulation  |
\*---------------------------------------------------------------------------*/
FoamFile
{
    version     2.0;
    format      ascii;
    class       volVectorField;
    location    "0.17";
    object      U;
}
// * * * * * * * * * * * * * * * * * * * * * * * * * * * * * * * * * * * * * //

dimensions      [0 1 -1 0 0 0 0];

internalField   nonuniform List<vector> 
400
(
(6.12035e-05 -6.27197e-05 0)
(-0.000264622 0.000228782 0)
(-0.00135277 0.000473069 0)
(-0.00289667 0.000596155 0)
(-0.00461333 0.000629742 0)
(-0.00632074 0.000606663 0)
(-0.00789877 0.000547075 0)
(-0.00926108 0.000460037 0)
(-0.0103356 0.000347327 0)
(-0.0110532 0.000207837 0)
(-0.0113456 4.1431e-05 0)
(-0.0111519 -0.000147861 0)
(-0.0104318 -0.000349093 0)
(-0.00918556 -0.000542295 0)
(-0.00747583 -0.000697808 0)
(-0.0054485 -0.000778486 0)
(-0.00334079 -0.000745912 0)
(-0.0014726 -0.000569668 0)
(-0.000225297 -0.000248118 0)
(9.61749e-05 8.91385e-05 0)
(-0.000233399 0.000258983 0)
(-0.00159855 0.00156684 0)
(-0.00445084 0.00258956 0)
(-0.00815907 0.00312717 0)
(-0.0121892 0.00327113 0)
(-0.0161723 0.00313619 0)
(-0.0198342 0.00280436 0)
(-0.0229645 0.00232022 0)
(-0.02539 0.00170116 0)
(-0.0269554 0.000953252 0)
(-0.0275199 8.67951e-05 0)
(-0.0269687 -0.000870101 0)
(-0.0252389 -0.00185997 0)
(-0.0223553 -0.00278793 0)
(-0.0184715 -0.00352087 0)
(-0.0139047 -0.00389964 0)
(-0.00914082 -0.00376936 0)
(-0.00480006 -0.00302627 0)
(-0.0016023 -0.00169797 0)
(-0.000192559 -0.000193094 0)
(-0.000516209 0.00139182 0)
(-0.00282157 0.00447669 0)
(-0.00714461 0.00671608 0)
(-0.0125173 0.00789286 0)
(-0.0182347 0.00818011 0)
(-0.0238298 0.00780351 0)
(-0.0289431 0.00693823 0)
(-0.0332909 0.00568937 0)
(-0.0366389 0.00410794 0)
(-0.0387796 0.00222164 0)
(-0.0395274 6.73655e-05 0)
(-0.0387334 -0.00227903 0)
(-0.0363167 -0.00467722 0)
(-0.0323102 -0.00690515 0)
(-0.0269153 -0.00865897 0)
(-0.0205469 -0.00958308 0)
(-0.0138404 -0.00934137 0)
(-0.0076032 -0.00772795 0)
(-0.00280652 -0.00482257 0)
(-0.000451048 -0.00128533 0)
(-0.00072041 0.00314158 0)
(-0.00377499 0.00858971 0)
(-0.00931441 0.0122949 0)
(-0.0160403 0.0141843 0)
(-0.0230923 0.0145774 0)
(-0.0299387 0.013842 0)
(-0.036174 0.0122639 0)
(-0.0414772 0.0100193 0)
(-0.0455802 0.00719902 0)
(-0.0482407 0.00385618 0)
(-0.0492352 5.82219e-05 0)
(-0.0483735 -0.00406404 0)
(-0.045535 -0.00827266 0)
(-0.0407256 -0.0121916 0)
(-0.0341499 -0.0153045 0)
(-0.0262794 -0.0170049 0)
(-0.0178738 -0.0167174 0)
(-0.00993487 -0.0140871 0)
(-0.00372215 -0.00921433 0)
(-0.00061261 -0.00294938 0)
(-0.000872855 0.00534009 0)
(-0.00454041 0.0136446 0)
(-0.0111205 0.0190197 0)
(-0.0190162 0.021661 0)
(-0.0272216 0.0221132 0)
(-0.035155 0.0209271 0)
(-0.0423872 0.0185173 0)
(-0.0485816 0.0151358 0)
(-0.0534532 0.0109102 0)
(-0.0567325 0.00591162 0)
(-0.0581527 0.000227776 0)
(-0.0574618 -0.00596407 0)
(-0.0544627 -0.0123289 0)
(-0.0490845 -0.0183201 0)
(-0.0414836 -0.0231666 0)
(-0.0321523 -0.0259389 0)
(-0.0219806 -0.0257318 0)
(-0.0122273 -0.0219582 0)
(-0.00453968 -0.0146962 0)
(-0.000724027 -0.00501644 0)
(-0.00100406 0.00790906 0)
(-0.00522583 0.0195285 0)
(-0.0127728 0.0267849 0)
(-0.0217715 0.0302311 0)
(-0.0310785 0.0307149 0)
(-0.0400723 0.0290178 0)
(-0.0483154 0.025705 0)
(-0.0554732 0.0211073 0)
(-0.0612567 0.01538 0)
(-0.0653739 0.0085932 0)
(-0.0675061 0.000830541 0)
(-0.0673128 -0.00770994 0)
(-0.0644722 -0.0166126 0)
(-0.0587682 -0.0251521 0)
(-0.0502323 -0.03225 0)
(-0.0393203 -0.0365457 0)
(-0.027053 -0.0366509 0)
(-0.0150416 -0.0316002 0)
(-0.0055029 -0.0213981 0)
(-0.000836669 -0.00747076 0)
(-0.00113749 0.0108315 0)
(-0.00592405 0.0262205 0)
(-0.0144593 0.0355799 0)
(-0.0245905 0.039898 0)
(-0.0350388 0.0404062 0)
(-0.0451535 0.0381701 0)
(-0.0545065 0.0339303 0)
(-0.0627837 0.0280994 0)
(-0.0697093 0.0208453 0)
(-0.0749791 0.0122084 0)
(-0.0782196 0.00222698 0)
(-0.078977 -0.00892836 0)
(-0.0767485 -0.0208038 0)
(-0.0710804 -0.0325077 0)
(-0.061758 -0.042602 0)
(-0.0490858 -0.049145 0)
(-0.0341702 -0.0500183 0)
(-0.0190809 -0.0436132 0)
(-0.00690557 -0.0297481 0)
(-0.00100331 -0.0104335 0)
(-0.00129052 0.0141357 0)
(-0.00670753 0.0337772 0)
(-0.0163279 0.0454711 0)
(-0.027688 0.0507325 0)
(-0.0393684 0.0512683 0)
(-0.0507036 0.0484909 0)
(-0.0612969 0.0433466 0)
(-0.0708815 0.036333 0)
(-0.0792222 0.0276132 0)
(-0.0860265 0.0171597 0)
(-0.0908786 0.00490624 0)
(-0.0931994 -0.00908196 0)
(-0.0922499 -0.0243976 0)
(-0.0872224 -0.0400414 0)
(-0.0774764 -0.0541904 0)
(-0.0629534 -0.0641393 0)
(-0.0446951 -0.0666627 0)
(-0.025295 -0.0590253 0)
(-0.00915858 -0.0405711 0)
(-0.00129702 -0.0141926 0)
(-0.00147744 0.0178852 0)
(-0.00763495 0.0423177 0)
(-0.0184926 0.0565835 0)
(-0.0312141 0.0628461 0)
(-0.0442272 0.0634052 0)
(-0.0568703 0.0600973 0)
(-0.0688088 0.0541121 0)
(-0.0798594 0.04604 0)
(-0.0898685 0.0360222 0)
(-0.0985988 0.0239206 0)
(-0.105631 0.00948858 0)
(-0.110275 -0.00742801 0)
(-0.111522 -0.0266138 0)
(-0.108086 -0.0471019 0)
(-0.0986678 -0.0667346 0)
(-0.0825148 -0.0818704 0)
(-0.0602752 -0.0876531 0)
(-0.0349767 -0.0793869 0)
(-0.0128835 -0.0552499 0)
(-0.00184099 -0.0192849 0)
(-0.00171474 0.0221747 0)
(-0.0087666 0.0520115 0)
(-0.0210558 0.0690761 0)
(-0.0352775 0.0763546 0)
(-0.0496878 0.0768956 0)
(-0.0636554 0.0730582 0)
(-0.0769459 0.0663231 0)
(-0.0895039 0.0573883 0)
(-0.10131 0.0463623 0)
(-0.112247 0.0329563 0)
(-0.12196 0.0166585 0)
(-0.129709 -0.00305293 0)
(-0.134228 -0.026372 0)
(-0.133672 -0.0526199 0)
(-0.125847 -0.0794961 0)
(-0.108887 -0.102349 0)
(-0.082493 -0.114083 0)
(-0.0496934 -0.106753 0)
(-0.0190014 -0.0759079 0)
(-0.00285377 -0.0266383 0)
(-0.00202959 0.0271385 0)
(-0.0101879 0.063079 0)
(-0.0241402 0.0831227 0)
(-0.039974 0.0913373 0)
(-0.0557533 0.0917352 0)
(-0.0709141 0.08732 0)
(-0.0853665 0.0799202 0)
(-0.0992276 0.0703631 0)
(-0.112667 0.0587263 0)
(-0.125758 0.0445435 0)
(-0.138309 0.026959 0)
(-0.149644 0.00491876 0)
(-0.158341 -0.0224574 0)
(-0.162038 -0.0551579 0)
(-0.157528 -0.0911274 0)
(-0.141464 -0.124867 0)
(-0.111871 -0.146555 0)
(-0.0708201 -0.143347 0)
(-0.0287576 -0.105494 0)
(-0.00471971 -0.0377816 0)
(-0.00247425 0.032977 0)
(-0.012045 0.0758078 0)
(-0.0279295 0.0988919 0)
(-0.0454132 0.107785 0)
(-0.0623575 0.107759 0)
(-0.0783244 0.102605 0)
(-0.0934158 0.0945554 0)
(-0.107955 0.0845906 0)
(-0.122334 0.0727728 0)
(-0.136878 0.0584574 0)
(-0.151657 0.0403972 0)
(-0.166222 0.0168664 0)
(-0.179222 -0.0139818 0)
(-0.188036 -0.0532527 0)
(-0.18864 -0.0997188 0)
(-0.176119 -0.147572 0)
(-0.146166 -0.184272 0)
(-0.0984134 -0.190594 0)
(-0.0435273 -0.147501 0)
(-0.00808017 -0.0551187 0)
(-0.00315364 0.0400159 0)
(-0.0146023 0.0905859 0)
(-0.0327166 0.116515 0)
(-0.0517235 0.125517 0)
(-0.0693164 0.124527 0)
(-0.0852883 0.118272 0)
(-0.099987 0.109419 0)
(-0.113953 0.0991145 0)
(-0.127802 0.087429 0)
(-0.14212 0.073572 0)
(-0.157311 0.0559215 0)
(-0.173328 0.0320331 0)
(-0.189242 -0.00108227 0)
(-0.202708 -0.0460329 0)
(-0.209542 -0.103099 0)
(-0.203748 -0.167139 0)
(-0.178477 -0.223851 0)
(-0.129377 -0.247312 0)
(-0.0640034 -0.204794 0)
(-0.013837 -0.0821216 0)
(-0.00428111 0.0488249 0)
(-0.018341 0.107948 0)
(-0.0389521 0.136002 0)
(-0.0589913 0.144022 0)
(-0.0761533 0.141138 0)
(-0.0906703 0.133119 0)
(-0.103219 0.123039 0)
(-0.114556 0.112183 0)
(-0.125483 0.100645 0)
(-0.136802 0.0875544 0)
(-0.149247 0.0710216 0)
(-0.163304 0.0480079 0)
(-0.178837 0.0144527 0)
(-0.19451 -0.0338842 0)
(-0.207064 -0.0993644 0)
(-0.210625 -0.178843 0)
(-0.196495 -0.258425 0)
(-0.155546 -0.307456 0)
(-0.0882282 -0.276947 0)
(-0.022721 -0.122949 0)
(-0.00629047 0.060453 0)
(-0.0241253 0.128602 0)
(-0.0472427 0.157022 0)
(-0.0669868 0.162137 0)
(-0.0815813 0.155914 0)
(-0.0921207 0.145122 0)
(-0.0997679 0.133091 0)
(-0.105525 0.121151 0)
(-0.110332 0.109399 0)
(-0.115123 0.0969563 0)
(-0.120871 0.0818542 0)
(-0.128576 0.0607847 0)
(-0.139093 0.0290298 0)
(-0.152694 -0.0189647 0)
(-0.168216 -0.0878212 0)
(-0.181654 -0.177711 0)
(-0.184352 -0.278319 0)
(-0.163293 -0.359086 0)
(-0.108909 -0.356803 0)
(-0.0339196 -0.180998 0)
(-0.010035 0.0769492 0)
(-0.0334089 0.153351 0)
(-0.0580328 0.178367 0)
(-0.0741673 0.17744 0)
(-0.0820072 0.165873 0)
(-0.0843091 0.151062 0)
(-0.0829825 0.136252 0)
(-0.0793482 0.122605 0)
(-0.0744651 0.110125 0)
(-0.0692926 0.0979454 0)
(-0.0648682 0.0842137 0)
(-0.0624905 0.0657842 0)
(-0.0638254 0.0379748 0)
(-0.0707822 -0.00524943 0)
(-0.0848941 -0.0702098 0)
(-0.105667 -0.160983 0)
(-0.127405 -0.274067 0)
(-0.136368 -0.386252 0)
(-0.112687 -0.428852 0)
(-0.0427741 -0.256466 0)
(-0.0170043 0.102708 0)
(-0.0480228 0.182421 0)
(-0.0695854 0.196333 0)
(-0.0740346 0.184656 0)
(-0.0671225 0.165522 0)
(-0.0543676 0.145805 0)
(-0.038553 0.127962 0)
(-0.0212587 0.112599 0)
(-0.00353363 0.099412 0)
(0.0138169 0.0874781 0)
(0.0299348 0.0751645 0)
(0.0435749 0.0598433 0)
(0.0527685 0.0375767 0)
(0.0545971 0.00298148 0)
(0.0453167 -0.0505216 0)
(0.0214396 -0.129872 0)
(-0.017083 -0.239853 0)
(-0.0610991 -0.372475 0)
(-0.0837804 -0.469481 0)
(-0.0390531 -0.340881 0)
(-0.0285765 0.146991 0)
(-0.0663031 0.211255 0)
(-0.0672759 0.198078 0)
(-0.0418321 0.170752 0)
(-0.00730273 0.144217 0)
(0.028907 0.121245 0)
(0.0643457 0.102339 0)
(0.0979799 0.0871339 0)
(0.129346 0.0748305 0)
(0.158215 0.0643896 0)
(0.18424 0.0544532 0)
(0.206579 0.0431077 0)
(0.223468 0.0276114 0)
(0.231789 0.00416433 0)
(0.22675 -0.0323012 0)
(0.202031 -0.0887143 0)
(0.151102 -0.175514 0)
(0.0726729 -0.303989 0)
(-0.0071755 -0.445729 0)
(-0.00633419 -0.402248 0)
(-0.031047 0.215694 0)
(-0.0458658 0.215787 0)
(0.0239398 0.158359 0)
(0.103641 0.120273 0)
(0.173408 0.0940038 0)
(0.233072 0.0741857 0)
(0.284467 0.0592055 0)
(0.328851 0.0480096 0)
(0.367258 0.0395435 0)
(0.400549 0.0328294 0)
(0.429176 0.0269021 0)
(0.452908 0.0206381 0)
(0.470484 0.0125839 0)
(0.479181 0.000809062 0)
(0.474245 -0.0172817 0)
(0.448365 -0.0456197 0)
(0.390714 -0.0927126 0)
(0.286827 -0.180901 0)
(0.146367 -0.322234 0)
(0.0888193 -0.367055 0)
(0.260847 0.13224 0)
(0.321521 0.117279 0)
(0.442138 0.0788599 0)
(0.542314 0.0538967 0)
(0.611431 0.0381985 0)
(0.661024 0.0275154 0)
(0.698867 0.0200781 0)
(0.728619 0.0149251 0)
(0.752403 0.0113336 0)
(0.771658 0.00874416 0)
(0.787198 0.00670667 0)
(0.79915 0.00480335 0)
(0.806824 0.00258261 0)
(0.808528 -0.00048859 0)
(0.801162 -0.00507236 0)
(0.779718 -0.0121464 0)
(0.734985 -0.0239016 0)
(0.650932 -0.047048 0)
(0.489964 -0.102713 0)
(0.357947 -0.1495 0)
)
;

boundaryField
{
    movingWall
    {
        type            fixedValue;
        value           uniform (1 0 0);
    }
    fixedWalls
    {
        type            noSlip;
    }
    frontAndBack
    {
        type            empty;
    }
}


// ************************************************************************* //
