/*--------------------------------*- C++ -*----------------------------------*\
  =========                 |
  \\      /  F ield         | OpenFOAM: The Open Source CFD Toolbox
   \\    /   O peration     | Website:  https://openfoam.org
    \\  /    A nd           | Version:  6
     \\/     M anipulation  |
\*---------------------------------------------------------------------------*/
FoamFile
{
    version     2.0;
    format      ascii;
    class       volScalarField;
    location    "0.045";
    object      p;
}
// * * * * * * * * * * * * * * * * * * * * * * * * * * * * * * * * * * * * * //

dimensions      [0 2 -2 0 0 0 0];

internalField   nonuniform List<scalar> 
400
(
-1.81177e-10
-0.000319652
-0.000369554
-3.84777e-05
0.00065244
0.0016711
0.00298013
0.00453519
0.00628528
0.00817257
0.0101325
0.0120949
0.0139848
0.0157252
0.017239
0.0184527
0.0193013
0.0197328
0.0197201
0.0193911
0.000317466
-1.41024e-05
-2.10699e-05
0.000326982
0.000997012
0.00197142
0.00322279
0.00471188
0.00639086
0.00820429
0.0100897
0.0119788
0.0137986
0.0154743
0.0169318
0.0181022
0.0189307
0.0193795
0.0194093
0.0190658
0.000377378
-3.61727e-05
-5.7355e-05
0.000293391
0.000960538
0.00192846
0.00317297
0.00465681
0.00633361
0.00814891
0.0100407
0.0119405
0.0137748
0.0154675
0.0169429
0.0181302
0.0189739
0.019435
0.0194499
0.0190165
5.5817e-05
-0.000437119
-0.000484939
-0.000129927
0.000555187
0.00155254
0.0028378
0.00437357
0.00611329
0.00800199
0.00997647
0.0119662
0.0138946
0.0156811
0.0172439
0.0185055
0.0194028
0.019889
0.0198803
0.0193577
-0.000661834
-0.00122338
-0.0012921
-0.000920876
-0.000195156
0.00086465
0.00223307
0.00387149
0.0057321
0.00775826
0.0098844
0.0120364
0.0141324
0.0160847
0.0178018
0.0191945
0.020188
0.0207239
0.0207013
0.0200969
-0.00179889
-0.0024332
-0.00251824
-0.00211552
-0.00132351
-0.000165742
0.00133047
0.00312444
0.00516628
0.00739695
0.00974761
0.0121394
0.0144835
0.0166822
0.0186305
0.0202223
0.0213649
0.0219831
0.0219558
0.0212587
-0.00339549
-0.00411766
-0.00421658
-0.00376503
-0.00287828
-0.00158414
8.73269e-05
0.00209265
0.00437933
0.00688553
0.00953885
0.0122552
0.0149378
0.0174763
0.0197482
0.0216238
0.022984
0.0237282
0.0237058
0.0228903
-0.00551043
-0.00634296
-0.00645426
-0.005934
-0.00492066
-0.00344845
-0.00155117
0.000724173
0.00332221
0.00617853
0.00921774
0.0123511
0.0154737
0.0184616
0.0211702
0.0234381
0.0251083
0.0260399
0.0260356
0.0250625
-0.00822531
-0.00919814
-0.0093201
-0.00870684
-0.00752994
-0.0058331
-0.00365534
-0.00104796
0.00193081
0.00521486
0.0087275
0.0123775
0.016054
0.0196198
0.022905
0.025708
0.0278167
0.0290268
0.0290637
0.0278759
-0.0116503
-0.0128027
-0.0129312
-0.0121926
-0.0108066
-0.00883109
-0.00631232
-0.00330686
0.000124388
0.00391524
0.00799074
0.0122618
0.0166166
0.0209092
0.0249447
0.0284724
0.0312042
0.0328355
0.0329583
0.031472
-0.0159347
-0.0173182
-0.0174419
-0.0165303
-0.0148753
-0.0125554
-0.00962641
-0.00615167
-0.00219462
0.00218061
0.00690548
0.0119003
0.0170625
0.0222479
0.0272447
0.0317497
0.0353749
0.03766
0.0379629
0.0360553
-0.0212861
-0.0229672
-0.0230567
-0.021897
-0.0198889
-0.0171397
-0.0137177
-0.00969499
-0.00513793
-0.000106346
0.00534345
0.0111517
0.0172408
0.0234897
0.0296916
0.0355032
0.0404196
0.0437494
0.0444382
0.0419447
-0.0280109
-0.030068
-0.0300515
-0.0285172
-0.0260316
-0.0227374
-0.0187173
-0.0140555
-0.00882273
-0.00307312
0.0031552
0.0098348
0.016935
0.0243919
0.0320503
0.0395744
0.0463599
0.0514025
0.0529395
0.0497096
-0.036598
-0.0390936
-0.0388007
-0.0366733
-0.0335196
-0.0295144
-0.0247545
-0.0193404
-0.013351
-0.00683531
0.000190772
0.00774338
0.0158626
0.0245873
0.0338926
0.0435673
0.0530295
0.0609395
0.0643736
0.0605484
-0.0479079
-0.0507741
-0.0498035
-0.0467018
-0.0425854
-0.0376244
-0.0319229
-0.0256049
-0.0187631
-0.0114447
-0.00364402
0.00470302
0.0137224
0.0235977
0.0345352
0.0466648
0.0597779
0.0724333
0.0800471
0.0769869
-0.0635992
-0.0662661
-0.0636846
-0.0589526
-0.0534195
-0.047131
-0.0401881
-0.032749
-0.024927
-0.0167698
-0.0082533
0.000727542
0.0103762
0.0210249
0.0331782
0.0475668
0.0649898
0.0847684
0.100871
0.103337
-0.0871498
-0.0873899
-0.0811151
-0.0736284
-0.0659257
-0.0577141
-0.0490869
-0.0402368
-0.0312819
-0.0222524
-0.0130959
-0.00367278
0.00627061
0.017171
0.029805
0.0456327
0.0671138
0.0960613
0.127562
0.146904
-0.126899
-0.116215
-0.101606
-0.0894212
-0.078379
-0.0675281
-0.0568613
-0.0464857
-0.0364244
-0.0266253
-0.0169709
-0.0072698
0.00278575
0.0137372
0.0266473
0.0437641
0.069602
0.110664
0.169402
0.228882
-0.206085
-0.150682
-0.116085
-0.097567
-0.0836242
-0.0709884
-0.0593001
-0.0483808
-0.0380316
-0.0280933
-0.0183981
-0.00871191
0.00134684
0.012506
0.0263304
0.0463142
0.0799253
0.140961
0.249219
0.398591
-0.368652
-0.176464
-0.103007
-0.0836447
-0.0728674
-0.0626585
-0.0530724
-0.0439299
-0.0349406
-0.0260017
-0.0170483
-0.00792077
0.00174225
0.0127421
0.0269651
0.0490124
0.0901893
0.175417
0.350386
0.652738
)
;

boundaryField
{
    movingWall
    {
        type            zeroGradient;
    }
    fixedWalls
    {
        type            zeroGradient;
    }
    frontAndBack
    {
        type            empty;
    }
}


// ************************************************************************* //
