/*--------------------------------*- C++ -*----------------------------------*\
  =========                 |
  \\      /  F ield         | OpenFOAM: The Open Source CFD Toolbox
   \\    /   O peration     | Website:  https://openfoam.org
    \\  /    A nd           | Version:  6
     \\/     M anipulation  |
\*---------------------------------------------------------------------------*/
FoamFile
{
    version     2.0;
    format      ascii;
    class       surfaceScalarField;
    location    "0.045";
    object      phi;
}
// * * * * * * * * * * * * * * * * * * * * * * * * * * * * * * * * * * * * * //

dimensions      [0 3 -1 0 0 0 0];

internalField   nonuniform List<scalar> 
760
(
-1.54808e-08
1.54808e-08
-7.33612e-08
5.78803e-08
-1.49796e-07
7.64345e-08
-2.28243e-07
7.8447e-08
-3.01239e-07
7.29963e-08
-3.65298e-07
6.40589e-08
-4.18328e-07
5.30298e-08
-4.58765e-07
4.04378e-08
-4.85347e-07
2.65815e-08
-4.9708e-07
1.17335e-08
-4.93278e-07
-3.80187e-09
-4.73609e-07
-1.96693e-08
-4.3816e-07
-3.54494e-08
-3.8752e-07
-5.06397e-08
-3.22924e-07
-6.45958e-08
-2.46599e-07
-7.63256e-08
-1.62739e-07
-8.38595e-08
-8.01601e-08
-8.25793e-08
-1.73044e-08
-6.28557e-08
-1.73044e-08
-5.85821e-08
7.40629e-08
-1.85568e-07
1.84867e-07
-3.41594e-07
2.3246e-07
-5.00867e-07
2.3772e-07
-6.49378e-07
2.21507e-07
-7.79643e-07
1.94324e-07
-8.87057e-07
1.60443e-07
-9.68321e-07
1.21702e-07
-1.02093e-06
7.91922e-08
-1.04305e-06
3.38507e-08
-1.0335e-06
-1.33465e-08
-9.91866e-07
-6.13075e-08
-9.18553e-07
-1.08763e-07
-8.15006e-07
-1.54187e-07
-6.84003e-07
-1.95598e-07
-5.30362e-07
-2.29966e-07
-3.62683e-07
-2.51539e-07
-1.97056e-07
-2.48206e-07
-6.20911e-08
-1.97821e-07
-7.93954e-08
-8.2022e-08
1.56085e-07
-2.48148e-07
3.50993e-07
-4.46667e-07
4.30979e-07
-6.4725e-07
4.38303e-07
-8.33564e-07
4.07821e-07
-9.96628e-07
3.57389e-07
-1.1308e-06
2.94618e-07
-1.23206e-06
2.22956e-07
-1.29737e-06
1.44506e-07
-1.32456e-06
6.10404e-08
-1.31225e-06
-2.56547e-08
-1.25995e-06
-1.13614e-07
-1.16815e-06
-2.00561e-07
-1.0386e-06
-2.83735e-07
-8.74678e-07
-3.5952e-07
-6.82238e-07
-4.22406e-07
-4.71576e-07
-4.62202e-07
-2.61545e-07
-4.58236e-07
-8.59427e-08
-3.73423e-07
-1.65338e-07
-9.41067e-08
2.50191e-07
-2.84569e-07
5.41455e-07
-5.10247e-07
6.56657e-07
-7.36762e-07
6.64818e-07
-9.46322e-07
6.17381e-07
-1.12932e-06
5.40382e-07
-1.27974e-06
4.45045e-07
-1.39333e-06
3.36547e-07
-1.46689e-06
2.18062e-07
-1.49806e-06
9.22102e-08
-1.48529e-06
-3.84254e-08
-1.42787e-06
-1.71033e-07
-1.3261e-06
-3.02331e-07
-1.18156e-06
-4.28271e-07
-9.97636e-07
-5.43447e-07
-7.80485e-07
-6.39558e-07
-5.41305e-07
-7.01382e-07
-3.01091e-07
-6.9845e-07
-9.87508e-08
-5.75764e-07
-2.64089e-07
-1.03947e-07
3.54139e-07
-3.15578e-07
7.53086e-07
-5.65738e-07
9.06818e-07
-8.15837e-07
9.14916e-07
-1.04646e-06
8.48001e-07
-1.24744e-06
7.41366e-07
-1.41263e-06
6.10233e-07
-1.53772e-06
4.61635e-07
-1.61947e-06
2.99819e-07
-1.65544e-06
1.28179e-07
-1.64383e-06
-5.00343e-08
-1.58356e-06
-2.31309e-07
-1.4744e-06
-4.11483e-07
-1.31742e-06
-5.85252e-07
-1.11559e-06
-7.45284e-07
-8.7508e-07
-8.80064e-07
-6.08029e-07
-9.68433e-07
-3.38141e-07
-9.68338e-07
-1.10284e-07
-8.03621e-07
-3.74373e-07
-1.15691e-07
4.6983e-07
-3.51887e-07
9.89282e-07
-6.30526e-07
1.18546e-06
-9.0809e-07
1.19248e-06
-1.16314e-06
1.10305e-06
-1.3849e-06
9.63125e-07
-1.56714e-06
7.92477e-07
-1.70569e-06
6.00184e-07
-1.79742e-06
3.91548e-07
-1.83983e-06
1.70583e-07
-1.83083e-06
-5.90337e-08
-1.76876e-06
-2.93377e-07
-1.65258e-06
-5.27664e-07
-1.48235e-06
-7.5548e-07
-1.26019e-06
-9.67448e-07
-9.91994e-07
-1.14826e-06
-6.90967e-07
-1.26946e-06
-3.8444e-07
-1.27487e-06
-1.24962e-07
-1.0631e-06
-4.99335e-07
-1.3112e-07
6.0095e-07
-3.98623e-07
1.25678e-06
-7.1308e-07
1.49991e-06
-1.0248e-06
1.5042e-06
-1.30986e-06
1.38812e-06
-1.55685e-06
1.21011e-06
-1.75966e-06
9.95294e-07
-1.91451e-06
7.55033e-07
-2.0186e-06
4.95637e-07
-2.06952e-06
2.21497e-07
-2.06487e-06
-6.36788e-08
-2.00222e-06
-3.56028e-07
-1.87925e-06
-6.50629e-07
-1.69444e-06
-9.40296e-07
-1.44829e-06
-1.2136e-06
-1.14583e-06
-1.45072e-06
-8.01268e-07
-1.61402e-06
-4.46665e-07
-1.62947e-06
-1.44993e-07
-1.36477e-06
-6.44328e-07
-1.5141e-07
7.5236e-07
-4.59213e-07
1.56459e-06
-8.18944e-07
1.85964e-06
-1.173e-06
1.85825e-06
-1.49448e-06
1.7096e-06
-1.77149e-06
1.48712e-06
-1.99846e-06
1.22227e-06
-2.17245e-06
9.29018e-07
-2.2914e-06
6.14583e-07
-2.35324e-06
2.83344e-07
-2.35537e-06
-6.15555e-08
-2.29432e-06
-4.1707e-07
-2.166e-06
-7.78949e-07
-1.96635e-06
-1.13995e-06
-1.69308e-06
-1.48687e-06
-1.34911e-06
-1.79468e-06
-9.49132e-07
-2.014e-06
-5.31084e-07
-2.04752e-06
-1.72411e-07
-1.72344e-06
-8.16739e-07
-1.77958e-07
9.30318e-07
-5.37493e-07
1.92412e-06
-9.5399e-07
2.27614e-06
-1.35963e-06
2.2639e-06
-1.72416e-06
2.07413e-06
-2.0356e-06
1.79856e-06
-2.28969e-06
1.47636e-06
-2.48508e-06
1.12441e-06
-2.62113e-06
7.50636e-07
-2.69663e-06
3.58837e-07
-2.7089e-06
-4.92811e-08
-2.65336e-06
-4.72611e-07
-2.52342e-06
-9.08889e-07
-2.31123e-06
-1.35214e-06
-2.00978e-06
-1.78832e-06
-1.61766e-06
-2.1868e-06
-1.14838e-06
-2.48328e-06
-6.46677e-07
-2.54922e-06
-2.10271e-07
-2.15985e-06
-1.02701e-06
-2.12937e-07
1.14326e-06
-6.3905e-07
2.35024e-06
-1.1263e-06
2.76339e-06
-1.59372e-06
2.73132e-06
-2.00752e-06
2.48792e-06
-2.35665e-06
2.1477e-06
-2.63938e-06
1.75909e-06
-2.85719e-06
1.34222e-06
-3.01189e-06
9.05328e-07
-3.10385e-06
4.50804e-07
-3.13086e-06
-2.22804e-08
-3.08713e-06
-5.16333e-07
-2.96296e-06
-1.03306e-06
-2.74505e-06
-1.57005e-06
-2.41881e-06
-2.11456e-06
-1.9745e-06
-2.63111e-06
-1.42069e-06
-3.03709e-06
-8.08545e-07
-3.16137e-06
-2.64079e-07
-2.70432e-06
-1.29109e-06
-2.60027e-07
1.40328e-06
-7.72729e-07
2.86294e-06
-1.34791e-06
3.33857e-06
-1.88788e-06
3.27129e-06
-2.35584e-06
2.95588e-06
-2.74356e-06
2.53541e-06
-3.05384e-06
2.06937e-06
-3.2928e-06
1.58118e-06
-3.46617e-06
1.0787e-06
-3.57713e-06
5.61756e-07
-3.62467e-06
2.52619e-08
-3.60226e-06
-5.38747e-07
-3.4966e-06
-1.13872e-06
-3.28717e-06
-1.77948e-06
-2.94785e-06
-2.45388e-06
-2.45408e-06
-3.12487e-06
-1.80154e-06
-3.68963e-06
-1.04366e-06
-3.91926e-06
-3.44644e-07
-3.40333e-06
-1.63573e-06
-3.2574e-07
1.72902e-06
-9.53015e-07
3.49021e-06
-1.63719e-06
4.02274e-06
-2.26001e-06
3.89412e-06
-2.78382e-06
3.47969e-06
-3.2066e-06
2.95819e-06
-3.53885e-06
2.40162e-06
-3.7938e-06
1.83613e-06
-3.98309e-06
1.26799e-06
-4.11427e-06
6.92941e-07
-4.18897e-06
9.99636e-08
-4.20091e-06
-5.26805e-07
-4.13362e-06
-1.20601e-06
-3.95806e-06
-1.95504e-06
-3.63202e-06
-2.77992e-06
-3.1063e-06
-3.65059e-06
-2.34858e-06
-4.44736e-06
-1.40106e-06
-4.86677e-06
-4.74279e-07
-4.33011e-06
-2.11001e-06
-4.22058e-07
2.15108e-06
-1.20398e-06
4.27213e-06
-2.02185e-06
4.84061e-06
-2.73444e-06
4.60671e-06
-3.30886e-06
4.05411e-06
-3.75522e-06
3.40455e-06
-4.09619e-06
2.74258e-06
-4.3554e-06
2.09534e-06
-4.55275e-06
1.46533e-06
-4.70214e-06
8.42334e-07
-4.80974e-06
2.07566e-07
-4.87166e-06
-4.64882e-07
-4.87027e-06
-1.20741e-06
-4.76874e-06
-2.05657e-06
-4.50532e-06
-3.04334e-06
-3.99367e-06
-4.16224e-06
-3.14786e-06
-5.29317e-06
-1.96606e-06
-6.04857e-06
-6.98607e-07
-5.59756e-06
-2.80862e-06
-5.71428e-07
2.72251e-06
-1.56491e-06
5.26562e-06
-2.54071e-06
5.81641e-06
-3.33868e-06
5.40468e-06
-3.94338e-06
4.65882e-06
-4.3867e-06
3.84786e-06
-4.70965e-06
3.06554e-06
-4.94995e-06
2.33564e-06
-5.13807e-06
1.65345e-06
-5.29609e-06
1.00035e-06
-5.43691e-06
3.48388e-07
-5.56229e-06
-3.39499e-07
-5.658e-06
-1.11169e-06
-5.68445e-06
-2.03012e-06
-5.56201e-06
-3.16578e-06
-5.15691e-06
-4.56734e-06
-4.29406e-06
-6.15602e-06
-2.8626e-06
-7.48003e-06
-1.10087e-06
-7.3593e-06
-3.90948e-06
-8.14971e-07
3.53748e-06
-2.09378e-06
6.54442e-06
-3.23313e-06
6.95576e-06
-4.07868e-06
6.25023e-06
-4.65876e-06
5.2389e-06
-5.04176e-06
4.23086e-06
-5.29437e-06
3.31815e-06
-5.47155e-06
2.51283e-06
-5.61531e-06
1.79722e-06
-5.75631e-06
1.14135e-06
-5.91543e-06
5.07508e-07
-6.10343e-06
-1.51507e-07
-6.31631e-06
-8.98808e-07
-6.52276e-06
-1.82367e-06
-6.63835e-06
-3.05018e-06
-6.48636e-06
-4.71933e-06
-5.77306e-06
-6.86932e-06
-4.18157e-06
-9.07153e-06
-1.79307e-06
-9.74779e-06
-5.70256e-06
-1.21973e-06
4.75721e-06
-2.84648e-06
8.17117e-06
-4.07393e-06
8.18321e-06
-4.83627e-06
7.01257e-06
-5.25604e-06
5.65867e-06
-5.45744e-06
4.43226e-06
-5.53847e-06
3.39918e-06
-5.57059e-06
2.54495e-06
-5.60392e-06
1.83054e-06
-5.67381e-06
1.21124e-06
-5.80644e-06
6.40134e-07
-6.02174e-06
6.37903e-08
-6.33157e-06
-5.88975e-07
-6.7278e-06
-1.42744e-06
-7.14953e-06
-2.62846e-06
-7.41628e-06
-4.45258e-06
-7.13705e-06
-7.14855e-06
-5.71233e-06
-1.04962e-05
-2.80874e-06
-1.26514e-05
-8.5113e-06
-1.86298e-06
6.6202e-06
-3.74496e-06
1.00531e-05
-4.72005e-06
9.1583e-06
-5.03596e-06
7.32849e-06
-4.99013e-06
5.61284e-06
-4.77422e-06
4.21634e-06
-4.50756e-06
3.13252e-06
-4.26298e-06
2.30038e-06
-4.0837e-06
1.65126e-06
-3.99678e-06
1.12432e-06
-4.02323e-06
6.66586e-07
-4.18478e-06
2.25337e-07
-4.50709e-06
-2.66664e-07
-5.01554e-06
-9.18992e-07
-5.7105e-06
-1.9335e-06
-6.49388e-06
-3.66919e-06
-7.0103e-06
-6.63213e-06
-6.44927e-06
-1.10573e-05
-3.79347e-06
-1.53072e-05
-1.23048e-05
-2.71395e-06
9.33414e-06
-4.03025e-06
1.13694e-05
-3.71944e-06
8.84748e-06
-2.7964e-06
6.40545e-06
-1.76206e-06
4.5785e-06
-8.00686e-07
3.25497e-06
1.72407e-08
2.31459e-06
6.67819e-07
1.6498e-06
1.14932e-06
1.16976e-06
1.46669e-06
8.06955e-07
1.62122e-06
5.12052e-07
1.6033e-06
2.43257e-07
1.38483e-06
-4.81885e-08
9.09767e-07
-4.43933e-07
8.87402e-08
-1.11248e-06
-1.17071e-06
-2.40973e-06
-2.80439e-06
-4.99846e-06
-4.17036e-06
-9.6913e-06
-3.56569e-06
-1.59119e-05
-1.58705e-05
-2.56219e-06
1.18963e-05
-1.49601e-07
8.95686e-06
3.40341e-06
5.29447e-06
6.40607e-06
3.40279e-06
8.72457e-06
2.26e-06
1.0484e-05
1.49554e-06
1.1802e-05
9.96574e-07
1.27749e-05
6.76897e-07
1.3478e-05
4.66646e-07
1.39648e-05
3.20167e-07
1.42676e-05
2.09267e-07
1.43969e-05
1.13924e-07
1.43348e-05
1.39136e-08
1.40145e-05
-1.23592e-07
1.32756e-05
-3.73558e-07
1.1796e-05
-9.30188e-07
9.09127e-06
-2.2937e-06
4.86488e-06
-5.4649e-06
3.49572e-07
-1.13966e-05
-1.55209e-05
1.18963e-05
2.08532e-05
2.61477e-05
2.95505e-05
3.18105e-05
3.3306e-05
3.43026e-05
3.49795e-05
3.54461e-05
3.57663e-05
3.59755e-05
3.60895e-05
3.61034e-05
3.59798e-05
3.56062e-05
3.4676e-05
3.23823e-05
2.69174e-05
1.55209e-05
)
;

boundaryField
{
    movingWall
    {
        type            calculated;
        value           uniform 0;
    }
    fixedWalls
    {
        type            calculated;
        value           uniform 0;
    }
    frontAndBack
    {
        type            empty;
        value           nonuniform 0();
    }
}


// ************************************************************************* //
