(0.000191 -0.000193 0.0)
(0.000011 0.000147 0.0)
(-0.001228 0.000540 0.0)
(-0.003318 0.000806 0.0)
(-0.005946 0.000929 0.0)
(-0.008742 0.000929 0.0)
(-0.011393 0.000832 0.0)
(-0.013643 0.000662 0.0)
(-0.015293 0.000440 0.0)
(-0.016205 0.000179 0.0)
(-0.016299 -0.000112 0.0)
(-0.015552 -0.000404 0.0)
(-0.014001 -0.000668 0.0)
(-0.011759 -0.000876 0.0)
(-0.009025 -0.000996 0.0)
(-0.006097 -0.000997 0.0)
(-0.003359 -0.000852 0.0)
(-0.001210 -0.000552 0.0)
(0.000036 -0.000138 0.0)
(0.000197 0.000201 0.0)
(-0.000126 -0.000047 0.0)
(-0.001596 0.001610 0.0)
(-0.005338 0.003318 0.0)
(-0.010803 0.004489 0.0)
(-0.017268 0.005027 0.0)
(-0.024022 0.004976 0.0)
(-0.030379 0.004433 0.0)
(-0.035746 0.003507 0.0)
(-0.039659 0.002305 0.0)
(-0.041802 0.000910 0.0)
(-0.041999 -0.000644 0.0)
(-0.040209 -0.002191 0.0)
(-0.036529 -0.003579 0.0)
(-0.031221 -0.004665 0.0)
(-0.024739 -0.005304 0.0)
(-0.017729 -0.005357 0.0)
(-0.010981 -0.004727 0.0)
(-0.005325 -0.003403 0.0)
(-0.001535 -0.001576 0.0)
(-0.000100 0.000091 0.0)
(-0.000522 0.001156 0.0)
(-0.003453 0.005338 0.0)
(-0.009670 0.009200 0.0)
(-0.018113 0.011821 0.0)
(-0.027757 0.012979 0.0)
(-0.037651 0.012734 0.0)
(-0.046866 0.011285 0.0)
(-0.054587 0.008888 0.0)
(-0.060180 0.005807 0.0)
(-0.063225 0.002263 0.0)
(-0.063499 -0.001685 0.0)
(-0.060955 -0.005613 0.0)
(-0.055719 -0.009127 0.0)
(-0.048132 -0.011886 0.0)
(-0.038793 -0.013552 0.0)
(-0.028568 -0.013812 0.0)
(-0.018513 -0.012455 0.0)
(-0.009740 -0.009490 0.0)
(-0.003383 -0.005304 0.0)
(-0.000480 -0.001042 0.0)
(-0.000868 0.003339 0.0)
(-0.005173 0.011118 0.0)
(-0.013762 0.017707 0.0)
(-0.024999 0.022038 0.0)
(-0.037521 0.023828 0.0)
(-0.050164 0.023183 0.0)
(-0.061813 0.020436 0.0)
(-0.071489 0.016036 0.0)
(-0.078454 0.010447 0.0)
(-0.082237 0.004063 0.0)
(-0.082605 -0.003053 0.0)
(-0.079503 -0.010144 0.0)
(-0.073053 -0.016506 0.0)
(-0.063612 -0.021554 0.0)
(-0.051853 -0.024707 0.0)
(-0.038793 -0.025422 0.0)
(-0.025700 -0.023323 0.0)
(-0.013960 -0.018395 0.0)
(-0.005113 -0.011183 0.0)
(-0.000813 -0.003141 0.0)
(-0.001172 0.006371 0.0)
(-0.006768 0.018771 0.0)
(-0.017657 0.028610 0.0)
(-0.031599 0.034829 0.0)
(-0.046860 0.037189 0.0)
(-0.062061 0.035907 0.0)
(-0.075923 0.031498 0.0)
(-0.087342 0.024643 0.0)
(-0.095511 0.016051 0.0)
(-0.099956 0.006284 0.0)
(-0.100463 -0.004619 0.0)
(-0.096969 -0.015511 0.0)
(-0.089546 -0.025344 0.0)
(-0.078513 -0.033264 0.0)
(-0.064567 -0.038398 0.0)
(-0.048828 -0.039896 0.0)
(-0.032764 -0.037140 0.0)
(-0.018061 -0.030004 0.0)
(-0.006734 -0.019107 0.0)
(-0.001101 -0.006120 0.0)
(-0.001462 0.010178 0.0)
(-0.008336 0.028223 0.0)
(-0.021531 0.041852 0.0)
(-0.038168 0.050128 0.0)
(-0.056113 0.052974 0.0)
(-0.073770 0.050806 0.0)
(-0.089710 0.044379 0.0)
(-0.102730 0.034655 0.0)
(-0.111990 0.022622 0.0)
(-0.117059 0.008982 0.0)
(-0.117777 -0.006275 0.0)
(-0.114062 -0.021560 0.0)
(-0.105892 -0.035478 0.0)
(-0.093496 -0.046889 0.0)
(-0.077536 -0.054569 0.0)
(-0.059189 -0.057268 0.0)
(-0.040103 -0.054001 0.0)
(-0.022305 -0.044414 0.0)
(-0.008377 -0.029102 0.0)
(-0.001378 -0.009935 0.0)
(-0.001768 0.014751 0.0)
(-0.009991 0.039473 0.0)
(-0.025589 0.057426 0.0)
(-0.044981 0.067903 0.0)
(-0.065594 0.071116 0.0)
(-0.085613 0.067792 0.0)
(-0.103485 0.059000 0.0)
(-0.117945 0.046035 0.0)
(-0.128162 0.030188 0.0)
(-0.133809 0.012215 0.0)
(-0.134824 -0.007903 0.0)
(-0.131095 -0.028110 0.0)
(-0.122460 -0.046704 0.0)
(-0.108995 -0.062253 0.0)
(-0.091257 -0.073124 0.0)
(-0.070394 -0.077557 0.0)
(-0.048193 -0.074043 0.0)
(-0.027044 -0.061810 0.0)
(-0.010219 -0.041307 0.0)
(-0.001686 -0.014614 0.0)
(-0.002121 0.020139 0.0)
(-0.011848 0.052607 0.0)
(-0.030052 0.075393 0.0)
(-0.052312 0.088143 0.0)
(-0.075562 0.091529 0.0)
(-0.097780 0.086728 0.0)
(-0.117339 0.075226 0.0)
(-0.132969 0.058697 0.0)
(-0.143915 0.038738 0.0)
(-0.150036 0.016011 0.0)
(-0.151432 -0.009380 0.0)
(-0.147946 -0.034925 0.0)
(-0.139226 -0.058698 0.0)
(-0.125132 -0.079014 0.0)
(-0.106005 -0.093801 0.0)
(-0.082850 -0.100679 0.0)
(-0.057492 -0.097396 0.0)
(-0.032671 -0.082485 0.0)
(-0.012474 -0.056012 0.0)
(-0.002076 -0.020280 0.0)
(-0.002545 0.026463 0.0)
(-0.014011 0.067835 0.0)
(-0.035114 0.095910 0.0)
(-0.060386 0.110873 0.0)
(-0.086178 0.114090 0.0)
(-0.110285 0.107394 0.0)
(-0.131093 0.092810 0.0)
(-0.147434 0.072447 0.0)
(-0.158726 0.048154 0.0)
(-0.165120 0.020319 0.0)
(-0.166950 -0.010596 0.0)
(-0.164005 -0.041684 0.0)
(-0.155699 -0.070958 0.0)
(-0.141586 -0.096582 0.0)
(-0.121664 -0.116081 0.0)
(-0.096648 -0.126359 0.0)
(-0.068259 -0.124152 0.0)
(-0.039495 -0.106854 0.0)
(-0.015360 -0.073724 0.0)
(-0.002614 -0.027186 0.0)
(-0.003067 0.033905 0.0)
(-0.016546 0.085480 0.0)
(-0.040836 0.119224 0.0)
(-0.069190 0.136130 0.0)
(-0.097279 0.138603 0.0)
(-0.122749 0.129419 0.0)
(-0.144112 0.111325 0.0)
(-0.160462 0.086911 0.0)
(-0.171545 0.058140 0.0)
(-0.177921 0.024964 0.0)
(-0.180200 -0.011471 0.0)
(-0.178114 -0.047986 0.0)
(-0.170816 -0.082775 0.0)
(-0.157467 -0.114073 0.0)
(-0.137587 -0.139123 0.0)
(-0.111442 -0.154059 0.0)
(-0.080447 -0.154269 0.0)
(-0.047666 -0.135403 0.0)
(-0.019045 -0.095180 0.0)
(-0.003373 -0.035756 0.0)
(-0.003730 0.042716 0.0)
(-0.019512 0.105910 0.0)
(-0.047108 0.145519 0.0)
(-0.078246 0.163778 0.0)
(-0.107937 0.164617 0.0)
(-0.133826 0.152136 0.0)
(-0.154721 0.130039 0.0)
(-0.170163 0.101444 0.0)
(-0.180404 0.068156 0.0)
(-0.186476 0.029642 0.0)
(-0.189222 -0.011975 0.0)
(-0.188339 -0.053410 0.0)
(-0.182756 -0.093330 0.0)
(-0.171180 -0.130374 0.0)
(-0.152550 -0.161760 0.0)
(-0.126497 -0.182866 0.0)
(-0.093822 -0.187401 0.0)
(-0.057306 -0.168501 0.0)
(-0.023731 -0.121254 0.0)
(-0.004426 -0.046625 0.0)
(-0.004623 0.053235 0.0)
(-0.023069 0.129473 0.0)
(-0.053828 0.174691 0.0)
(-0.086793 0.193159 0.0)
(-0.116501 0.191044 0.0)
(-0.140983 0.174246 0.0)
(-0.159713 0.147672 0.0)
(-0.172963 0.114966 0.0)
(-0.181659 0.077372 0.0)
(-0.187202 0.033964 0.0)
(-0.190475 -0.012109 0.0)
(-0.191209 -0.057639 0.0)
(-0.188259 -0.101899 0.0)
(-0.179901 -0.144304 0.0)
(-0.164400 -0.182483 0.0)
(-0.140499 -0.211317 0.0)
(-0.107921 -0.222620 0.0)
(-0.068593 -0.206113 0.0)
(-0.029805 -0.152740 0.0)
(-0.005937 -0.060597 0.0)
(-0.005923 0.065981 0.0)
(-0.027559 0.156463 0.0)
(-0.061025 0.206142 0.0)
(-0.094058 0.222770 0.0)
(-0.121145 0.215823 0.0)
(-0.141326 0.193541 0.0)
(-0.155270 0.162207 0.0)
(-0.164346 0.125821 0.0)
(-0.170265 0.084564 0.0)
(-0.174611 0.037465 0.0)
(-0.178142 -0.011748 0.0)
(-0.180738 -0.060294 0.0)
(-0.181494 -0.107867 0.0)
(-0.178433 -0.154711 0.0)
(-0.169014 -0.199426 0.0)
(-0.150691 -0.237132 0.0)
(-0.121461 -0.258024 0.0)
(-0.081517 -0.247470 0.0)
(-0.037870 -0.190200 0.0)
(-0.008225 -0.078573 0.0)
(-0.007960 0.081807 0.0)
(-0.033537 0.187053 0.0)
(-0.068657 0.238480 0.0)
(-0.098892 0.249972 0.0)
(-0.119628 0.235777 0.0)
(-0.131825 0.206957 0.0)
(-0.137883 0.171069 0.0)
(-0.140438 0.131910 0.0)
(-0.141827 0.088134 0.0)
(-0.143683 0.039444 0.0)
(-0.146775 -0.010632 0.0)
(-0.151107 -0.060400 0.0)
(-0.155969 -0.109965 0.0)
(-0.159751 -0.160014 0.0)
(-0.159638 -0.210223 0.0)
(-0.151617 -0.256952 0.0)
(-0.131122 -0.290132 0.0)
(-0.095144 -0.290518 0.0)
(-0.048625 -0.233836 0.0)
(-0.011834 -0.101838 0.0)
(-0.011288 0.102134 0.0)
(-0.041712 0.221026 0.0)
(-0.076085 0.269004 0.0)
(-0.098867 0.270659 0.0)
(-0.108263 0.246666 0.0)
(-0.108411 0.210909 0.0)
(-0.103815 0.171489 0.0)
(-0.097791 0.130885 0.0)
(-0.092718 0.086355 0.0)
(-0.090420 0.038996 0.0)
(-0.091915 -0.008779 0.0)
(-0.097403 -0.056751 0.0)
(-0.106401 -0.105844 0.0)
(-0.117617 -0.157212 0.0)
(-0.128528 -0.211309 0.0)
(-0.134807 -0.266062 0.0)
(-0.129797 -0.313095 0.0)
(-0.105790 -0.330758 0.0)
(-0.062003 -0.282895 0.0)
(-0.017462 -0.132484 0.0)
(-0.016627 0.129326 0.0)
(-0.052388 0.257069 0.0)
(-0.080677 0.292775 0.0)
(-0.088569 0.278910 0.0)
(-0.080729 0.243410 0.0)
(-0.064815 0.201689 0.0)
(-0.045892 0.160691 0.0)
(-0.028002 0.120209 0.0)
(-0.014176 0.077734 0.0)
(-0.006235 0.035301 0.0)
(-0.004945 -0.006533 0.0)
(-0.010521 -0.048902 0.0)
(-0.022948 -0.093658 0.0)
(-0.041748 -0.142776 0.0)
(-0.065166 -0.197729 0.0)
(-0.089068 -0.258125 0.0)
(-0.105840 -0.318341 0.0)
(-0.104210 -0.359293 0.0)
(-0.074469 -0.333835 0.0)
(-0.025028 -0.173605 0.0)
(-0.024066 0.167595 0.0)
(-0.063244 0.290971 0.0)
(-0.074174 0.300697 0.0)
(-0.056426 0.266230 0.0)
(-0.022725 0.220079 0.0)
(0.015889 0.175517 0.0)
(0.052564 0.135740 0.0)
(0.083172 0.097789 0.0)
(0.105532 0.061670 0.0)
(0.118916 0.028006 0.0)
(0.123330 -0.004339 0.0)
(0.118764 -0.037306 0.0)
(0.104729 -0.073306 0.0)
(0.080295 -0.115056 0.0)
(0.044982 -0.165322 0.0)
(0.000950 -0.226005 0.0)
(-0.044346 -0.295362 0.0)
(-0.076408 -0.361145 0.0)
(-0.075750 -0.376198 0.0)
(-0.030911 -0.228530 0.0)
(-0.029084 0.221755 0.0)
(-0.062062 0.309903 0.0)
(-0.032488 0.275757 0.0)
(0.029888 0.220521 0.0)
(0.097962 0.170043 0.0)
(0.160112 0.128872 0.0)
(0.211754 0.094126 0.0)
(0.251321 0.064474 0.0)
(0.278976 0.039539 0.0)
(0.295673 0.017781 0.0)
(0.302359 -0.002543 0.0)
(0.299334 -0.023354 0.0)
(0.285824 -0.046888 0.0)
(0.259638 -0.075913 0.0)
(0.217107 -0.113946 0.0)
(0.155611 -0.165184 0.0)
(0.078431 -0.233269 0.0)
(-0.001882 -0.316348 0.0)
(-0.052520 -0.385399 0.0)
(-0.026697 -0.292262 0.0)
(0.001901 0.268032 0.0)
(0.008538 0.277083 0.0)
(0.117449 0.197405 0.0)
(0.234607 0.136526 0.0)
(0.328888 0.095323 0.0)
(0.400946 0.065104 0.0)
(0.454477 0.043658 0.0)
(0.492604 0.028275 0.0)
(0.518181 0.016672 0.0)
(0.533536 0.007229 0.0)
(0.540172 -0.001299 0.0)
(0.538546 -0.010068 0.0)
(0.527826 -0.020410 0.0)
(0.505421 -0.034159 0.0)
(0.465801 -0.054134 0.0)
(0.401243 -0.084863 0.0)
(0.306066 -0.133665 0.0)
(0.177071 -0.211152 0.0)
(0.047168 -0.314928 0.0)
(0.023413 -0.314096 0.0)
(0.294258 0.142706 0.0)
(0.385237 0.124791 0.0)
(0.538968 0.076181 0.0)
(0.653359 0.044435 0.0)
(0.722435 0.026178 0.0)
(0.765889 0.015572 0.0)
(0.794524 0.009327 0.0)
(0.813398 0.005513 0.0)
(0.825465 0.003004 0.0)
(0.832540 0.001156 0.0)
(0.835575 -0.000428 0.0)
(0.834781 -0.002066 0.0)
(0.829609 -0.004120 0.0)
(0.818522 -0.007153 0.0)
(0.798218 -0.012160 0.0)
(0.762262 -0.021028 0.0)
(0.699384 -0.037542 0.0)
(0.586294 -0.069225 0.0)
(0.420157 -0.124119 0.0)
(0.312118 -0.149563 0.0)
