/*--------------------------------*- C++ -*----------------------------------*\
  =========                 |
  \\      /  F ield         | OpenFOAM: The Open Source CFD Toolbox
   \\    /   O peration     | Website:  https://openfoam.org
    \\  /    A nd           | Version:  6
     \\/     M anipulation  |
\*---------------------------------------------------------------------------*/
FoamFile
{
    version     2.0;
    format      ascii;
    class       surfaceScalarField;
    location    "0.015";
    object      phi;
}
// * * * * * * * * * * * * * * * * * * * * * * * * * * * * * * * * * * * * * //

dimensions      [0 3 -1 0 0 0 0];

internalField   nonuniform List<scalar> 
760
(
1.31071e-08
-1.31065e-08
-2.09171e-08
3.40246e-08
-1.06906e-07
8.59896e-08
-2.29471e-07
1.22565e-07
-3.69939e-07
1.40469e-07
-5.10544e-07
1.40605e-07
-6.36054e-07
1.2551e-07
-7.34482e-07
9.84273e-08
-7.97249e-07
6.27673e-08
-8.19158e-07
2.19094e-08
-7.98349e-07
-2.08094e-08
-7.36322e-07
-6.20266e-08
-6.38042e-07
-9.82791e-08
-5.12067e-07
-1.25975e-07
-3.70592e-07
-1.41474e-07
-2.29223e-07
-1.4137e-07
-1.06116e-07
-1.23106e-07
-2.01542e-08
-8.59613e-08
1.34253e-08
-3.3579e-08
1.34258e-08
-3.14274e-08
1.83205e-08
-1.66744e-07
1.69341e-07
-4.0218e-07
3.21425e-07
-7.09233e-07
4.29618e-07
-1.05065e-06
4.81886e-07
-1.38855e-06
4.78508e-07
-1.68897e-06
4.25928e-07
-1.92426e-06
3.33711e-07
-2.07418e-06
2.12689e-07
-2.12635e-06
7.40796e-08
-2.07637e-06
-7.07844e-08
-1.92797e-06
-2.10431e-07
-1.69307e-06
-3.33173e-07
-1.39186e-06
-4.27187e-07
-1.05235e-06
-4.80985e-07
-7.09191e-07
-4.8453e-07
-4.00979e-07
-4.31319e-07
-1.65394e-07
-3.21547e-07
-3.07626e-08
-1.68211e-07
-1.73366e-08
-8.45579e-08
1.02878e-07
-3.29251e-07
4.14035e-07
-7.07421e-07
6.99595e-07
-1.17564e-06
8.97838e-07
-1.68273e-06
9.88975e-07
-2.17743e-06
9.7321e-07
-2.61367e-06
8.62167e-07
-2.95372e-06
6.73761e-07
-3.16984e-06
4.28805e-07
-3.24497e-06
1.49216e-07
-3.17308e-06
-1.42674e-07
-2.95929e-06
-4.2422e-07
-2.62002e-06
-6.72442e-07
-2.18289e-06
-8.64319e-07
-1.68606e-06
-9.77818e-07
-1.17647e-06
-9.94117e-07
-7.06379e-07
-9.01408e-07
-3.27652e-07
-7.00274e-07
-8.36583e-08
-4.12206e-07
-1.00995e-07
-1.333e-07
2.36178e-07
-4.85906e-07
7.66641e-07
-1.00408e-06
1.21777e-06
-1.62542e-06
1.51918e-06
-2.2843e-06
1.64785e-06
-2.91803e-06
1.60694e-06
-3.47157e-06
1.41571e-06
-3.90042e-06
1.10261e-06
-4.17209e-06
7.00472e-07
-4.26667e-06
2.43801e-07
-4.17707e-06
-2.32273e-07
-3.90915e-06
-6.92145e-07
-3.4819e-06
-1.09969e-06
-2.92756e-06
-1.41867e-06
-2.29107e-06
-1.6143e-06
-1.62858e-06
-1.65661e-06
-1.00414e-06
-1.52585e-06
-4.8448e-07
-1.21993e-06
-1.32249e-07
-7.64437e-07
-2.33245e-07
-1.78954e-07
4.15131e-07
-6.3841e-07
1.2261e-06
-1.29682e-06
1.87618e-06
-2.06997e-06
2.29233e-06
-2.87621e-06
2.4541e-06
-3.64165e-06
2.37238e-06
-4.30376e-06
2.07782e-06
-4.81332e-06
1.61217e-06
-5.13505e-06
1.0222e-06
-5.24754e-06
3.56289e-07
-5.14305e-06
-3.36762e-07
-4.82757e-06
-1.00762e-06
-4.32122e-06
-1.60604e-06
-3.65873e-06
-2.08116e-06
-2.88975e-06
-2.38328e-06
-2.07817e-06
-2.46819e-06
-1.29979e-06
-2.30423e-06
-6.38051e-07
-1.88167e-06
-1.77973e-07
-1.22451e-06
-4.11217e-07
-2.24627e-07
6.39758e-07
-7.93471e-07
1.79494e-06
-1.59594e-06
2.67865e-06
-2.52348e-06
3.21986e-06
-3.4768e-06
3.40742e-06
-4.37066e-06
3.26624e-06
-5.13618e-06
2.84333e-06
-5.72119e-06
2.19718e-06
-6.08937e-06
1.39038e-06
-6.21901e-06
4.85935e-07
-6.10213e-06
-4.53638e-07
-5.74428e-06
-1.36547e-06
-5.16522e-06
-2.18511e-06
-4.4003e-06
-2.84607e-06
-3.50202e-06
-3.28156e-06
-2.54088e-06
-3.42933e-06
-1.60475e-06
-3.24036e-06
-7.95725e-07
-2.6907e-06
-2.24154e-07
-1.79609e-06
-6.35371e-07
-2.7339e-07
9.13148e-07
-9.58344e-07
2.47989e-06
-1.91178e-06
3.63208e-06
-2.99775e-06
4.30584e-06
-4.09789e-06
4.50755e-06
-5.11592e-06
4.28428e-06
-5.97829e-06
3.7057e-06
-6.63212e-06
2.85101e-06
-7.04221e-06
1.80047e-06
-7.18804e-06
6.31765e-07
-7.06183e-06
-5.79848e-07
-6.66802e-06
-1.75929e-06
-6.02436e-06
-2.82876e-06
-5.16447e-06
-3.70597e-06
-4.14121e-06
-4.30482e-06
-3.03002e-06
-4.54052e-06
-1.9306e-06
-4.33978e-06
-9.65526e-07
-3.65577e-06
-2.74136e-07
-2.48748e-06
-9.09507e-07
-3.28039e-07
1.24119e-06
-1.13954e-06
3.29139e-06
-2.25244e-06
4.74499e-06
-3.49932e-06
5.55272e-06
-4.74163e-06
5.74986e-06
-5.87361e-06
5.41625e-06
-6.81998e-06
4.65208e-06
-7.53065e-06
3.56168e-06
-7.97453e-06
2.24435e-06
-8.13432e-06
7.9155e-07
-8.00311e-06
-7.11054e-07
-7.58346e-06
-2.17894e-06
-6.88893e-06
-3.5233e-06
-5.94812e-06
-4.64677e-06
-4.81058e-06
-5.44237e-06
-3.5534e-06
-5.7977e-06
-2.28664e-06
-5.60653e-06
-1.1548e-06
-4.78761e-06
-3.3103e-07
-3.31124e-06
-1.24054e-06
-3.91238e-07
1.63242e-06
-1.34259e-06
4.24274e-06
-2.62267e-06
6.02507e-06
-4.02722e-06
6.95726e-06
-5.39739e-06
7.12004e-06
-6.62141e-06
6.64027e-06
-7.62747e-06
5.65813e-06
-8.37345e-06
4.30766e-06
-8.83667e-06
2.70758e-06
-9.00581e-06
9.60691e-07
-8.87585e-06
-8.41017e-07
-8.44652e-06
-2.60826e-06
-7.7244e-06
-4.24542e-06
-6.72858e-06
-5.64259e-06
-5.49963e-06
-6.67131e-06
-4.11075e-06
-7.18659e-06
-2.67859e-06
-7.0387e-06
-1.36988e-06
-6.09632e-06
-3.97847e-07
-4.28328e-06
-1.63838e-06
-4.66069e-07
2.09849e-06
-1.57261e-06
5.34929e-06
-3.02335e-06
7.47581e-06
-4.57085e-06
8.50476e-06
-6.03798e-06
8.58718e-06
-7.31365e-06
7.91594e-06
-8.3377e-06
6.68218e-06
-9.08347e-06
5.05343e-06
-9.54241e-06
3.16652e-06
-9.71272e-06
1.131e-06
-9.59259e-06
-9.61153e-07
-9.17798e-06
-3.02287e-06
-8.46512e-06
-4.95827e-06
-7.45778e-06
-6.64994e-06
-6.1796e-06
-7.94949e-06
-4.69094e-06
-8.67525e-06
-3.10761e-06
-8.62202e-06
-1.61649e-06
-7.58744e-06
-4.78019e-07
-5.42175e-06
-2.1164e-06
-5.57038e-07
2.65553e-06
-1.83529e-06
6.62755e-06
-3.45078e-06
9.09129e-06
-5.10677e-06
1.01608e-05
-6.61419e-06
1.00946e-05
-7.87441e-06
9.17616e-06
-8.85104e-06
7.65881e-06
-9.54275e-06
5.74514e-06
-9.96196e-06
3.58573e-06
-1.01205e-05
1.28952e-06
-1.00213e-05
-1.06037e-06
-9.65572e-06
-3.38841e-06
-9.00623e-06
-5.60777e-06
-8.05448e-06
-7.60169e-06
-6.79687e-06
-9.20709e-06
-5.26775e-06
-1.02044e-05
-3.56901e-06
-1.03208e-05
-1.90044e-06
-9.25601e-06
-5.76359e-07
-6.74583e-06
-2.69276e-06
-6.7179e-07
3.32732e-06
-2.13807e-06
8.09383e-06
-3.89449e-06
1.08477e-05
-5.5925e-06
1.18588e-05
-7.04586e-06
1.1548e-05
-8.18768e-06
1.0318e-05
-9.02189e-06
8.49302e-06
-9.58409e-06
6.30733e-06
-9.91472e-06
3.91636e-06
-1.00429e-05
1.41769e-06
-9.97786e-06
-1.1254e-06
-9.70617e-06
-3.66009e-06
-9.19364e-06
-6.1203e-06
-8.39342e-06
-8.40191e-06
-7.26285e-06
-1.03377e-05
-5.79248e-06
-1.16748e-05
-4.04899e-06
-1.20642e-05
-2.2283e-06
-1.10767e-05
-7.0068e-07
-8.27345e-06
-3.39344e-06
-8.23906e-07
4.15123e-06
-2.49036e-06
9.76028e-06
-4.33075e-06
1.26881e-05
-5.95397e-06
1.3482e-05
-7.20667e-06
1.28007e-05
-8.08282e-06
1.11941e-05
-8.64691e-06
9.05712e-06
-8.98262e-06
6.64304e-06
-9.16331e-06
4.09705e-06
-9.23718e-06
1.49156e-06
-9.2207e-06
-1.14188e-06
-9.09617e-06
-3.78463e-06
-8.81247e-06
-6.404e-06
-8.29048e-06
-8.9239e-06
-7.43776e-06
-1.11904e-05
-6.17994e-06
-1.29326e-05
-4.51685e-06
-1.37273e-05
-2.60685e-06
-1.29867e-05
-8.6441e-07
-1.00159e-05
-4.25785e-06
-1.03684e-06
5.18807e-06
-2.89946e-06
1.16229e-05
-4.70523e-06
1.44939e-05
-6.05991e-06
1.48367e-05
-6.89784e-06
1.36386e-05
-7.31325e-06
1.16096e-05
-7.45106e-06
9.19493e-06
-7.44879e-06
6.64077e-06
-7.41157e-06
4.05982e-06
-7.40417e-06
1.48416e-06
-7.44945e-06
-1.0966e-06
-7.52763e-06
-3.70644e-06
-7.57485e-06
-6.35678e-06
-7.48265e-06
-9.0161e-06
-7.1046e-06
-1.15684e-05
-6.28189e-06
-1.37553e-05
-4.90589e-06
-1.51033e-05
-3.03753e-06
-1.48551e-05
-1.09014e-06
-1.19633e-05
-5.34799e-06
-1.34619e-06
6.53425e-06
-3.35067e-06
1.36274e-05
-4.88993e-06
1.60331e-05
-5.67106e-06
1.56178e-05
-5.80433e-06
1.37719e-05
-5.52698e-06
1.13322e-05
-5.07326e-06
8.74121e-06
-4.62643e-06
6.19394e-06
-4.31076e-06
3.74416e-06
-4.19781e-06
1.37121e-06
-4.31334e-06
-9.81067e-07
-4.63951e-06
-3.38028e-06
-5.11055e-06
-5.88574e-06
-5.60341e-06
-8.52325e-06
-5.92877e-06
-1.12431e-05
-5.83716e-06
-1.38469e-05
-5.06897e-06
-1.58715e-05
-3.49443e-06
-1.64296e-05
-1.41082e-06
-1.40469e-05
-6.75881e-06
-1.78462e-06
8.31887e-06
-3.7385e-06
1.55813e-05
-4.58272e-06
1.68773e-05
-4.34579e-06
1.53809e-05
-3.42824e-06
1.28543e-05
-2.2319e-06
1.01359e-05
-1.05835e-06
7.56766e-06
-1.03163e-07
5.23875e-06
5.19153e-07
3.12184e-06
7.48907e-07
1.14145e-06
5.64209e-07
-7.96369e-07
-2.44689e-08
-2.7916e-06
-9.67714e-07
-4.94249e-06
-2.15819e-06
-7.33277e-06
-3.40092e-06
-1.00003e-05
-4.38361e-06
-1.28642e-05
-4.67918e-06
-1.5576e-05
-3.85228e-06
-1.72565e-05
-1.85215e-06
-1.6047e-05
-8.61097e-06
-2.30301e-06
1.06219e-05
-3.67227e-06
1.69505e-05
-3.09385e-06
1.62989e-05
-1.28115e-06
1.35682e-05
9.97677e-07
1.05755e-05
3.23104e-06
7.90249e-06
5.13073e-06
5.66797e-06
6.55545e-06
3.81404e-06
7.44466e-06
2.23263e-06
7.77506e-06
8.11059e-07
7.53751e-06
-5.58825e-07
6.7298e-06
-1.98388e-06
5.36329e-06
-3.57599e-06
3.48641e-06
-5.45588e-06
1.23073e-06
-7.74465e-06
-1.11656e-06
-1.05169e-05
-3.02715e-06
-1.36654e-05
-3.69287e-06
-1.65908e-05
-2.34885e-06
-1.7391e-05
-1.09598e-05
-2.51643e-06
1.31383e-05
-1.9971e-06
1.64312e-05
1.06711e-06
1.32347e-05
4.92122e-06
9.71404e-06
8.59122e-06
6.90548e-06
1.16765e-05
4.81721e-06
1.40577e-05
3.28676e-06
1.57351e-05
2.13662e-06
1.67446e-05
1.22315e-06
1.71175e-05
4.38146e-07
1.68638e-05
-3.05138e-07
1.5967e-05
-1.087e-06
1.43869e-05
-1.99589e-06
1.20753e-05
-3.14437e-06
9.01592e-06
-4.68522e-06
5.3119e-06
-6.81289e-06
1.35939e-06
-9.71285e-06
-1.84516e-06
-1.33862e-05
-2.48867e-06
-1.67475e-05
-1.34485e-05
-6.0814e-07
1.37464e-05
4.56213e-06
1.12609e-05
1.09515e-05
6.84536e-06
1.6485e-05
4.18052e-06
2.07764e-05
2.61405e-06
2.39333e-05
1.66032e-06
2.61605e-05
1.05957e-06
2.76389e-05
6.58198e-07
2.84966e-05
3.65476e-07
2.88078e-05
1.26923e-07
2.85971e-05
-9.43558e-08
2.78402e-05
-3.301e-07
2.64614e-05
-6.17144e-07
2.43273e-05
-1.01021e-06
2.1244e-05
-1.60195e-06
1.69845e-05
-2.55342e-06
1.14148e-05
-4.14316e-06
4.90723e-06
-6.87866e-06
-4.47176e-07
-1.13931e-05
-1.38957e-05
1.37464e-05
2.50074e-05
3.18527e-05
3.60333e-05
3.86473e-05
4.03076e-05
4.13672e-05
4.20254e-05
4.23909e-05
4.25178e-05
4.24234e-05
4.20933e-05
4.14762e-05
4.0466e-05
3.8864e-05
3.63106e-05
3.21674e-05
2.52888e-05
1.38957e-05
)
;

boundaryField
{
    movingWall
    {
        type            calculated;
        value           uniform 0;
    }
    fixedWalls
    {
        type            calculated;
        value           uniform 0;
    }
    frontAndBack
    {
        type            empty;
        value           nonuniform 0();
    }
}


// ************************************************************************* //
