/*--------------------------------*- C++ -*----------------------------------*\
  =========                 |
  \\      /  F ield         | OpenFOAM: The Open Source CFD Toolbox
   \\    /   O peration     | Website:  https://openfoam.org
    \\  /    A nd           | Version:  6
     \\/     M anipulation  |
\*---------------------------------------------------------------------------*/
FoamFile
{
    version     2.0;
    format      ascii;
    class       volVectorField;
    location    "0.015";
    object      U;
}
// * * * * * * * * * * * * * * * * * * * * * * * * * * * * * * * * * * * * * //

dimensions      [0 1 -1 0 0 0 0];

internalField   nonuniform List<vector> 
400
(
(0.000232074 -0.000228178 0)
(0.000124466 0.000110556 0)
(-0.00110397 0.000535011 0)
(-0.00325577 0.000835275 0)
(-0.00595976 0.000984321 0)
(-0.00883949 0.000995037 0)
(-0.0115589 0.000891184 0)
(-0.0138429 0.000699624 0)
(-0.015485 0.000446553 0)
(-0.0163473 0.000156582 0)
(-0.0163589 -0.000146715 0)
(-0.0155162 -0.000439744 0)
(-0.0138835 -0.00069785 0)
(-0.0115959 -0.000894614 0)
(-0.00886211 -0.00100189 0)
(-0.00596327 -0.000991386 0)
(-0.00324376 -0.000839185 0)
(-0.0010868 -0.000534033 0)
(0.000136147 -0.000106145 0)
(0.000235385 0.000231168 0)
(-7.23938e-05 -0.000153174 0)
(-0.00148919 0.00153391 0)
(-0.00527016 0.00337478 0)
(-0.0108684 0.00469789 0)
(-0.0175334 0.00535155 0)
(-0.0244959 0.00534942 0)
(-0.031025 0.00477575 0)
(-0.0364953 0.00374704 0)
(-0.0404245 0.00239037 0)
(-0.0424851 0.000834263 0)
(-0.0425085 -0.000792995 0)
(-0.0404877 -0.00236191 0)
(-0.0365787 -0.00373976 0)
(-0.0311036 -0.00479047 0)
(-0.0245483 -0.00537882 0)
(-0.017549 -0.00538249 0)
(-0.0108525 -0.00471665 0)
(-0.0052407 -0.00337389 0)
(-0.00146677 -0.00151815 0)
(-6.52824e-05 0.000165592 0)
(-0.000483873 0.00100066 0)
(-0.00341551 0.00531052 0)
(-0.0097828 0.00949639 0)
(-0.0185167 0.0124649 0)
(-0.0285267 0.0138816 0)
(-0.0387814 0.0137414 0)
(-0.0482952 0.0122145 0)
(-0.0562175 0.00956402 0)
(-0.0618877 0.00609377 0)
(-0.0648561 0.00212198 0)
(-0.0648907 -0.00202797 0)
(-0.0619817 -0.00602833 0)
(-0.0563443 -0.00954604 0)
(-0.0484203 -0.0122464 0)
(-0.0388732 -0.0138076 0)
(-0.0285678 -0.0139535 0)
(-0.0185101 -0.0125119 0)
(-0.00975061 -0.00950062 0)
(-0.00338656 -0.00527973 0)
(-0.000473722 -0.000972258 0)
(-0.000848738 0.00318788 0)
(-0.00524704 0.0113046 0)
(-0.0141789 0.0184998 0)
(-0.0259467 0.0234281 0)
(-0.0390745 0.0256357 0)
(-0.0522894 0.0251361 0)
(-0.0644075 0.0222225 0)
(-0.0744209 0.017346 0)
(-0.0815543 0.0110329 0)
(-0.0852827 0.00383933 0)
(-0.0853354 -0.00366698 0)
(-0.0816994 -0.0109102 0)
(-0.0746223 -0.0173066 0)
(-0.0646166 -0.0222723 0)
(-0.0524593 -0.0252503 0)
(-0.039175 -0.0257662 0)
(-0.0259741 -0.0235213 0)
(-0.0141574 -0.0185208 0)
(-0.00521562 -0.0112604 0)
(-0.000835785 -0.00313908 0)
(-0.00117611 0.00631261 0)
(-0.00699889 0.019423 0)
(-0.0184999 0.0302609 0)
(-0.0333007 0.0373757 0)
(-0.0494906 0.0403035 0)
(-0.0655422 0.0391578 0)
(-0.0800938 0.034416 0)
(-0.092019 0.0267649 0)
(-0.100471 0.0169905 0)
(-0.104885 0.00591633 0)
(-0.104969 -0.00562088 0)
(-0.100705 -0.0167737 0)
(-0.092352 -0.0266814 0)
(-0.0804554 -0.0344792 0)
(-0.0658605 -0.0393337 0)
(-0.0497126 -0.0405198 0)
(-0.0334081 -0.0375468 0)
(-0.0185154 -0.0303244 0)
(-0.00697447 -0.0193769 0)
(-0.0011616 -0.00624192 0)
(-0.00149701 0.0103407 0)
(-0.00876731 0.0296841 0)
(-0.022912 0.0448436 0)
(-0.0408206 0.0543645 0)
(-0.0600993 0.0578968 0)
(-0.0789483 0.0557643 0)
(-0.0958409 0.0487158 0)
(-0.109564 0.0377354 0)
(-0.119238 0.0239068 0)
(-0.124289 0.0083411 0)
(-0.124422 -0.0078468 0)
(-0.119613 -0.023532 0)
(-0.110109 -0.0375662 0)
(-0.0964526 -0.0487797 0)
(-0.0795175 -0.0560191 0)
(-0.0605363 -0.0582404 0)
(-0.0410805 -0.0546669 0)
(-0.023009 -0.0449981 0)
(-0.00876757 -0.0296653 0)
(-0.00148392 -0.0102529 0)
(-0.0018415 0.0153032 0)
(-0.0106565 0.0421847 0)
(-0.0275965 0.0623677 0)
(-0.0487353 0.0744842 0)
(-0.0711428 0.0784419 0)
(-0.092738 0.0749161 0)
(-0.111853 0.0650392 0)
(-0.127231 0.0501667 0)
(-0.138005 0.0317187 0)
(-0.143633 0.0111032 0)
(-0.143837 -0.010295 0)
(-0.138583 -0.0310871 0)
(-0.128083 -0.0498438 0)
(-0.112836 -0.0650769 0)
(-0.0936897 -0.075268 0)
(-0.0719196 -0.0789704 0)
(-0.0492487 -0.0749992 0)
(-0.0278399 -0.0626943 0)
(-0.0107092 -0.0422489 0)
(-0.00183516 -0.0152145 0)
(-0.00223733 0.0212906 0)
(-0.0127639 0.0570996 0)
(-0.0327119 0.0829961 0)
(-0.0572056 0.0978153 0)
(-0.0827187 0.101911 0)
(-0.106899 0.0964913 0)
(-0.127988 0.0832139 0)
(-0.144755 0.0638907 0)
(-0.156417 0.0403115 0)
(-0.162511 0.0141751 0)
(-0.162807 -0.0128947 0)
(-0.15726 -0.0392844 0)
(-0.146017 -0.0633133 0)
(-0.129474 -0.0831779 0)
(-0.108383 -0.0969542 0)
(-0.0839849 -0.102696 0)
(-0.0581 -0.0986562 0)
(-0.0331882 -0.0836174 0)
(-0.0129082 -0.0573402 0)
(-0.00224596 -0.0212345 0)
(-0.00271298 0.0284478 0)
(-0.0151822 0.0746715 0)
(-0.0383823 0.106905 0)
(-0.0662918 0.124373 0)
(-0.0947255 0.128142 0)
(-0.121106 0.120198 0)
(-0.14368 0.102894 0)
(-0.161355 0.0785925 0)
(-0.173525 0.0494728 0)
(-0.179886 0.0174939 0)
(-0.18029 -0.015543 0)
(-0.174683 -0.0478723 0)
(-0.16311 -0.0776241 0)
(-0.145789 -0.102709 0)
(-0.12327 -0.120773 0)
(-0.0966399 -0.129266 0)
(-0.067713 -0.125684 0)
(-0.0391972 -0.107991 0)
(-0.0154694 -0.0752294 0)
(-0.00274824 -0.0284817 0)
(-0.0033052 0.0369749 0)
(-0.0180143 0.0951929 0)
(-0.0447012 0.134227 0)
(-0.0759278 0.154011 0)
(-0.106802 0.156722 0)
(-0.134631 0.14545 0)
(-0.15783 0.123451 0)
(-0.175606 0.0937234 0)
(-0.187672 0.0588352 0)
(-0.193969 0.0209375 0)
(-0.194484 -0.0180939 0)
(-0.189158 -0.0564557 0)
(-0.177889 -0.0921948 0)
(-0.160627 -0.123007 0)
(-0.137579 -0.146112 0)
(-0.109502 -0.158258 0)
(-0.0780206 -0.155959 0)
(-0.0459725 -0.135996 0)
(-0.0185076 -0.0962652 0)
(-0.00338281 -0.0371876 0)
(-0.00407285 0.0471449 0)
(-0.021402 0.118991 0)
(-0.0517403 0.16497 0)
(-0.0858821 0.186286 0)
(-0.118238 0.186825 0)
(-0.146215 0.171214 0)
(-0.168659 0.143842 0)
(-0.185305 0.108409 0)
(-0.196346 0.0678191 0)
(-0.202082 0.0242993 0)
(-0.202687 -0.0203506 0)
(-0.198106 -0.0644539 0)
(-0.188049 -0.106132 0)
(-0.172101 -0.142995 0)
(-0.149951 -0.171894 0)
(-0.121785 -0.188814 0)
(-0.0887549 -0.189034 0)
(-0.0535808 -0.167676 0)
(-0.0221731 -0.120832 0)
(-0.00421317 -0.0476635 0)
(-0.00512207 0.0593487 0)
(-0.025569 0.14641 0)
(-0.0595469 0.19889 0)
(-0.0956717 0.220259 0)
(-0.127812 0.217004 0)
(-0.153874 0.195833 0)
(-0.173515 0.162488 0)
(-0.187281 0.121367 0)
(-0.196031 0.0755849 0)
(-0.200521 0.0272664 0)
(-0.20116 -0.0220665 0)
(-0.19791 -0.0710733 0)
(-0.19027 -0.118163 0)
(-0.177372 -0.161061 0)
(-0.158215 -0.196399 0)
(-0.132117 -0.219415 0)
(-0.0993359 -0.223922 0)
(-0.0620324 -0.202788 0)
(-0.02669 -0.149324 0)
(-0.00535032 -0.060344 0)
(-0.00665071 0.0741882 0)
(-0.0308768 0.177778 0)
(-0.0680863 0.235274 0)
(-0.104358 0.254196 0)
(-0.133498 0.24492 0)
(-0.154584 0.216838 0)
(-0.168601 0.177164 0)
(-0.177206 0.130859 0)
(-0.182068 0.0810163 0)
(-0.184453 0.0294093 0)
(-0.185027 -0.0229566 0)
(-0.183782 -0.075314 0)
(-0.180018 -0.126614 0)
(-0.172385 -0.174974 0)
(-0.15907 -0.217081 0)
(-0.138214 -0.2476 0)
(-0.108638 -0.258771 0)
(-0.0712001 -0.240559 0)
(-0.0324039 -0.182083 0)
(-0.00699632 -0.0758765 0)
(-0.00901859 0.0926408 0)
(-0.0378642 0.213275 0)
(-0.0770219 0.272535 0)
(-0.110082 0.285129 0)
(-0.131911 0.267023 0)
(-0.143792 0.230791 0)
(-0.148619 0.184978 0)
(-0.149383 0.13474 0)
(-0.148576 0.0827752 0)
(-0.147916 0.0302017 0)
(-0.148285 -0.022729 0)
(-0.149716 -0.0760405 0)
(-0.151381 -0.129478 0)
(-0.151546 -0.181887 0)
(-0.147601 -0.230437 0)
(-0.136321 -0.269652 0)
(-0.114491 -0.290397 0)
(-0.0805633 -0.279227 0)
(-0.0398027 -0.21924 0)
(-0.00951146 -0.0952757 0)
(-0.0128126 0.116282 0)
(-0.0471178 0.252551 0)
(-0.0850384 0.30747 0)
(-0.109046 0.308244 0)
(-0.117311 0.278281 0)
(-0.114664 0.233322 0)
(-0.106343 0.182578 0)
(-0.0966075 0.130703 0)
(-0.0885189 0.0794891 0)
(-0.0840015 0.0290965 0)
(-0.0840053 -0.0211428 0)
(-0.0886141 -0.0721632 0)
(-0.0970248 -0.124677 0)
(-0.107396 -0.178582 0)
(-0.116632 -0.232088 0)
(-0.120266 -0.280368 0)
(-0.11266 -0.313683 0)
(-0.0884843 -0.315266 0)
(-0.0493482 -0.260255 0)
(-0.0134678 -0.12012 0)
(-0.0186938 0.147609 0)
(-0.058422 0.293724 0)
(-0.0879939 0.333951 0)
(-0.0934238 0.316166 0)
(-0.0799447 0.27217 0)
(-0.0570924 0.219562 0)
(-0.032232 0.166746 0)
(-0.0102319 0.116823 0)
(0.00594323 0.0701316 0)
(0.0146524 0.0256834 0)
(0.0151324 -0.018095 0)
(0.00726725 -0.0629668 0)
(-0.00840258 -0.110587 0)
(-0.0304225 -0.16209 0)
(-0.0559263 -0.217293 0)
(-0.079968 -0.273141 0)
(-0.094828 -0.320925 0)
(-0.0903284 -0.342057 0)
(-0.0605457 -0.30285 0)
(-0.0194595 -0.152834 0)
(-0.0262391 0.190788 0)
(-0.0677555 0.331017 0)
(-0.0744849 0.340479 0)
(-0.0474369 0.298093 0)
(-0.00361058 0.241125 0)
(0.0433325 0.185195 0)
(0.0856168 0.135495 0)
(0.119304 0.092437 0)
(0.142626 0.0545853 0)
(0.154894 0.0199221 0)
(0.15585 -0.0137194 0)
(0.145384 -0.0485556 0)
(0.123521 -0.0868429 0)
(0.0907063 -0.130782 0)
(0.0484696 -0.182075 0)
(0.000609245 -0.240582 0)
(-0.0449854 -0.301168 0)
(-0.0741468 -0.347578 0)
(-0.0688494 -0.340598 0)
(-0.0268541 -0.197355 0)
(-0.0287381 0.248849 0)
(-0.058548 0.347929 0)
(-0.0164536 0.307136 0)
(0.0590431 0.240639 0)
(0.13719 0.179106 0)
(0.205733 0.129124 0)
(0.260621 0.090149 0)
(0.301126 0.0595158 0)
(0.327847 0.034421 0)
(0.341579 0.0124459 0)
(0.342786 -0.00851161 0)
(0.331407 -0.0304574 0)
(0.306836 -0.0555523 0)
(0.268073 -0.0863525 0)
(0.214229 -0.125913 0)
(0.145689 -0.177291 0)
(0.06624 -0.241446 0)
(-0.0118742 -0.311745 0)
(-0.0570379 -0.356063 0)
(-0.0284349 -0.255879 0)
(0.0132478 0.287655 0)
(0.0287115 0.301379 0)
(0.150942 0.213257 0)
(0.278472 0.142039 0)
(0.377893 0.0938705 0)
(0.45153 0.0619388 0)
(0.504576 0.040547 0)
(0.541038 0.025602 0)
(0.563994 0.0143773 0)
(0.575478 0.005078 0)
(0.57648 -0.00359837 0)
(0.567007 -0.0128061 0)
(0.546069 -0.0238569 0)
(0.511574 -0.0385805 0)
(0.460267 -0.0598099 0)
(0.387814 -0.0919121 0)
(0.288535 -0.141091 0)
(0.15943 -0.214585 0)
(0.0340336 -0.305504 0)
(0.0158542 -0.292149 0)
(0.304313 0.146912 0)
(0.404902 0.127586 0)
(0.567458 0.074911 0)
(0.68389 0.0420653 0)
(0.75135 0.024028 0)
(0.792418 0.0140387 0)
(0.818676 0.00834703 0)
(0.83535 0.00490891 0)
(0.845302 0.00261831 0)
(0.850092 0.000870435 0)
(0.850411 -0.00070621 0)
(0.846285 -0.00241384 0)
(0.837085 -0.00461487 0)
(0.821302 -0.00789757 0)
(0.796104 -0.0133559 0)
(0.756238 -0.023069 0)
(0.690006 -0.0409439 0)
(0.574049 -0.0740415 0)
(0.409774 -0.127661 0)
(0.306627 -0.147753 0)
)
;

boundaryField
{
    movingWall
    {
        type            fixedValue;
        value           uniform (1 0 0);
    }
    fixedWalls
    {
        type            noSlip;
    }
    frontAndBack
    {
        type            empty;
    }
}


// ************************************************************************* //
