/*--------------------------------*- C++ -*----------------------------------*\
  =========                 |
  \\      /  F ield         | OpenFOAM: The Open Source CFD Toolbox
   \\    /   O peration     | Website:  https://openfoam.org
    \\  /    A nd           | Version:  6
     \\/     M anipulation  |
\*---------------------------------------------------------------------------*/
FoamFile
{
    version     2.0;
    format      ascii;
    class       volScalarField;
    location    "0.08";
    object      p;
}
// * * * * * * * * * * * * * * * * * * * * * * * * * * * * * * * * * * * * * //

dimensions      [0 2 -2 0 0 0 0];

internalField   nonuniform List<scalar> 
400
(
3.33435e-08
-0.00181516
-0.0038538
-0.00516137
-0.00526789
-0.00399454
-0.00135865
0.00249043
0.00731381
0.0128049
0.0186012
0.0242972
0.029464
0.0336831
0.0365961
0.0379701
0.0377763
0.0362672
0.0340502
0.0321919
0.00179762
-7.47604e-05
-0.00164927
-0.00246631
-0.00232268
-0.00108938
0.00123431
0.00454157
0.00864782
0.0133062
0.0182182
0.0230475
0.0274402
0.0310559
0.0336101
0.0349254
0.0349913
0.0339964
0.0322625
0.0303593
0.00396787
0.00138388
-0.000330858
-0.00106137
-0.00086679
0.000311017
0.00245761
0.00547562
0.00920706
0.0134404
0.0179157
0.0223344
0.0263775
0.0297336
0.0321349
0.0334038
0.0335069
0.0325604
0.0306366
0.0279925
0.00567691
0.00213731
-1.67251e-05
-0.000886576
-0.000750833
0.000381299
0.00246794
0.00540369
0.00903909
0.0131797
0.0175835
0.0219654
0.0260111
0.0294007
0.0318438
0.0331238
0.0331609
0.0320043
0.0295342
0.0258478
0.00643164
0.00188511
-0.000797246
-0.00187372
-0.00181353
-0.000684957
0.00144215
0.00444954
0.00818922
0.0124752
0.0170729
0.0216972
0.0260201
0.0296916
0.0323718
0.0337802
0.0337722
0.0323302
0.0291711
0.0243102
0.00586414
0.000268401
-0.00298148
-0.00427561
-0.00426281
-0.00306577
-0.000781355
0.00245786
0.0065025
0.011171
0.0162306
0.0213875
0.0262872
0.0305306
0.0337036
0.0354329
0.0354847
0.0337614
0.029816
0.0236186
0.00363493
-0.00308403
-0.00692511
-0.00841275
-0.00838538
-0.00702213
-0.00444728
-0.00080751
0.00374725
0.00904087
0.0148426
0.0208475
0.0266676
0.0318386
0.0358461
0.0381885
0.038504
0.0365812
0.0317688
0.0239937
-0.000635981
-0.00858766
-0.0130314
-0.0146542
-0.014517
-0.0128656
-0.00985438
-0.00564245
-0.000375245
0.00578379
0.012614
0.019806
0.0269393
0.033475
0.0387724
0.0421559
0.0430779
0.0411487
0.0354217
0.0257429
-0.0074255
-0.0167497
-0.0217874
-0.0234431
-0.023059
-0.0209679
-0.0173594
-0.0124022
-0.00622777
0.00102753
0.00917088
0.0179069
0.0267969
0.0352292
0.0424151
0.0474517
0.0495234
0.047955
0.0413445
0.0293671
-0.0173569
-0.0282126
-0.0337889
-0.0353015
-0.0344658
-0.0317347
-0.0273415
-0.0214599
-0.0141937
-0.0056302
0.00409405
0.0147315
0.0258586
0.0368131
0.0466517
0.0541909
0.0582403
0.0576766
0.0503823
0.0356851
-0.0312609
-0.0438074
-0.0497644
-0.050819
-0.0492049
-0.0455435
-0.0401231
-0.0331165
-0.0245804
-0.0145246
-0.0029895
0.00987622
0.0237229
0.0378924
0.0513131
0.062487
0.0697292
0.0712404
0.063786
0.0460097
-0.0502791
-0.0646356
-0.0705975
-0.0706185
-0.0676777
-0.0626328
-0.0558371
-0.0474505
-0.0374583
-0.0257564
-0.0122395
0.00311043
0.0201052
0.0381896
0.0562479
0.0724873
0.0846286
0.0899128
0.0833988
0.0624259
-0.0760787
-0.0922064
-0.0973457
-0.0952779
-0.0900809
-0.0829264
-0.0742291
-0.0641086
-0.052441
-0.0389639
-0.0233681
-0.00538864
0.0150606
0.0376764
0.0614647
0.0844641
0.103787
0.115425
0.111939
0.0882718
-0.111336
-0.12868
-0.131227
-0.125167
-0.116176
-0.105782
-0.0944073
-0.0820645
-0.0684546
-0.0530941
-0.0354047
-0.0147898
0.00923709
0.0368137
0.0673298
0.0989455
0.12835
0.150123
0.153434
0.129037
-0.160828
-0.177263
-0.173479
-0.160101
-0.144911
-0.129652
-0.114571
-0.0994182
-0.0835932
-0.0662964
-0.0466037
-0.0235062
0.00399882
0.0366906
0.074683
0.116761
0.159732
0.197019
0.213776
0.193963
-0.233583
-0.24267
-0.224945
-0.198769
-0.173933
-0.151757
-0.13186
-0.1134
-0.0952432
-0.0761294
-0.0546969
-0.0294582
0.00119098
0.038842
0.0847039
0.138898
0.19939
0.259502
0.300972
0.298192
-0.347119
-0.331366
-0.285409
-0.23834
-0.199463
-0.168212
-0.142714
-0.120907
-0.100745
-0.0803048
-0.057695
-0.0309081
0.00230497
0.0444738
0.0982746
0.166038
0.248382
0.340682
0.425089
0.466117
-0.542888
-0.45135
-0.35011
-0.272087
-0.215145
-0.173772
-0.143221
-0.119223
-0.0983266
-0.0777802
-0.0551509
-0.0279586
0.00664388
0.0521777
0.113145
0.195109
0.303329
0.439683
0.600337
0.748892
-0.935709
-0.605976
-0.390661
-0.274558
-0.20313
-0.156882
-0.126443
-0.104652
-0.0865587
-0.0688223
-0.0487964
-0.0238849
0.00897425
0.0539162
0.117095
0.207943
0.339422
0.531594
0.837567
1.26925
-1.64113
-0.750126
-0.349595
-0.208845
-0.143464
-0.107902
-0.0884712
-0.076424
-0.0664812
-0.0556413
-0.0417913
-0.0229032
0.00350587
0.0410481
0.0957896
0.179043
0.312697
0.550153
1.06601
2.07176
)
;

boundaryField
{
    movingWall
    {
        type            zeroGradient;
    }
    fixedWalls
    {
        type            zeroGradient;
    }
    frontAndBack
    {
        type            empty;
    }
}


// ************************************************************************* //
