/*--------------------------------*- C++ -*----------------------------------*\
  =========                 |
  \\      /  F ield         | OpenFOAM: The Open Source CFD Toolbox
   \\    /   O peration     | Website:  https://openfoam.org
    \\  /    A nd           | Version:  6
     \\/     M anipulation  |
\*---------------------------------------------------------------------------*/
FoamFile
{
    version     2.0;
    format      ascii;
    class       surfaceScalarField;
    location    "0.08";
    object      phi;
}
// * * * * * * * * * * * * * * * * * * * * * * * * * * * * * * * * * * * * * //

dimensions      [0 3 -1 0 0 0 0];

internalField   nonuniform List<scalar> 
760
(
7.96378e-09
-7.96403e-09
-2.65492e-08
3.4513e-08
-1.03437e-07
7.68882e-08
-2.07935e-07
1.04497e-07
-3.24604e-07
1.16669e-07
-4.39931e-07
1.15328e-07
-5.42867e-07
1.02936e-07
-6.24752e-07
8.18844e-08
-6.79039e-07
5.4287e-08
-7.01134e-07
2.20953e-08
-6.88485e-07
-1.26491e-08
-6.40926e-07
-4.75585e-08
-5.61203e-07
-7.9723e-08
-4.55514e-07
-1.05689e-07
-3.33864e-07
-1.2165e-07
-2.09947e-07
-1.23917e-07
-1.00244e-07
-1.09703e-07
-2.21154e-08
-7.81284e-08
1.01748e-08
-3.229e-08
1.01747e-08
-3.30366e-08
2.50725e-08
-1.56184e-07
1.57661e-07
-3.59993e-07
2.80697e-07
-6.17958e-07
3.62463e-07
-8.99448e-07
3.98159e-07
-1.17543e-06
3.91307e-07
-1.42084e-06
3.48344e-07
-1.61535e-06
2.76398e-07
-1.74345e-06
1.82389e-07
-1.79445e-06
7.30947e-08
-1.7628e-06
-4.43001e-08
-1.64879e-06
-1.61571e-07
-1.45948e-06
-2.69028e-07
-1.20961e-06
-3.55564e-07
-9.2188e-07
-4.09377e-07
-6.26229e-07
-4.19568e-07
-3.57257e-07
-3.78674e-07
-1.49423e-07
-2.85962e-07
-2.89863e-08
-1.52727e-07
-1.88116e-08
-7.8274e-08
1.03346e-07
-2.92511e-07
3.71898e-07
-6.13203e-07
6.01389e-07
-1.00159e-06
7.50851e-07
-1.41627e-06
8.12838e-07
-1.81819e-06
7.93226e-07
-2.17334e-06
7.03491e-07
-2.45384e-06
5.56901e-07
-2.63828e-06
3.66832e-07
-2.71189e-06
1.46705e-07
-2.66702e-06
-8.91706e-08
-2.50406e-06
-3.24536e-07
-2.23262e-06
-5.40462e-07
-1.87269e-06
-7.15495e-07
-1.45498e-06
-8.27089e-07
-1.01988e-06
-8.54665e-07
-6.14219e-07
-7.84337e-07
-2.85382e-07
-6.14799e-07
-7.30034e-08
-3.65106e-07
-9.1815e-08
-1.18268e-07
2.21615e-07
-4.19788e-07
6.73417e-07
-8.52331e-07
1.03393e-06
-1.36217e-06
1.26069e-06
-1.8972e-06
1.34787e-06
-2.41023e-06
1.30625e-06
-2.86082e-06
1.15408e-06
-3.21602e-06
9.12103e-07
-3.45044e-06
6.01251e-07
-3.54633e-06
2.42594e-07
-3.49409e-06
-1.41418e-07
-3.29332e-06
-5.25305e-07
-2.9544e-06
-8.79374e-07
-2.50007e-06
-1.16983e-06
-1.9663e-06
-1.36086e-06
-1.40164e-06
-1.41933e-06
-8.64112e-07
-1.32186e-06
-4.15305e-07
-1.06361e-06
-1.12271e-07
-6.68139e-07
-2.04086e-07
-1.55083e-07
3.76698e-07
-5.4171e-07
1.06004e-06
-1.08503e-06
1.57725e-06
-1.7146e-06
1.89025e-06
-2.36682e-06
2.0001e-06
-2.98679e-06
1.92622e-06
-3.52887e-06
1.69616e-06
-3.95645e-06
1.33968e-06
-4.2413e-06
8.86108e-07
-4.36324e-06
3.64525e-07
-4.31038e-06
-1.94276e-07
-4.08043e-06
-7.5525e-07
-3.68271e-06
-1.2771e-06
-3.14056e-06
-1.71198e-06
-2.49339e-06
-2.00803e-06
-1.79715e-06
-2.11557e-06
-1.12204e-06
-1.99697e-06
-5.4681e-07
-1.63884e-06
-1.49988e-07
-1.06496e-06
-3.54074e-07
-1.91886e-07
5.68584e-07
-6.65643e-07
1.5338e-06
-1.32324e-06
2.23484e-06
-2.076e-06
2.64301e-06
-2.84794e-06
2.77204e-06
-3.57651e-06
2.65479e-06
-4.21168e-06
2.33134e-06
-4.71425e-06
1.84225e-06
-5.05404e-06
1.2259e-06
-5.2087e-06
5.1918e-07
-5.16361e-06
-2.39363e-07
-4.91323e-06
-1.00563e-06
-4.46375e-06
-1.72657e-06
-3.83685e-06
-2.33888e-06
-3.07348e-06
-2.7714e-06
-2.23642e-06
-2.95263e-06
-1.40959e-06
-2.82379e-06
-6.92769e-07
-2.35566e-06
-1.91092e-07
-1.56664e-06
-5.45167e-07
-2.31626e-07
8.00209e-07
-7.99035e-07
2.10121e-06
-1.57854e-06
3.01435e-06
-2.46125e-06
3.52572e-06
-3.3579e-06
3.66869e-06
-4.19856e-06
3.49545e-06
-4.92985e-06
3.06262e-06
-5.51129e-06
2.42369e-06
-5.91182e-06
1.62643e-06
-6.10745e-06
7.14808e-07
-6.08043e-06
-2.66381e-07
-5.82053e-06
-1.26553e-06
-5.32846e-06
-2.21864e-06
-4.62121e-06
-3.04614e-06
-3.73846e-06
-3.65415e-06
-2.74833e-06
-3.94276e-06
-1.74956e-06
-3.82256e-06
-8.67375e-07
-3.23784e-06
-2.40792e-07
-2.19322e-06
-7.85959e-07
-2.76855e-07
1.07706e-06
-9.48303e-07
2.77266e-06
-1.8601e-06
3.92615e-06
-2.88022e-06
4.54584e-06
-3.90535e-06
4.69383e-06
-4.85905e-06
4.44915e-06
-5.68637e-06
3.88995e-06
-6.34763e-06
3.08494e-06
-6.81272e-06
2.09153e-06
-7.05714e-06
9.59219e-07
-7.06006e-06
-2.63457e-07
-6.80532e-06
-1.52026e-06
-6.2854e-06
-2.73857e-06
-5.50858e-06
-3.82295e-06
-4.5088e-06
-4.65394e-06
-3.35589e-06
-5.09567e-06
-2.16284e-06
-5.01561e-06
-1.08475e-06
-4.31593e-06
-3.044e-07
-2.97357e-06
-1.09036e-06
-3.29806e-07
1.40687e-06
-1.11853e-06
3.56138e-06
-2.17351e-06
4.98113e-06
-3.3356e-06
5.70793e-06
-4.48705e-06
5.84527e-06
-5.54681e-06
5.50892e-06
-6.46147e-06
4.8046e-06
-7.19544e-06
3.81891e-06
-7.7226e-06
2.61868e-06
-8.02009e-06
1.25671e-06
-8.06504e-06
-2.18502e-07
-7.83468e-06
-1.75063e-06
-7.31045e-06
-3.2628e-06
-6.48692e-06
-4.64647e-06
-5.38538e-06
-5.75548e-06
-4.07045e-06
-6.4106e-06
-2.66539e-06
-6.42067e-06
-1.35806e-06
-5.62326e-06
-3.87419e-07
-3.94421e-06
-1.47778e-06
-3.92794e-07
1.79966e-06
-1.31387e-06
4.48246e-06
-2.52042e-06
6.18768e-06
-3.82118e-06
7.00869e-06
-5.08452e-06
7.10861e-06
-6.22857e-06
6.65297e-06
-7.20637e-06
5.7824e-06
-7.99149e-06
4.60404e-06
-8.56629e-06
3.19348e-06
-8.91325e-06
1.60367e-06
-9.00983e-06
-1.21918e-07
-8.82717e-06
-1.93329e-06
-8.33357e-06
-3.7564e-06
-7.5042e-06
-5.47585e-06
-6.33834e-06
-6.92134e-06
-4.88379e-06
-7.86515e-06
-3.26417e-06
-8.04029e-06
-1.69861e-06
-7.18882e-06
-4.95865e-07
-5.14696e-06
-1.97364e-06
-4.69106e-07
2.26877e-06
-1.53869e-06
5.55205e-06
-2.89858e-06
7.54756e-06
-4.31988e-06
8.43e-06
-5.66005e-06
8.44878e-06
-6.84311e-06
7.83603e-06
-7.83615e-06
6.77544e-06
-8.62897e-06
5.39686e-06
-9.21856e-06
3.78307e-06
-9.59795e-06
1.98306e-06
-9.7491e-06
2.92261e-08
-9.63949e-06
-2.0429e-06
-9.2238e-06
-4.17209e-06
-8.45278e-06
-6.24687e-06
-7.29254e-06
-8.08158e-06
-5.75692e-06
-9.40077e-06
-3.95101e-06
-9.8462e-06
-2.11446e-06
-9.02537e-06
-6.36861e-07
-6.62456e-06
-2.6105e-06
-5.64691e-07
2.83346e-06
-1.79954e-06
6.78689e-06
-3.30169e-06
9.04971e-06
-4.80057e-06
9.92888e-06
-6.15072e-06
9.79893e-06
-7.2937e-06
8.97901e-06
-8.22159e-06
7.70333e-06
-8.94949e-06
6.12476e-06
-9.49634e-06
4.32992e-06
-9.87208e-06
2.3588e-06
-1.00688e-05
2.25984e-07
-1.00553e-05
-2.05638e-06
-9.77529e-06
-4.45214e-06
-9.15267e-06
-6.8695e-06
-8.1097e-06
-9.12455e-06
-6.60447e-06
-1.0906e-05
-4.6929e-06
-1.17578e-05
-2.60775e-06
-1.11105e-05
-8.19629e-07
-8.41268e-06
-3.43013e-06
-6.91277e-07
3.52474e-06
-2.10765e-06
8.20326e-06
-3.71744e-06
1.06595e-05
-5.21092e-06
1.14224e-05
-6.45792e-06
1.10459e-05
-7.43661e-06
9.9577e-06
-8.17891e-06
8.44563e-06
-8.73532e-06
6.68117e-06
-9.15385e-06
4.74844e-06
-9.46717e-06
2.67213e-06
-9.68389e-06
4.427e-07
-9.78109e-06
-1.95919e-06
-9.69843e-06
-4.5348e-06
-9.3367e-06
-7.23123e-06
-8.56841e-06
-9.89283e-06
-7.2735e-06
-1.22009e-05
-5.41602e-06
-1.36153e-05
-3.16884e-06
-1.33577e-05
-1.05689e-06
-1.05246e-05
-4.48702e-06
-8.71564e-07
4.3963e-06
-2.48004e-06
9.81174e-06
-4.11819e-06
1.22977e-05
-5.45922e-06
1.27634e-05
-6.42539e-06
1.20121e-05
-7.0607e-06
1.0593e-05
-7.45441e-06
8.83934e-06
-7.70102e-06
6.92778e-06
-7.88118e-06
4.9286e-06
-8.05291e-06
2.84386e-06
-8.24557e-06
6.35359e-07
-8.4526e-06
-1.75215e-06
-8.62142e-06
-4.36599e-06
-8.6423e-06
-7.21035e-06
-8.34414e-06
-1.0191e-05
-7.51502e-06
-1.303e-05
-5.97876e-06
-1.51515e-05
-3.76287e-06
-1.55736e-05
-1.36571e-06
-1.29218e-05
-5.85274e-06
-1.14547e-06
5.54177e-06
-2.9304e-06
1.15967e-05
-4.42933e-06
1.37966e-05
-5.3695e-06
1.37036e-05
-5.79343e-06
1.2436e-05
-5.8495e-06
1.06491e-05
-5.69921e-06
8.68906e-06
-5.4819e-06
6.71047e-06
-5.30591e-06
4.75261e-06
-5.24944e-06
2.78738e-06
-5.36143e-06
7.47357e-07
-5.65752e-06
-1.45607e-06
-6.10779e-06
-3.91571e-06
-6.61582e-06
-6.70232e-06
-6.99297e-06
-9.81384e-06
-6.9464e-06
-1.30766e-05
-6.12456e-06
-1.59734e-05
-4.29633e-06
-1.74018e-05
-1.76228e-06
-1.54558e-05
-7.61502e-06
-1.56629e-06
7.10806e-06
-3.41881e-06
1.34492e-05
-4.43775e-06
1.48155e-05
-4.57858e-06
1.38444e-05
-4.10876e-06
1.19662e-05
-3.31553e-06
9.85582e-06
-2.43002e-06
7.80355e-06
-1.61888e-06
5.89933e-06
-9.97764e-07
4.13149e-06
-6.47978e-07
2.43759e-06
-6.27722e-07
7.27102e-07
-9.74331e-07
-1.10946e-06
-1.69429e-06
-3.19575e-06
-2.7366e-06
-5.66001e-06
-3.94606e-06
-8.60438e-06
-5.00406e-06
-1.20186e-05
-5.3989e-06
-1.55785e-05
-4.53508e-06
-1.82656e-05
-2.23028e-06
-1.77606e-05
-9.8453e-06
-2.14526e-06
9.25332e-06
-3.67167e-06
1.49756e-05
-3.55619e-06
1.47e-05
-2.32283e-06
1.2611e-05
-5.68768e-07
1.02122e-05
1.29484e-06
7.99222e-06
3.01622e-06
6.08217e-06
4.45106e-06
4.46449e-06
5.51644e-06
3.06611e-06
6.15738e-06
1.79665e-06
6.32626e-06
5.58218e-07
5.97363e-06
-7.56834e-07
5.0514e-06
-2.27352e-06
3.53494e-06
-4.14355e-06
1.47723e-06
-6.54668e-06
-8.89711e-07
-9.65166e-06
-3.01354e-06
-1.34547e-05
-3.92977e-06
-1.73494e-05
-2.61768e-06
-1.90727e-05
-1.2463e-05
-2.62174e-06
1.18751e-05
-2.64747e-06
1.50013e-05
-2.86178e-07
1.23388e-05
2.94315e-06
9.3817e-06
6.19219e-06
6.96311e-06
9.08973e-06
5.09468e-06
1.14929e-05
3.67901e-06
1.33636e-05
2.59375e-06
1.47027e-05
1.72709e-06
1.55127e-05
9.86644e-07
1.57782e-05
2.92638e-07
1.54546e-05
-4.33172e-07
1.44623e-05
-1.28127e-06
1.26928e-05
-2.37401e-06
1.00399e-05
-3.89373e-06
6.49682e-06
-6.10863e-06
2.38065e-06
-9.33851e-06
-1.26781e-06
-1.37009e-05
-2.38943e-06
-1.79511e-05
-1.48524e-05
-1.26443e-06
1.31395e-05
3.09898e-06
1.06379e-05
8.85349e-06
6.58425e-06
1.40161e-05
4.2191e-06
1.81986e-05
2.78061e-06
2.14429e-05
1.85035e-06
2.38844e-05
1.23754e-06
2.56581e-05
8.20091e-07
2.68681e-05
5.17008e-07
2.7579e-05
2.75791e-07
2.78121e-05
5.95594e-08
2.75419e-05
-1.62996e-07
2.66873e-05
-4.26678e-07
2.50959e-05
-7.82629e-07
2.2525e-05
-1.32279e-06
1.8646e-05
-2.22965e-06
1.31737e-05
-3.86625e-06
6.34886e-06
-6.87605e-06
2.72294e-07
-1.18746e-05
-1.45801e-05
1.31395e-05
2.37774e-05
3.03617e-05
3.45808e-05
3.73614e-05
3.92117e-05
4.04493e-05
4.12693e-05
4.17864e-05
4.20621e-05
4.21217e-05
4.19587e-05
4.1532e-05
4.07494e-05
3.94266e-05
3.7197e-05
3.33307e-05
2.64547e-05
1.45801e-05
)
;

boundaryField
{
    movingWall
    {
        type            calculated;
        value           uniform 0;
    }
    fixedWalls
    {
        type            calculated;
        value           uniform 0;
    }
    frontAndBack
    {
        type            empty;
        value           nonuniform 0();
    }
}


// ************************************************************************* //
