/*--------------------------------*- C++ -*----------------------------------*\
  =========                 |
  \\      /  F ield         | OpenFOAM: The Open Source CFD Toolbox
   \\    /   O peration     | Website:  https://openfoam.org
    \\  /    A nd           | Version:  6
     \\/     M anipulation  |
\*---------------------------------------------------------------------------*/
FoamFile
{
    version     2.0;
    format      ascii;
    class       volScalarField;
    location    "0.01";
    object      p;
}
// * * * * * * * * * * * * * * * * * * * * * * * * * * * * * * * * * * * * * //

dimensions      [0 2 -2 0 0 0 0];

internalField   nonuniform List<scalar> 
400
(
-5.36198e-07
-0.0448125
-0.100286
-0.14262
-0.157653
-0.139063
-0.0864452
-0.00365403
0.102565
0.223603
0.349788
0.471077
0.577704
0.660901
0.713765
0.732348
0.717065
0.674369
0.618649
0.573825
0.0444071
-0.00162659
-0.0451445
-0.0742221
-0.0818363
-0.0635256
-0.0187631
0.0496572
0.136594
0.235315
0.338148
0.437081
0.524362
0.593128
0.63811
0.656431
0.648618
0.619234
0.575488
0.529438
0.103264
0.0393922
-0.00784131
-0.034737
-0.0408178
-0.0236269
0.0167516
0.077603
0.154395
0.241327
0.331815
0.418985
0.496169
0.557426
0.598083
0.615326
0.609053
0.581816
0.534295
0.470381
0.157473
0.0688747
0.00986976
-0.021023
-0.0286873
-0.0124489
0.0266714
0.0854565
0.159319
0.242712
0.329473
0.413189
0.487594
0.546966
0.586529
0.602921
0.595078
0.563767
0.504349
0.415619
0.194612
0.0796103
0.00639237
-0.0302015
-0.039675
-0.0229541
0.0178916
0.0788711
0.155001
0.240631
0.32965
0.415746
0.492676
0.554556
0.59614
0.613221
0.603635
0.566541
0.492722
0.377397
0.205729
0.0634145
-0.0247958
-0.0669701
-0.0768953
-0.0570476
-0.0106687
0.0572583
0.141099
0.234835
0.332151
0.426572
0.511605
0.580924
0.628526
0.649103
0.639239
0.596513
0.507448
0.364466
0.18294
0.0120615
-0.0910943
-0.137334
-0.144904
-0.117995
-0.0612365
0.0191664
0.116718
0.224849
0.336881
0.446011
0.54533
0.627859
0.686598
0.714862
0.707721
0.660969
0.556651
0.384559
0.117619
-0.0836077
-0.200879
-0.248149
-0.248898
-0.209491
-0.13629
-0.0369911
0.0808855
0.210139
0.343687
0.474378
0.594837
0.697329
0.773652
0.815425
0.81579
0.768232
0.649472
0.446236
-0.00106382
-0.234918
-0.364423
-0.407749
-0.395119
-0.335894
-0.238695
-0.113007
0.032528
0.19012
0.352404
0.51203
0.661267
0.791647
0.893629
0.95677
0.971678
0.928616
0.797348
0.560414
-0.187581
-0.456607
-0.594664
-0.626213
-0.590749
-0.501927
-0.371329
-0.210529
-0.029274
0.164286
0.362843
0.559214
0.74565
0.913163
1.05086
1.14586
1.18545
1.15524
1.01532
0.741889
-0.461972
-0.76845
-0.90807
-0.915484
-0.843534
-0.712045
-0.536403
-0.330471
-0.104856
0.132438
0.374787
0.615849
0.848495
1.06373
1.24954
1.39036
1.46919
1.46495
1.32378
1.01141
-0.853108
-1.19771
-1.32569
-1.28927
-1.16101
-0.969415
-0.734449
-0.472166
-0.193372
0.0949895
0.388009
0.681241
0.969231
1.24394
1.4929
1.69798
1.837
1.87952
1.75102
1.39909
-1.40492
-1.78303
-1.8743
-1.76238
-1.54902
-1.27421
-0.962805
-0.632192
-0.292011
0.0533724
0.402281
0.753695
1.1054
1.4519
1.78177
2.07517
2.30446
2.42682
2.33724
1.95091
-2.18933
-2.58073
-2.58701
-2.34852
-2.00863
-1.62075
-1.21335
-0.80279
-0.395031
0.0104567
0.417297
0.829894
1.2514
1.68132
2.11194
2.52427
2.88654
3.14151
3.14101
2.74197
-3.3329
-3.674
-3.50103
-3.05426
-2.52998
-1.99261
-1.46913
-0.969813
-0.492683
-0.0291022
0.43239
0.903931
1.39664
1.91835
2.46957
3.03755
3.59172
4.06293
4.24849
3.90348
-5.06233
-5.18085
-4.64954
-3.86871
-3.08384
-2.35692
-1.70124
-1.11132
-0.570806
-0.0589819
0.446062
0.966383
1.5237
2.13827
2.82542
3.58875
4.41167
5.22676
5.78099
5.66826
-7.78418
-7.25388
-6.04625
-4.75471
-3.61777
-2.66383
-1.8702
-1.19969
-0.612787
-0.0724726
0.455583
1.00467
1.60909
2.30567
3.13353
4.12892
5.3122
6.64933
7.8942
8.44931
-12.4055
-10.0859
-7.60716
-5.58821
-4.02041
-2.82768
-1.91727
-1.19849
-0.599076
-0.0632718
0.455306
1.00008
1.61748
2.36336
3.31007
4.54855
6.17094
8.24888
10.7857
13.1621
-21.2917
-13.7977
-8.77677
-5.85699
-3.93369
-2.61942
-1.70359
-1.0283
-0.489821
-0.020304
0.430985
0.909842
1.46708
2.1707
3.12475
4.48847
6.47508
9.47173
14.5821
22.178
-36.1738
-17.3714
-8.40458
-4.80667
-2.94048
-1.82852
-1.12718
-0.641556
-0.265439
0.0598115
0.373245
0.708732
1.10531
1.62152
2.36334
3.52725
5.4644
9.1595
18.2404
37.1576
)
;

boundaryField
{
    movingWall
    {
        type            zeroGradient;
    }
    fixedWalls
    {
        type            zeroGradient;
    }
    frontAndBack
    {
        type            empty;
    }
}


// ************************************************************************* //
