/*--------------------------------*- C++ -*----------------------------------*\
  =========                 |
  \\      /  F ield         | OpenFOAM: The Open Source CFD Toolbox
   \\    /   O peration     | Website:  https://openfoam.org
    \\  /    A nd           | Version:  6
     \\/     M anipulation  |
\*---------------------------------------------------------------------------*/
FoamFile
{
    version     2.0;
    format      ascii;
    class       volScalarField;
    location    "0.065";
    object      p;
}
// * * * * * * * * * * * * * * * * * * * * * * * * * * * * * * * * * * * * * //

dimensions      [0 2 -2 0 0 0 0];

internalField   nonuniform List<scalar> 
400
(
3.14384e-08
-0.0017341
-0.00358984
-0.00466367
-0.00453529
-0.00305992
-0.000275587
0.00365957
0.00850924
0.0139802
0.0197334
0.0253932
0.0305633
0.0348536
0.0379218
0.0395318
0.0396271
0.0384077
0.0364065
0.0346265
0.00171576
-7.16332e-05
-0.00149404
-0.0021233
-0.00178448
-0.000369746
0.00210748
0.0055331
0.00972225
0.0144349
0.0193864
0.0242591
0.0287201
0.0324473
0.0351659
0.0366951
0.0370044
0.0362465
0.0346938
0.0328702
0.00369059
0.00124005
-0.000312213
-0.000864763
-0.000485145
0.000873351
0.00318719
0.00635302
0.0102105
0.0145503
0.0191199
0.0236331
0.027786
0.031281
0.0338593
0.0353418
0.035681
0.0349674
0.0332418
0.0307285
0.00513435
0.00180706
-0.000147324
-0.000825217
-0.000493977
0.000833251
0.003109
0.00622261
0.0100203
0.0143063
0.018842
0.0233508
0.0275311
0.0310773
0.0337097
0.0352149
0.0355042
0.0346077
0.0323901
0.0289273
0.00560731
0.00136447
-0.00107005
-0.00192981
-0.0016526
-0.000304366
0.00204169
0.0052618
0.00920119
0.0136688
0.0184296
0.0232045
0.0276775
0.0315146
0.0343912
0.0360362
0.0363029
0.035161
0.0323288
0.0278109
0.00479223
-0.000409983
-0.00336234
-0.00440988
-0.00415066
-0.00270021
-0.000158098
0.00333586
0.00762189
0.0125089
0.0177596
0.0230835
0.0281385
0.0325442
0.0359087
0.0378768
0.038221
0.0368389
0.0333027
0.0275825
0.00239924
-0.00385179
-0.0073525
-0.00856266
-0.00825331
-0.00659338
-0.00371121
0.000235609
0.00508142
0.0106346
0.0166548
0.022837
0.0288055
0.034119
0.0382934
0.040857
0.0414658
0.0399135
0.0355873
0.0284244
-0.00190533
-0.00934485
-0.0134203
-0.0147371
-0.0142771
-0.0122754
-0.0088937
-0.00430816
0.00131249
0.00778133
0.0148608
0.0222366
0.0294991
0.0361368
0.0415492
0.0451051
0.0462903
0.0447337
0.039548
0.0305995
-0.0085611
-0.0173742
-0.0220379
-0.0233642
-0.0226122
-0.0201057
-0.0160478
-0.0106324
-0.00402443
0.00360546
0.0120374
0.0209637
0.0299531
0.0384247
0.0456405
0.0507595
0.0530193
0.0517819
0.0457257
0.0345559
-0.0181726
-0.0285771
-0.0338021
-0.0349695
-0.0337184
-0.0304967
-0.0255587
-0.0191142
-0.011313
-0.00229079
0.00777557
0.0186149
0.0298054
0.0407165
0.0504659
0.0579512
0.0620587
0.0617254
0.0549352
0.0410538
-0.0315829
-0.0438051
-0.0494658
-0.0501719
-0.0480977
-0.0438654
-0.0377919
-0.0300985
-0.0209039
-0.0102832
0.00166562
0.0147557
0.0286297
0.0426601
0.0558455
0.0667871
0.0739022
0.0754776
0.0683962
0.0513462
-0.049991
-0.0642144
-0.06997
-0.0696588
-0.0662267
-0.060535
-0.0529728
-0.0437622
-0.0329688
-0.0205754
-0.00655477
0.00905504
0.0260468
0.0438936
0.061557
0.0773606
0.0891507
0.0942768
0.0879197
0.0674653
-0.0751755
-0.0914092
-0.0964666
-0.0941148
-0.0884233
-0.0805642
-0.0709917
-0.0599039
-0.0472802
-0.0329701
-0.0167675
0.00151712
0.0219394
0.0442229
0.0674601
0.0898211
0.108563
0.119797
0.116187
0.092712
-0.109976
-0.12768
-0.130302
-0.124052
-0.114606
-0.103476
-0.0911293
-0.0776754
-0.0629481
-0.046607
-0.0282043
-0.00723887
0.0167362
0.0438889
0.0737094
0.104509
0.133138
0.154293
0.157185
0.132567
-0.15936
-0.176379
-0.172854
-0.159433
-0.143871
-0.12787
-0.111727
-0.0953184
-0.0782123
-0.0597886
-0.0392823
-0.015799
0.0116189
0.0437896
0.0809497
0.122065
0.164128
0.200665
0.216769
0.196309
-0.232516
-0.242338
-0.225071
-0.199038
-0.173933
-0.15101
-0.129956
-0.110089
-0.0904898
-0.0701094
-0.0477728
-0.0221226
0.00839601
0.0454226
0.0903144
0.143412
0.202908
0.262234
0.302947
0.299193
-0.347
-0.332029
-0.286711
-0.239962
-0.200892
-0.168864
-0.1421
-0.118742
-0.096989
-0.0751566
-0.0515572
-0.0243242
0.00873554
0.0502006
0.102908
0.169439
0.250692
0.342204
0.425885
0.465824
-0.544056
-0.453242
-0.352755
-0.275162
-0.218052
-0.175853
-0.143946
-0.11829
-0.0956896
-0.0736433
-0.0499263
-0.0222061
0.0122984
0.0571427
0.116976
0.19761
0.304613
0.440105
0.600096
0.747684
-0.938013
-0.608907
-0.394417
-0.278838
-0.207298
-0.160242
-0.128428
-0.104917
-0.085018
-0.0656374
-0.0443439
-0.0187007
0.0142691
0.0587078
0.120881
0.210431
0.340603
0.531744
0.836983
1.2679
-1.64395
-0.753579
-0.354059
-0.214075
-0.148796
-0.112566
-0.0917991
-0.0779586
-0.0660282
-0.0532734
-0.0378215
-0.0178342
0.00905208
0.0464207
0.100412
0.182513
0.314861
0.551118
1.06601
2.07099
)
;

boundaryField
{
    movingWall
    {
        type            zeroGradient;
    }
    fixedWalls
    {
        type            zeroGradient;
    }
    frontAndBack
    {
        type            empty;
    }
}


// ************************************************************************* //
