/*--------------------------------*- C++ -*----------------------------------*\
  =========                 |
  \\      /  F ield         | OpenFOAM: The Open Source CFD Toolbox
   \\    /   O peration     | Website:  https://openfoam.org
    \\  /    A nd           | Version:  6
     \\/     M anipulation  |
\*---------------------------------------------------------------------------*/
FoamFile
{
    version     2.0;
    format      ascii;
    class       volVectorField;
    location    "0.065";
    object      U;
}
// * * * * * * * * * * * * * * * * * * * * * * * * * * * * * * * * * * * * * //

dimensions      [0 1 -1 0 0 0 0];

internalField   nonuniform List<vector> 
400
(
(0.000141614 -0.000140033 0)
(-7.29332e-05 0.000170458 0)
(-0.00121175 0.000499128 0)
(-0.00302827 0.000705316 0)
(-0.00519384 0.000790175 0)
(-0.00742698 0.0007768 0)
(-0.00950034 0.000688696 0)
(-0.0112382 0.000545527 0)
(-0.0125096 0.000362343 0)
(-0.0132208 0.000151175 0)
(-0.0133114 -7.64593e-05 0)
(-0.012757 -0.000307076 0)
(-0.0115762 -0.000523266 0)
(-0.00984162 -0.000702657 0)
(-0.00769067 -0.000818246 0)
(-0.00533298 -0.000840736 0)
(-0.0030464 -0.000743504 0)
(-0.00115968 -0.00051001 0)
(-1.875e-05 -0.000155976 0)
(0.000161148 0.000156266 0)
(-0.000149791 5.33211e-05 0)
(-0.00150944 0.0015242 0)
(-0.00475674 0.00293041 0)
(-0.00931585 0.00383647 0)
(-0.0145438 0.0042084 0)
(-0.0198698 0.00411223 0)
(-0.024795 0.00363757 0)
(-0.0289132 0.00287188 0)
(-0.0319141 0.0018915 0)
(-0.0335756 0.000764195 0)
(-0.0337601 -0.000442697 0)
(-0.03242 -0.00165302 0)
(-0.0296117 -0.00277438 0)
(-0.0255146 -0.00369529 0)
(-0.0204496 -0.00428917 0)
(-0.0148847 -0.00442839 0)
(-0.0094135 -0.00401025 0)
(-0.00469802 -0.00299487 0)
(-0.00142156 -0.00148207 0)
(-0.000114558 7.88976e-06 0)
(-0.000485466 0.00116308 0)
(-0.0030414 0.00479095 0)
(-0.00827568 0.00794715 0)
(-0.0151914 0.00996745 0)
(-0.0228909 0.0107635 0)
(-0.0306226 0.0104504 0)
(-0.0377192 0.00921506 0)
(-0.0436283 0.00725599 0)
(-0.0479237 0.00475874 0)
(-0.0502994 0.00189606 0)
(-0.0505661 -0.00115763 0)
(-0.0486587 -0.00420767 0)
(-0.0446545 -0.00702414 0)
(-0.0387978 -0.00933724 0)
(-0.0315226 -0.0108497 0)
(-0.0234599 -0.0112722 0)
(-0.0154042 -0.010386 0)
(-0.00823817 -0.00812861 0)
(-0.00293143 -0.0047276 0)
(-0.000436139 -0.00103375 0)
(-0.000762206 0.00307705 0)
(-0.00440888 0.00973774 0)
(-0.0115187 0.0151016 0)
(-0.0206207 0.0184319 0)
(-0.0305442 0.019648 0)
(-0.0403816 0.0189495 0)
(-0.0493418 0.0166484 0)
(-0.0567743 0.0130813 0)
(-0.062178 0.00856874 0)
(-0.0651907 0.00341381 0)
(-0.0655833 -0.00207601 0)
(-0.0632677 -0.0075589 0)
(-0.0583191 -0.0126338 0)
(-0.0510079 -0.0168327 0)
(-0.0418333 -0.0196423 0)
(-0.0315399 -0.0205648 0)
(-0.0210868 -0.0192214 0)
(-0.0115717 -0.0154893 0)
(-0.00429299 -0.00967879 0)
(-0.00069722 -0.00285932 0)
(-0.00100058 0.00567477 0)
(-0.00567376 0.0162156 0)
(-0.0146183 0.0242185 0)
(-0.0258697 0.0290011 0)
(-0.0379586 0.0305837 0)
(-0.0498179 0.0293115 0)
(-0.0605501 0.0256628 0)
(-0.0694323 0.0201381 0)
(-0.0759135 0.0132096 0)
(-0.0795918 0.00532172 0)
(-0.0802011 -0.00307675 0)
(-0.0776181 -0.0114863 0)
(-0.0718892 -0.0193176 0)
(-0.0632747 -0.0258757 0)
(-0.052301 -0.0303883 0)
(-0.0398002 -0.0320913 0)
(-0.0268947 -0.0303774 0)
(-0.014932 -0.0249894 0)
(-0.00560888 -0.0162439 0)
(-0.000925762 -0.00536174 0)
(-0.00123379 0.00891961 0)
(-0.00695287 0.024222 0)
(-0.0177999 0.0353366 0)
(-0.0312864 0.0417249 0)
(-0.0456142 0.0436092 0)
(-0.0595468 0.041561 0)
(-0.0720883 0.0362796 0)
(-0.0824618 0.0284619 0)
(-0.0900856 0.0187458 0)
(-0.0945297 0.00771794 0)
(-0.0954905 -0.00403593 0)
(-0.0927934 -0.015862 0)
(-0.0864251 -0.0269755 0)
(-0.076595 -0.0364294 0)
(-0.0638164 -0.0431403 0)
(-0.0489836 -0.045997 0)
(-0.0333897 -0.0440604 0)
(-0.0186837 -0.036829 0)
(-0.00705629 -0.0245374 0)
(-0.001167 -0.00854339 0)
(-0.00149247 0.0128475 0)
(-0.0083653 0.0338618 0)
(-0.0212985 0.0485995 0)
(-0.0372123 0.0567489 0)
(-0.0539398 0.0588499 0)
(-0.0700666 0.0558001 0)
(-0.0845103 0.0485896 0)
(-0.0964623 0.0381496 0)
(-0.105333 0.0252949 0)
(-0.110681 0.0107461 0)
(-0.112166 -0.00479314 0)
(-0.109545 -0.0205339 0)
(-0.10271 -0.0355032 0)
(-0.0917683 -0.0484817 0)
(-0.0771638 -0.0580151 0)
(-0.0598105 -0.0625386 0)
(-0.0411665 -0.0606342 0)
(-0.0232349 -0.0513966 0)
(-0.00883297 -0.0348584 0)
(-0.00146792 -0.0125158 0)
(-0.0018046 0.0175595 0)
(-0.0100221 0.0453458 0)
(-0.0253279 0.0642467 0)
(-0.0439342 0.0742861 0)
(-0.0632524 0.076469 0)
(-0.0816897 0.0721469 0)
(-0.0981022 0.0626871 0)
(-0.111687 0.0492996 0)
(-0.121882 0.0329832 0)
(-0.128263 0.0145726 0)
(-0.130464 -0.00514751 0)
(-0.128162 -0.0252935 0)
(-0.121115 -0.0447321 0)
(-0.109265 -0.0619665 0)
(-0.092902 -0.0751118 0)
(-0.0728821 -0.0820172 0)
(-0.0507848 -0.0805845 0)
(-0.0290029 -0.0692686 0)
(-0.0111494 -0.047706 0)
(-0.00187872 -0.0175027 0)
(-0.00219772 0.0232164 0)
(-0.0120264 0.0589808 0)
(-0.030067 0.0825902 0)
(-0.051649 0.094573 0)
(-0.0736982 0.0966055 0)
(-0.0944592 0.0906608 0)
(-0.112777 0.0785925 0)
(-0.127913 0.0619393 0)
(-0.139397 0.0418863 0)
(-0.146863 0.0193479 0)
(-0.149953 -0.00486848 0)
(-0.148263 -0.0298529 0)
(-0.141384 -0.0543716 0)
(-0.129015 -0.0766758 0)
(-0.11118 -0.0944054 0)
(-0.0885399 -0.104677 0)
(-0.0626858 -0.104446 0)
(-0.0363826 -0.091178 0)
(-0.0142293 -0.0637813 0)
(-0.00245738 -0.0238473 0)
(-0.00270416 0.0300372 0)
(-0.0144821 0.0751506 0)
(-0.0356553 0.103964 0)
(-0.0604303 0.117788 0)
(-0.0851817 0.119268 0)
(-0.108041 0.111225 0)
(-0.127929 0.096134 0)
(-0.14427 0.0759161 0)
(-0.156771 0.0519368 0)
(-0.165205 0.0251396 0)
(-0.169269 -0.00372819 0)
(-0.168508 -0.033833 0)
(-0.162327 -0.0639456 0)
(-0.150106 -0.0921414 0)
(-0.13146 -0.115586 0)
(-0.106652 -0.130526 0)
(-0.0770621 -0.132649 0)
(-0.0457004 -0.117923 0)
(-0.0183128 -0.0839664 0)
(-0.00327729 -0.0320244 0)
(-0.00337111 0.0383075 0)
(-0.0175131 0.0942938 0)
(-0.0421946 0.128649 0)
(-0.0701865 0.143926 0)
(-0.0972708 0.144183 0)
(-0.121577 0.133387 0)
(-0.14225 0.114792 0)
(-0.159018 0.0907544 0)
(-0.171888 0.0628012 0)
(-0.180875 0.0318349 0)
(-0.185815 -0.00156426 0)
(-0.186261 -0.0367783 0)
(-0.18145 -0.0727415 0)
(-0.170394 -0.107506 0)
(-0.152147 -0.13785 0)
(-0.126297 -0.159079 0)
(-0.0936508 -0.165266 0)
(-0.0571308 -0.150192 0)
(-0.0236589 -0.10927 0)
(-0.00443997 -0.0426603 0)
(-0.00428095 0.048408 0)
(-0.0212997 0.116881 0)
(-0.0497524 0.15676 0)
(-0.0805933 0.172623 0)
(-0.109052 0.170587 0)
(-0.133484 0.156149 0)
(-0.153489 0.133508 0)
(-0.169294 0.10549 0)
(-0.181356 0.073736 0)
(-0.190054 0.0390195 0)
(-0.195475 0.0016264 0)
(-0.197272 -0.0382077 0)
(-0.19459 -0.0797939 0)
(-0.186086 -0.121408 0)
(-0.170134 -0.159665 0)
(-0.145346 -0.189009 0)
(-0.111419 -0.201621 0)
(-0.0705508 -0.188263 0)
(-0.0305421 -0.140712 0)
(-0.00609687 -0.0565673 0)
(-0.00559197 0.0608871 0)
(-0.0261426 0.143382 0)
(-0.0583502 0.18806 0)
(-0.0909575 0.202876 0)
(-0.118889 0.196939 0)
(-0.141151 0.177716 0)
(-0.158148 0.150483 0)
(-0.170837 0.118508 0)
(-0.180284 0.0834578 0)
(-0.187342 0.045861 0)
(-0.192451 0.00557848 0)
(-0.195496 -0.0377086 0)
(-0.195668 -0.0839326 0)
(-0.191383 -0.13193 0)
(-0.180344 -0.17856 0)
(-0.159933 -0.217745 0)
(-0.1281 -0.239758 0)
(-0.0852813 -0.231501 0)
(-0.039229 -0.179103 0)
(-0.00848455 -0.0748035 0)
(-0.00761323 0.0766095 0)
(-0.0325515 0.174193 0)
(-0.0678683 0.221628 0)
(-0.0998946 0.232624 0)
(-0.123959 0.220542 0)
(-0.140457 0.195224 0)
(-0.151059 0.163013 0)
(-0.157693 0.127463 0)
(-0.162124 0.0900952 0)
(-0.165719 0.0510576 0)
(-0.16933 0.00967292 0)
(-0.173181 -0.0350646 0)
(-0.17671 -0.0839268 0)
(-0.178353 -0.136692 0)
(-0.175362 -0.19105 0)
(-0.163876 -0.241119 0)
(-0.139528 -0.275772 0)
(-0.0996053 -0.277594 0)
(-0.0498697 -0.224592 0)
(-0.0119658 -0.0987482 0)
(-0.0109084 0.0970152 0)
(-0.041273 0.209402 0)
(-0.0776299 0.255252 0)
(-0.104518 0.258131 0)
(-0.119308 0.237121 0)
(-0.124916 0.204551 0)
(-0.124772 0.167492 0)
(-0.121875 0.12939 0)
(-0.118614 0.0913359 0)
(-0.116746 0.0529452 0)
(-0.117455 0.0129445 0)
(-0.121345 -0.0303861 0)
(-0.128306 -0.078756 0)
(-0.137188 -0.133192 0)
(-0.145333 -0.192889 0)
(-0.148089 -0.253288 0)
(-0.138674 -0.303191 0)
(-0.109825 -0.321466 0)
(-0.0620809 -0.275789 0)
(-0.0170022 -0.13012 0)
(-0.0162895 0.124576 0)
(-0.0528259 0.248091 0)
(-0.0849382 0.284233 0)
(-0.0984309 0.273091 0)
(-0.095937 0.240466 0)
(-0.0842225 0.200416 0)
(-0.0686474 0.159783 0)
(-0.0529945 0.121193 0)
(-0.0398578 0.084907 0)
(-0.0309979 0.0498731 0)
(-0.0276492 0.0142741 0)
(-0.0306843 -0.0241737 0)
(-0.040566 -0.0679771 0)
(-0.0570144 -0.119459 0)
(-0.0783027 -0.179843 0)
(-0.100133 -0.247236 0)
(-0.114261 -0.312695 0)
(-0.108397 -0.35398 0)
(-0.0736171 -0.328287 0)
(-0.023747 -0.170989 0)
(-0.0240596 0.163859 0)
(-0.0651233 0.286339 0)
(-0.0807028 0.298756 0)
(-0.0671185 0.26716 0)
(-0.0372322 0.222229 0)
(-0.00200385 0.176961 0)
(0.0322314 0.136145 0)
(0.0619678 0.100618 0)
(0.0853069 0.0694364 0)
(0.101166 0.04088 0)
(0.108732 0.0128155 0)
(0.107151 -0.0172246 0)
(0.0954451 -0.0520748 0)
(0.0727138 -0.0949293 0)
(0.0388193 -0.148996 0)
(-0.00408909 -0.216057 0)
(-0.0489377 -0.292438 0)
(-0.0805871 -0.360385 0)
(-0.0770446 -0.372064 0)
(-0.0303484 -0.223943 0)
(-0.029653 0.220525 0)
(-0.0648532 0.310824 0)
(-0.0381611 0.279422 0)
(0.02125 0.22517 0)
(0.086591 0.173395 0)
(0.146694 0.129982 0)
(0.197577 0.0953793 0)
(0.23805 0.0680087 0)
(0.268152 0.0457792 0)
(0.288222 0.0266317 0)
(0.298345 0.00857569 0)
(0.298037 -0.0104618 0)
(0.286084 -0.0328854 0)
(0.260494 -0.0617729 0)
(0.218793 -0.101236 0)
(0.159178 -0.156307 0)
(0.0831115 -0.230756 0)
(0.00125423 -0.319392 0)
(-0.0522975 -0.384558 0)
(-0.0270847 -0.286417 0)
(0.00277247 0.269325 0)
(0.00719972 0.281509 0)
(0.11373 0.2027 0)
(0.22946 0.140191 0)
(0.322865 0.0966759 0)
(0.394717 0.06643 0)
(0.448976 0.0454465 0)
(0.488773 0.0306467 0)
(0.516691 0.0197206 0)
(0.534603 0.0109941 0)
(0.543495 0.00317319 0)
(0.543398 -0.00491218 0)
(0.533276 -0.0145775 0)
(0.510783 -0.0276697 0)
(0.471938 -0.0472329 0)
(0.410916 -0.0785901 0)
(0.319603 -0.13046 0)
(0.190951 -0.213302 0)
(0.0568661 -0.318591 0)
(0.0281528 -0.311635 0)
(0.294706 0.143377 0)
(0.38466 0.126124 0)
(0.538058 0.0772302 0)
(0.65319 0.0458279 0)
(0.722901 0.0275608 0)
(0.766722 0.0167154 0)
(0.795671 0.0102061 0)
(0.814866 0.00621429 0)
(0.827249 0.0036283 0)
(0.834581 0.00177881 0)
(0.837741 0.000240804 0)
(0.836915 -0.00130694 0)
(0.831624 -0.00319472 0)
(0.820544 -0.00590898 0)
(0.801 -0.0103798 0)
(0.767829 -0.0186161 0)
(0.70943 -0.0350086 0)
(0.599562 -0.068158 0)
(0.431112 -0.125707 0)
(0.317425 -0.150899 0)
)
;

boundaryField
{
    movingWall
    {
        type            fixedValue;
        value           uniform (1 0 0);
    }
    fixedWalls
    {
        type            noSlip;
    }
    frontAndBack
    {
        type            empty;
    }
}


// ************************************************************************* //
