/*--------------------------------*- C++ -*----------------------------------*\
  =========                 |
  \\      /  F ield         | OpenFOAM: The Open Source CFD Toolbox
   \\    /   O peration     | Website:  https://openfoam.org
    \\  /    A nd           | Version:  6
     \\/     M anipulation  |
\*---------------------------------------------------------------------------*/
FoamFile
{
    version     2.0;
    format      ascii;
    class       volVectorField;
    location    "0.035";
    object      U;
}
// * * * * * * * * * * * * * * * * * * * * * * * * * * * * * * * * * * * * * //

dimensions      [0 1 -1 0 0 0 0];

internalField   nonuniform List<vector> 
400
(
(0.000257154 -0.000253484 0)
(0.000159929 0.000105913 0)
(-0.00114381 0.000565267 0)
(-0.003453 0.000894391 0)
(-0.00637322 0.00106098 0)
(-0.00949637 0.00107698 0)
(-0.0124542 0.000967094 0)
(-0.014943 0.000760141 0)
(-0.016733 0.00048482 0)
(-0.0176707 0.000168585 0)
(-0.017678 -0.000161997 0)
(-0.0167523 -0.000480406 0)
(-0.0149673 -0.000759279 0)
(-0.0124747 -0.000969819 0)
(-0.00950601 -0.00108189 0)
(-0.0063696 -0.00106572 0)
(-0.00343967 -0.000896608 0)
(-0.00112875 -0.000563923 0)
(0.000169217 -0.000102412 0)
(0.000259649 0.000255434 0)
(-6.69853e-05 -0.000189646 0)
(-0.00156942 0.00161519 0)
(-0.00562515 0.00361207 0)
(-0.0116632 0.00506413 0)
(-0.0188826 0.00579562 0)
(-0.0264494 0.0058125 0)
(-0.0335624 0.00520077 0)
(-0.0395313 0.004085 0)
(-0.0438202 0.00260446 0)
(-0.0460647 0.000902463 0)
(-0.0460784 -0.000876717 0)
(-0.0438566 -0.00258759 0)
(-0.0395773 -0.00408261 0)
(-0.0336017 -0.00521298 0)
(-0.0264685 -0.00583358 0)
(-0.0188767 -0.00581597 0)
(-0.0116381 -0.00507422 0)
(-0.00559531 -0.00360753 0)
(-0.00154964 -0.00160099 0)
(-6.1125e-05 0.000199229 0)
(-0.000512458 0.00103737 0)
(-0.00365235 0.00566602 0)
(-0.0105018 0.0102102 0)
(-0.0199293 0.0134686 0)
(-0.0307693 0.0150558 0)
(-0.0419047 0.0149463 0)
(-0.0522575 0.0133122 0)
(-0.0608902 0.0104339 0)
(-0.0670704 0.00664437 0)
(-0.0702983 0.00229789 0)
(-0.0703181 -0.00224222 0)
(-0.0671232 -0.00660804 0)
(-0.0609586 -0.0104293 0)
(-0.0523195 -0.0133397 0)
(-0.041941 -0.0149938 0)
(-0.0307712 -0.0151024 0)
(-0.0199025 -0.0134935 0)
(-0.0104644 -0.0102028 0)
(-0.00362528 -0.00563536 0)
(-0.000503841 -0.00101369 0)
(-0.000906927 0.00338156 0)
(-0.00562277 0.0121077 0)
(-0.0152183 0.0199129 0)
(-0.0278897 0.0253169 0)
(-0.0420615 0.027792 0)
(-0.0563605 0.0273205 0)
(-0.0694972 0.024198 0)
(-0.0803646 0.0189049 0)
(-0.0881064 0.0120167 0)
(-0.0921413 0.00415205 0)
(-0.0921722 -0.00405204 0)
(-0.0881904 -0.0119498 0)
(-0.0804783 -0.0188926 0)
(-0.0696096 -0.0242424 0)
(-0.0564428 -0.0274023 0)
(-0.042097 -0.0278764 0)
(-0.0278801 -0.0253672 0)
(-0.0151839 -0.0199083 0)
(-0.00559184 -0.0120592 0)
(-0.000895861 -0.00333922 0)
(-0.00125519 0.00672995 0)
(-0.00747538 0.0208117 0)
(-0.0197723 0.0325434 0)
(-0.0356241 0.0403273 0)
(-0.0529998 0.0436115 0)
(-0.0702616 0.0424718 0)
(-0.0859356 0.0373918 0)
(-0.0987922 0.0291016 0)
(-0.107901 0.0184587 0)
(-0.11264 0.00637741 0)
(-0.112691 -0.00620442 0)
(-0.108044 -0.0183376 0)
(-0.0989931 -0.0290675 0)
(-0.086149 -0.0374508 0)
(-0.0704419 -0.0425972 0)
(-0.053115 -0.0437516 0)
(-0.0356663 -0.0404237 0)
(-0.0197611 -0.0325577 0)
(-0.00744802 -0.0207517 0)
(-0.00124272 -0.00666691 0)
(-0.00158731 0.0110241 0)
(-0.00929807 0.0317476 0)
(-0.0243073 0.0481024 0)
(-0.0433365 0.0584845 0)
(-0.0638584 0.0624495 0)
(-0.0839583 0.0602822 0)
(-0.101997 0.0527455 0)
(-0.116659 0.0408825 0)
(-0.126987 0.0258724 0)
(-0.132351 0.00894604 0)
(-0.132437 -0.00864886 0)
(-0.127226 -0.025654 0)
(-0.117006 -0.0407984 0)
(-0.102382 -0.0528104 0)
(-0.0843119 -0.0604631 0)
(-0.0641223 -0.0626737 0)
(-0.0434843 -0.0586635 0)
(-0.0243525 -0.0481686 0)
(-0.00928776 -0.0316954 0)
(-0.00157581 -0.0109433 0)
(-0.00193345 0.0162688 0)
(-0.0111922 0.0449543 0)
(-0.0289942 0.0666339 0)
(-0.0512362 0.0797928 0)
(-0.0748513 0.0842435 0)
(-0.0976453 0.0806267 0)
(-0.117843 0.0700998 0)
(-0.134096 0.0540957 0)
(-0.145467 0.0341536 0)
(-0.151366 0.0118297 0)
(-0.151501 -0.0113285 0)
(-0.145848 -0.0337692 0)
(-0.134658 -0.053914 0)
(-0.118489 -0.0701515 0)
(-0.0982679 -0.0808753 0)
(-0.0753551 -0.0845917 0)
(-0.0515638 -0.0801111 0)
(-0.0291439 -0.0668089 0)
(-0.0112197 -0.0449495 0)
(-0.00192699 -0.0161818 0)
(-0.00232202 0.0225284 0)
(-0.0132565 0.0605461 0)
(-0.0339918 0.0882191 0)
(-0.0594819 0.10424 0)
(-0.0860705 0.108869 0)
(-0.111302 0.103291 0)
(-0.133323 0.0892013 0)
(-0.150827 0.0685084 0)
(-0.162972 0.0431444 0)
(-0.169265 0.014982 0)
(-0.169464 -0.0141655 0)
(-0.163541 -0.0424963 0)
(-0.151678 -0.0681579 0)
(-0.134325 -0.0892058 0)
(-0.112301 -0.103617 0)
(-0.0869222 -0.109392 0)
(-0.0600815 -0.104777 0)
(-0.0343089 -0.0885898 0)
(-0.0133506 -0.0606555 0)
(-0.00232671 -0.0224596 0)
(-0.00278273 0.0299232 0)
(-0.0155887 0.0787076 0)
(-0.0394349 0.112954 0)
(-0.0681494 0.131748 0)
(-0.0974339 0.136069 0)
(-0.124624 0.127892 0)
(-0.147894 0.109623 0)
(-0.166096 0.0837417 0)
(-0.178588 0.0525899 0)
(-0.185045 0.018322 0)
(-0.185321 -0.0170502 0)
(-0.179379 -0.0515523 0)
(-0.167296 -0.0831254 0)
(-0.149337 -0.109527 0)
(-0.126105 -0.128293 0)
(-0.0987459 -0.136822 0)
(-0.0691246 -0.132606 0)
(-0.0399947 -0.113642 0)
(-0.0157863 -0.0790325 0)
(-0.00280704 -0.0299148 0)
(-0.0033544 0.0386331 0)
(-0.0183017 0.0996815 0)
(-0.0454384 0.140901 0)
(-0.0772063 0.162087 0)
(-0.108625 0.165341 0)
(-0.13694 0.153756 0)
(-0.160525 0.130661 0)
(-0.178559 0.0991891 0)
(-0.19074 0.0620856 0)
(-0.19701 0.0217128 0)
(-0.197364 -0.0198285 0)
(-0.191762 -0.060513 0)
(-0.18013 -0.0981872 0)
(-0.162453 -0.130385 0)
(-0.138975 -0.154215 0)
(-0.110492 -0.166376 0)
(-0.078657 -0.163383 0)
(-0.0463224 -0.142059 0)
(-0.0186467 -0.100362 0)
(-0.00340937 -0.0387493 0)
(-0.00409901 0.0489172 0)
(-0.0215515 0.123758 0)
(-0.0521059 0.172011 0)
(-0.0864716 0.194745 0)
(-0.119003 0.195784 0)
(-0.14708 0.17978 0)
(-0.169542 0.151214 0)
(-0.186131 0.113931 0)
(-0.197056 0.0710253 0)
(-0.202632 0.0249402 0)
(-0.20305 -0.0222936 0)
(-0.198271 -0.0687719 0)
(-0.188028 -0.112411 0)
(-0.171923 -0.150656 0)
(-0.149667 -0.180249 0)
(-0.121464 -0.197129 0)
(-0.0884686 -0.196592 0)
(-0.0533892 -0.173818 0)
(-0.022092 -0.124974 0)
(-0.00419846 -0.0492485 0)
(-0.00512693 0.061161 0)
(-0.0255799 0.151263 0)
(-0.0595236 0.206006 0)
(-0.095524 0.228734 0)
(-0.127432 0.2259 0)
(-0.153169 0.204259 0)
(-0.172432 0.169662 0)
(-0.185812 0.126661 0)
(-0.194209 0.0785595 0)
(-0.198412 0.0276953 0)
(-0.198854 -0.0241835 0)
(-0.195507 -0.0755127 0)
(-0.187878 -0.124498 0)
(-0.1751 -0.1687 0)
(-0.156175 -0.204645 0)
(-0.130416 -0.227533 0)
(-0.098067 -0.231213 0)
(-0.0612521 -0.20864 0)
(-0.0263624 -0.153226 0)
(-0.00528738 -0.0618273 0)
(-0.00664112 0.0759729 0)
(-0.0307686 0.182523 0)
(-0.0676972 0.242161 0)
(-0.103488 0.262301 0)
(-0.131977 0.253324 0)
(-0.15231 0.224703 0)
(-0.165558 0.183773 0)
(-0.173464 0.135643 0)
(-0.177762 0.0835858 0)
(-0.179765 0.0295689 0)
(-0.180161 -0.0251907 0)
(-0.178945 -0.079715 0)
(-0.175404 -0.132759 0)
(-0.168171 -0.182282 0)
(-0.155407 -0.224864 0)
(-0.135234 -0.255142 0)
(-0.106445 -0.265408 0)
(-0.0698496 -0.245752 0)
(-0.0318259 -0.185451 0)
(-0.00688125 -0.0771225 0)
(-0.00900681 0.0943479 0)
(-0.0376734 0.217741 0)
(-0.07632 0.278897 0)
(-0.108556 0.292478 0)
(-0.129335 0.274517 0)
(-0.140069 0.237696 0)
(-0.143787 0.190686 0)
(-0.143597 0.138774 0)
(-0.142076 0.0848078 0)
(-0.140994 0.0300742 0)
(-0.141247 -0.0249917 0)
(-0.142861 -0.0802243 0)
(-0.144972 -0.135188 0)
(-0.1458 -0.188574 0)
(-0.142687 -0.237446 0)
(-0.132363 -0.276299 0)
(-0.111581 -0.296062 0)
(-0.0787477 -0.283456 0)
(-0.0390021 -0.22181 0)
(-0.00934484 -0.0961506 0)
(-0.0128143 0.117887 0)
(-0.0468866 0.256591 0)
(-0.0840819 0.313032 0)
(-0.106953 0.314482 0)
(-0.113829 0.284491 0)
(-0.109727 0.238932 0)
(-0.100058 0.187125 0)
(-0.0892162 0.133821 0)
(-0.0803541 0.0809233 0)
(-0.0754445 0.0287205 0)
(-0.0754466 -0.0233071 0)
(-0.0804175 -0.0759338 0)
(-0.0894985 -0.129711 0)
(-0.100773 -0.184394 0)
(-0.111064 -0.238081 0)
(-0.115836 -0.285905 0)
(-0.109406 -0.318184 0)
(-0.0864192 -0.318345 0)
(-0.0483978 -0.261845 0)
(-0.013258 -0.12051 0)
(-0.0187195 0.149114 0)
(-0.0581683 0.297211 0)
(-0.0868054 0.338463 0)
(-0.0908435 0.320995 0)
(-0.0757513 0.27682 0)
(-0.0512859 0.223663 0)
(-0.0249949 0.169998 0)
(-0.00187684 0.118975 0)
(0.015021 0.0709969 0)
(0.024017 0.0251604 0)
(0.0243467 -0.0199991 0)
(0.015931 -0.0661203 0)
(-0.000617311 -0.114726 0)
(-0.0237434 -0.16682 0)
(-0.0504668 -0.222111 0)
(-0.0757366 -0.277477 0)
(-0.0917649 -0.324235 0)
(-0.0883604 -0.343983 0)
(-0.0595882 -0.303422 0)
(-0.0192319 -0.152672 0)
(-0.026269 0.192205 0)
(-0.0674226 0.333814 0)
(-0.0730156 0.343729 0)
(-0.044443 0.301323 0)
(0.00102298 0.244098 0)
(0.0495174 0.187753 0)
(0.0931141 0.137485 0)
(0.127774 0.093706 0)
(0.151666 0.0550017 0)
(0.164068 0.0194016 0)
(0.164721 -0.0151906 0)
(0.153552 -0.050905 0)
(0.13066 -0.0899012 0)
(0.0966003 -0.134277 0)
(0.0530429 -0.185629 0)
(0.00393082 -0.243732 0)
(-0.0427334 -0.303421 0)
(-0.0727431 -0.348556 0)
(-0.068132 -0.340313 0)
(-0.0266747 -0.196651 0)
(-0.0286683 0.250105 0)
(-0.0579624 0.349856 0)
(-0.0146319 0.309012 0)
(0.062278 0.242289 0)
(0.141799 0.180537 0)
(0.211567 0.13034 0)
(0.267446 0.0910977 0)
(0.308651 0.0601093 0)
(0.335735 0.0345688 0)
(0.349461 0.0120805 0)
(0.350283 -0.00941834 0)
(0.338159 -0.031884 0)
(0.31254 -0.0574209 0)
(0.272523 -0.0885212 0)
(0.217357 -0.128164 0)
(0.147595 -0.179316 0)
(0.0671898 -0.242851 0)
(-0.0114987 -0.312144 0)
(-0.0569168 -0.355356 0)
(-0.0284568 -0.254841 0)
(0.0136402 0.288402 0)
(0.0297042 0.302273 0)
(0.152936 0.213908 0)
(0.281397 0.142475 0)
(0.381616 0.0942237 0)
(0.455938 0.0622684 0)
(0.509539 0.0408355 0)
(0.54639 0.025798 0)
(0.569532 0.0144272 0)
(0.58096 0.00494042 0)
(0.581639 -0.00394684 0)
(0.571574 -0.0133695 0)
(0.549801 -0.0246196 0)
(0.514284 -0.0395059 0)
(0.461864 -0.0608314 0)
(0.388342 -0.0929086 0)
(0.288213 -0.14185 0)
(0.158676 -0.21482 0)
(0.0332937 -0.305062 0)
(0.0153876 -0.291423 0)
(0.304632 0.147055 0)
(0.405636 0.127652 0)
(0.568646 0.0748543 0)
(0.685269 0.0419887 0)
(0.752862 0.0239892 0)
(0.794094 0.0140447 0)
(0.820522 0.00837897 0)
(0.837342 0.00494357 0)
(0.84738 0.00263687 0)
(0.852171 0.000860019 0)
(0.852384 -0.000753433 0)
(0.848039 -0.00250222 0)
(0.838507 -0.00474717 0)
(0.822291 -0.0080769 0)
(0.796582 -0.013586 0)
(0.756161 -0.0233475 0)
(0.689391 -0.0412425 0)
(0.573078 -0.0742816 0)
(0.408904 -0.127713 0)
(0.306178 -0.147622 0)
)
;

boundaryField
{
    movingWall
    {
        type            fixedValue;
        value           uniform (1 0 0);
    }
    fixedWalls
    {
        type            noSlip;
    }
    frontAndBack
    {
        type            empty;
    }
}


// ************************************************************************* //
