/*--------------------------------*- C++ -*----------------------------------*\
  =========                 |
  \\      /  F ield         | OpenFOAM: The Open Source CFD Toolbox
   \\    /   O peration     | Website:  https://openfoam.org
    \\  /    A nd           | Version:  6
     \\/     M anipulation  |
\*---------------------------------------------------------------------------*/
FoamFile
{
    version     2.0;
    format      ascii;
    class       surfaceScalarField;
    location    "0.045";
    object      phi;
}
// * * * * * * * * * * * * * * * * * * * * * * * * * * * * * * * * * * * * * //

dimensions      [0 3 -1 0 0 0 0];

internalField   nonuniform List<scalar> 
760
(
1.47309e-08
-1.47478e-08
-2.08962e-08
3.56268e-08
-1.12778e-07
9.18821e-08
-2.44679e-07
1.31901e-07
-3.96537e-07
1.51859e-07
-5.49064e-07
1.52527e-07
-6.85577e-07
1.36513e-07
-7.92837e-07
1.07261e-07
-8.61302e-07
6.84656e-08
-8.8516e-07
2.38586e-08
-8.62335e-07
-2.2826e-08
-7.94527e-07
-6.78084e-08
-6.87312e-07
-1.07216e-07
-5.50228e-07
-1.37084e-07
-3.96762e-07
-1.53468e-07
-2.44003e-07
-1.52759e-07
-1.1165e-07
-1.32353e-07
-1.99483e-08
-9.17021e-08
1.50958e-08
-3.5044e-08
1.50959e-08
-3.30176e-08
1.82693e-08
-1.77737e-07
1.80347e-07
-4.31041e-07
3.45184e-07
-7.62768e-07
4.63626e-07
-1.13286e-06
5.21946e-07
-1.50016e-06
5.19829e-07
-1.82745e-06
4.63802e-07
-2.08419e-06
3.64e-07
-2.24789e-06
2.32168e-07
-2.30473e-06
8.06966e-08
-2.24981e-06
-7.77455e-08
-2.08734e-06
-2.30279e-07
-1.83071e-06
-3.63845e-07
-1.50239e-06
-4.65401e-07
-1.13336e-06
-5.22503e-07
-7.61566e-07
-5.24547e-07
-4.28912e-07
-4.65007e-07
-1.75826e-07
-3.44788e-07
-3.21622e-08
-1.78708e-07
-1.70662e-08
-9.05482e-08
1.08817e-07
-3.53456e-07
4.43256e-07
-7.60933e-07
7.5266e-07
-1.26686e-06
9.69549e-07
-1.81624e-06
1.07133e-06
-2.35349e-06
1.05708e-06
-2.8282e-06
9.38514e-07
-3.19877e-06
7.34568e-07
-3.4344e-06
4.678e-07
-3.5161e-06
1.62397e-07
-3.43716e-06
-1.56688e-07
-3.20338e-06
-4.64057e-07
-2.83317e-06
-7.34064e-07
-2.35723e-06
-9.41336e-07
-1.81769e-06
-1.06204e-06
-1.2659e-06
-1.07634e-06
-7.58453e-07
-9.7245e-07
-3.50966e-07
-7.52274e-07
-8.93297e-08
-4.40345e-07
-1.06396e-07
-1.43105e-07
2.51921e-07
-5.21667e-07
8.2182e-07
-1.07877e-06
1.30977e-06
-1.74815e-06
1.63893e-06
-2.45955e-06
1.78272e-06
-3.14527e-06
1.7428e-06
-3.74534e-06
1.53858e-06
-4.21086e-06
1.20009e-06
-4.50588e-06
7.62819e-07
-4.60829e-06
2.64807e-07
-4.51024e-06
-2.54741e-07
-4.21836e-06
-7.55936e-07
-3.75392e-06
-1.19851e-06
-3.15265e-06
-1.5426e-06
-2.464e-06
-1.75069e-06
-1.74909e-06
-1.79124e-06
-1.07703e-06
-1.64451e-06
-5.1911e-07
-1.3102e-06
-1.41638e-07
-8.17817e-07
-2.48033e-07
-1.91461e-07
4.43381e-07
-6.82409e-07
1.31277e-06
-1.38644e-06
2.01379e-06
-2.21445e-06
2.46694e-06
-3.07961e-06
2.64788e-06
-3.90264e-06
2.56583e-06
-4.61585e-06
2.2518e-06
-5.16548e-06
1.74971e-06
-5.51264e-06
1.10998e-06
-5.63365e-06
3.85817e-07
-5.51999e-06
-3.68396e-07
-5.17847e-06
-1.09746e-06
-4.63151e-06
-1.74547e-06
-3.9175e-06
-2.25661e-06
-3.09074e-06
-2.57746e-06
-2.22033e-06
-2.66165e-06
-1.38749e-06
-2.47735e-06
-6.80812e-07
-2.01687e-06
-1.9001e-07
-1.30862e-06
-4.38043e-07
-2.385e-07
6.8188e-07
-8.4149e-07
1.91576e-06
-1.69248e-06
2.86479e-06
-2.67748e-06
3.45194e-06
-3.69175e-06
3.66215e-06
-4.64466e-06
3.51874e-06
-5.46224e-06
3.06939e-06
-6.0879e-06
2.37537e-06
-6.48184e-06
1.50392e-06
-6.62016e-06
5.24136e-07
-6.49411e-06
-4.94441e-07
-6.11002e-06
-1.48155e-06
-5.48987e-06
-2.36562e-06
-4.67253e-06
-3.07395e-06
-3.71499e-06
-3.535e-06
-2.69291e-06
-3.68373e-06
-1.6996e-06
-3.47066e-06
-8.42603e-07
-2.87387e-06
-2.37573e-07
-1.91365e-06
-6.75614e-07
-2.87193e-07
9.69072e-07
-1.0057e-06
2.63427e-06
-2.00631e-06
3.86539e-06
-3.1476e-06
4.59323e-06
-4.30595e-06
4.82049e-06
-5.38004e-06
4.59283e-06
-6.29163e-06
3.98098e-06
-6.98381e-06
3.06754e-06
-7.41821e-06
1.93832e-06
-7.57232e-06
6.78247e-07
-7.43767e-06
-6.29092e-07
-7.01937e-06
-1.89985e-06
-6.33717e-06
-3.04782e-06
-5.42783e-06
-3.98329e-06
-4.34832e-06
-4.61452e-06
-3.17879e-06
-4.85326e-06
-2.02409e-06
-4.62536e-06
-1.01211e-06
-3.88586e-06
-2.87593e-07
-2.63817e-06
-9.63207e-07
-3.40323e-07
1.30939e-06
-1.18145e-06
3.4754e-06
-2.33575e-06
5.01969e-06
-3.63091e-06
5.88839e-06
-4.9238e-06
6.11338e-06
-6.10431e-06
5.77335e-06
-7.09323e-06
4.9699e-06
-7.83703e-06
3.81135e-06
-8.30199e-06
2.40328e-06
-8.46912e-06
8.45373e-07
-8.33092e-06
-7.67287e-07
-7.89049e-06
-2.34029e-06
-7.163e-06
-3.7753e-06
-6.17967e-06
-4.96662e-06
-4.99343e-06
-5.80076e-06
-3.68539e-06
-6.1613e-06
-2.37005e-06
-5.94071e-06
-1.1966e-06
-5.05931e-06
-3.43188e-07
-3.49158e-06
-1.30639e-06
-4.0064e-07
1.71003e-06
-1.37455e-06
4.44931e-06
-2.68606e-06
6.3312e-06
-4.1272e-06
7.32952e-06
-5.53567e-06
7.52186e-06
-6.79644e-06
7.03411e-06
-7.83472e-06
6.00818e-06
-8.60587e-06
4.58249e-06
-9.08523e-06
2.88265e-06
-9.26023e-06
1.02037e-06
-9.12539e-06
-9.02134e-07
-8.68079e-06
-2.78488e-06
-7.93416e-06
-4.52193e-06
-6.90646e-06
-5.99432e-06
-5.64073e-06
-7.06649e-06
-4.21311e-06
-7.58891e-06
-2.74362e-06
-7.4102e-06
-1.40267e-06
-6.40026e-06
-4.07451e-07
-4.48679e-06
-1.71384e-06
-4.71426e-07
2.18146e-06
-1.5908e-06
5.56869e-06
-3.05947e-06
7.79988e-06
-4.62796e-06
8.89801e-06
-6.11718e-06
9.01107e-06
-7.41416e-06
8.33109e-06
-8.45702e-06
7.05105e-06
-9.21764e-06
5.3431e-06
-9.6863e-06
3.35131e-06
-9.86049e-06
1.19456e-06
-9.73809e-06
-1.02454e-06
-9.31523e-06
-3.20774e-06
-8.58872e-06
-5.24844e-06
-7.5633e-06
-7.01974e-06
-6.26394e-06
-8.36584e-06
-4.75264e-06
-9.10022e-06
-3.14717e-06
-9.01566e-06
-1.63663e-06
-7.9108e-06
-4.83994e-07
-5.63943e-06
-2.19784e-06
-5.57528e-07
2.73899e-06
-1.83705e-06
6.84821e-06
-3.45455e-06
9.41737e-06
-5.11322e-06
1.05567e-05
-6.62377e-06
1.05216e-05
-7.8873e-06
9.59463e-06
-8.86712e-06
8.03087e-06
-9.56162e-06
6.0376e-06
-9.98303e-06
3.77273e-06
-1.0143e-05
1.35454e-06
-1.00444e-05
-1.12311e-06
-9.67867e-06
-3.57351e-06
-9.02803e-06
-5.89907e-06
-8.07421e-06
-7.97356e-06
-6.81366e-06
-9.62639e-06
-5.28083e-06
-1.0633e-05
-3.57795e-06
-1.07186e-05
-1.90529e-06
-9.58345e-06
-5.7791e-07
-6.96681e-06
-2.77575e-06
-6.67077e-07
3.40607e-06
-2.12236e-06
8.30349e-06
-3.86395e-06
1.1159e-05
-5.54526e-06
1.2238e-05
-6.98168e-06
1.1958e-05
-8.1077e-06
1.07206e-05
-8.92845e-06
8.85162e-06
-9.48055e-06
6.5897e-06
-9.80525e-06
4.09743e-06
-9.93215e-06
1.48145e-06
-9.87069e-06
-1.18458e-06
-9.60713e-06
-3.83707e-06
-9.10661e-06
-6.39959e-06
-8.32126e-06
-8.75891e-06
-7.20711e-06
-1.07405e-05
-5.75323e-06
-1.20869e-05
-4.02488e-06
-1.24469e-05
-2.21659e-06
-1.13917e-05
-6.97406e-07
-8.48599e-06
-3.47316e-06
-8.14259e-07
4.22032e-06
-2.45814e-06
9.94737e-06
-4.26774e-06
1.29686e-05
-5.8558e-06
1.38261e-05
-7.07228e-06
1.31745e-05
-7.91414e-06
1.15625e-05
-8.44854e-06
9.38602e-06
-8.76148e-06
6.90264e-06
-8.92812e-06
4.26407e-06
-8.99786e-06
1.55119e-06
-8.98755e-06
-1.19489e-06
-8.87905e-06
-3.94557e-06
-8.61998e-06
-6.65866e-06
-8.12918e-06
-9.24971e-06
-7.31159e-06
-1.15581e-05
-6.08984e-06
-1.33087e-05
-4.46056e-06
-1.40762e-05
-2.57896e-06
-1.32733e-05
-8.56401e-07
-1.02086e-05
-4.32956e-06
-1.02321e-06
5.24354e-06
-2.85385e-06
1.1778e-05
-4.61569e-06
1.47304e-05
-5.91972e-06
1.51301e-05
-6.70498e-06
1.39598e-05
-7.07008e-06
1.19276e-05
-7.16394e-06
9.47988e-06
-7.12761e-06
6.8663e-06
-7.06898e-06
4.20544e-06
-7.05464e-06
1.53685e-06
-7.1081e-06
-1.14143e-06
-7.20899e-06
-3.84467e-06
-7.29164e-06
-6.57601e-06
-7.24468e-06
-9.29667e-06
-6.9179e-06
-1.18849e-05
-6.1481e-06
-1.40785e-05
-4.82199e-06
-1.54023e-05
-2.99577e-06
-1.50996e-05
-1.07804e-06
-1.21263e-05
-5.4076e-06
-1.3302e-06
6.57374e-06
-3.29691e-06
1.37447e-05
-4.78368e-06
1.62172e-05
-5.50356e-06
1.585e-05
-5.57242e-06
1.40287e-05
-5.23295e-06
1.15881e-05
-4.72452e-06
8.97145e-06
-4.23492e-06
6.3767e-06
-3.89202e-06
3.86254e-06
-3.7697e-06
1.41454e-06
-3.89462e-06
-1.01651e-06
-4.24821e-06
-3.49108e-06
-4.76249e-06
-6.06173e-06
-5.31081e-06
-8.74836e-06
-5.69914e-06
-1.14966e-05
-5.6726e-06
-1.4105e-05
-4.96576e-06
-1.61091e-05
-3.44301e-06
-1.66223e-05
-1.39589e-06
-1.41734e-05
-6.8035e-06
-1.76849e-06
8.34223e-06
-3.68346e-06
1.56597e-05
-4.47255e-06
1.70063e-05
-4.1701e-06
1.55475e-05
-3.18263e-06
1.30412e-05
-1.91808e-06
1.03236e-05
-6.8392e-07
7.7373e-06
3.19023e-07
5.37376e-06
9.72085e-07
3.20948e-06
1.21286e-06
1.17375e-06
1.01847e-06
-8.22115e-07
4.00137e-07
-2.87275e-06
-5.90208e-07
-5.07138e-06
-1.8412e-06
-7.49736e-06
-3.15263e-06
-1.01851e-05
-4.20615e-06
-1.30515e-05
-4.56826e-06
-1.5747e-05
-3.79722e-06
-1.73934e-05
-1.8362e-06
-1.61344e-05
-8.6397e-06
-2.28924e-06
1.06315e-05
-3.62361e-06
1.6994e-05
-2.99389e-06
1.63766e-05
-1.1185e-06
1.36721e-05
1.22856e-06
1.06941e-05
3.52941e-06
8.02274e-06
5.48961e-06
5.77709e-06
6.96236e-06
3.90101e-06
7.88274e-06
2.2891e-06
8.22464e-06
8.3185e-07
7.97792e-06
-5.7539e-07
7.14115e-06
-2.03598e-06
5.72829e-06
-3.65853e-06
3.79188e-06
-5.56095e-06
1.46885e-06
-7.86211e-06
-9.47526e-07
-1.06351e-05
-2.92245e-06
-1.37721e-05
-3.64151e-06
-1.66743e-05
-2.33419e-06
-1.74417e-05
-1.09739e-05
-2.50739e-06
1.31389e-05
-1.96189e-06
1.64485e-05
1.14371e-06
1.3271e-05
5.05062e-06
9.76521e-06
8.77961e-06
6.96515e-06
1.19241e-05
4.87823e-06
1.43589e-05
3.34229e-06
1.60791e-05
2.18086e-06
1.71164e-05
1.25177e-06
1.74997e-05
4.48526e-07
1.72381e-05
-3.1378e-07
1.63158e-05
-1.11364e-06
1.46951e-05
-2.03784e-06
1.23316e-05
-3.19749e-06
9.21374e-06
-4.74424e-06
5.45034e-06
-6.87174e-06
1.44335e-06
-9.7651e-06
-1.80527e-06
-1.34257e-05
-2.47786e-06
-1.67691e-05
-1.34518e-05
-6.05371e-07
1.37442e-05
4.57932e-06
1.12639e-05
1.09954e-05
6.85483e-06
1.65655e-05
4.19511e-06
2.08992e-05
2.63153e-06
2.40991e-05
1.67833e-06
2.63654e-05
1.07595e-06
2.78751e-05
6.71179e-07
2.87531e-05
3.73775e-07
2.90718e-05
1.29799e-07
2.88551e-05
-9.70911e-08
2.80796e-05
-3.38099e-07
2.66713e-05
-6.29571e-07
2.44996e-05
-1.02581e-06
2.13745e-05
-1.61912e-06
1.70731e-05
-2.57033e-06
1.14658e-05
-4.1578e-06
4.92916e-06
-6.88902e-06
-4.42526e-07
-1.13974e-05
-1.38943e-05
1.37442e-05
2.50081e-05
3.18629e-05
3.6058e-05
3.86895e-05
4.03679e-05
4.14438e-05
4.2115e-05
4.24888e-05
4.26186e-05
4.25215e-05
4.21834e-05
4.15538e-05
4.0528e-05
3.89089e-05
3.63386e-05
3.21807e-05
2.52917e-05
1.38943e-05
)
;

boundaryField
{
    movingWall
    {
        type            calculated;
        value           uniform 0;
    }
    fixedWalls
    {
        type            calculated;
        value           uniform 0;
    }
    frontAndBack
    {
        type            empty;
        value           nonuniform 0();
    }
}


// ************************************************************************* //
