/*--------------------------------*- C++ -*----------------------------------*\
  =========                 |
  \\      /  F ield         | OpenFOAM: The Open Source CFD Toolbox
   \\    /   O peration     | Website:  https://openfoam.org
    \\  /    A nd           | Version:  6
     \\/     M anipulation  |
\*---------------------------------------------------------------------------*/
FoamFile
{
    version     2.0;
    format      ascii;
    class       surfaceScalarField;
    location    "0.095";
    object      phi;
}
// * * * * * * * * * * * * * * * * * * * * * * * * * * * * * * * * * * * * * //

dimensions      [0 3 -1 0 0 0 0];

internalField   nonuniform List<scalar> 
760
(
-3.69104e-09
3.69079e-09
-4.75373e-08
4.38462e-08
-1.18999e-07
7.14618e-08
-2.01733e-07
8.27335e-08
-2.84671e-07
8.2938e-08
-3.61085e-07
7.64147e-08
-4.2684e-07
6.57543e-08
-4.79089e-07
5.22495e-08
-5.1554e-07
3.64511e-08
-5.34169e-07
1.86289e-08
-5.33233e-07
-9.36426e-10
-5.11455e-07
-2.17777e-08
-4.68357e-07
-4.30983e-08
-4.04753e-07
-6.36034e-08
-3.23483e-07
-8.12703e-08
-2.30386e-07
-9.30969e-08
-1.35402e-07
-9.49846e-08
-5.34755e-08
-8.19261e-08
-4.02902e-09
-4.94465e-08
-4.02901e-09
-4.41988e-08
4.78896e-08
-1.62585e-07
1.62232e-07
-3.2935e-07
2.38227e-07
-5.17109e-07
2.70493e-07
-7.04498e-07
2.70327e-07
-8.76916e-07
2.48833e-07
-1.02464e-06
2.13481e-07
-1.14084e-06
1.68449e-07
-1.22026e-06
1.15865e-07
-1.25862e-06
5.69886e-08
-1.25259e-06
-6.96542e-09
-1.20008e-06
-7.42855e-08
-1.10087e-06
-1.42304e-07
-9.5759e-07
-2.06887e-07
-7.77046e-07
-2.61814e-07
-5.71935e-07
-2.98208e-07
-3.62419e-07
-3.045e-07
-1.76526e-07
-2.6782e-07
-4.68142e-08
-1.79158e-07
-5.08431e-08
-7.63899e-08
1.24279e-07
-2.53343e-07
3.39186e-07
-4.89065e-07
4.73948e-07
-7.48389e-07
5.29818e-07
-1.00461e-06
5.26543e-07
-1.23913e-06
4.83355e-07
-1.43927e-06
4.13624e-07
-1.59598e-06
3.25162e-07
-1.70234e-06
2.22221e-07
-1.75282e-06
1.07465e-07
-1.74319e-06
-1.65937e-08
-1.67088e-06
-1.4659e-07
-1.53576e-06
-2.77426e-07
-1.34135e-06
-4.01301e-07
-1.09655e-06
-5.06612e-07
-8.17724e-07
-5.77034e-07
-5.30528e-07
-5.91696e-07
-2.70313e-07
-5.28034e-07
-7.91275e-08
-3.70343e-07
-1.29971e-07
-9.78573e-08
2.22137e-07
-3.18906e-07
5.60234e-07
-6.07149e-07
7.62191e-07
-9.19794e-07
8.42463e-07
-1.22611e-06
8.32858e-07
-1.50521e-06
7.62458e-07
-1.74296e-06
6.51369e-07
-1.92922e-06
5.1143e-07
-2.05619e-06
3.49188e-07
-2.1175e-06
1.6877e-07
-2.10808e-06
-2.60115e-08
-2.02455e-06
-2.30118e-07
-1.86611e-06
-4.35863e-07
-1.63608e-06
-6.31337e-07
-1.34404e-06
-7.98649e-07
-1.00854e-06
-9.12535e-07
-6.59517e-07
-9.40719e-07
-3.39267e-07
-8.48285e-07
-1.00202e-07
-6.09408e-07
-2.30173e-07
-1.13964e-07
3.36101e-07
-3.71144e-07
8.17414e-07
-7.03857e-07
1.0949e-06
-1.06193e-06
1.20054e-06
-1.41088e-06
1.1818e-06
-1.72808e-06
1.07966e-06
-1.99862e-06
9.21902e-07
-2.21187e-06
7.24682e-07
-2.35949e-06
4.96807e-07
-2.43435e-06
2.4363e-07
-2.43028e-06
-3.00806e-08
-2.34244e-06
-3.17959e-07
-2.16838e-06
-6.0992e-07
-1.91001e-06
-8.89709e-07
-1.57649e-06
-1.13217e-06
-1.18795e-06
-1.30108e-06
-7.79023e-07
-1.34964e-06
-4.00573e-07
-1.22673e-06
-1.17256e-07
-8.92725e-07
-3.47429e-07
-1.29187e-07
4.65288e-07
-4.21489e-07
1.10972e-06
-7.98233e-07
1.47165e-06
-1.20172e-06
1.60403e-06
-1.59358e-06
1.57366e-06
-1.94965e-06
1.43574e-06
-2.25456e-06
1.22681e-06
-2.49756e-06
9.67682e-07
-2.66998e-06
6.69231e-07
-2.7639e-06
3.37549e-07
-2.77165e-06
-2.23328e-08
-2.68612e-06
-4.03492e-07
-2.50199e-06
-7.94053e-07
-2.21823e-06
-1.17346e-06
-1.84221e-06
-1.50819e-06
-1.39503e-06
-1.74826e-06
-9.17006e-07
-1.82767e-06
-4.70448e-07
-1.67329e-06
-1.36084e-07
-1.22709e-06
-4.83513e-07
-1.46619e-07
6.11907e-07
-4.78524e-07
1.44162e-06
-9.04698e-07
1.89782e-06
-1.35904e-06
2.05837e-06
-1.79898e-06
2.01359e-06
-2.19891e-06
1.83567e-06
-2.54339e-06
1.57129e-06
-2.82194e-06
1.24624e-06
-3.0259e-06
8.73193e-07
-3.1466e-06
4.58251e-07
-3.17455e-06
5.61256e-09
-3.09947e-06
-4.78568e-07
-2.91163e-06
-9.81898e-07
-2.60494e-06
-1.48015e-06
-2.18264e-06
-1.93049e-06
-1.66534e-06
-2.26555e-06
-1.09977e-06
-2.39325e-06
-5.6383e-07
-2.20923e-06
-1.61359e-07
-1.62956e-06
-6.44872e-07
-1.68438e-07
7.80346e-07
-5.48505e-07
1.82169e-06
-1.03366e-06
2.38297e-06
-1.54774e-06
2.57246e-06
-2.04351e-06
2.50937e-06
-2.49424e-06
2.28639e-06
-2.88499e-06
1.96204e-06
-3.20628e-06
1.56753e-06
-3.45007e-06
1.11698e-06
-3.60733e-06
6.15507e-07
-3.66665e-06
6.49386e-08
-3.61381e-06
-5.31412e-07
-3.43275e-06
-1.16296e-06
-3.10925e-06
-1.80365e-06
-2.63849e-06
-2.40125e-06
-2.03703e-06
-2.86701e-06
-1.35735e-06
-3.07293e-06
-6.98183e-07
-2.86839e-06
-1.983e-07
-2.12944e-06
-8.43171e-07
-1.96526e-07
9.76871e-07
-6.36737e-07
2.2619e-06
-1.19349e-06
2.93973e-06
-1.77815e-06
3.15711e-06
-2.33839e-06
3.0696e-06
-2.84694e-06
2.79495e-06
-3.29047e-06
2.40557e-06
-3.66163e-06
1.9387e-06
-3.95412e-06
1.40947e-06
-4.1595e-06
8.20885e-07
-4.26495e-06
1.70387e-07
-4.25183e-06
-5.44535e-07
-4.09581e-06
-1.31898e-06
-3.77038e-06
-2.12907e-06
-3.25623e-06
-2.9154e-06
-2.55859e-06
-3.56465e-06
-1.73147e-06
-3.90005e-06
-8.9954e-07
-3.70033e-06
-2.55147e-07
-2.77384e-06
-1.09832e-06
-2.33185e-07
1.21006e-06
-7.49175e-07
2.77789e-06
-1.39275e-06
3.58331e-06
-2.05959e-06
3.82395e-06
-2.69213e-06
3.70214e-06
-3.2638e-06
3.36661e-06
-3.76448e-06
2.90624e-06
-4.19071e-06
2.36492e-06
-4.53972e-06
1.75848e-06
-4.80542e-06
1.08659e-06
-4.97503e-06
3.39994e-07
-5.02604e-06
-4.93523e-07
-4.92443e-06
-1.42059e-06
-4.62659e-06
-2.42692e-06
-4.08937e-06
-3.45262e-06
-3.29359e-06
-4.36043e-06
-2.2832e-06
-4.91044e-06
-1.2101e-06
-4.77343e-06
-3.46808e-07
-3.63713e-06
-1.44513e-06
-2.82002e-07
1.49206e-06
-8.94132e-07
3.39002e-06
-1.64205e-06
4.33122e-06
-2.40194e-06
4.58384e-06
-3.11158e-06
4.41178e-06
-3.7472e-06
4.00224e-06
-4.30428e-06
3.46332e-06
-4.78563e-06
2.84627e-06
-5.19453e-06
2.16739e-06
-5.52998e-06
1.42203e-06
-5.78207e-06
5.92089e-07
-5.9268e-06
-3.48796e-07
-5.92084e-06
-1.42654e-06
-5.69952e-06
-2.64823e-06
-5.18458e-06
-3.96757e-06
-4.31239e-06
-5.23262e-06
-3.09288e-06
-6.12994e-06
-1.69437e-06
-6.17194e-06
-4.99738e-07
-4.83176e-06
-1.94486e-06
-3.4909e-07
1.84115e-06
-1.08417e-06
4.1251e-06
-1.95532e-06
5.20238e-06
-2.8154e-06
5.44392e-06
-3.59979e-06
5.19617e-06
-4.29105e-06
4.6935e-06
-4.89345e-06
4.06572e-06
-5.41899e-06
3.37182e-06
-5.88005e-06
2.62844e-06
-6.28429e-06
1.82628e-06
-6.62909e-06
9.36886e-07
-6.89381e-06
-8.40779e-08
-7.02991e-06
-1.29043e-06
-6.95176e-06
-2.72639e-06
-6.53678e-06
-4.38254e-06
-5.65268e-06
-6.11673e-06
-4.23596e-06
-7.54666e-06
-2.4345e-06
-7.9734e-06
-7.56592e-07
-6.50967e-06
-2.70146e-06
-4.45113e-07
2.28626e-06
-1.33814e-06
5.01812e-06
-2.3493e-06
6.21354e-06
-3.30612e-06
6.40075e-06
-4.14749e-06
6.03754e-06
-4.86806e-06
5.41407e-06
-5.48506e-06
4.68272e-06
-6.02283e-06
3.90959e-06
-6.50586e-06
3.11147e-06
-6.95416e-06
2.27458e-06
-7.37756e-06
1.36028e-06
-7.76616e-06
3.04527e-07
-8.07557e-06
-9.81029e-07
-8.20796e-06
-2.594e-06
-7.99807e-06
-4.59243e-06
-7.22753e-06
-6.88727e-06
-5.71015e-06
-9.06404e-06
-3.49599e-06
-1.01876e-05
-1.17569e-06
-8.82997e-06
-3.87715e-06
-5.88795e-07
2.87506e-06
-1.68266e-06
6.11199e-06
-2.83767e-06
7.36854e-06
-3.86139e-06
7.42447e-06
-4.70966e-06
6.8858e-06
-5.39873e-06
6.10314e-06
-5.96429e-06
5.24827e-06
-6.44616e-06
4.39146e-06
-6.88293e-06
3.54824e-06
-7.30909e-06
2.70074e-06
-7.75074e-06
1.80193e-06
-8.21657e-06
7.70361e-07
-8.6805e-06
-5.17105e-07
-9.05391e-06
-2.22059e-06
-9.15281e-06
-4.49352e-06
-8.68306e-06
-7.35702e-06
-7.30021e-06
-1.04469e-05
-4.8398e-06
-1.2648e-05
-1.81304e-06
-1.18567e-05
-5.69019e-06
-8.12945e-07
3.688e-06
-2.14996e-06
7.449e-06
-3.41047e-06
8.62906e-06
-4.40971e-06
8.42371e-06
-5.14947e-06
7.62556e-06
-5.68366e-06
6.63734e-06
-6.07393e-06
5.63854e-06
-6.37824e-06
4.69577e-06
-6.64896e-06
3.81897e-06
-6.93322e-06
2.98499e-06
-7.27238e-06
2.14109e-06
-7.69734e-06
1.19532e-06
-8.21457e-06
1.27512e-10
-8.77653e-06
-1.65863e-06
-9.23292e-06
-4.03713e-06
-9.27421e-06
-7.31574e-06
-8.41749e-06
-1.13036e-05
-6.17108e-06
-1.48944e-05
-2.66023e-06
-1.53676e-05
-8.35042e-06
-1.1728e-06
4.8608e-06
-2.75987e-06
9.03607e-06
-3.97193e-06
9.84112e-06
-4.72174e-06
9.17351e-06
-5.11604e-06
8.01987e-06
-5.27121e-06
6.7925e-06
-5.28319e-06
5.65052e-06
-5.22798e-06
4.64057e-06
-5.16641e-06
3.75739e-06
-5.14982e-06
2.9684e-06
-5.22557e-06
2.21684e-06
-5.44049e-06
1.41024e-06
-5.83811e-06
3.97744e-07
-6.44024e-06
-1.05649e-06
-7.19819e-06
-3.27918e-06
-7.89889e-06
-6.61503e-06
-8.03622e-06
-1.11663e-05
-6.77663e-06
-1.6154e-05
-3.50576e-06
-1.86384e-05
-1.18562e-05
-1.74738e-06
6.60818e-06
-3.42926e-06
1.0718e-05
-4.15314e-06
1.0565e-05
-4.17232e-06
9.1927e-06
-3.79732e-06
7.64487e-06
-3.22927e-06
6.22445e-06
-2.59383e-06
5.01509e-06
-1.97131e-06
4.01805e-06
-1.41433e-06
3.20041e-06
-9.61079e-07
2.51515e-06
-6.47316e-07
1.90307e-06
-5.18457e-07
1.28138e-06
-6.41495e-07
5.20782e-07
-1.11006e-06
-5.87929e-07
-2.0216e-06
-2.36764e-06
-3.3826e-06
-5.25404e-06
-4.87605e-06
-9.67283e-06
-5.51491e-06
-1.55151e-05
-3.76702e-06
-2.03863e-05
-1.56232e-05
-2.56892e-06
9.1771e-06
-3.53997e-06
1.1689e-05
-2.7151e-06
9.74013e-06
-1.16691e-06
7.64451e-06
5.41197e-07
5.93676e-06
2.1847e-06
4.58094e-06
3.67132e-06
3.52847e-06
4.96497e-06
2.7244e-06
6.05697e-06
2.1084e-06
6.9481e-06
1.62402e-06
7.63411e-06
1.21707e-06
8.09033e-06
8.25159e-07
8.25086e-06
3.6025e-07
7.98089e-06
-3.1796e-07
7.05493e-06
-1.44168e-06
5.19064e-06
-3.38974e-06
2.27448e-06
-6.75667e-06
-1.01688e-06
-1.22237e-05
-2.46911e-06
-1.89341e-05
-1.80923e-05
-2.55393e-06
1.1731e-05
1.40511e-07
8.99456e-06
4.27945e-06
5.60119e-06
8.05682e-06
3.86714e-06
1.1219e-05
2.77461e-06
1.38106e-05
1.98929e-06
1.5907e-05
1.4321e-06
1.75877e-05
1.04373e-06
1.8926e-05
7.70049e-07
1.99799e-05
5.70156e-07
2.07846e-05
4.12332e-07
2.13435e-05
2.66261e-07
2.16092e-05
9.45741e-08
2.14493e-05
-1.58107e-07
2.05919e-05
-5.8424e-07
1.85615e-05
-1.35937e-06
1.47067e-05
-2.90186e-06
8.66394e-06
-6.18097e-06
1.94909e-06
-1.22192e-05
-1.61432e-05
1.1731e-05
2.07256e-05
2.63268e-05
3.01939e-05
3.29685e-05
3.49578e-05
3.63899e-05
3.74336e-05
3.82037e-05
3.87738e-05
3.91862e-05
3.94524e-05
3.9547e-05
3.93889e-05
3.88047e-05
3.74453e-05
3.45434e-05
2.83625e-05
1.61432e-05
)
;

boundaryField
{
    movingWall
    {
        type            calculated;
        value           uniform 0;
    }
    fixedWalls
    {
        type            calculated;
        value           uniform 0;
    }
    frontAndBack
    {
        type            empty;
        value           nonuniform 0();
    }
}


// ************************************************************************* //
