/*--------------------------------*- C++ -*----------------------------------*\
  =========                 |
  \\      /  F ield         | OpenFOAM: The Open Source CFD Toolbox
   \\    /   O peration     | Website:  https://openfoam.org
    \\  /    A nd           | Version:  6
     \\/     M anipulation  |
\*---------------------------------------------------------------------------*/
FoamFile
{
    version     2.0;
    format      ascii;
    class       volVectorField;
    location    "0.095";
    object      U;
}
// * * * * * * * * * * * * * * * * * * * * * * * * * * * * * * * * * * * * * //

dimensions      [0 1 -1 0 0 0 0];

internalField   nonuniform List<vector> 
400
(
(2.91871e-05 -3.02276e-05 0)
(-0.00039093 0.00028979 0)
(-0.00158769 0.000524648 0)
(-0.0031855 0.000620841 0)
(-0.00487914 0.000625268 0)
(-0.00649521 0.000577441 0)
(-0.00793163 0.000499339 0)
(-0.00912234 0.000400804 0)
(-0.0100179 0.000285188 0)
(-0.0105757 0.00015359 0)
(-0.0107578 7.36757e-06 0)
(-0.0105331 -0.000150461 0)
(-0.00988274 -0.000314126 0)
(-0.00880769 -0.000473737 0)
(-0.00734151 -0.000613251 0)
(-0.00556726 -0.000707965 0)
(-0.00363783 -0.000722597 0)
(-0.00180109 -0.000611425 0)
(-0.000437645 -0.00033431 0)
(3.42103e-05 3.05997e-05 0)
(-0.000291221 0.000384255 0)
(-0.00179108 0.00176671 0)
(-0.00474656 0.0027241 0)
(-0.00842371 0.00313226 0)
(-0.0122602 0.00314154 0)
(-0.0159118 0.00289728 0)
(-0.0191496 0.00249265 0)
(-0.0218153 0.00197691 0)
(-0.0237919 0.00137314 0)
(-0.0249856 0.000693925 0)
(-0.0253199 -4.8255e-05 0)
(-0.0247387 -0.000834421 0)
(-0.0232157 -0.00163373 0)
(-0.02077 -0.00239729 0)
(-0.0174897 -0.00305025 0)
(-0.0135629 -0.0034837 0)
(-0.00930716 -0.00355234 0)
(-0.00519616 -0.00308809 0)
(-0.00192339 -0.00196931 0)
(-0.00030011 -0.000410669 0)
(-0.000557685 0.00161344 0)
(-0.00292437 0.00477026 0)
(-0.00720193 0.00681756 0)
(-0.0123333 0.00768498 0)
(-0.0176003 0.00766446 0)
(-0.0225785 0.00704943 0)
(-0.0269742 0.00604251 0)
(-0.0305785 0.00476022 0)
(-0.0332366 0.00326431 0)
(-0.0348259 0.00159278 0)
(-0.0352487 -0.000218213 0)
(-0.0344345 -0.00211917 0)
(-0.0323521 -0.0040345 0)
(-0.0290287 -0.0058483 0)
(-0.0245805 -0.00738791 0)
(-0.0192517 -0.00840939 0)
(-0.013447 -0.00859906 0)
(-0.00775811 -0.00761561 0)
(-0.00307637 -0.0052286 0)
(-0.000561913 -0.00169511 0)
(-0.00072736 0.00338719 0)
(-0.00372046 0.00881794 0)
(-0.00900626 0.0121422 0)
(-0.0152341 0.0134975 0)
(-0.0215526 0.0133823 0)
(-0.0274867 0.0122702 0)
(-0.0327107 0.0104913 0)
(-0.0369914 0.00824037 0)
(-0.0401551 0.00562496 0)
(-0.0420625 0.00271335 0)
(-0.0425993 -0.000430554 0)
(-0.0416781 -0.00372209 0)
(-0.039252 -0.00703354 0)
(-0.0353378 -0.0101695 0)
(-0.0300542 -0.0128396 0)
(-0.0236714 -0.0146359 0)
(-0.0166536 -0.0150393 0)
(-0.00969528 -0.0134902 0)
(-0.00388583 -0.00958908 0)
(-0.000719279 -0.00351732 0)
(-0.000847189 0.00551718 0)
(-0.00433636 0.0136217 0)
(-0.0104671 0.0183745 0)
(-0.0176283 0.0202267 0)
(-0.0248415 0.0199552 0)
(-0.0315888 0.01825 0)
(-0.0375247 0.0155849 0)
(-0.0424054 0.0122384 0)
(-0.0460482 0.00836444 0)
(-0.0483018 0.00405932 0)
(-0.0490332 -0.000588891 0)
(-0.0481292 -0.00546376 0)
(-0.0455107 -0.0103861 0)
(-0.0411612 -0.015075 0)
(-0.0351773 -0.0191052 0)
(-0.0278359 -0.0218729 0)
(-0.0196572 -0.022605 0)
(-0.0114609 -0.0204625 0)
(-0.0045738 -0.0148074 0)
(-0.000833459 -0.00569463 0)
(-0.000958055 0.00794527 0)
(-0.00492359 0.0191065 0)
(-0.0118842 0.0254552 0)
(-0.0199745 0.0278274 0)
(-0.0280848 0.0273485 0)
(-0.0356541 0.0249681 0)
(-0.0423235 0.0213233 0)
(-0.0478462 0.0167821 0)
(-0.0520368 0.0115422 0)
(-0.0547339 0.00572079 0)
(-0.0557822 -0.000580254 0)
(-0.0550311 -0.00722354 0)
(-0.0523481 -0.0139857 0)
(-0.0476555 -0.020498 0)
(-0.040996 -0.0261789 0)
(-0.0326302 -0.0301819 0)
(-0.0231344 -0.0314051 0)
(-0.0134922 -0.0286383 0)
(-0.00534603 -0.0209287 0)
(-0.000953785 -0.00820869 0)
(-0.00108687 0.01069 0)
(-0.00559282 0.025319 0)
(-0.0134864 0.0334496 0)
(-0.022618 0.0363723 0)
(-0.031732 0.0356367 0)
(-0.0402235 0.0325014 0)
(-0.0477263 0.0277913 0)
(-0.0539991 0.0219704 0)
(-0.0588618 0.0152755 0)
(-0.0621473 0.00783245 0)
(-0.0636763 -0.000260581 0)
(-0.0632487 -0.00886537 0)
(-0.060655 -0.0177319 0)
(-0.0557178 -0.0264079 0)
(-0.0483791 -0.034134 0)
(-0.0388399 -0.0397557 0)
(-0.0277175 -0.0417304 0)
(-0.0162029 -0.0383356 0)
(-0.00638344 -0.0281937 0)
(-0.00111602 -0.0111434 0)
(-0.00125195 0.0138194 0)
(-0.00642395 0.0323939 0)
(-0.0154409 0.042513 0)
(-0.0258049 0.046012 0)
(-0.0360897 0.0449569 0)
(-0.045648 0.0409772 0)
(-0.0541173 0.0351153 0)
(-0.0612759 0.0279391 0)
(-0.0669628 0.0197179 0)
(-0.0710165 0.0105691 0)
(-0.0732375 0.000561257 0)
(-0.0733688 -0.0101997 0)
(-0.071098 -0.0214707 0)
(-0.0660987 -0.0327378 0)
(-0.0581389 -0.0430489 0)
(-0.0472768 -0.0508627 0)
(-0.0341138 -0.0540319 0)
(-0.020078 -0.0500934 0)
(-0.00789638 -0.0370497 0)
(-0.00135796 -0.0146726 0)
(-0.00146952 0.0174402 0)
(-0.00748631 0.0405379 0)
(-0.0178875 0.0528706 0)
(-0.0297281 0.056949 0)
(-0.041378 0.0554801 0)
(-0.0521556 0.0505429 0)
(-0.0617214 0.0434348 0)
(-0.0698965 0.0348375 0)
(-0.0765627 0.0250453 0)
(-0.0815855 0.0141456 0)
(-0.084761 0.00214143 0)
(-0.0857785 -0.010943 0)
(-0.0842014 -0.0249314 0)
(-0.0794949 -0.0393013 0)
(-0.071146 -0.0529216 0)
(-0.0589232 -0.0637852 0)
(-0.0432698 -0.0689129 0)
(-0.0258225 -0.064725 0)
(-0.0102126 -0.0482266 0)
(-0.0017428 -0.0190941 0)
(-0.00176111 0.0216979 0)
(-0.0088625 0.0500251 0)
(-0.0209775 0.0648027 0)
(-0.0345746 0.0694138 0)
(-0.0477818 0.0673793 0)
(-0.0599027 0.0613311 0)
(-0.0706533 0.0528682 0)
(-0.0799321 0.0427985 0)
(-0.0876994 0.0314336 0)
(-0.0938838 0.0188062 0)
(-0.0983113 0.00481047 0)
(-0.100641 -0.0106803 0)
(-0.100308 -0.0276517 0)
(-0.0965138 -0.045681 0)
(-0.0883251 -0.0635362 0)
(-0.0749878 -0.0787027 0)
(-0.0565003 -0.0870878 0)
(-0.0345293 -0.0833941 0)
(-0.0139024 -0.0628886 0)
(-0.00239685 -0.0249226 0)
(-0.00216319 0.0267944 0)
(-0.0106759 0.0612108 0)
(-0.0249119 0.0786392 0)
(-0.0405622 0.0836402 0)
(-0.0554773 0.0807937 0)
(-0.0689865 0.0734179 0)
(-0.0809111 0.0634678 0)
(-0.091275 0.0518918 0)
(-0.100165 0.0390124 0)
(-0.107626 0.0247855 0)
(-0.113572 0.00894886 0)
(-0.117685 -0.00886013 0)
(-0.119312 -0.0289254 0)
(-0.117363 -0.0511116 0)
(-0.110345 -0.07428 0)
(-0.0966674 -0.0954852 0)
(-0.0753971 -0.109244 0)
(-0.0477587 -0.107655 0)
(-0.0199248 -0.0828592 0)
(-0.00357036 -0.0330742 0)
(-0.00274266 0.0330243 0)
(-0.0131268 0.074562 0)
(-0.0299777 0.094753 0)
(-0.0479532 0.0998271 0)
(-0.0646106 0.095772 0)
(-0.079384 0.0867551 0)
(-0.0922736 0.0751435 0)
(-0.103488 0.0620388 0)
(-0.113299 0.0477719 0)
(-0.121932 0.0322063 0)
(-0.129468 0.014884 0)
(-0.135712 -0.0048815 0)
(-0.140016 -0.0278424 0)
(-0.141061 -0.0544282 0)
(-0.136724 -0.0839599 0)
(-0.12426 -0.113372 0)
(-0.101142 -0.135681 0)
(-0.0672438 -0.139283 0)
(-0.0297047 -0.110821 0)
(-0.00572267 -0.0451637 0)
(-0.0036249 0.040846 0)
(-0.0165443 0.0906976 0)
(-0.0365713 0.113527 0)
(-0.0570086 0.118054 0)
(-0.0751688 0.112161 0)
(-0.0907398 0.101045 0)
(-0.104005 0.0875256 0)
(-0.115428 0.0728602 0)
(-0.125523 0.0573865 0)
(-0.134759 0.0408736 0)
(-0.143469 0.0226507 0)
(-0.151708 0.00164186 0)
(-0.159006 -0.0235413 0)
(-0.164012 -0.054233 0)
(-0.164107 -0.0907639 0)
(-0.155276 -0.130607 0)
(-0.132748 -0.165616 0)
(-0.0937357 -0.179546 0)
(-0.0448874 -0.150153 0)
(-0.00960194 -0.0638619 0)
(-0.00504646 0.0510081 0)
(-0.0214588 0.11042 0)
(-0.0451703 0.135235 0)
(-0.0677868 0.138078 0)
(-0.0865954 0.129373 0)
(-0.101815 0.115499 0)
(-0.114164 0.0997198 0)
(-0.12444 0.0834208 0)
(-0.133445 0.066936 0)
(-0.141927 0.0499489 0)
(-0.150524 0.0315925 0)
(-0.159645 0.0103945 0)
(-0.169215 -0.0157684 0)
(-0.178217 -0.0494373 0)
(-0.184021 -0.092589 0)
(-0.181725 -0.144248 0)
(-0.164159 -0.196194 0)
(-0.124571 -0.227592 0)
(-0.0662643 -0.203776 0)
(-0.016182 -0.0930589 0)
(-0.00745172 0.0647727 0)
(-0.0286904 0.134663 0)
(-0.0561329 0.159706 0)
(-0.0795354 0.15888 0)
(-0.0968118 0.145921 0)
(-0.109227 0.128404 0)
(-0.11816 0.109917 0)
(-0.124825 0.0918805 0)
(-0.130331 0.0745769 0)
(-0.135672 0.0576024 0)
(-0.141749 0.0399392 0)
(-0.149332 0.0198007 0)
(-0.158897 -0.00560471 0)
(-0.170205 -0.0401066 0)
(-0.181472 -0.087797 0)
(-0.188088 -0.150414 0)
(-0.181418 -0.221664 0)
(-0.150362 -0.278232 0)
(-0.0911852 -0.271529 0)
(-0.0260074 -0.137457 0)
(-0.0116389 0.0843487 0)
(-0.0393511 0.164171 0)
(-0.068928 0.185472 0)
(-0.0890341 0.177722 0)
(-0.0999361 0.158573 0)
(-0.104843 0.136447 0)
(-0.106065 0.114914 0)
(-0.105285 0.0951981 0)
(-0.103842 0.0773949 0)
(-0.102835 0.0609596 0)
(-0.103235 0.0447722 0)
(-0.105993 0.0269094 0)
(-0.112076 0.0042265 0)
(-0.122293 -0.0280316 0)
(-0.136639 -0.0759745 0)
(-0.152632 -0.144886 0)
(-0.162636 -0.233124 0)
(-0.152848 -0.319883 0)
(-0.109633 -0.346268 0)
(-0.0370927 -0.201382 0)
(-0.0188133 0.11401 0)
(-0.0541575 0.198202 0)
(-0.079292 0.207429 0)
(-0.0861071 0.188005 0)
(-0.0812482 0.160822 0)
(-0.0709241 0.133828 0)
(-0.0583528 0.109769 0)
(-0.0454355 0.0892164 0)
(-0.0334215 0.0718162 0)
(-0.023163 0.0567731 0)
(-0.0153535 0.0429035 0)
(-0.0107701 0.0283896 0)
(-0.0105252 0.0102797 0)
(-0.0162786 -0.0161871 0)
(-0.0301296 -0.0580536 0)
(-0.0533649 -0.12382 0)
(-0.0829568 -0.218961 0)
(-0.106998 -0.332906 0)
(-0.102069 -0.408211 0)
(-0.041154 -0.284188 0)
(-0.0292106 0.162112 0)
(-0.0685752 0.229695 0)
(-0.0681383 0.210208 0)
(-0.0412048 0.174992 0)
(-0.00663455 0.141141 0)
(0.0277435 0.112125 0)
(0.0594003 0.0885322 0)
(0.0873352 0.0698137 0)
(0.111211 0.0549861 0)
(0.131019 0.0429779 0)
(0.146781 0.032634 0)
(0.158259 0.0224913 0)
(0.164613 0.0103582 0)
(0.16392 -0.00735019 0)
(0.152653 -0.0365302 0)
(0.125693 -0.086321 0)
(0.0785058 -0.168856 0)
(0.0134918 -0.291208 0)
(-0.0417903 -0.417357 0)
(-0.0193602 -0.361603 0)
(-0.0234291 0.227914 0)
(-0.0355551 0.230779 0)
(0.0397341 0.167956 0)
(0.124214 0.123464 0)
(0.195157 0.0920918 0)
(0.252669 0.0686254 0)
(0.299256 0.0511997 0)
(0.336732 0.0384539 0)
(0.366635 0.0291033 0)
(0.390301 0.02207 0)
(0.408695 0.0164392 0)
(0.422233 0.0112838 0)
(0.430527 0.00541637 0)
(0.431898 -0.00297454 0)
(0.422572 -0.0169333 0)
(0.395522 -0.0419815 0)
(0.339552 -0.0896198 0)
(0.240144 -0.181406 0)
(0.112042 -0.320266 0)
(0.0691893 -0.354083 0)
(0.268642 0.135252 0)
(0.335398 0.120457 0)
(0.463382 0.079807 0)
(0.56718 0.0529956 0)
(0.635793 0.0360496 0)
(0.682311 0.0246358 0)
(0.715532 0.0168609 0)
(0.739732 0.0116292 0)
(0.757487 0.00811961 0)
(0.770593 0.00572676 0)
(0.780202 0.00400738 0)
(0.786847 0.00259741 0)
(0.79039 0.00112396 0)
(0.789779 -0.000894314 0)
(0.782535 -0.00420156 0)
(0.763515 -0.0101196 0)
(0.722906 -0.0217272 0)
(0.639072 -0.047604 0)
(0.478591 -0.106783 0)
(0.349157 -0.151183 0)
)
;

boundaryField
{
    movingWall
    {
        type            fixedValue;
        value           uniform (1 0 0);
    }
    fixedWalls
    {
        type            noSlip;
    }
    frontAndBack
    {
        type            empty;
    }
}


// ************************************************************************* //
