/*--------------------------------*- C++ -*----------------------------------*\
  =========                 |
  \\      /  F ield         | OpenFOAM: The Open Source CFD Toolbox
   \\    /   O peration     | Website:  https://openfoam.org
    \\  /    A nd           | Version:  6
     \\/     M anipulation  |
\*---------------------------------------------------------------------------*/
FoamFile
{
    version     2.0;
    format      ascii;
    class       surfaceScalarField;
    location    "0.03";
    object      phi;
}
// * * * * * * * * * * * * * * * * * * * * * * * * * * * * * * * * * * * * * //

dimensions      [0 3 -1 0 0 0 0];

internalField   nonuniform List<scalar> 
760
(
-2.89174e-08
2.89173e-08
-9.3682e-08
6.47646e-08
-1.66569e-07
7.28871e-08
-2.36513e-07
6.99443e-08
-2.99805e-07
6.32917e-08
-3.54524e-07
5.47192e-08
-3.99222e-07
4.46974e-08
-4.32722e-07
3.35004e-08
-4.54108e-07
2.13854e-08
-4.62725e-07
8.6171e-09
-4.58197e-07
-4.52766e-09
-4.40444e-07
-1.77533e-08
-4.09706e-07
-3.07381e-08
-3.66576e-07
-4.31298e-08
-3.12033e-07
-5.45432e-08
-2.47492e-07
-6.45403e-08
-1.75045e-07
-7.2447e-08
-9.88409e-08
-7.62044e-08
-3.07664e-08
-6.80745e-08
-3.07664e-08
-6.61728e-08
9.50901e-08
-1.82946e-07
1.81538e-07
-3.10796e-07
2.00737e-07
-4.33733e-07
1.92881e-07
-5.45095e-07
1.74654e-07
-6.41219e-07
1.50843e-07
-7.19473e-07
1.22952e-07
-7.77813e-07
9.18404e-08
-8.14697e-07
5.82689e-08
-8.29067e-07
2.2987e-08
-8.20354e-07
-1.32398e-08
-7.88501e-07
-4.96067e-08
-7.33995e-07
-8.5244e-08
-6.57929e-07
-1.19196e-07
-5.6207e-07
-1.50402e-07
-4.49e-07
-1.7761e-07
-3.2262e-07
-1.98827e-07
-1.90205e-07
-2.0862e-07
-6.88658e-08
-1.89414e-07
-9.96322e-08
-7.98134e-08
1.74904e-07
-2.17427e-07
3.19151e-07
-3.66412e-07
3.49722e-07
-5.09072e-07
3.35542e-07
-6.38065e-07
3.03648e-07
-7.49252e-07
2.62029e-07
-8.39649e-07
2.13349e-07
-9.06965e-07
1.59157e-07
-9.49492e-07
1.00795e-07
-9.66063e-07
3.95578e-08
-9.56045e-07
-2.32573e-08
-9.19356e-07
-8.62961e-08
-8.56507e-07
-1.48093e-07
-7.68681e-07
-2.07022e-07
-6.57833e-07
-2.6125e-07
-5.26867e-07
-3.08576e-07
-3.80187e-07
-3.45508e-07
-2.2585e-07
-3.62956e-07
-8.28919e-08
-3.32372e-07
-1.82524e-07
-8.69701e-08
2.61874e-07
-2.37722e-07
4.69903e-07
-4.00403e-07
5.12403e-07
-5.55642e-07
4.90781e-07
-6.95663e-07
4.43668e-07
-8.16144e-07
3.82511e-07
-9.1401e-07
3.11214e-07
-9.86924e-07
2.32071e-07
-1.03315e-06
1.47026e-07
-1.05151e-06
5.79097e-08
-1.04129e-06
-3.3474e-08
-1.00233e-06
-1.25256e-07
-9.35022e-07
-2.154e-07
-8.40436e-07
-3.01608e-07
-7.2046e-07
-3.81226e-07
-5.78035e-07
-4.51001e-07
-4.17772e-07
-5.0577e-07
-2.48338e-07
-5.32391e-07
-9.08226e-08
-4.89887e-07
-2.73347e-07
-9.49466e-08
3.5682e-07
-2.60096e-07
6.35052e-07
-4.38042e-07
6.90349e-07
-6.07353e-07
6.60091e-07
-7.5962e-07
5.95936e-07
-8.90333e-07
5.13223e-07
-9.96383e-07
4.17265e-07
-1.07548e-06
3.11165e-07
-1.12593e-06
1.97479e-07
-1.14655e-06
7.85344e-08
-1.13659e-06
-4.3436e-08
-1.09571e-06
-1.66136e-07
-1.02408e-06
-2.87036e-07
-9.2249e-07
-4.03196e-07
-7.92609e-07
-5.11106e-07
-6.37292e-07
-6.06318e-07
-4.6137e-07
-6.81692e-07
-2.74403e-07
-7.19358e-07
-1.0015e-07
-6.6414e-07
-3.73496e-07
-1.05659e-07
4.62479e-07
-2.89505e-07
8.18899e-07
-4.87143e-07
8.87988e-07
-6.745e-07
8.47448e-07
-8.42323e-07
7.63759e-07
-9.85889e-07
6.56789e-07
-1.10213e-06
5.3351e-07
-1.18891e-06
3.9794e-07
-1.24468e-06
2.53245e-07
-1.26831e-06
1.02167e-07
-1.25898e-06
-5.27639e-08
-1.21613e-06
-2.08985e-07
-1.13955e-06
-3.63615e-07
-1.02958e-06
-5.13167e-07
-8.87436e-07
-6.53252e-07
-7.15716e-07
-7.78038e-07
-5.19457e-07
-8.77952e-07
-3.09422e-07
-9.29393e-07
-1.1293e-07
-8.60633e-07
-4.86426e-07
-1.19859e-07
5.82338e-07
-3.28077e-07
1.02712e-06
-5.51067e-07
1.11098e-06
-7.61335e-07
1.05772e-06
-9.48592e-07
9.51016e-07
-1.10795e-06
8.16149e-07
-1.23655e-06
6.6211e-07
-1.33258e-06
4.93967e-07
-1.39481e-06
3.15473e-07
-1.42228e-06
1.29645e-07
-1.41413e-06
-6.09135e-08
-1.36949e-06
-2.53632e-07
-1.28756e-06
-4.45538e-07
-1.16795e-06
-6.32783e-07
-1.01105e-06
-8.10145e-07
-8.18899e-07
-9.70195e-07
-5.96561e-07
-1.10029e-06
-3.56297e-07
-1.16966e-06
-1.30202e-07
-1.08673e-06
-6.16627e-07
-1.3834e-07
7.20678e-07
-3.77882e-07
1.26666e-06
-6.32941e-07
1.36604e-06
-8.71596e-07
1.29637e-06
-1.08235e-06
1.16178e-06
-1.26035e-06
9.94144e-07
-1.40323e-06
8.04988e-07
-1.50984e-06
6.00578e-07
-1.57955e-06
3.85185e-07
-1.61177e-06
1.61867e-07
-1.60564e-06
-6.70476e-08
-1.55987e-06
-2.99396e-07
-1.47287e-06
-5.32539e-07
-1.34302e-06
-7.62634e-07
-1.16936e-06
-9.83807e-07
-9.52694e-07
-1.18686e-06
-6.97727e-07
-1.35526e-06
-4.18411e-07
-1.44897e-06
-1.53259e-07
-1.35188e-06
-7.69886e-07
-1.62276e-07
8.82954e-07
-4.41837e-07
1.54622e-06
-7.36989e-07
1.66119e-06
-1.0101e-06
1.56948e-06
-1.2484e-06
1.40008e-06
-1.44745e-06
1.1932e-06
-1.60595e-06
9.63488e-07
-1.72395e-06
7.18578e-07
-1.80186e-06
4.63089e-07
-1.83973e-06
1.99742e-07
-1.83685e-06
-6.99301e-08
-1.79145e-06
-3.44799e-07
-1.70075e-06
-6.23237e-07
-1.56133e-06
-9.02052e-07
-1.36995e-06
-1.17519e-06
-1.12512e-06
-1.43169e-06
-8.3023e-07
-1.65015e-06
-5.00866e-07
-1.77834e-06
-1.84138e-07
-1.66861e-06
-9.54024e-07
-1.93525e-07
1.07648e-06
-5.24376e-07
1.87707e-06
-8.69367e-07
2.00618e-06
-1.18354e-06
1.88365e-06
-1.45305e-06
1.66959e-06
-1.67466e-06
1.4148e-06
-1.84904e-06
1.13787e-06
-1.97828e-06
8.47817e-07
-2.06447e-06
5.49285e-07
-2.10881e-06
2.44076e-07
-2.11091e-06
-6.78283e-08
-2.06848e-06
-3.87225e-07
-1.97721e-06
-7.14514e-07
-1.83101e-06
-1.04824e-06
-1.62304e-06
-1.38316e-06
-1.3477e-06
-1.70703e-06
-1.00515e-06
-1.9927e-06
-6.11842e-07
-2.17164e-06
-2.26251e-07
-2.0542e-06
-1.18027e-06
-2.35149e-07
1.31163e-06
-6.32473e-07
2.27439e-06
-1.0393e-06
2.413e-06
-1.40143e-06
2.24578e-06
-1.70472e-06
1.97288e-06
-1.94862e-06
1.65871e-06
-2.13726e-06
1.32651e-06
-2.27599e-06
9.86546e-07
-2.36953e-06
6.42825e-07
-2.42081e-06
2.95358e-07
-2.43019e-06
-5.84479e-08
-2.39491e-06
-4.22512e-07
-2.30873e-06
-8.00689e-07
-2.162e-06
-1.19498e-06
-1.94236e-06
-1.60281e-06
-1.63719e-06
-2.0122e-06
-1.23983e-06
-2.39006e-06
-7.65033e-07
-2.64644e-06
-2.85669e-07
-2.53357e-06
-1.46594e-06
-2.92427e-07
1.60406e-06
-7.7747e-07
2.75943e-06
-1.26089e-06
2.89642e-06
-1.67741e-06
2.6623e-06
-2.01465e-06
2.31012e-06
-2.27743e-06
1.92149e-06
-2.47563e-06
1.52471e-06
-2.61958e-06
1.13049e-06
-2.71782e-06
7.41065e-07
-2.77586e-06
3.53403e-07
-2.79535e-06
-3.89647e-08
-2.77332e-06
-4.44541e-07
-2.70152e-06
-8.72482e-07
-2.56579e-06
-1.33071e-06
-2.34599e-06
-1.8226e-06
-2.01813e-06
-2.34006e-06
-1.56209e-06
-2.8461e-06
-9.84412e-07
-3.22412e-06
-3.74001e-07
-3.14398e-06
-1.83994e-06
-3.74955e-07
1.97901e-06
-9.78455e-07
3.36293e-06
-1.55615e-06
3.47412e-06
-2.03115e-06
3.1373e-06
-2.39767e-06
2.67664e-06
-2.67055e-06
2.19437e-06
-2.86877e-06
1.72293e-06
-3.00984e-06
1.27157e-06
-3.10756e-06
8.38779e-07
-3.17093e-06
4.16776e-07
-3.20362e-06
-6.27913e-09
-3.20314e-06
-4.45021e-07
-3.15965e-06
-9.1597e-07
-3.05417e-06
-1.43619e-06
-2.85666e-06
-2.02011e-06
-2.5259e-06
-2.67082e-06
-2.0171e-06
-3.3549e-06
-1.31361e-06
-3.9276e-06
-5.15161e-07
-3.94243e-06
-2.35511e-06
-5.01142e-07
2.48015e-06
-1.26848e-06
4.13027e-06
-1.95948e-06
4.16512e-06
-2.4903e-06
3.66813e-06
-2.87213e-06
3.05846e-06
-3.13738e-06
2.45962e-06
-3.31872e-06
1.90428e-06
-3.44336e-06
1.3962e-06
-3.53155e-06
9.26973e-07
-3.59664e-06
4.81864e-07
-3.64515e-06
4.22239e-08
-3.67625e-06
-4.1392e-07
-3.68005e-06
-9.12165e-07
-3.63412e-06
-1.48212e-06
-3.49804e-06
-2.15619e-06
-3.20749e-06
-2.96137e-06
-2.67597e-06
-3.88641e-06
-1.83252e-06
-4.77105e-06
-7.60178e-07
-5.01477e-06
-3.11528e-06
-7.07625e-07
3.18778e-06
-1.70484e-06
5.12749e-06
-2.52182e-06
4.98209e-06
-3.08842e-06
4.23473e-06
-3.45353e-06
3.42357e-06
-3.67844e-06
2.68453e-06
-3.8148e-06
2.04064e-06
-3.90143e-06
1.48283e-06
-3.9655e-06
9.91047e-07
-4.02477e-06
5.41128e-07
-4.08922e-06
1.06671e-07
-4.16138e-06
-3.41756e-07
-4.23448e-06
-8.39063e-07
-4.28718e-06
-1.42942e-06
-4.27307e-06
-2.17031e-06
-4.10338e-06
-3.13106e-06
-3.62991e-06
-4.35988e-06
-2.6706e-06
-5.73036e-06
-1.20938e-06
-6.47599e-06
-4.32466e-06
-1.06558e-06
4.25336e-06
-2.37656e-06
6.43847e-06
-3.29612e-06
5.90165e-06
-3.83312e-06
4.77173e-06
-4.1117e-06
3.70215e-06
-4.23593e-06
2.80876e-06
-4.28019e-06
2.0849e-06
-4.29424e-06
1.49689e-06
-4.31008e-06
1.00689e-06
-4.34805e-06
5.79094e-07
-4.42102e-06
1.79645e-07
-4.53634e-06
-2.26433e-07
-4.69481e-06
-6.80602e-07
-4.88478e-06
-1.23945e-06
-5.06682e-06
-1.98827e-06
-5.14029e-06
-3.05759e-06
-4.88711e-06
-4.61307e-06
-3.93764e-06
-6.67983e-06
-2.00254e-06
-8.41109e-06
-6.3272e-06
-1.69289e-06
5.94625e-06
-3.34628e-06
8.09187e-06
-4.20014e-06
6.7555e-06
-4.51532e-06
5.08691e-06
-4.54843e-06
3.73526e-06
-4.45405e-06
2.71438e-06
-4.32279e-06
1.95364e-06
-4.20606e-06
1.38015e-06
-4.13216e-06
9.32984e-07
-4.11763e-06
5.6457e-07
-4.17438e-06
2.36389e-07
-4.31349e-06
-8.73231e-08
-4.54627e-06
-4.47818e-07
-4.8805e-06
-9.05224e-07
-5.30475e-06
-1.56401e-06
-5.74331e-06
-2.61903e-06
-5.95012e-06
-4.40626e-06
-5.34437e-06
-7.28557e-06
-3.12928e-06
-1.06262e-05
-9.45648e-06
-2.67359e-06
8.61983e-06
-4.17942e-06
9.5977e-06
-4.27987e-06
6.85595e-06
-3.84839e-06
4.65543e-06
-3.29658e-06
3.18345e-06
-2.7735e-06
2.1913e-06
-2.33655e-06
1.5167e-06
-2.00538e-06
1.04897e-06
-1.7827e-06
7.10308e-07
-1.66711e-06
4.48982e-07
-1.66019e-06
2.29471e-07
-1.7705e-06
2.29857e-08
-2.01657e-06
-2.01755e-07
-2.42874e-06
-4.93054e-07
-3.04443e-06
-9.48321e-07
-3.87583e-06
-1.78762e-06
-4.79093e-06
-3.49116e-06
-5.21555e-06
-6.86095e-06
-3.78771e-06
-1.2054e-05
-1.32442e-05
-2.96095e-06
1.15808e-05
-1.42317e-06
8.05992e-06
1.06728e-06
4.3655e-06
3.07243e-06
2.65027e-06
4.55779e-06
1.6981e-06
5.6531e-06
1.09599e-06
6.4495e-06
7.20293e-07
7.01424e-06
4.84231e-07
7.39769e-06
3.26864e-07
7.63324e-06
2.13428e-07
7.73857e-06
1.24148e-07
7.71606e-06
4.54932e-08
7.54984e-06
-3.55358e-08
7.19627e-06
-1.39485e-07
6.56446e-06
-3.16511e-07
5.49021e-06
-7.13372e-07
3.75529e-06
-1.75624e-06
1.2782e-06
-4.38386e-06
-1.03434e-06
-9.74148e-06
-1.42785e-05
1.15808e-05
1.96407e-05
2.40062e-05
2.66565e-05
2.83546e-05
2.94506e-05
3.01709e-05
3.06551e-05
3.0982e-05
3.11954e-05
3.13195e-05
3.1365e-05
3.13295e-05
3.119e-05
3.08735e-05
3.01601e-05
2.84039e-05
2.402e-05
1.42785e-05
)
;

boundaryField
{
    movingWall
    {
        type            calculated;
        value           uniform 0;
    }
    fixedWalls
    {
        type            calculated;
        value           uniform 0;
    }
    frontAndBack
    {
        type            empty;
        value           nonuniform 0();
    }
}


// ************************************************************************* //
