/*--------------------------------*- C++ -*----------------------------------*\
  =========                 |
  \\      /  F ield         | OpenFOAM: The Open Source CFD Toolbox
   \\    /   O peration     | Website:  https://openfoam.org
    \\  /    A nd           | Version:  6
     \\/     M anipulation  |
\*---------------------------------------------------------------------------*/
FoamFile
{
    version     2.0;
    format      ascii;
    class       surfaceScalarField;
    location    "0.075";
    object      phi;
}
// * * * * * * * * * * * * * * * * * * * * * * * * * * * * * * * * * * * * * //

dimensions      [0 3 -1 0 0 0 0];

internalField   nonuniform List<scalar> 
760
(
1.26748e-08
-1.26809e-08
-2.21632e-08
3.48381e-08
-1.08434e-07
8.62705e-08
-2.30461e-07
1.22028e-07
-3.6994e-07
1.39479e-07
-5.09765e-07
1.39826e-07
-6.35315e-07
1.2555e-07
-7.34886e-07
9.95709e-08
-7.99743e-07
6.48564e-08
-8.24133e-07
2.43905e-08
-8.05432e-07
-1.87014e-08
-7.44421e-07
-6.10108e-08
-6.4565e-07
-9.8771e-08
-5.17742e-07
-1.27909e-07
-3.73469e-07
-1.44273e-07
-2.2936e-07
-1.44109e-07
-1.0451e-07
-1.24851e-07
-1.83069e-08
-8.62029e-08
1.43146e-08
-3.26216e-08
1.43145e-08
-3.27349e-08
2.00538e-08
-1.69768e-07
1.71872e-07
-4.05889e-07
3.2239e-07
-7.12311e-07
4.2845e-07
-1.05247e-06
4.79643e-07
-1.38968e-06
4.77027e-07
-1.69098e-06
4.26851e-07
-1.92915e-06
3.37748e-07
-2.08359e-06
2.19296e-07
-2.14081e-06
8.16059e-08
-2.09494e-06
-6.45674e-08
-1.94836e-06
-2.07593e-07
-1.71224e-06
-3.34891e-07
-1.4069e-06
-4.33251e-07
-1.06145e-06
-4.89719e-07
-7.12309e-07
-4.93251e-07
-3.99873e-07
-4.37287e-07
-1.6289e-07
-3.23186e-07
-2.93097e-08
-1.66202e-07
-1.49953e-08
-8.66126e-08
1.06666e-07
-3.33736e-07
4.18996e-07
-7.12805e-07
7.01459e-07
-1.18024e-06
8.95882e-07
-1.68595e-06
9.8536e-07
-2.1803e-06
9.71367e-07
-2.61848e-06
8.65039e-07
-2.96323e-06
6.82499e-07
-3.18618e-06
4.42243e-07
-3.26875e-06
1.64178e-07
-3.20292e-06
-1.30397e-07
-2.99199e-06
-4.18525e-07
-2.6513e-06
-6.75588e-07
-2.20854e-06
-8.76004e-07
-1.70325e-06
-9.9501e-07
-1.18468e-06
-1.01183e-06
-7.07587e-07
-9.14377e-07
-3.25584e-07
-7.05189e-07
-8.19999e-08
-4.09786e-07
-9.69952e-08
-1.35955e-07
2.42622e-07
-4.91153e-07
7.74194e-07
-1.00954e-06
1.21985e-06
-1.62898e-06
1.51532e-06
-2.28564e-06
1.64202e-06
-2.91907e-06
1.60479e-06
-3.47585e-06
1.42182e-06
-3.91191e-06
1.11856e-06
-4.19381e-06
7.24145e-07
-4.29957e-06
2.69941e-07
-4.21944e-06
-2.10524e-07
-3.95678e-06
-6.81182e-07
-3.52899e-06
-1.10338e-06
-2.96811e-06
-1.43689e-06
-2.32057e-06
-1.64255e-06
-1.64536e-06
-1.68703e-06
-1.00998e-06
-1.54976e-06
-4.83946e-07
-1.23123e-06
-1.3061e-07
-7.63122e-07
-2.27605e-07
-1.81782e-07
4.24404e-07
-6.42686e-07
1.2351e-06
-1.29883e-06
1.87599e-06
-2.06718e-06
2.28367e-06
-2.86907e-06
2.44392e-06
-3.63376e-06
2.36949e-06
-4.30085e-06
2.0889e-06
-4.82147e-06
1.63919e-06
-5.15891e-06
1.06158e-06
-5.28884e-06
3.99874e-07
-5.19989e-06
-2.9948e-07
-4.89451e-06
-9.86558e-07
-4.39031e-06
-1.60759e-06
-3.72127e-06
-2.10592e-06
-2.93848e-06
-2.42534e-06
-2.10928e-06
-2.51623e-06
-1.31417e-06
-2.34487e-06
-6.40969e-07
-1.90443e-06
-1.76826e-07
-1.22727e-06
-4.04431e-07
-2.26734e-07
6.51138e-07
-7.93646e-07
1.80201e-06
-1.58855e-06
2.6709e-06
-2.50581e-06
3.20092e-06
-3.45092e-06
3.38903e-06
-4.34309e-06
3.26166e-06
-5.1161e-06
2.86191e-06
-5.71799e-06
2.24107e-06
-6.11022e-06
1.45382e-06
-6.26704e-06
5.56696e-07
-6.17542e-06
-3.91109e-07
-5.83589e-06
-1.32609e-06
-5.26436e-06
-2.17911e-06
-4.49445e-06
-2.87583e-06
-3.57971e-06
-3.34008e-06
-2.59472e-06
-3.50123e-06
-1.63362e-06
-3.30596e-06
-8.05245e-07
-2.7328e-06
-2.24386e-07
-1.80813e-06
-6.28817e-07
-2.73315e-07
9.24453e-07
-9.49672e-07
2.47837e-06
-1.88642e-06
3.60764e-06
-2.95338e-06
4.26788e-06
-4.03946e-06
4.47511e-06
-5.05446e-06
4.27666e-06
-5.92799e-06
3.73543e-06
-6.60696e-06
2.92005e-06
-7.05288e-06
1.89974e-06
-7.23968e-06
7.43487e-07
-7.15275e-06
-4.78036e-07
-6.78967e-06
-1.68916e-06
-6.1625e-06
-2.80628e-06
-5.30158e-06
-3.73676e-06
-4.26002e-06
-4.38163e-06
-3.11765e-06
-4.6436e-06
-1.98226e-06
-4.44135e-06
-9.86294e-07
-3.72876e-06
-2.77163e-07
-2.51726e-06
-9.0598e-07
-3.23679e-07
1.24813e-06
-1.11557e-06
3.27025e-06
-2.19796e-06
4.69003e-06
-3.41344e-06
5.48336e-06
-4.63399e-06
5.69566e-06
-5.76157e-06
5.40424e-06
-6.72431e-06
4.69818e-06
-7.47108e-06
3.66682e-06
-7.96606e-06
2.39472e-06
-8.18461e-06
9.62042e-07
-8.11111e-06
-5.51541e-07
-7.73912e-06
-2.06115e-06
-7.0743e-06
-3.4711e-06
-6.13987e-06
-4.67119e-06
-4.98404e-06
-5.53746e-06
-3.68803e-06
-5.93962e-06
-2.37164e-06
-5.75774e-06
-1.19309e-06
-4.90731e-06
-3.38898e-07
-3.37144e-06
-1.24488e-06
-3.79815e-07
1.62795e-06
-1.29527e-06
4.18571e-06
-2.52586e-06
5.92063e-06
-3.88322e-06
6.84072e-06
-5.22275e-06
7.0352e-06
-6.44174e-06
6.62323e-06
-7.47131e-06
5.72775e-06
-8.26686e-06
4.46237e-06
-8.7992e-06
2.92707e-06
-9.04791e-06
1.21075e-06
-8.99745e-06
-6.02e-07
-8.63666e-06
-2.42194e-06
-7.96192e-06
-4.14584e-06
-6.98428e-06
-5.64883e-06
-5.74049e-06
-6.78125e-06
-4.30634e-06
-7.37377e-06
-2.80914e-06
-7.25495e-06
-1.43354e-06
-6.28291e-06
-4.13305e-07
-4.39168e-06
-1.65818e-06
-4.4415e-07
2.0721e-06
-1.49272e-06
5.23427e-06
-2.87026e-06
7.29817e-06
-4.35271e-06
8.32317e-06
-5.78081e-06
8.4633e-06
-7.05278e-06
7.8952e-06
-8.10971e-06
6.78468e-06
-8.92017e-06
5.27282e-06
-9.46711e-06
3.47401e-06
-9.73824e-06
1.48188e-06
-9.72021e-06
-6.20031e-07
-9.39696e-06
-2.74519e-06
-8.75268e-06
-4.79011e-06
-7.78029e-06
-6.62123e-06
-6.49598e-06
-8.06556e-06
-4.95942e-06
-8.91033e-06
-3.29614e-06
-8.91822e-06
-1.71454e-06
-7.86451e-06
-5.04557e-07
-5.60166e-06
-2.16274e-06
-5.20668e-07
2.59276e-06
-1.71343e-06
6.42704e-06
-3.22924e-06
8.81398e-06
-4.8033e-06
9.89723e-06
-6.26674e-06
9.92673e-06
-7.52835e-06
9.15681e-06
-8.54943e-06
7.80576e-06
-9.32067e-06
6.04406e-06
-9.84414e-06
3.99748e-06
-1.01207e-05
1.75844e-06
-1.01423e-05
-5.98459e-07
-9.88874e-06
-2.99873e-06
-9.32994e-06
-5.34891e-06
-8.43435e-06
-7.51681e-06
-7.18647e-06
-9.31345e-06
-5.6143e-06
-1.04825e-05
-3.82529e-06
-1.07072e-05
-2.04203e-06
-9.64778e-06
-6.18128e-07
-7.02556e-06
-2.78087e-06
-6.168e-07
3.20956e-06
-1.96654e-06
7.77678e-06
-3.59847e-06
1.04459e-05
-5.20404e-06
1.15028e-05
-6.61633e-06
1.1339e-05
-7.77046e-06
1.03109e-05
-8.66215e-06
8.69745e-06
-9.31511e-06
6.69702e-06
-9.75827e-06
4.44064e-06
-1.00111e-05
2.01124e-06
-1.00746e-05
-5.34988e-07
-9.92674e-06
-3.14655e-06
-9.5228e-06
-5.75285e-06
-8.8019e-06
-8.2377e-06
-7.70499e-06
-1.04104e-05
-6.20828e-06
-1.19792e-05
-4.37519e-06
-1.25403e-05
-2.42057e-06
-1.16024e-05
-7.62218e-07
-8.68391e-06
-3.54309e-06
-7.46519e-07
3.95608e-06
-2.26649e-06
9.29676e-06
-3.96726e-06
1.21467e-05
-5.50202e-06
1.30375e-05
-6.7298e-06
1.25668e-05
-7.63645e-06
1.12176e-05
-8.27022e-06
9.33123e-06
-8.69919e-06
7.12599e-06
-8.9857e-06
4.72715e-06
-9.17201e-06
2.19756e-06
-9.27195e-06
-4.35051e-07
-9.26552e-06
-3.15298e-06
-9.09613e-06
-5.92224e-06
-8.67294e-06
-8.66089e-06
-7.88433e-06
-1.1199e-05
-6.63245e-06
-1.32311e-05
-4.89968e-06
-1.42731e-05
-2.85097e-06
-1.36511e-05
-9.49946e-07
-1.05849e-05
-4.49303e-06
-9.34939e-07
4.89102e-06
-2.63132e-06
1.09931e-05
-4.30458e-06
1.38199e-05
-5.59922e-06
1.43322e-05
-6.44597e-06
1.34136e-05
-6.91613e-06
1.16877e-05
-7.13002e-06
9.54513e-06
-7.20792e-06
7.2039e-06
-7.24731e-06
4.76653e-06
-7.31348e-06
2.26373e-06
-7.43488e-06
-3.1365e-07
-7.59842e-06
-2.98944e-06
-7.74345e-06
-5.77721e-06
-7.75636e-06
-8.64798e-06
-7.47307e-06
-1.14823e-05
-6.7041e-06
-1.40001e-05
-5.30569e-06
-1.56715e-05
-3.32181e-06
-1.5635e-05
-1.20196e-06
-1.27048e-05
-5.69499e-06
-1.22235e-06
6.11338e-06
-3.06708e-06
1.28379e-05
-4.51934e-06
1.52722e-05
-5.30125e-06
1.51141e-05
-5.49338e-06
1.36057e-05
-5.29403e-06
1.14884e-05
-4.90828e-06
9.15938e-06
-4.50544e-06
6.80106e-06
-4.20936e-06
4.47045e-06
-4.10076e-06
2.15512e-06
-4.22018e-06
-1.94223e-07
-4.56631e-06
-2.64331e-06
-5.08733e-06
-5.25619e-06
-5.66603e-06
-8.06928e-06
-6.10385e-06
-1.10444e-05
-6.12082e-06
-1.39831e-05
-5.40696e-06
-1.63853e-05
-3.78274e-06
-1.72592e-05
-1.54527e-06
-1.49423e-05
-7.24026e-06
-1.65402e-06
7.7674e-06
-3.50549e-06
1.46893e-05
-4.35958e-06
1.61263e-05
-4.21283e-06
1.49674e-05
-3.40624e-06
1.27991e-05
-2.29415e-06
1.03763e-05
-1.15438e-06
8.01961e-06
-1.79336e-07
5.82602e-06
5.06227e-07
3.78489e-06
8.24845e-07
1.8365e-06
7.32941e-07
-1.02319e-07
2.17551e-07
-2.12792e-06
-6.94929e-07
-4.34371e-06
-1.91579e-06
-6.84841e-06
-3.2566e-06
-9.70364e-06
-4.38759e-06
-1.28521e-05
-4.82968e-06
-1.59432e-05
-4.06747e-06
-1.80214e-05
-1.99007e-06
-1.70197e-05
-9.23033e-06
-2.21086e-06
9.97826e-06
-3.61128e-06
1.60898e-05
-3.18146e-06
1.56965e-05
-1.54636e-06
1.33323e-05
6.00203e-07
1.06525e-05
2.78277e-06
8.19372e-06
4.71693e-06
6.08546e-06
6.24716e-06
4.29578e-06
7.29193e-06
2.74012e-06
7.80558e-06
1.32285e-06
7.75676e-06
-5.35009e-08
7.12033e-06
-1.49149e-06
5.88269e-06
-3.10606e-06
4.06511e-06
-5.03084e-06
1.77442e-06
-7.41294e-06
-7.11445e-07
-1.03663e-05
-2.83541e-06
-1.38193e-05
-3.70522e-06
-1.71516e-05
-2.43701e-06
-1.82879e-05
-1.16673e-05
-2.56303e-06
1.25413e-05
-2.27087e-06
1.57976e-05
5.26429e-07
1.28992e-05
4.18203e-06
9.67667e-06
7.77055e-06
7.06401e-06
1.08904e-05
5.07385e-06
1.33966e-05
3.57932e-06
1.52593e-05
2.433e-06
1.64896e-05
1.50982e-06
1.71002e-05
7.12292e-07
1.70868e-05
-4.01395e-08
1.64199e-05
-8.24596e-07
1.50434e-05
-1.72951e-06
1.28853e-05
-2.87272e-06
9.89521e-06
-4.4229e-06
6.13862e-06
-6.60966e-06
1.99337e-06
-9.67403e-06
-1.50531e-06
-1.36529e-05
-2.42143e-06
-1.73717e-05
-1.40888e-05
-9.19607e-07
1.34609e-05
3.89248e-06
1.09855e-05
1.00374e-05
6.75427e-06
1.54775e-05
4.23654e-06
1.9812e-05
2.72948e-06
2.31036e-05
1.78228e-06
2.55137e-05
1.16921e-06
2.71946e-05
7.52112e-07
2.82589e-05
4.45508e-07
2.87745e-05
1.96724e-07
2.87645e-05
-3.01845e-08
2.82059e-05
-2.65961e-07
2.70225e-05
-5.46161e-07
2.50742e-05
-9.24415e-07
2.21464e-05
-1.49502e-06
1.79687e-05
-2.43203e-06
1.2348e-05
-4.0533e-06
5.61454e-06
-6.91949e-06
-1.15581e-07
-1.16416e-05
-1.42044e-05
1.34609e-05
2.44464e-05
3.12007e-05
3.54372e-05
3.81667e-05
3.9949e-05
4.11182e-05
4.18703e-05
4.23158e-05
4.25125e-05
4.24823e-05
4.22164e-05
4.16702e-05
4.07458e-05
3.92508e-05
3.68188e-05
3.27655e-05
2.5846e-05
1.42044e-05
)
;

boundaryField
{
    movingWall
    {
        type            calculated;
        value           uniform 0;
    }
    fixedWalls
    {
        type            calculated;
        value           uniform 0;
    }
    frontAndBack
    {
        type            empty;
        value           nonuniform 0();
    }
}


// ************************************************************************* //
