/*--------------------------------*- C++ -*----------------------------------*\
  =========                 |
  \\      /  F ield         | OpenFOAM: The Open Source CFD Toolbox
   \\    /   O peration     | Website:  https://openfoam.org
    \\  /    A nd           | Version:  6
     \\/     M anipulation  |
\*---------------------------------------------------------------------------*/
FoamFile
{
    version     2.0;
    format      ascii;
    class       volScalarField;
    location    "0.095";
    object      p;
}
// * * * * * * * * * * * * * * * * * * * * * * * * * * * * * * * * * * * * * //

dimensions      [0 2 -2 0 0 0 0];

internalField   nonuniform List<scalar> 
400
(
1.84545e-05
-0.0464188
-0.104251
-0.148909
-0.165654
-0.147861
-0.0950331
-0.0110883
0.0970448
0.220491
0.349262
0.472975
0.581544
0.66593
0.719039
0.736854
0.719886
0.674898
0.616841
0.570405
0.046048
-0.00166196
-0.0470582
-0.0778761
-0.0868203
-0.0692336
-0.0245198
0.0444897
0.132535
0.232706
0.337114
0.437513
0.525931
0.595322
0.640285
0.657902
0.648776
0.617675
0.572083
0.524412
0.107226
0.0411319
-0.00800543
-0.0364607
-0.0437481
-0.0273032
0.012826
0.0738886
0.151265
0.23903
0.330445
0.418467
0.496268
0.557775
0.59821
0.614718
0.607245
0.578463
0.529074
0.46301
0.163702
0.0722388
0.0111054
-0.0213626
-0.0302416
-0.0148187
0.0238947
0.0826375
0.156748
0.240584
0.327864
0.412048
0.486741
0.546114
0.5853
0.600886
0.591826
0.558944
0.497427
0.405905
0.202517
0.0841874
0.00866508
-0.0295328
-0.0402422
-0.0243991
0.0159157
0.0766613
0.152791
0.238577
0.32782
0.414104
0.491085
0.552787
0.593882
0.610103
0.599282
0.560583
0.484478
0.365889
0.214401
0.0685854
-0.02197
-0.0657247
-0.0768729
-0.0579293
-0.0121589
0.0554038
0.13907
0.232763
0.330097
0.424513
0.509441
0.578472
0.625531
0.645245
0.634175
0.589871
0.498472
0.352036
0.19132
0.0170995
-0.0882644
-0.135974
-0.144692
-0.118659
-0.0625313
0.0174375
0.114709
0.22267
0.334589
0.4436
0.54273
0.624933
0.683141
0.710604
0.702358
0.654149
0.547628
0.372218
0.124646
-0.0794319
-0.198581
-0.247105
-0.24885
-0.210227
-0.137626
-0.0387788
0.0787656
0.207779
0.341141
0.471658
0.591905
0.694092
0.769956
0.811058
0.810501
0.761719
0.641082
0.434991
0.00367818
-0.232241
-0.363115
-0.407374
-0.395511
-0.336923
-0.240247
-0.114986
0.0302052
0.187526
0.349595
0.509032
0.658076
0.788217
0.889862
0.952522
0.966769
0.922824
0.790188
0.551155
-0.185813
-0.455889
-0.594665
-0.626744
-0.591759
-0.503382
-0.373195
-0.21277
-0.0318438
0.161441
0.359776
0.55597
0.742258
0.909624
1.04714
1.14189
1.18114
1.15047
1.00984
0.735295
-0.463531
-0.769907
-0.909516
-0.917008
-0.845213
-0.713952
-0.538589
-0.332966
-0.107657
0.129364
0.371492
0.612396
0.844947
1.06014
1.24593
1.38676
1.4656
1.46139
1.32024
1.00787
-0.857944
-1.20127
-1.3285
-1.2917
-1.16327
-0.971675
-0.73686
-0.474825
-0.196323
0.0917561
0.384543
0.677625
0.965563
1.24032
1.48943
1.69476
1.83414
1.87715
1.74941
1.39864
-1.41256
-1.78834
-1.87819
-1.76546
-1.55161
-1.2766
-0.96524
-0.634843
-0.294972
0.0500875
0.398721
0.749961
1.10162
1.44824
1.77838
2.07224
2.3022
2.42547
2.33734
1.95323
-2.19892
-2.58715
-2.59147
-2.35182
-2.01117
-1.62294
-1.21552
-0.805195
-0.397814
0.00725525
0.413727
0.826078
1.24752
1.67756
2.10854
2.52149
2.88466
3.14087
3.14235
2.74637
-3.34325
-3.6807
-3.5054
-3.05721
-2.532
-1.99418
-1.47068
-0.971687
-0.495073
-0.0320757
0.428882
0.900035
1.39257
1.91438
2.46597
3.03466
3.58988
4.06253
4.2504
3.90898
-5.07208
-5.18689
-4.6531
-3.87068
-3.08479
-2.35741
-1.70179
-1.11235
-0.572578
-0.0615951
0.442653
0.962347
1.51931
2.13385
2.82133
3.58539
4.40943
5.22607
5.78271
5.67369
-7.79206
-7.25838
-6.04832
-4.75514
-3.61715
-2.6628
-1.86939
-1.1996
-0.613744
-0.0746293
0.452254
1.00036
1.60412
2.30047
3.12856
4.12465
5.30908
6.64778
7.89497
8.45347
-12.4106
-10.0882
-7.60726
-5.58664
-4.01778
-2.82473
-1.91474
-1.19698
-0.599035
-0.0649184
0.45197
0.995263
1.61158
2.35691
3.30367
4.54279
6.16637
8.24591
10.7848
13.164
-21.2938
-13.7977
-8.77447
-5.85279
-3.92829
-2.61373
-1.69857
-1.02478
-0.488408
-0.0213492
0.427431
0.904023
1.4595
2.16206
3.11587
4.48019
6.46814
9.46665
14.5791
22.1773
-36.1737
-17.3692
-8.39951
-4.79896
-2.9311
-1.81879
-1.11846
-0.63505
-0.262061
0.0595246
0.369175
0.701181
1.09496
1.60934
2.35053
3.51505
5.45394
9.15161
18.2353
37.1547
)
;

boundaryField
{
    movingWall
    {
        type            zeroGradient;
    }
    fixedWalls
    {
        type            zeroGradient;
    }
    frontAndBack
    {
        type            empty;
    }
}


// ************************************************************************* //
