/*--------------------------------*- C++ -*----------------------------------*\
  =========                 |
  \\      /  F ield         | OpenFOAM: The Open Source CFD Toolbox
   \\    /   O peration     | Website:  https://openfoam.org
    \\  /    A nd           | Version:  6
     \\/     M anipulation  |
\*---------------------------------------------------------------------------*/
FoamFile
{
    version     2.0;
    format      ascii;
    class       volScalarField;
    location    "0.015";
    object      p;
}
// * * * * * * * * * * * * * * * * * * * * * * * * * * * * * * * * * * * * * //

dimensions      [0 2 -2 0 0 0 0];

internalField   nonuniform List<scalar> 
400
(
-1.87831e-06
-0.0579699
-0.130125
-0.185835
-0.206684
-0.184393
-0.118343
-0.0134392
0.121649
0.275824
0.43661
0.591051
0.726571
0.831911
0.898237
0.920546
0.89947
0.84343
0.771055
0.713104
0.0574221
-0.00211797
-0.0587563
-0.0971994
-0.108318
-0.0862885
-0.0303691
0.0558933
0.165914
0.291052
0.421448
0.546812
0.657203
0.743842
0.800007
0.822064
0.810762
0.772035
0.715202
0.655703
0.133753
0.0512726
-0.0100452
-0.0455522
-0.0546083
-0.0339999
0.0162103
0.0925732
0.189301
0.298978
0.413178
0.523109
0.62026
0.697062
0.747575
0.768245
0.759003
0.723168
0.661597
0.579147
0.204277
0.0901142
0.0138007
-0.026732
-0.0377771
-0.0184288
0.0300432
0.103547
0.196235
0.301038
0.410096
0.515244
0.608512
0.682642
0.731583
0.751093
0.739867
0.698919
0.622221
0.507998
0.252845
0.105098
0.0107856
-0.0369193
-0.0502436
-0.0303399
0.0201803
0.0962408
0.191503
0.298781
0.410312
0.518085
0.614194
0.691207
0.742504
0.762783
0.749346
0.701139
0.606244
0.458235
0.267912
0.0857643
-0.0273704
-0.0820309
-0.0958824
-0.0720535
-0.0146458
0.0700084
0.174754
0.291956
0.413615
0.531538
0.637539
0.723657
0.782348
0.806944
0.793169
0.737958
0.623978
0.441207
0.239462
0.0217156
-0.10998
-0.169587
-0.180358
-0.147589
-0.0771361
0.0231255
0.144959
0.280047
0.419946
0.55608
0.679765
0.782254
0.85478
0.888975
0.878671
0.818563
0.685709
0.466769
0.156715
-0.098499
-0.247491
-0.308102
-0.31008
-0.261452
-0.170263
-0.0462651
0.101019
0.262485
0.429195
0.59216
0.742138
0.869466
0.96391
1.01501
1.01421
0.953343
0.802861
0.545631
0.00626886
-0.288943
-0.452659
-0.507892
-0.49273
-0.418959
-0.29747
-0.140265
0.0417231
0.238655
0.441255
0.640298
0.82613
0.988203
1.11465
1.19248
1.21002
1.1551
0.989618
0.69129
-0.229727
-0.567872
-0.741523
-0.781424
-0.737148
-0.625868
-0.462206
-0.260791
-0.0339442
0.208047
0.455987
0.700883
0.933082
1.14143
1.3124
1.43005
1.47858
1.44008
1.26457
0.921954
-0.576019
-0.9598
-1.1345
-1.14347
-1.05287
-0.887602
-0.667093
-0.408854
-0.126288
0.170503
0.473195
0.773864
1.06366
1.33146
1.56238
1.7372
1.83484
1.82914
1.65289
1.26312
-1.06839
-1.4986
-1.65776
-1.61103
-1.44917
-1.20799
-0.91269
-0.583542
-0.234202
0.126565
0.492595
0.85836
1.21712
1.55898
1.86856
2.12346
2.29626
2.34919
2.18952
1.75187
-1.7615
-2.23242
-2.34464
-2.2025
-1.93326
-1.58719
-1.19565
-0.78061
-0.35425
0.0779099
0.513768
0.952103
1.39024
1.82149
2.23179
2.5967
2.88204
3.03471
2.92421
2.44496
-2.7452
-3.23162
-3.23648
-2.93499
-2.50648
-2.01816
-1.50595
-0.990553
-0.479501
0.0278342
0.536016
1.05063
1.57572
2.11083
2.64658
3.1596
3.61063
3.92868
3.92961
3.43544
-4.17788
-4.60032
-4.37989
-3.81678
-3.15664
-2.48058
-1.82271
-1.19606
-0.598211
-0.0183278
0.557991
1.14602
1.75978
2.40921
3.09517
3.80208
4.49223
5.07981
5.31279
4.8864
-6.34351
-6.48627
-5.81656
-4.83448
-3.84748
-2.93374
-2.11023
-1.37022
-0.693244
-0.0532817
0.577177
1.22584
1.91999
2.68508
3.54044
4.49085
5.51599
6.53229
7.22486
7.08788
-9.75119
-9.08071
-7.56401
-5.94208
-4.5139
-3.31581
-2.31969
-1.47904
-0.74435
-0.0691674
0.589608
1.27378
2.02635
2.89354
3.92431
5.16414
6.63875
8.3062
9.86004
10.5553
-15.5361
-12.6253
-9.51758
-6.98475
-5.01696
-3.51994
-2.37783
-1.47709
-0.727206
-0.0582276
0.588075
1.26622
2.03446
2.96275
4.1416
5.68468
7.70718
10.2989
13.4646
16.4322
-26.656
-17.272
-10.983
-7.32181
-4.90849
-3.25918
-2.11039
-1.26444
-0.591414
-0.00617387
0.555036
1.1498
1.84192
2.71661
3.90404
5.60309
8.07985
11.8178
18.1961
27.6822
-45.27
-21.7486
-10.5225
-6.00982
-3.66623
-2.26937
-1.38882
-0.780546
-0.311491
0.0920656
0.479415
0.893382
1.38321
2.02244
2.94383
4.39288
6.80751
11.4173
22.7574
46.3937
)
;

boundaryField
{
    movingWall
    {
        type            zeroGradient;
    }
    fixedWalls
    {
        type            zeroGradient;
    }
    frontAndBack
    {
        type            empty;
    }
}


// ************************************************************************* //
