/*--------------------------------*- C++ -*----------------------------------*\
  =========                 |
  \\      /  F ield         | OpenFOAM: The Open Source CFD Toolbox
   \\    /   O peration     | Website:  https://openfoam.org
    \\  /    A nd           | Version:  6
     \\/     M anipulation  |
\*---------------------------------------------------------------------------*/
FoamFile
{
    version     2.0;
    format      ascii;
    class       volVectorField;
    location    "0.015";
    object      U;
}
// * * * * * * * * * * * * * * * * * * * * * * * * * * * * * * * * * * * * * //

dimensions      [0 1 -1 0 0 0 0];

internalField   nonuniform List<vector> 
400
(
(0.000257609 -0.000253678 0)
(0.000161678 0.000104798 0)
(-0.00113964 0.000563893 0)
(-0.00344582 0.000893193 0)
(-0.00636345 0.00105997 0)
(-0.00948425 0.00107593 0)
(-0.0124394 0.000965766 0)
(-0.0149247 0.000758465 0)
(-0.0167106 0.000482959 0)
(-0.0176443 0.000166915 0)
(-0.0176486 -0.000163007 0)
(-0.0167221 -0.000480351 0)
(-0.0149391 -0.000757978 0)
(-0.0124515 -0.000967417 0)
(-0.0094898 -0.00107887 0)
(-0.00636106 -0.00106279 0)
(-0.00343767 -0.000894477 0)
(-0.00113055 -0.000563022 0)
(0.000167181 -0.000102622 0)
(0.000259051 0.000254918 0)
(-6.517e-05 -0.000191254 0)
(-0.00156261 0.00160988 0)
(-0.00561087 0.00360552 0)
(-0.0116406 0.00505798 0)
(-0.0188522 0.00579004 0)
(-0.0264114 0.00580675 0)
(-0.0335163 0.00519407 0)
(-0.0394761 0.0040772 0)
(-0.0437555 0.00259634 0)
(-0.0459914 0.000895623 0)
(-0.0459996 -0.000880326 0)
(-0.0437772 -0.00258635 0)
(-0.0395035 -0.00407586 0)
(-0.0335396 -0.00520144 0)
(-0.0264226 -0.00581939 0)
(-0.0188484 -0.00580219 0)
(-0.0116253 -0.00506392 0)
(-0.00559294 -0.00360264 0)
(-0.00155079 -0.00160121 0)
(-6.16902e-05 0.000197117 0)
(-0.000509324 0.0010314 0)
(-0.00364074 0.00565182 0)
(-0.0104784 0.0101933 0)
(-0.0198935 0.0134524 0)
(-0.0307219 0.0150406 0)
(-0.041846 0.0149309 0)
(-0.0521867 0.0132949 0)
(-0.060806 0.0104148 0)
(-0.0669724 0.00662536 0)
(-0.0701881 0.00228262 0)
(-0.0701999 -0.00224946 0)
(-0.067004 -0.00660377 0)
(-0.060847 -0.0104122 0)
(-0.0522238 -0.0133115 0)
(-0.0418678 -0.0149593 0)
(-0.0307231 -0.0150686 0)
(-0.0198775 -0.0134672 0)
(-0.010456 -0.0101887 0)
(-0.00362456 -0.00563326 0)
(-0.000504184 -0.00101714 0)
(-0.000902659 0.0033682 0)
(-0.00560768 0.0120803 0)
(-0.0151895 0.019882 0)
(-0.0278473 0.0252875 0)
(-0.042007 0.0277643 0)
(-0.0562935 0.0272918 0)
(-0.0694156 0.0241661 0)
(-0.080266 0.01887 0)
(-0.0879893 0.0119825 0)
(-0.0920071 0.00412478 0)
(-0.0920257 -0.00406502 0)
(-0.0880398 -0.0119425 0)
(-0.0803343 -0.0188628 0)
(-0.0694832 -0.0241928 0)
(-0.0563431 -0.0273409 0)
(-0.0420285 -0.0278148 0)
(-0.0278418 -0.0253175 0)
(-0.015169 -0.019879 0)
(-0.0055892 -0.0120511 0)
(-0.000896047 -0.0033428 0)
(-0.00125018 0.00670761 0)
(-0.00745929 0.0207699 0)
(-0.0197445 0.0324986 0)
(-0.0355863 0.0402858 0)
(-0.0529534 0.043572 0)
(-0.0702047 0.0424294 0)
(-0.0858635 0.0373428 0)
(-0.0986992 0.0290467 0)
(-0.107783 0.0184036 0)
(-0.112497 0.00633214 0)
(-0.112528 -0.00622851 0)
(-0.107869 -0.0183311 0)
(-0.09882 -0.0290263 0)
(-0.0859918 -0.0373782 0)
(-0.0703133 -0.0425046 0)
(-0.0530229 -0.0436559 0)
(-0.0356119 -0.0403435 0)
(-0.019738 -0.0325071 0)
(-0.00744299 -0.0207338 0)
(-0.00124273 -0.00666986 0)
(-0.00158226 0.0109928 0)
(-0.0092848 0.0316941 0)
(-0.0242899 0.0480492 0)
(-0.0433187 0.0584372 0)
(-0.0638407 0.062403 0)
(-0.0839354 0.0602279 0)
(-0.101959 0.0526775 0)
(-0.116596 0.0408018 0)
(-0.126889 0.0257879 0)
(-0.132217 0.00887257 0)
(-0.132268 -0.00869428 0)
(-0.127033 -0.0256568 0)
(-0.116804 -0.0407514 0)
(-0.102191 -0.0527164 0)
(-0.084148 -0.0603364 0)
(-0.0639995 -0.0625375 0)
(-0.0434078 -0.0585446 0)
(-0.0243173 -0.0480889 0)
(-0.00927875 -0.031663 0)
(-0.00157539 -0.0109445 0)
(-0.00192939 0.0162311 0)
(-0.011187 0.0448973 0)
(-0.0289995 0.0665841 0)
(-0.0512578 0.0797519 0)
(-0.0748872 0.0841994 0)
(-0.0976842 0.0805645 0)
(-0.117868 0.0700104 0)
(-0.134088 0.0539811 0)
(-0.145412 0.0340268 0)
(-0.151256 0.0117123 0)
(-0.151337 -0.0114114 0)
(-0.145641 -0.033796 0)
(-0.134426 -0.0538719 0)
(-0.118256 -0.0700413 0)
(-0.0980583 -0.0807136 0)
(-0.07519 -0.0844083 0)
(-0.0514548 -0.0799429 0)
(-0.0290896 -0.0666893 0)
(-0.0112037 -0.0448947 0)
(-0.00192554 -0.0161791 0)
(-0.00232037 0.0224897 0)
(-0.0132662 0.0605005 0)
(-0.0340348 0.0881924 0)
(-0.0595656 0.104224 0)
(-0.0861876 0.108841 0)
(-0.111432 0.103226 0)
(-0.133439 0.0890869 0)
(-0.1509 0.068348 0)
(-0.162981 0.0429574 0)
(-0.169196 0.0147992 0)
(-0.169316 -0.0143089 0)
(-0.163323 -0.0425682 0)
(-0.151411 -0.0681374 0)
(-0.13404 -0.0890894 0)
(-0.112032 -0.103421 0)
(-0.086699 -0.109154 0)
(-0.0599257 -0.104546 0)
(-0.0342252 -0.0884151 0)
(-0.0133227 -0.0605666 0)
(-0.00232321 -0.0224487 0)
(-0.00278536 0.029893 0)
(-0.0156214 0.0786962 0)
(-0.0395324 0.112979 0)
(-0.0683192 0.131782 0)
(-0.0976596 0.136073 0)
(-0.124873 0.127829 0)
(-0.148127 0.109478 0)
(-0.166272 0.0835199 0)
(-0.178677 0.0523199 0)
(-0.185029 0.0180464 0)
(-0.185195 -0.0172828 0)
(-0.179152 -0.0516969 0)
(-0.166992 -0.0831498 0)
(-0.148992 -0.109419 0)
(-0.125762 -0.12807 0)
(-0.0984469 -0.136525 0)
(-0.0689043 -0.132297 0)
(-0.0398684 -0.113391 0)
(-0.0157399 -0.0788917 0)
(-0.00279995 -0.0298883 0)
(-0.00336368 0.0386257 0)
(-0.0183666 0.0997357 0)
(-0.045608 0.141012 0)
(-0.0774844 0.162201 0)
(-0.108982 0.165393 0)
(-0.137327 0.153698 0)
(-0.160888 0.130474 0)
(-0.178848 0.0988863 0)
(-0.190919 0.0617063 0)
(-0.197055 0.0213139 0)
(-0.197267 -0.0201828 0)
(-0.191532 -0.0607623 0)
(-0.179791 -0.0982849 0)
(-0.162045 -0.130309 0)
(-0.138548 -0.153974 0)
(-0.110102 -0.166014 0)
(-0.0783546 -0.162978 0)
(-0.0461383 -0.141707 0)
(-0.0185735 -0.100145 0)
(-0.00339664 -0.0386958 0)
(-0.00411785 0.0489523 0)
(-0.0216586 0.123917 0)
(-0.0523632 0.17225 0)
(-0.0868733 0.194968 0)
(-0.1195 0.195898 0)
(-0.147607 0.179725 0)
(-0.170033 0.150972 0)
(-0.186529 0.113526 0)
(-0.197321 0.0705106 0)
(-0.202739 0.0243891 0)
(-0.202989 -0.0228008 0)
(-0.19805 -0.0691582 0)
(-0.187667 -0.112614 0)
(-0.17146 -0.150637 0)
(-0.149158 -0.180006 0)
(-0.120976 -0.196705 0)
(-0.0880709 -0.196076 0)
(-0.0531328 -0.173334 0)
(-0.0219827 -0.124648 0)
(-0.00417748 -0.0491514 0)
(-0.00515881 0.0612642 0)
(-0.0257386 0.151574 0)
(-0.0598775 0.206414 0)
(-0.0960493 0.22909 0)
(-0.128056 0.226079 0)
(-0.15381 0.204195 0)
(-0.173017 0.169347 0)
(-0.186286 0.126133 0)
(-0.194537 0.07789 0)
(-0.198572 0.0269725 0)
(-0.198837 -0.0248652 0)
(-0.195315 -0.0760618 0)
(-0.187526 -0.124835 0)
(-0.174618 -0.16877 0)
(-0.155613 -0.204427 0)
(-0.129846 -0.227059 0)
(-0.0975744 -0.230577 0)
(-0.0609141 -0.207994 0)
(-0.0262078 -0.152751 0)
(-0.00525504 -0.0616641 0)
(-0.00669012 0.0761753 0)
(-0.0309853 0.183033 0)
(-0.0681428 0.24277 0)
(-0.10411 0.262795 0)
(-0.132677 0.253556 0)
(-0.152997 0.22461 0)
(-0.166166 0.183365 0)
(-0.173951 0.134982 0)
(-0.178109 0.0827581 0)
(-0.179959 0.028675 0)
(-0.180197 -0.0260481 0)
(-0.178818 -0.0804357 0)
(-0.175116 -0.133252 0)
(-0.167733 -0.182471 0)
(-0.154855 -0.224707 0)
(-0.13463 -0.254646 0)
(-0.105883 -0.264659 0)
(-0.0694336 -0.244925 0)
(-0.0316195 -0.184789 0)
(-0.00683418 -0.076865 0)
(-0.00907722 0.0946846 0)
(-0.0379479 0.218487 0)
(-0.0768265 0.279714 0)
(-0.109203 0.293088 0)
(-0.130008 0.274763 0)
(-0.140684 0.237542 0)
(-0.144302 0.190172 0)
(-0.144002 0.137986 0)
(-0.142374 0.083846 0)
(-0.141191 0.0290422 0)
(-0.141343 -0.0259928 0)
(-0.142845 -0.0810961 0)
(-0.144826 -0.135834 0)
(-0.145509 -0.188906 0)
(-0.142254 -0.237392 0)
(-0.131824 -0.275833 0)
(-0.111017 -0.295238 0)
(-0.0782827 -0.282449 0)
(-0.0387449 -0.220928 0)
(-0.00928006 -0.0957661 0)
(-0.012909 0.118393 0)
(-0.0472019 0.257585 0)
(-0.0845752 0.31402 0)
(-0.107495 0.31514 0)
(-0.11431 0.284691 0)
(-0.1101 0.238682 0)
(-0.100329 0.186508 0)
(-0.0894182 0.132943 0)
(-0.080524 0.0798894 0)
(-0.075608 0.0276253 0)
(-0.0756092 -0.0243775 0)
(-0.080562 -0.0768959 0)
(-0.0895874 -0.130478 0)
(-0.100758 -0.18487 0)
(-0.110902 -0.238172 0)
(-0.115514 -0.285539 0)
(-0.108967 -0.317362 0)
(-0.0859773 -0.317207 0)
(-0.0481087 -0.260737 0)
(-0.0131753 -0.119967 0)
(-0.0188332 0.149813 0)
(-0.058472 0.298409 0)
(-0.0871458 0.339516 0)
(-0.091084 0.32159 0)
(-0.0758325 0.276896 0)
(-0.0512306 0.223297 0)
(-0.0248732 0.169311 0)
(-0.00176889 0.118084 0)
(0.0150487 0.0699939 0)
(0.0239234 0.0241184 0)
(0.0241212 -0.0210219 0)
(0.0155946 -0.0670683 0)
(-0.00101328 -0.115534 0)
(-0.0241224 -0.167405 0)
(-0.0507394 -0.222367 0)
(-0.075824 -0.27729 0)
(-0.091637 -0.323533 0)
(-0.0880789 -0.342827 0)
(-0.0593243 -0.302135 0)
(-0.0191409 -0.151947 0)
(-0.02637 0.193085 0)
(-0.0675937 0.335082 0)
(-0.0729907 0.344665 0)
(-0.0441542 0.301714 0)
(0.00152806 0.243993 0)
(0.0501271 0.187293 0)
(0.0937003 0.136808 0)
(0.128228 0.0929151 0)
(0.151911 0.0541622 0)
(0.164061 0.0185522 0)
(0.164454 -0.0160258 0)
(0.153042 -0.0517043 0)
(0.129959 -0.0906324 0)
(0.0957916 -0.134884 0)
(0.0522419 -0.18602 0)
(0.00327218 -0.243774 0)
(-0.0431291 -0.302973 0)
(-0.0728277 -0.34756 0)
(-0.06802 -0.33898 0)
(-0.0266139 -0.195753 0)
(-0.0286577 0.25105 0)
(-0.057792 0.35094 0)
(-0.0140262 0.309628 0)
(0.0632236 0.242393 0)
(0.142905 0.180279 0)
(0.212659 0.129885 0)
(0.268384 0.0905603 0)
(0.309341 0.0595517 0)
(0.336123 0.0340181 0)
(0.349524 0.0115431 0)
(0.350017 -0.00994593 0)
(0.337577 -0.0324073 0)
(0.311674 -0.0579387 0)
(0.27143 -0.0890144 0)
(0.216133 -0.128579 0)
(0.146382 -0.179546 0)
(0.0661701 -0.24273 0)
(-0.0121468 -0.311508 0)
(-0.0571656 -0.35424 0)
(-0.0285315 -0.253891 0)
(0.0139495 0.289041 0)
(0.0303805 0.302873 0)
(0.15408 0.214119 0)
(0.282751 0.142363 0)
(0.382942 0.0939597 0)
(0.457095 0.0619714 0)
(0.510449 0.0405567 0)
(0.547023 0.0255504 0)
(0.569882 0.0142074 0)
(0.581033 0.00473873 0)
(0.58144 -0.00414278 0)
(0.571107 -0.013573 0)
(0.54907 -0.0248435 0)
(0.513296 -0.0397591 0)
(0.460651 -0.0611094 0)
(0.386978 -0.0931708 0)
(0.28684 -0.141988 0)
(0.157524 -0.214666 0)
(0.0325334 -0.304547 0)
(0.0149972 -0.290854 0)
(0.30491 0.147202 0)
(0.406251 0.127709 0)
(0.569523 0.074767 0)
(0.686093 0.0418508 0)
(0.753522 0.0238625 0)
(0.794588 0.0139497 0)
(0.820866 0.00831377 0)
(0.837558 0.00489993 0)
(0.84749 0.002607 0)
(0.852189 0.000837625 0)
(0.852317 -0.000773845 0)
(0.847886 -0.00252639 0)
(0.838258 -0.00478227 0)
(0.821928 -0.0081327 0)
(0.796081 -0.0136746 0)
(0.755502 -0.0234776 0)
(0.688567 -0.0414032 0)
(0.572183 -0.0744237 0)
(0.40821 -0.127746 0)
(0.305837 -0.147543 0)
)
;

boundaryField
{
    movingWall
    {
        type            fixedValue;
        value           uniform (1 0 0);
    }
    fixedWalls
    {
        type            noSlip;
    }
    frontAndBack
    {
        type            empty;
    }
}


// ************************************************************************* //
