/*--------------------------------*- C++ -*----------------------------------*\
  =========                 |
  \\      /  F ield         | OpenFOAM: The Open Source CFD Toolbox
   \\    /   O peration     | Website:  https://openfoam.org
    \\  /    A nd           | Version:  6
     \\/     M anipulation  |
\*---------------------------------------------------------------------------*/
FoamFile
{
    version     2.0;
    format      ascii;
    class       volScalarField;
    location    "0.11";
    object      p;
}
// * * * * * * * * * * * * * * * * * * * * * * * * * * * * * * * * * * * * * //

dimensions      [0 2 -2 0 0 0 0];

internalField   nonuniform List<scalar> 
400
(
1.22804e-05
-0.0231767
-0.0520556
-0.0743107
-0.0826316
-0.073745
-0.0474059
-0.00554821
0.048405
0.110057
0.174437
0.236356
0.290745
0.333044
0.359665
0.368573
0.360029
0.337444
0.308342
0.285159
0.0229992
-0.000830685
-0.0234931
-0.0388369
-0.0432668
-0.0344842
-0.0121915
0.0222177
0.066148
0.116178
0.168384
0.218642
0.262945
0.297735
0.320277
0.32909
0.324479
0.308852
0.285994
0.262204
0.0535469
0.0205257
-0.00399558
-0.018147
-0.0217472
-0.0135442
0.00644076
0.0368587
0.0754389
0.119255
0.164961
0.209035
0.24804
0.278901
0.299192
0.307459
0.303673
0.289194
0.264421
0.231431
0.0816328
0.0359521
0.00546164
-0.0106753
-0.0150726
-0.00740555
0.0118298
0.0410406
0.0779475
0.119776
0.163414
0.20559
0.24308
0.272921
0.292628
0.300459
0.29588
0.279329
0.248455
0.202717
0.100741
0.0416839
0.00404371
-0.0149378
-0.0202676
-0.0124439
0.00751534
0.0376461
0.0754948
0.11826
0.162878
0.206141
0.244842
0.27593
0.296669
0.30487
0.299428
0.279945
0.241723
0.182406
0.106195
0.0334908
-0.0116058
-0.0333553
-0.0389518
-0.0296755
-0.00711501
0.0262961
0.0678098
0.11447
0.163131
0.210515
0.25329
0.28817
0.312019
0.322066
0.316547
0.294248
0.248307
0.174983
0.0939375
0.00717757
-0.0452503
-0.0689913
-0.0734698
-0.0608126
-0.0332703
0.00615224
0.0543167
0.108026
0.163974
0.218733
0.268756
0.310413
0.340036
0.354123
0.350116
0.325876
0.27229
0.184342
0.0596376
-0.0418433
-0.101086
-0.125294
-0.126462
-0.107769
-0.0722844
-0.0237
0.0343857
0.0984996
0.165161
0.230779
0.291566
0.343489
0.382238
0.403411
0.403431
0.378966
0.318234
0.214742
-0.00203125
-0.119158
-0.184197
-0.206412
-0.201069
-0.172785
-0.125686
-0.0642831
0.00732918
0.0854307
0.166431
0.246648
0.322112
0.388394
0.440463
0.472819
0.480547
0.458647
0.391845
0.271606
-0.0980924
-0.231963
-0.300929
-0.317317
-0.30087
-0.258258
-0.19499
-0.116526
-0.0274394
0.0684236
0.167533
0.266304
0.360752
0.446156
0.516751
0.565743
0.586455
0.571475
0.500658
0.362316
-0.23821
-0.389862
-0.45931
-0.463852
-0.429675
-0.366402
-0.281319
-0.180924
-0.0701401
0.0473129
0.168281
0.289618
0.407642
0.517605
0.61312
0.685959
0.727185
0.725918
0.65493
0.497285
-0.436293
-0.606079
-0.669568
-0.652666
-0.591113
-0.498694
-0.384848
-0.257053
-0.120258
0.0223965
0.168642
0.316299
0.462528
0.60304
0.731181
0.837332
0.909833
0.932952
0.868958
0.691731
-0.713574
-0.899392
-0.944693
-0.890858
-0.787846
-0.654976
-0.503981
-0.342907
-0.176064
-0.0052755
0.168827
0.345795
0.524426
0.701711
0.871485
1.02321
1.14233
1.20671
1.16313
0.968981
-1.10503
-1.29728
-1.30073
-1.18487
-1.02002
-0.831978
-0.634155
-0.434032
-0.234057
-0.0336081
0.16934
0.377068
0.591092
0.810932
1.03231
1.24506
1.43244
1.56487
1.56721
1.36721
-1.6726
-1.8405
-1.7557
-1.53745
-1.28214
-1.02082
-0.766121
-0.522477
-0.28841
-0.0592799
0.170844
0.408126
0.658109
0.92455
1.20735
1.49951
1.78483
2.02755
2.12494
1.95307
-2.52803
-2.58722
-2.32553
-1.94251
-1.55886
-1.20423
-0.884437
-0.59618
-0.330894
-0.0779521
0.173775
0.435423
0.717889
1.03123
1.38289
1.77418
2.19597
2.6132
2.89778
2.84435
-3.87299
-3.61304
-3.01649
-2.38085
-1.82323
-1.35641
-0.968433
-0.640389
-0.352253
-0.0853242
0.177715
0.453635
0.759667
1.11426
1.53689
2.04546
2.64949
3.33064
3.96436
4.24909
-6.1594
-5.01372
-3.78643
-2.79026
-2.01927
-1.43416
-0.988409
-0.636619
-0.342533
-0.0781248
0.179942
0.453525
0.765978
1.14533
1.62784
2.25901
3.08471
4.13979
5.42508
6.62752
-10.5695
-6.84898
-4.35763
-2.91496
-1.9681
-1.32304
-0.875097
-0.545539
-0.282398
-0.0515875
0.172444
0.412786
0.695033
1.05335
1.53994
2.23475
3.24506
4.76456
7.34526
11.1677
-17.9825
-8.61119
-4.1544
-2.37804
-1.46162
-0.918351
-0.57835
-0.344488
-0.163413
-0.00552341
0.148976
0.317281
0.519139
0.783963
1.1648
1.76027
2.7477
4.62119
9.19197
18.678
)
;

boundaryField
{
    movingWall
    {
        type            zeroGradient;
    }
    fixedWalls
    {
        type            zeroGradient;
    }
    frontAndBack
    {
        type            empty;
    }
}


// ************************************************************************* //
