/*--------------------------------*- C++ -*----------------------------------*\
  =========                 |
  \\      /  F ield         | OpenFOAM: The Open Source CFD Toolbox
   \\    /   O peration     | Website:  https://openfoam.org
    \\  /    A nd           | Version:  6
     \\/     M anipulation  |
\*---------------------------------------------------------------------------*/
FoamFile
{
    version     2.0;
    format      ascii;
    class       surfaceScalarField;
    location    "0.11";
    object      phi;
}
// * * * * * * * * * * * * * * * * * * * * * * * * * * * * * * * * * * * * * //

dimensions      [0 3 -1 0 0 0 0];

internalField   nonuniform List<scalar> 
760
(
1.47394e-08
-1.47622e-08
-2.09022e-08
3.56416e-08
-1.12833e-07
9.19306e-08
-2.44807e-07
1.31974e-07
-3.96753e-07
1.51946e-07
-5.49368e-07
1.52616e-07
-6.85962e-07
1.36594e-07
-7.93286e-07
1.07324e-07
-8.61792e-07
6.8506e-08
-8.85664e-07
2.38719e-08
-8.62824e-07
-2.28409e-08
-7.94974e-07
-6.785e-08
-6.87693e-07
-1.0728e-07
-5.50528e-07
-1.37165e-07
-3.96972e-07
-1.53556e-07
-2.44127e-07
-1.52845e-07
-1.11701e-07
-1.32426e-07
-1.99512e-08
-9.17498e-08
1.51076e-08
-3.50589e-08
1.51076e-08
-3.30354e-08
1.82731e-08
-1.77835e-07
1.80441e-07
-4.31281e-07
3.45377e-07
-7.63198e-07
4.63891e-07
-1.1335e-06
5.2225e-07
-1.50102e-06
5.20136e-07
-1.82851e-06
4.64079e-07
-2.0854e-06
3.64218e-07
-2.2492e-06
2.32307e-07
-2.30607e-06
8.0742e-08
-2.25112e-06
-7.77971e-08
-2.08854e-06
-2.30423e-07
-1.83176e-06
-3.64067e-07
-1.50324e-06
-4.6568e-07
-1.13399e-06
-5.2281e-07
-7.61984e-07
-5.24849e-07
-4.29142e-07
-4.65268e-07
-1.75917e-07
-3.44975e-07
-3.21768e-08
-1.78799e-07
-1.70693e-08
-9.05998e-08
1.08873e-07
-3.53657e-07
4.43499e-07
-7.61362e-07
7.53081e-07
-1.26757e-06
9.701e-07
-1.81727e-06
1.07195e-06
-2.35483e-06
1.0577e-06
-2.82982e-06
9.39067e-07
-3.2006e-06
7.35003e-07
-3.43637e-06
4.68075e-07
-3.51812e-06
1.62487e-07
-3.43912e-06
-1.56791e-07
-3.2052e-06
-4.64344e-07
-2.83476e-06
-7.34507e-07
-2.35855e-06
-9.41894e-07
-1.8187e-06
-1.06266e-06
-1.26659e-06
-1.07696e-06
-7.58866e-07
-9.72992e-07
-3.51156e-07
-7.52684e-07
-8.93779e-08
-4.40577e-07
-1.06447e-07
-1.43184e-07
2.52057e-07
-5.21951e-07
8.22266e-07
-1.07935e-06
1.31048e-06
-1.74909e-06
1.63983e-06
-2.46086e-06
1.78372e-06
-3.14695e-06
1.74379e-06
-3.74735e-06
1.53946e-06
-4.21313e-06
1.20078e-06
-4.50831e-06
7.63254e-07
-4.61077e-06
2.64949e-07
-4.51266e-06
-2.54905e-07
-4.22061e-06
-7.56391e-07
-3.7559e-06
-1.19921e-06
-3.1543e-06
-1.54349e-06
-2.46528e-06
-1.75168e-06
-1.75e-06
-1.79223e-06
-1.07759e-06
-1.6454e-06
-5.1938e-07
-1.31089e-06
-1.41713e-07
-8.18244e-07
-2.48161e-07
-1.91557e-07
4.43614e-07
-6.82743e-07
1.31345e-06
-1.3871e-06
2.01484e-06
-2.21551e-06
2.46824e-06
-3.08108e-06
2.64929e-06
-3.9045e-06
2.56722e-06
-4.61807e-06
2.25303e-06
-5.16796e-06
1.75067e-06
-5.51529e-06
1.11059e-06
-5.63636e-06
3.86012e-07
-5.52264e-06
-3.68626e-07
-5.18094e-06
-1.09809e-06
-4.6337e-06
-1.74645e-06
-3.91934e-06
-2.25786e-06
-3.09217e-06
-2.57885e-06
-2.22136e-06
-2.66305e-06
-1.38813e-06
-2.47863e-06
-6.81131e-07
-2.01789e-06
-1.90102e-07
-1.30927e-06
-4.38263e-07
-2.38601e-07
6.82215e-07
-8.41835e-07
1.91669e-06
-1.69317e-06
2.86618e-06
-2.67855e-06
3.45363e-06
-3.69323e-06
3.66397e-06
-4.64653e-06
3.52051e-06
-5.46445e-06
3.07095e-06
-6.09037e-06
2.37659e-06
-6.48447e-06
1.50469e-06
-6.62284e-06
5.24382e-07
-6.49673e-06
-4.94735e-07
-6.11246e-06
-1.48236e-06
-5.49205e-06
-2.36687e-06
-4.67437e-06
-3.07554e-06
-3.71643e-06
-3.53678e-06
-2.69395e-06
-3.68553e-06
-1.70026e-06
-3.47232e-06
-8.42934e-07
-2.87522e-06
-2.37669e-07
-1.91454e-06
-6.75931e-07
-2.87286e-07
9.69501e-07
-1.00602e-06
2.63542e-06
-2.00693e-06
3.86709e-06
-3.14858e-06
4.59528e-06
-4.30729e-06
4.82268e-06
-5.38173e-06
4.59496e-06
-6.29362e-06
3.98285e-06
-6.98603e-06
3.06899e-06
-7.42057e-06
1.93923e-06
-7.57473e-06
6.78539e-07
-7.44002e-06
-6.29441e-07
-7.02157e-06
-1.90081e-06
-6.33913e-06
-3.04931e-06
-5.42949e-06
-3.98518e-06
-4.34963e-06
-4.61664e-06
-3.17974e-06
-4.85542e-06
-2.02469e-06
-4.62736e-06
-1.01241e-06
-3.8875e-06
-2.87682e-07
-2.63927e-06
-9.63613e-07
-3.40398e-07
1.3099e-06
-1.18171e-06
3.47673e-06
-2.33625e-06
5.02163e-06
-3.63169e-06
5.89071e-06
-4.92487e-06
6.11586e-06
-6.10566e-06
5.77575e-06
-7.09481e-06
4.972e-06
-7.83879e-06
3.81298e-06
-8.30386e-06
2.4043e-06
-8.47102e-06
8.457e-07
-8.33279e-06
-7.67679e-07
-7.89223e-06
-2.34137e-06
-7.16457e-06
-3.77697e-06
-6.181e-06
-4.96874e-06
-4.99448e-06
-5.80315e-06
-3.68616e-06
-6.16375e-06
-2.37053e-06
-5.94299e-06
-1.19684e-06
-5.06119e-06
-3.4326e-07
-3.49285e-06
-1.30687e-06
-4.00688e-07
1.71059e-06
-1.37471e-06
4.45075e-06
-2.68638e-06
6.3333e-06
-4.1277e-06
7.33203e-06
-5.53636e-06
7.52452e-06
-6.7973e-06
7.03669e-06
-7.83574e-06
6.01044e-06
-8.607e-06
4.58424e-06
-9.08644e-06
2.88374e-06
-9.26146e-06
1.02072e-06
-9.12659e-06
-9.02553e-07
-8.68192e-06
-2.78604e-06
-7.93518e-06
-4.52372e-06
-6.90732e-06
-5.9966e-06
-5.64142e-06
-7.06906e-06
-4.21361e-06
-7.59155e-06
-2.74394e-06
-7.41266e-06
-1.40283e-06
-6.4023e-06
-4.07499e-07
-4.48818e-06
-1.71437e-06
-4.71442e-07
2.18203e-06
-1.59085e-06
5.57016e-06
-3.05958e-06
7.80202e-06
-4.62813e-06
8.90058e-06
-6.11741e-06
9.0138e-06
-7.41446e-06
8.33373e-06
-8.45738e-06
7.05336e-06
-9.21804e-06
5.3449e-06
-9.68673e-06
3.35244e-06
-9.86093e-06
1.19492e-06
-9.73852e-06
-1.02496e-06
-9.31564e-06
-3.20892e-06
-8.58909e-06
-5.25027e-06
-7.56361e-06
-7.02207e-06
-6.2642e-06
-8.36848e-06
-4.75283e-06
-9.10292e-06
-3.14729e-06
-9.01819e-06
-1.6367e-06
-7.9129e-06
-4.84012e-07
-5.64086e-06
-2.19838e-06
-5.5751e-07
2.73954e-06
-1.83699e-06
6.84964e-06
-3.45443e-06
9.41946e-06
-5.11304e-06
1.05592e-05
-6.62353e-06
1.05243e-05
-7.88701e-06
9.59721e-06
-8.86678e-06
8.03313e-06
-9.56124e-06
6.03936e-06
-9.98264e-06
3.77384e-06
-1.01426e-05
1.3549e-06
-1.00441e-05
-1.12352e-06
-9.67832e-06
-3.57466e-06
-9.02772e-06
-5.90086e-06
-8.07395e-06
-7.97584e-06
-6.81346e-06
-9.62897e-06
-5.28069e-06
-1.06357e-05
-3.57786e-06
-1.0721e-05
-1.90525e-06
-9.58551e-06
-5.77898e-07
-6.96822e-06
-2.77628e-06
-6.67026e-07
3.40656e-06
-2.12219e-06
8.30481e-06
-3.86362e-06
1.11609e-05
-5.54475e-06
1.22403e-05
-6.98099e-06
1.19605e-05
-8.10684e-06
1.07231e-05
-8.92745e-06
8.85374e-06
-9.47944e-06
6.59135e-06
-9.80407e-06
4.09847e-06
-9.93095e-06
1.48179e-06
-9.86952e-06
-1.18496e-06
-9.60604e-06
-3.83814e-06
-9.10565e-06
-6.40126e-06
-8.32045e-06
-8.76104e-06
-7.20647e-06
-1.0743e-05
-5.75277e-06
-1.20894e-05
-4.02459e-06
-1.24492e-05
-2.21644e-06
-1.13937e-05
-6.97364e-07
-8.48729e-06
-3.47365e-06
-8.14181e-07
4.22075e-06
-2.45787e-06
9.9485e-06
-4.26723e-06
1.29703e-05
-5.85501e-06
1.38281e-05
-7.07121e-06
1.31767e-05
-7.9128e-06
1.15646e-05
-8.44697e-06
9.38791e-06
-8.75973e-06
6.90411e-06
-8.92626e-06
4.265e-06
-8.99597e-06
1.5515e-06
-8.98571e-06
-1.19522e-06
-8.87734e-06
-3.94651e-06
-8.61845e-06
-6.66014e-06
-8.12789e-06
-9.2516e-06
-7.31058e-06
-1.15603e-05
-6.0891e-06
-1.33109e-05
-4.4601e-06
-1.40782e-05
-2.57873e-06
-1.3275e-05
-8.56334e-07
-1.02097e-05
-4.32998e-06
-1.02311e-06
5.24386e-06
-2.85352e-06
1.17789e-05
-4.61506e-06
1.47318e-05
-5.91873e-06
1.51318e-05
-6.70363e-06
1.39616e-05
-7.06838e-06
1.19294e-05
-7.16195e-06
9.48148e-06
-7.12539e-06
6.86755e-06
-7.06663e-06
4.20624e-06
-7.05224e-06
1.53712e-06
-7.10576e-06
-1.14171e-06
-7.20681e-06
-3.84546e-06
-7.28969e-06
-6.57725e-06
-7.24304e-06
-9.29825e-06
-6.91661e-06
-1.18867e-05
-6.14717e-06
-1.40803e-05
-4.8214e-06
-1.5404e-05
-2.99547e-06
-1.5101e-05
-1.07796e-06
-1.21272e-05
-5.40794e-06
-1.3301e-06
6.57396e-06
-3.29656e-06
1.37454e-05
-4.78299e-06
1.62182e-05
-5.50248e-06
1.58513e-05
-5.57094e-06
1.40301e-05
-5.23108e-06
1.15895e-05
-4.72231e-06
8.97271e-06
-4.23244e-06
6.37769e-06
-3.88938e-06
3.86317e-06
-3.76701e-06
1.41475e-06
-3.89199e-06
-1.01673e-06
-4.24576e-06
-3.4917e-06
-4.76031e-06
-6.0627e-06
-5.30896e-06
-8.74959e-06
-5.69769e-06
-1.1498e-05
-5.67155e-06
-1.41064e-05
-4.9651e-06
-1.61104e-05
-3.44268e-06
-1.66234e-05
-1.3958e-06
-1.41741e-05
-6.80374e-06
-1.76839e-06
8.34235e-06
-3.68313e-06
1.56601e-05
-4.47189e-06
1.7007e-05
-4.16904e-06
1.55484e-05
-3.18116e-06
1.30422e-05
-1.91621e-06
1.03246e-05
-6.81698e-07
7.7382e-06
3.21519e-07
5.37447e-06
9.74753e-07
3.20994e-06
1.21559e-06
1.17391e-06
1.02113e-06
-8.22266e-07
4.02626e-07
-2.87319e-06
-5.87995e-07
-5.07208e-06
-1.83934e-06
-7.49825e-06
-3.15117e-06
-1.01861e-05
-4.20511e-06
-1.30525e-05
-4.56761e-06
-1.57479e-05
-3.7969e-06
-1.73941e-05
-1.83611e-06
-1.61349e-05
-8.63985e-06
-2.28916e-06
1.06315e-05
-3.62333e-06
1.69943e-05
-2.99332e-06
1.6377e-05
-1.11757e-06
1.36727e-05
1.22987e-06
1.06948e-05
3.53109e-06
8.02337e-06
5.49163e-06
5.77766e-06
6.96463e-06
3.90147e-06
7.88518e-06
2.28939e-06
8.22715e-06
8.31951e-07
7.98037e-06
-5.75485e-07
7.14343e-06
-2.03626e-06
5.73032e-06
-3.65897e-06
3.79358e-06
-5.56151e-06
1.47017e-06
-7.86273e-06
-9.46588e-07
-1.06358e-05
-2.92187e-06
-1.37727e-05
-3.64123e-06
-1.66747e-05
-2.33411e-06
-1.7442e-05
-1.0974e-05
-2.50734e-06
1.31389e-05
-1.9617e-06
1.64486e-05
1.14413e-06
1.32711e-05
5.05132e-06
9.76547e-06
8.78063e-06
6.96546e-06
1.19255e-05
4.87854e-06
1.43605e-05
3.34258e-06
1.60809e-05
2.18109e-06
1.71184e-05
1.25191e-06
1.75018e-05
4.48576e-07
1.72401e-05
-3.13829e-07
1.63176e-05
-1.11378e-06
1.46967e-05
-2.03806e-06
1.2333e-05
-3.19776e-06
9.21479e-06
-4.74454e-06
5.45107e-06
-6.87204e-06
1.44379e-06
-9.76537e-06
-1.80506e-06
-1.34259e-05
-2.47781e-06
-1.67692e-05
-1.34518e-05
-6.0536e-07
1.37442e-05
4.57941e-06
1.12639e-05
1.09957e-05
6.85488e-06
1.6566e-05
4.19518e-06
2.08998e-05
2.63162e-06
2.40999e-05
1.67842e-06
2.63665e-05
1.07603e-06
2.78763e-05
6.71245e-07
2.87544e-05
3.73816e-07
2.90732e-05
1.29813e-07
2.88565e-05
-9.71061e-08
2.80808e-05
-3.38141e-07
2.66724e-05
-6.29636e-07
2.45005e-05
-1.02589e-06
2.13752e-05
-1.61921e-06
1.70736e-05
-2.57042e-06
1.14661e-05
-4.15788e-06
4.92927e-06
-6.88907e-06
-4.42506e-07
-1.13975e-05
-1.38943e-05
1.37442e-05
2.50081e-05
3.1863e-05
3.60581e-05
3.86898e-05
4.03682e-05
4.14442e-05
4.21155e-05
4.24893e-05
4.26191e-05
4.2522e-05
4.21838e-05
4.15542e-05
4.05283e-05
3.89091e-05
3.63387e-05
3.21808e-05
2.52917e-05
1.38943e-05
)
;

boundaryField
{
    movingWall
    {
        type            calculated;
        value           uniform 0;
    }
    fixedWalls
    {
        type            calculated;
        value           uniform 0;
    }
    frontAndBack
    {
        type            empty;
        value           nonuniform 0();
    }
}


// ************************************************************************* //
