/*--------------------------------*- C++ -*----------------------------------*\
  =========                 |
  \\      /  F ield         | OpenFOAM: The Open Source CFD Toolbox
   \\    /   O peration     | Website:  https://openfoam.org
    \\  /    A nd           | Version:  6
     \\/     M anipulation  |
\*---------------------------------------------------------------------------*/
FoamFile
{
    version     2.0;
    format      ascii;
    class       volScalarField;
    location    "0.095";
    object      p;
}
// * * * * * * * * * * * * * * * * * * * * * * * * * * * * * * * * * * * * * //

dimensions      [0 2 -2 0 0 0 0];

internalField   nonuniform List<scalar> 
400
(
4.51746e-08
-0.00189728
-0.00409308
-0.00558562
-0.00586577
-0.00472987
-0.00218123
0.00163584
0.00647894
0.0120296
0.0179062
0.0236776
0.0288875
0.0330929
0.0359198
0.0371354
0.03673
0.0349956
0.0325985
0.0306618
0.0018785
-7.95388e-05
-0.00178329
-0.0027467
-0.00274588
-0.00163631
0.00059248
0.00383809
0.00791499
0.0125698
0.0174923
0.0223296
0.0267096
0.0302757
0.0327329
0.0339048
0.0337948
0.0326184
0.0307352
0.0287524
0.00421326
0.00150163
-0.000349652
-0.00121727
-0.00115724
-0.000103599
0.0019354
0.0048661
0.00853154
0.0127176
0.0171574
0.0215415
0.0255374
0.0288205
0.0311142
0.0322398
0.0321735
0.0310508
0.0289656
0.0261983
0.00612693
0.00239589
7.71949e-05
-0.000938981
-0.000944968
5.1781e-05
0.00201298
0.00483664
0.00837612
0.0124375
0.0167754
0.0210968
0.0250755
0.0283791
0.0307062
0.0318362
0.0316942
0.0303434
0.0276716
0.0237891
0.00707986
0.00227312
-0.000608183
-0.00184746
-0.00194393
-0.000969117
0.0010092
0.00387669
0.0074905
0.0116684
0.0161756
0.0207213
0.0249667
0.0285474
0.0311095
0.0323631
0.0321637
0.0305022
0.02709
0.0219463
0.00666167
0.00074423
-0.00273691
-0.00421279
-0.00437668
-0.00335807
-0.00125198
0.00181468
0.00570095
0.0102329
0.015181
0.020248
0.0250688
0.0292275
0.0322911
0.0338702
0.0337245
0.0317589
0.0275083
0.0209388
0.00449413
-0.00258954
-0.00668553
-0.00837303
-0.00854596
-0.00739208
-0.00503246
-0.00160481
0.0027539
0.0078801
0.0135507
0.0194602
0.0252098
0.0303159
0.0342388
0.0364521
0.0365791
0.0344036
0.0292439
0.0210165
0.000164867
-0.0081651
-0.012873
-0.0147104
-0.0147995
-0.0133949
-0.0106445
-0.00669351
-0.00166827
0.00428686
0.0109647
0.0180592
0.0251402
0.0316463
0.0369042
0.0402033
0.04097
0.0388005
0.0327059
0.022517
-0.00682347
-0.0165006
-0.0217926
-0.0236724
-0.0235421
-0.0217412
-0.0184484
-0.013812
-0.00793627
-0.000930195
0.0070346
0.0156718
0.0245353
0.0329886
0.0402026
0.0452278
0.047209
0.0454453
0.038481
0.0259726
-0.0170954
-0.0282337
-0.0340327
-0.0357713
-0.0352161
-0.0328226
-0.0288081
-0.0233181
-0.0164194
-0.00816169
0.00134983
0.0118844
0.0230151
0.0340533
0.0440082
0.0516374
0.0556959
0.0550206
0.0474311
0.0322336
-0.0314554
-0.0441689
-0.050294
-0.0515664
-0.0502536
-0.0469766
-0.0420025
-0.0354668
-0.0273784
-0.0176966
-0.00641808
0.00633506
0.0202152
0.0345376
0.0481766
0.0595635
0.0669443
0.0684657
0.060825
0.0426425
-0.0509857
-0.0653558
-0.0714097
-0.0716245
-0.0689928
-0.0643708
-0.0580872
-0.0502555
-0.0407996
-0.0295497
-0.0163421
-0.00112084
0.0159341
0.0342404
0.0526222
0.0692056
0.0816303
0.0870725
0.0805269
0.0593097
-0.0772591
-0.0932273
-0.0983631
-0.0964422
-0.0915397
-0.0848308
-0.076704
-0.0672223
-0.0561843
-0.0432432
-0.0280147
-0.0101836
0.0103497
0.0332527
0.0574634
0.0809287
0.100671
0.112616
0.10928
0.0855898
-0.112832
-0.12985
-0.132282
-0.126293
-0.117552
-0.107607
-0.0968517
-0.0852304
-0.0723454
-0.057607
-0.040343
-0.0198942
0.00424248
0.0321698
0.0631969
0.0953791
0.125307
0.147503
0.151136
0.126973
-0.162359
-0.178336
-0.174315
-0.1609
-0.145892
-0.13107
-0.116656
-0.102309
-0.0873055
-0.0707161
-0.051503
-0.0285836
-0.000937157
0.0321716
0.0707585
0.113483
0.157041
0.194808
0.212007
0.192672
-0.234782
-0.24334
-0.225255
-0.198916
-0.174187
-0.152442
-0.133266
-0.115699
-0.0984616
-0.0801373
-0.059235
-0.0341842
-0.00336106
0.0347738
0.0813142
0.13623
0.197347
0.257939
0.299887
0.297755
-0.347631
-0.331347
-0.284927
-0.237584
-0.198762
-0.167958
-0.143244
-0.122417
-0.103262
-0.0836855
-0.061657
-0.0350793
-0.00168013
0.0410184
0.0955695
0.164133
0.247153
0.339924
0.424768
0.466483
-0.542523
-0.450514
-0.348754
-0.270393
-0.213493
-0.172596
-0.142878
-0.119923
-0.100097
-0.0804795
-0.0584943
-0.0315682
0.00317723
0.0492224
0.110958
0.193778
0.302752
0.43962
0.600667
0.74981
-0.934609
-0.604482
-0.38861
-0.272114
-0.200692
-0.154904
-0.125304
-0.104584
-0.0876224
-0.0709056
-0.0516421
-0.0271335
0.00572786
0.051057
0.11492
0.206607
0.338898
0.531695
0.838104
1.27025
-1.63973
-0.748324
-0.347124
-0.205827
-0.14031
-0.105109
-0.0864845
-0.0755511
-0.0668546
-0.0572111
-0.0443437
-0.026099
7.67505e-05
0.0378012
0.0930761
0.177089
0.311569
0.54976
1.06619
2.0724
)
;

boundaryField
{
    movingWall
    {
        type            zeroGradient;
    }
    fixedWalls
    {
        type            zeroGradient;
    }
    frontAndBack
    {
        type            empty;
    }
}


// ************************************************************************* //
