/*--------------------------------*- C++ -*----------------------------------*\
  =========                 |
  \\      /  F ield         | OpenFOAM: The Open Source CFD Toolbox
   \\    /   O peration     | Website:  https://openfoam.org
    \\  /    A nd           | Version:  6
     \\/     M anipulation  |
\*---------------------------------------------------------------------------*/
FoamFile
{
    version     2.0;
    format      ascii;
    class       surfaceScalarField;
    location    "0.095";
    object      phi;
}
// * * * * * * * * * * * * * * * * * * * * * * * * * * * * * * * * * * * * * //

dimensions      [0 3 -1 0 0 0 0];

internalField   nonuniform List<scalar> 
760
(
9.32406e-09
-9.32449e-09
-2.49618e-08
3.4286e-08
-1.03868e-07
7.8906e-08
-2.12504e-07
1.08637e-07
-3.34862e-07
1.22357e-07
-4.56661e-07
1.218e-07
-5.66015e-07
1.09353e-07
-6.53428e-07
8.7413e-08
-7.11599e-07
5.81711e-08
-7.35342e-07
2.37428e-08
-7.21767e-07
-1.35749e-08
-6.70712e-07
-5.10544e-08
-5.85319e-07
-8.5393e-08
-4.72571e-07
-1.12748e-07
-3.43566e-07
-1.29005e-07
-2.13229e-07
-1.30337e-07
-9.91595e-08
-1.14069e-07
-1.94062e-08
-7.97532e-08
1.19312e-08
-3.13373e-08
1.19311e-08
-3.27504e-08
2.34259e-08
-1.59142e-07
1.60678e-07
-3.7093e-07
2.90694e-07
-6.41229e-07
3.78935e-07
-9.38173e-07
4.19301e-07
-1.23101e-06
4.14636e-07
-1.49273e-06
3.71072e-07
-1.70104e-06
2.95731e-07
-1.83869e-06
1.95813e-07
-1.89362e-06
7.86763e-08
-1.85958e-06
-4.76142e-08
-1.73693e-06
-1.73701e-07
-1.5337e-06
-2.88627e-07
-1.26639e-06
-3.80059e-07
-9.60134e-07
-4.3526e-07
-6.47532e-07
-4.4294e-07
-3.6558e-07
-3.96021e-07
-1.50246e-07
-2.95088e-07
-2.77887e-08
-1.53794e-07
-1.58576e-08
-8.04962e-08
1.03922e-07
-3.03441e-07
3.83622e-07
-6.3957e-07
6.26824e-07
-1.0491e-06
7.88469e-07
-1.48876e-06
8.58959e-07
-1.91705e-06
8.42927e-07
-2.29723e-06
7.51249e-07
-2.59868e-06
5.97178e-07
-2.79753e-06
3.94661e-07
-2.87714e-06
1.58289e-07
-2.82888e-06
-9.58758e-08
-2.65322e-06
-3.49353e-07
-2.3611e-06
-5.80754e-07
-1.97488e-06
-7.66275e-07
-1.52857e-06
-8.81572e-07
-1.06622e-06
-9.05287e-07
-6.38058e-07
-8.24184e-07
-2.93881e-07
-6.39264e-07
-7.40662e-08
-3.73609e-07
-8.99238e-08
-1.2346e-07
2.27382e-07
-4.40044e-07
7.00207e-07
-8.96301e-07
1.08308e-06
-1.43656e-06
1.32872e-06
-2.00613e-06
1.42854e-06
-2.55476e-06
1.39155e-06
-3.03867e-06
1.23516e-06
-3.42158e-06
9.80092e-07
-3.67513e-06
6.48211e-07
-3.7793e-06
2.62452e-07
-3.72321e-06
-1.51962e-07
-3.50651e-06
-5.6605e-07
-3.14101e-06
-9.46252e-07
-2.65223e-06
-1.25506e-06
-2.08002e-06
-1.45378e-06
-1.47743e-06
-1.50788e-06
-9.06873e-07
-1.39474e-06
-4.33477e-07
-1.11266e-06
-1.1624e-07
-6.90846e-07
-2.06164e-07
-1.63285e-07
3.90667e-07
-5.7143e-07
1.10835e-06
-1.14674e-06
1.65839e-06
-1.81579e-06
1.99778e-06
-2.51174e-06
2.12448e-06
-3.17605e-06
2.05586e-06
-3.75928e-06
1.81839e-06
-4.22107e-06
1.44188e-06
-4.5298e-06
9.56942e-07
-4.66263e-06
3.95286e-07
-4.60617e-06
-2.08429e-07
-4.35794e-06
-8.14274e-07
-3.92867e-06
-1.37553e-06
-3.34464e-06
-1.83908e-06
-2.64959e-06
-2.14884e-06
-1.90466e-06
-2.25281e-06
-1.18548e-06
-2.11391e-06
-5.75636e-07
-1.7225e-06
-1.57136e-07
-1.10935e-06
-3.633e-07
-2.02799e-07
5.93465e-07
-7.03815e-07
1.60937e-06
-1.40067e-06
2.35524e-06
-2.20083e-06
2.79794e-06
-3.02444e-06
2.94809e-06
-3.80493e-06
2.83635e-06
-4.48813e-06
2.5016e-06
-5.03078e-06
1.98453e-06
-5.399e-06
1.32516e-06
-5.56749e-06
5.63773e-07
-5.51978e-06
-2.5613e-07
-5.24991e-06
-1.08415e-06
-4.76527e-06
-1.86017e-06
-4.09045e-06
-2.51391e-06
-3.27093e-06
-2.96836e-06
-2.37524e-06
-3.1485e-06
-1.49373e-06
-2.99543e-06
-7.32371e-07
-2.48386e-06
-2.01469e-07
-1.64025e-06
-5.6477e-07
-2.44569e-07
8.38035e-07
-8.43374e-07
2.20817e-06
-1.66728e-06
3.17914e-06
-2.60291e-06
3.73356e-06
-3.55678e-06
3.90197e-06
-4.45473e-06
3.7343e-06
-5.23908e-06
3.28594e-06
-5.86512e-06
2.61056e-06
-6.29793e-06
1.75797e-06
-6.51034e-06
7.7618e-07
-6.48247e-06
-2.84e-07
-6.20333e-06
-1.36328e-06
-5.67451e-06
-2.38899e-06
-4.91566e-06
-3.27276e-06
-3.97094e-06
-3.91308e-06
-2.9145e-06
-4.20493e-06
-1.85224e-06
-4.05769e-06
-9.16848e-07
-3.41925e-06
-2.54194e-07
-2.3029e-06
-8.18964e-07
-2.9071e-07
1.12875e-06
-9.95123e-07
2.91259e-06
-1.95308e-06
4.1371e-06
-3.02792e-06
4.80841e-06
-4.11211e-06
4.98616e-06
-5.125e-06
4.74719e-06
-6.0074e-06
4.16834e-06
-6.71544e-06
3.3186e-06
-7.21518e-06
2.25771e-06
-7.47884e-06
1.03984e-06
-7.4833e-06
-2.7954e-07
-7.21132e-06
-1.63526e-06
-6.65584e-06
-2.94447e-06
-5.82734e-06
-4.10126e-06
-4.76378e-06
-4.97664e-06
-3.54089e-06
-5.42782e-06
-2.27911e-06
-5.31947e-06
-1.14188e-06
-4.55649e-06
-3.20286e-07
-3.1245e-06
-1.13925e-06
-3.42998e-07
1.47174e-06
-1.16276e-06
3.73235e-06
-2.26113e-06
5.23546e-06
-3.47477e-06
6.02206e-06
-4.68208e-06
6.19347e-06
-5.79818e-06
5.86328e-06
-6.76569e-06
5.13586e-06
-7.5452e-06
4.09811e-06
-8.10694e-06
2.81946e-06
-8.425e-06
1.35789e-06
-8.47419e-06
-2.30347e-07
-8.23047e-06
-1.87898e-06
-7.67528e-06
-3.49966e-06
-6.80471e-06
-4.97183e-06
-5.64324e-06
-6.13811e-06
-4.2606e-06
-6.81045e-06
-2.78707e-06
-6.793e-06
-1.41907e-06
-5.92449e-06
-4.04827e-07
-4.13874e-06
-1.54408e-06
-4.03371e-07
1.87511e-06
-1.34937e-06
4.67834e-06
-2.59115e-06
6.47725e-06
-3.93439e-06
7.36529e-06
-5.2444e-06
7.50348e-06
-6.43613e-06
7.05502e-06
-7.45933e-06
6.15905e-06
-8.2843e-06
4.92308e-06
-8.89034e-06
3.4255e-06
-9.25733e-06
1.72488e-06
-9.3607e-06
-1.26973e-07
-9.17032e-06
-2.06937e-06
-8.65407e-06
-4.0159e-06
-7.78781e-06
-5.8381e-06
-6.57276e-06
-7.35316e-06
-5.06034e-06
-8.32287e-06
-3.3798e-06
-8.47353e-06
-1.75809e-06
-7.54621e-06
-5.13376e-07
-5.38345e-06
-2.05745e-06
-4.74954e-07
2.35007e-06
-1.55895e-06
5.76234e-06
-2.94035e-06
7.85865e-06
-4.3889e-06
8.81384e-06
-5.76022e-06
8.8748e-06
-6.97615e-06
8.27095e-06
-8.00139e-06
7.1843e-06
-8.8234e-06
5.74509e-06
-9.43702e-06
4.03912e-06
-9.83346e-06
2.12132e-06
-9.99324e-06
3.28032e-08
-9.88281e-06
-2.17979e-06
-9.45622e-06
-4.44249e-06
-8.66398e-06
-6.63035e-06
-7.47258e-06
-8.54456e-06
-5.8973e-06
-9.89814e-06
-4.04651e-06
-1.03243e-05
-2.16561e-06
-9.42711e-06
-6.52641e-07
-6.89641e-06
-2.71009e-06
-5.63931e-07
2.914e-06
-1.79892e-06
6.99733e-06
-3.30409e-06
9.36383e-06
-4.80965e-06
1.03194e-05
-6.16981e-06
1.0235e-05
-7.3252e-06
9.42634e-06
-8.26675e-06
8.12584e-06
-9.0084e-06
6.48674e-06
-9.56815e-06
4.59887e-06
-9.95521e-06
2.50838e-06
-1.01612e-05
2.38763e-07
-1.01542e-05
-2.18672e-06
-9.8774e-06
-4.71933e-06
-9.25364e-06
-7.25411e-06
-8.20387e-06
-9.59432e-06
-6.68502e-06
-1.1417e-05
-4.75297e-06
-1.22564e-05
-2.64292e-06
-1.15372e-05
-8.31544e-07
-8.70779e-06
-3.54164e-06
-6.8283e-07
3.59683e-06
-2.08302e-06
8.39752e-06
-3.67463e-06
1.09554e-05
-5.15093e-06
1.17957e-05
-6.38311e-06
1.14671e-05
-7.34986e-06
1.03931e-05
-8.08335e-06
8.85933e-06
-8.63439e-06
7.03778e-06
-9.05144e-06
5.01592e-06
-9.36781e-06
2.82475e-06
-9.59259e-06
4.6354e-07
-9.70304e-06
-2.07627e-06
-9.63831e-06
-4.78406e-06
-9.29761e-06
-7.59481e-06
-8.55064e-06
-1.03413e-05
-7.27351e-06
-1.26941e-05
-5.42648e-06
-1.41034e-05
-3.18055e-06
-1.37831e-05
-1.06271e-06
-1.08256e-05
-4.60434e-06
-8.55794e-07
4.45262e-06
-2.43253e-06
9.97425e-06
-4.03186e-06
1.25548e-05
-5.33193e-06
1.30958e-05
-6.25792e-06
1.23931e-05
-6.85585e-06
1.0991e-05
-7.21682e-06
9.2203e-06
-7.43721e-06
7.25817e-06
-7.59972e-06
5.17843e-06
-7.76433e-06
2.98936e-06
-7.96204e-06
6.61255e-07
-8.18722e-06
-1.85109e-06
-8.38703e-06
-4.58425e-06
-8.4499e-06
-7.53194e-06
-8.20081e-06
-1.05904e-05
-7.4219e-06
-1.3473e-05
-5.9297e-06
-1.55956e-05
-3.74512e-06
-1.59677e-05
-1.36338e-06
-1.32074e-05
-5.96773e-06
-1.12472e-06
5.57734e-06
-2.86669e-06
1.17162e-05
-4.31088e-06
1.3999e-05
-5.19051e-06
1.39754e-05
-5.55226e-06
1.27549e-05
-5.548e-06
1.09868e-05
-5.34268e-06
9.01498e-06
-5.07921e-06
6.9947e-06
-4.86955e-06
4.96876e-06
-4.79518e-06
2.91499e-06
-4.90768e-06
7.73755e-07
-5.22417e-06
-1.5346e-06
-5.71476e-06
-4.09366e-06
-6.28101e-06
-6.96569e-06
-6.72989e-06
-1.01415e-05
-6.76133e-06
-1.34416e-05
-6.01412e-06
-1.63428e-05
-4.2465e-06
-1.77353e-05
-1.7504e-06
-1.57035e-05
-7.71813e-06
-1.54493e-06
7.12227e-06
-3.3511e-06
1.35224e-05
-4.30794e-06
1.49558e-05
-4.37678e-06
1.40442e-05
-3.82997e-06
1.22081e-05
-2.95954e-06
1.01163e-05
-2.00168e-06
8.05712e-06
-1.12827e-06
6.12129e-06
-4.60038e-07
4.30053e-06
-8.2732e-08
2.53768e-06
-5.78605e-08
7.48883e-07
-4.24535e-07
-1.16792e-06
-1.18918e-06
-3.32902e-06
-2.29864e-06
-5.85623e-06
-3.59314e-06
-8.847e-06
-4.74669e-06
-1.2288e-05
-5.23717e-06
-1.58523e-05
-4.45631e-06
-1.85161e-05
-2.20886e-06
-1.79509e-05
-9.92699e-06
-2.12883e-06
9.2511e-06
-3.61509e-06
1.50086e-05
-3.44087e-06
1.47816e-05
-2.13467e-06
1.2738e-05
-2.9874e-07
1.03722e-05
1.64985e-06
8.16774e-06
3.45281e-06
6.25416e-06
4.95913e-06
4.61497e-06
6.07966e-06
3.18e-06
6.75424e-06
1.8631e-06
6.93169e-06
5.71433e-07
6.56096e-06
-7.97188e-07
5.59447e-06
-2.36253e-06
4.01023e-06
-4.27198e-06
1.86585e-06
-6.70262e-06
-5.99886e-07
-9.82231e-06
-2.8252e-06
-1.3627e-05
-3.83333e-06
-1.7508e-05
-2.58918e-06
-1.91951e-05
-1.25162e-05
-2.61474e-06
1.18658e-05
-2.61456e-06
1.50085e-05
-2.07573e-07
1.23746e-05
3.08485e-06
9.44561e-06
6.40947e-06
7.04753e-06
9.3884e-06
5.18881e-06
1.18712e-05
3.77132e-06
1.38125e-05
2.67376e-06
1.52061e-05
1.78639e-06
1.60496e-05
1.01959e-06
1.63244e-05
2.96653e-07
1.59846e-05
-4.57474e-07
1.49524e-05
-1.33029e-06
1.31222e-05
-2.44181e-06
1.03927e-05
-3.97314e-06
6.76311e-06
-6.19267e-06
2.5574e-06
-9.42132e-06
-1.17413e-06
-1.37765e-05
-2.36002e-06
-1.80092e-05
-1.48762e-05
-1.26729e-06
1.31331e-05
3.10523e-06
1.06359e-05
8.88696e-06
6.59286e-06
1.40943e-05
4.23825e-06
1.83346e-05
2.80723e-06
2.16432e-05
1.8802e-06
2.41482e-05
1.26639e-06
2.59776e-05
8.44338e-07
2.723e-05
5.33993e-07
2.79656e-05
2.83937e-07
2.82039e-05
5.8403e-08
2.79192e-05
-1.72827e-07
2.70325e-05
-4.43579e-07
2.5395e-05
-8.04259e-07
2.27683e-05
-1.34651e-06
1.88288e-05
-2.25309e-06
1.32953e-05
-3.88787e-06
6.41373e-06
-6.8949e-06
2.92744e-07
-1.18882e-05
-1.45834e-05
1.31331e-05
2.37691e-05
3.03619e-05
3.46002e-05
3.74074e-05
3.92876e-05
4.0554e-05
4.13984e-05
4.19323e-05
4.22163e-05
4.22747e-05
4.21019e-05
4.16583e-05
4.0854e-05
3.95075e-05
3.72544e-05
3.33665e-05
2.64716e-05
1.45834e-05
)
;

boundaryField
{
    movingWall
    {
        type            calculated;
        value           uniform 0;
    }
    fixedWalls
    {
        type            calculated;
        value           uniform 0;
    }
    frontAndBack
    {
        type            empty;
        value           nonuniform 0();
    }
}


// ************************************************************************* //
