/*--------------------------------*- C++ -*----------------------------------*\
  =========                 |
  \\      /  F ield         | OpenFOAM: The Open Source CFD Toolbox
   \\    /   O peration     | Website:  https://openfoam.org
    \\  /    A nd           | Version:  6
     \\/     M anipulation  |
\*---------------------------------------------------------------------------*/
FoamFile
{
    version     2.0;
    format      ascii;
    class       surfaceScalarField;
    location    "0.095";
    object      phi;
}
// * * * * * * * * * * * * * * * * * * * * * * * * * * * * * * * * * * * * * //

dimensions      [0 3 -1 0 0 0 0];

internalField   nonuniform List<scalar> 
760
(
1.47386e-08
-1.47628e-08
-2.09025e-08
3.56411e-08
-1.12833e-07
9.193e-08
-2.44806e-07
1.31973e-07
-3.96751e-07
1.51945e-07
-5.49365e-07
1.52615e-07
-6.85958e-07
1.36593e-07
-7.93282e-07
1.07324e-07
-8.61787e-07
6.85055e-08
-8.85659e-07
2.38717e-08
-8.62819e-07
-2.28408e-08
-7.94969e-07
-6.78496e-08
-6.8769e-07
-1.07279e-07
-5.50526e-07
-1.37164e-07
-3.9697e-07
-1.53555e-07
-2.44125e-07
-1.52845e-07
-1.117e-07
-1.32425e-07
-1.99513e-08
-9.17493e-08
1.51074e-08
-3.50588e-08
1.51075e-08
-3.30356e-08
1.82728e-08
-1.77834e-07
1.8044e-07
-4.31279e-07
3.45374e-07
-7.63194e-07
4.63889e-07
-1.1335e-06
5.22247e-07
-1.50101e-06
5.20133e-07
-1.8285e-06
4.64076e-07
-2.08539e-06
3.64216e-07
-2.24919e-06
2.32305e-07
-2.30606e-06
8.07415e-08
-2.2511e-06
-7.77967e-08
-2.08853e-06
-2.30421e-07
-1.83175e-06
-3.64065e-07
-1.50323e-06
-4.65677e-07
-1.13398e-06
-5.22807e-07
-7.6198e-07
-5.24846e-07
-4.2914e-07
-4.65265e-07
-1.75916e-07
-3.44973e-07
-3.21767e-08
-1.78798e-07
-1.70692e-08
-9.05996e-08
1.08872e-07
-3.53655e-07
4.43496e-07
-7.61358e-07
7.53077e-07
-1.26756e-06
9.70095e-07
-1.81726e-06
1.07194e-06
-2.35482e-06
1.05769e-06
-2.8298e-06
9.39061e-07
-3.20059e-06
7.34999e-07
-3.43635e-06
4.68072e-07
-3.5181e-06
1.62487e-07
-3.4391e-06
-1.5679e-07
-3.20518e-06
-4.64341e-07
-2.83474e-06
-7.34503e-07
-2.35853e-06
-9.41888e-07
-1.81869e-06
-1.06265e-06
-1.26658e-06
-1.07695e-06
-7.58862e-07
-9.72987e-07
-3.51155e-07
-7.5268e-07
-8.93775e-08
-4.40575e-07
-1.06447e-07
-1.43183e-07
2.52056e-07
-5.21949e-07
8.22261e-07
-1.07935e-06
1.31048e-06
-1.74908e-06
1.63982e-06
-2.46085e-06
1.78371e-06
-3.14694e-06
1.74378e-06
-3.74733e-06
1.53946e-06
-4.21311e-06
1.20077e-06
-4.50829e-06
7.6325e-07
-4.61075e-06
2.64948e-07
-4.51263e-06
-2.54904e-07
-4.22059e-06
-7.56387e-07
-3.75588e-06
-1.19921e-06
-3.15429e-06
-1.54349e-06
-2.46527e-06
-1.75167e-06
-1.74999e-06
-1.79222e-06
-1.07759e-06
-1.64539e-06
-5.19378e-07
-1.31089e-06
-1.41713e-07
-8.1824e-07
-2.4816e-07
-1.91556e-07
4.43612e-07
-6.8274e-07
1.31344e-06
-1.3871e-06
2.01483e-06
-2.2155e-06
2.46823e-06
-3.08106e-06
2.64928e-06
-3.90449e-06
2.5672e-06
-4.61805e-06
2.25302e-06
-5.16794e-06
1.75066e-06
-5.51527e-06
1.11058e-06
-5.63633e-06
3.8601e-07
-5.52261e-06
-3.68623e-07
-5.18091e-06
-1.09808e-06
-4.63368e-06
-1.74644e-06
-3.91932e-06
-2.25784e-06
-3.09216e-06
-2.57883e-06
-2.22135e-06
-2.66304e-06
-1.38813e-06
-2.47862e-06
-6.81129e-07
-2.01788e-06
-1.90101e-07
-1.30927e-06
-4.38261e-07
-2.386e-07
6.82212e-07
-8.41832e-07
1.91668e-06
-1.69316e-06
2.86616e-06
-2.67855e-06
3.45361e-06
-3.69322e-06
3.66395e-06
-4.64651e-06
3.5205e-06
-5.46443e-06
3.07094e-06
-6.09035e-06
2.37658e-06
-6.48445e-06
1.50468e-06
-6.62282e-06
5.2438e-07
-6.49671e-06
-4.94732e-07
-6.11244e-06
-1.48235e-06
-5.49203e-06
-2.36686e-06
-4.67435e-06
-3.07552e-06
-3.71642e-06
-3.53676e-06
-2.69394e-06
-3.68552e-06
-1.70026e-06
-3.4723e-06
-8.42931e-07
-2.87521e-06
-2.37668e-07
-1.91453e-06
-6.75928e-07
-2.87285e-07
9.69497e-07
-1.00602e-06
2.63541e-06
-2.00693e-06
3.86707e-06
-3.14857e-06
4.59526e-06
-4.30728e-06
4.82266e-06
-5.38172e-06
4.59494e-06
-6.2936e-06
3.98283e-06
-6.98601e-06
3.06898e-06
-7.42055e-06
1.93922e-06
-7.57471e-06
6.78536e-07
-7.44e-06
-6.29438e-07
-7.02155e-06
-1.9008e-06
-6.33912e-06
-3.04929e-06
-5.42948e-06
-3.98516e-06
-4.34962e-06
-4.61662e-06
-3.17973e-06
-4.8554e-06
-2.02469e-06
-4.62735e-06
-1.01241e-06
-3.88749e-06
-2.87682e-07
-2.63926e-06
-9.6361e-07
-3.40397e-07
1.30989e-06
-1.1817e-06
3.47671e-06
-2.33624e-06
5.02161e-06
-3.63168e-06
5.89069e-06
-4.92486e-06
6.11583e-06
-6.10564e-06
5.77572e-06
-7.0948e-06
4.97198e-06
-7.83878e-06
3.81296e-06
-8.30385e-06
2.40429e-06
-8.47101e-06
8.45697e-07
-8.33277e-06
-7.67676e-07
-7.89222e-06
-2.34136e-06
-7.16455e-06
-3.77696e-06
-6.18099e-06
-4.96872e-06
-4.99447e-06
-5.80313e-06
-3.68615e-06
-6.16373e-06
-2.37053e-06
-5.94297e-06
-1.19684e-06
-5.06118e-06
-3.43259e-07
-3.49284e-06
-1.30687e-06
-4.00687e-07
1.71058e-06
-1.37471e-06
4.45074e-06
-2.68638e-06
6.33328e-06
-4.12769e-06
7.33201e-06
-5.53635e-06
7.52449e-06
-6.79729e-06
7.03666e-06
-7.83573e-06
6.01042e-06
-8.60699e-06
4.58422e-06
-9.08643e-06
2.88373e-06
-9.26145e-06
1.02072e-06
-9.12658e-06
-9.02549e-07
-8.68191e-06
-2.78603e-06
-7.93517e-06
-4.5237e-06
-6.90732e-06
-5.99658e-06
-5.64141e-06
-7.06904e-06
-4.21361e-06
-7.59153e-06
-2.74394e-06
-7.41264e-06
-1.40283e-06
-6.40229e-06
-4.07499e-07
-4.48817e-06
-1.71437e-06
-4.71442e-07
2.18202e-06
-1.59085e-06
5.57015e-06
-3.05958e-06
7.80201e-06
-4.62813e-06
8.90056e-06
-6.11741e-06
9.01378e-06
-7.41446e-06
8.33371e-06
-8.45738e-06
7.05334e-06
-9.21803e-06
5.34488e-06
-9.68673e-06
3.35243e-06
-9.86093e-06
1.19492e-06
-9.73852e-06
-1.02496e-06
-9.31563e-06
-3.20891e-06
-8.58908e-06
-5.25025e-06
-7.56361e-06
-7.02205e-06
-6.26419e-06
-8.36845e-06
-4.75283e-06
-9.1029e-06
-3.14729e-06
-9.01817e-06
-1.63669e-06
-7.91288e-06
-4.84012e-07
-5.64085e-06
-2.19838e-06
-5.5751e-07
2.73953e-06
-1.83699e-06
6.84963e-06
-3.45443e-06
9.41945e-06
-5.11304e-06
1.05592e-05
-6.62353e-06
1.05243e-05
-7.88701e-06
9.59719e-06
-8.86678e-06
8.03311e-06
-9.56125e-06
6.03935e-06
-9.98265e-06
3.77383e-06
-1.01426e-05
1.3549e-06
-1.00441e-05
-1.12352e-06
-9.67832e-06
-3.57465e-06
-9.02772e-06
-5.90085e-06
-8.07396e-06
-7.97582e-06
-6.81346e-06
-9.62895e-06
-5.28069e-06
-1.06357e-05
-3.57786e-06
-1.0721e-05
-1.90525e-06
-9.58549e-06
-5.77898e-07
-6.9682e-06
-2.77628e-06
-6.67026e-07
3.40656e-06
-2.12219e-06
8.30479e-06
-3.86362e-06
1.11609e-05
-5.54476e-06
1.22403e-05
-6.981e-06
1.19605e-05
-8.10685e-06
1.0723e-05
-8.92745e-06
8.85372e-06
-9.47945e-06
6.59134e-06
-9.80408e-06
4.09846e-06
-9.93096e-06
1.48179e-06
-9.86953e-06
-1.18495e-06
-9.60605e-06
-3.83813e-06
-9.10566e-06
-6.40124e-06
-8.32046e-06
-8.76102e-06
-7.20648e-06
-1.07429e-05
-5.75278e-06
-1.20894e-05
-4.02459e-06
-1.24492e-05
-2.21644e-06
-1.13936e-05
-6.97365e-07
-8.48728e-06
-3.47364e-06
-8.14181e-07
4.22074e-06
-2.45788e-06
9.94849e-06
-4.26723e-06
1.29702e-05
-5.85502e-06
1.38281e-05
-7.07122e-06
1.31767e-05
-7.91281e-06
1.15646e-05
-8.44699e-06
9.3879e-06
-8.75974e-06
6.9041e-06
-8.92628e-06
4.26499e-06
-8.99599e-06
1.5515e-06
-8.98572e-06
-1.19522e-06
-8.87735e-06
-3.94651e-06
-8.61847e-06
-6.66013e-06
-8.1279e-06
-9.25158e-06
-7.31059e-06
-1.15602e-05
-6.08911e-06
-1.33108e-05
-4.4601e-06
-1.40782e-05
-2.57873e-06
-1.3275e-05
-8.56335e-07
-1.02097e-05
-4.32998e-06
-1.02312e-06
5.24386e-06
-2.85352e-06
1.17789e-05
-4.61506e-06
1.47318e-05
-5.91874e-06
1.51318e-05
-6.70364e-06
1.39616e-05
-7.0684e-06
1.19294e-05
-7.16197e-06
9.48146e-06
-7.12541e-06
6.86754e-06
-7.06665e-06
4.20623e-06
-7.05226e-06
1.53711e-06
-7.10578e-06
-1.1417e-06
-7.20683e-06
-3.84546e-06
-7.28971e-06
-6.57724e-06
-7.24305e-06
-9.29824e-06
-6.91662e-06
-1.18867e-05
-6.14718e-06
-1.40803e-05
-4.82141e-06
-1.5404e-05
-2.99547e-06
-1.51009e-05
-1.07796e-06
-1.21272e-05
-5.40794e-06
-1.3301e-06
6.57396e-06
-3.29656e-06
1.37454e-05
-4.783e-06
1.62182e-05
-5.50249e-06
1.58513e-05
-5.57095e-06
1.40301e-05
-5.23109e-06
1.15895e-05
-4.72233e-06
8.9727e-06
-4.23246e-06
6.37768e-06
-3.8894e-06
3.86317e-06
-3.76704e-06
1.41475e-06
-3.89202e-06
-1.01672e-06
-4.24578e-06
-3.4917e-06
-4.76033e-06
-6.06269e-06
-5.30898e-06
-8.74958e-06
-5.6977e-06
-1.1498e-05
-5.67156e-06
-1.41064e-05
-4.96511e-06
-1.61104e-05
-3.44268e-06
-1.66234e-05
-1.3958e-06
-1.41741e-05
-6.80374e-06
-1.76839e-06
8.34235e-06
-3.68313e-06
1.56601e-05
-4.47189e-06
1.7007e-05
-4.16905e-06
1.55484e-05
-3.18117e-06
1.30422e-05
-1.91622e-06
1.03246e-05
-6.81718e-07
7.73819e-06
3.21496e-07
5.37446e-06
9.74729e-07
3.20993e-06
1.21557e-06
1.17391e-06
1.02111e-06
-8.22264e-07
4.02603e-07
-2.87319e-06
-5.88015e-07
-5.07207e-06
-1.83936e-06
-7.49824e-06
-3.15119e-06
-1.01861e-05
-4.20512e-06
-1.30525e-05
-4.56761e-06
-1.57479e-05
-3.7969e-06
-1.73941e-05
-1.83611e-06
-1.61349e-05
-8.63985e-06
-2.28916e-06
1.06315e-05
-3.62334e-06
1.69943e-05
-2.99333e-06
1.6377e-05
-1.11758e-06
1.36727e-05
1.22986e-06
1.06948e-05
3.53107e-06
8.02336e-06
5.49161e-06
5.77765e-06
6.96461e-06
3.90146e-06
7.88516e-06
2.28938e-06
8.22712e-06
8.3195e-07
7.98034e-06
-5.75484e-07
7.14341e-06
-2.03626e-06
5.7303e-06
-3.65896e-06
3.79356e-06
-5.5615e-06
1.47015e-06
-7.86272e-06
-9.46597e-07
-1.06357e-05
-2.92188e-06
-1.37726e-05
-3.64123e-06
-1.66747e-05
-2.33411e-06
-1.7442e-05
-1.0974e-05
-2.50734e-06
1.31389e-05
-1.9617e-06
1.64486e-05
1.14412e-06
1.32711e-05
5.05132e-06
9.76547e-06
8.78062e-06
6.96546e-06
1.19254e-05
4.87854e-06
1.43605e-05
3.34258e-06
1.60809e-05
2.18109e-06
1.71184e-05
1.25191e-06
1.75017e-05
4.48576e-07
1.72401e-05
-3.13828e-07
1.63176e-05
-1.11378e-06
1.46967e-05
-2.03805e-06
1.2333e-05
-3.19776e-06
9.21478e-06
-4.74454e-06
5.45107e-06
-6.87204e-06
1.44378e-06
-9.76537e-06
-1.80506e-06
-1.34259e-05
-2.47781e-06
-1.67692e-05
-1.34518e-05
-6.0536e-07
1.37442e-05
4.5794e-06
1.12639e-05
1.09957e-05
6.85488e-06
1.6566e-05
4.19518e-06
2.08998e-05
2.63162e-06
2.40999e-05
1.67842e-06
2.63665e-05
1.07603e-06
2.78763e-05
6.71244e-07
2.87544e-05
3.73816e-07
2.90732e-05
1.29813e-07
2.88564e-05
-9.71059e-08
2.80808e-05
-3.38141e-07
2.66724e-05
-6.29635e-07
2.45005e-05
-1.02589e-06
2.13752e-05
-1.61921e-06
1.70736e-05
-2.57042e-06
1.14661e-05
-4.15788e-06
4.92927e-06
-6.88907e-06
-4.42506e-07
-1.13975e-05
-1.38943e-05
1.37442e-05
2.50081e-05
3.1863e-05
3.60581e-05
3.86898e-05
4.03682e-05
4.14442e-05
4.21154e-05
4.24893e-05
4.26191e-05
4.2522e-05
4.21838e-05
4.15542e-05
4.05283e-05
3.89091e-05
3.63387e-05
3.21808e-05
2.52917e-05
1.38943e-05
)
;

boundaryField
{
    movingWall
    {
        type            calculated;
        value           uniform 0;
    }
    fixedWalls
    {
        type            calculated;
        value           uniform 0;
    }
    frontAndBack
    {
        type            empty;
        value           nonuniform 0();
    }
}


// ************************************************************************* //
