/*--------------------------------*- C++ -*----------------------------------*\
  =========                 |
  \\      /  F ield         | OpenFOAM: The Open Source CFD Toolbox
   \\    /   O peration     | Website:  https://openfoam.org
    \\  /    A nd           | Version:  6
     \\/     M anipulation  |
\*---------------------------------------------------------------------------*/
FoamFile
{
    version     2.0;
    format      ascii;
    class       volScalarField;
    location    "0.205";
    object      p;
}
// * * * * * * * * * * * * * * * * * * * * * * * * * * * * * * * * * * * * * //

dimensions      [0 2 -2 0 0 0 0];

internalField   nonuniform List<scalar> 
400
(
8.35908e-06
-0.0231831
-0.0520626
-0.0743178
-0.0826388
-0.0737522
-0.0474132
-0.00555547
0.0483978
0.110049
0.17443
0.23635
0.290739
0.333037
0.359658
0.368566
0.360022
0.337437
0.308335
0.285152
0.0229929
-0.000837402
-0.0235001
-0.0388439
-0.0432739
-0.0344913
-0.0121986
0.0222106
0.0661409
0.116171
0.168377
0.218635
0.262938
0.297728
0.32027
0.329083
0.324472
0.308845
0.285987
0.262197
0.0535401
0.0205189
-0.00400249
-0.018154
-0.0217543
-0.0135513
0.00643375
0.0368517
0.0754318
0.119248
0.164954
0.209028
0.248033
0.278894
0.299185
0.307452
0.303666
0.289187
0.264414
0.231424
0.081626
0.0359453
0.00545476
-0.0106823
-0.0150797
-0.00741261
0.0118228
0.0410336
0.0779405
0.119769
0.163406
0.205583
0.243073
0.272914
0.292622
0.300452
0.295873
0.279322
0.248447
0.202709
0.100734
0.0416771
0.00403687
-0.0149447
-0.0202746
-0.012451
0.00750827
0.0376391
0.0754879
0.118253
0.162871
0.206134
0.244835
0.275923
0.296662
0.304863
0.299421
0.279938
0.241716
0.182399
0.106188
0.033484
-0.0116126
-0.0333622
-0.0389588
-0.0296826
-0.00712212
0.026289
0.0678028
0.114463
0.163124
0.210508
0.253283
0.288163
0.312012
0.322059
0.31654
0.294241
0.2483
0.174976
0.0939307
0.00717065
-0.0452572
-0.0689982
-0.0734767
-0.0608196
-0.0332773
0.0061451
0.0543096
0.108019
0.163967
0.218726
0.268749
0.310406
0.340028
0.354116
0.350109
0.325869
0.272283
0.184335
0.0596307
-0.0418503
-0.101093
-0.125301
-0.126469
-0.107776
-0.0722914
-0.0237071
0.0343785
0.0984925
0.165154
0.230772
0.291559
0.343482
0.382231
0.403404
0.403424
0.378959
0.318227
0.214735
-0.00203812
-0.119165
-0.184204
-0.206419
-0.201076
-0.172792
-0.125693
-0.0642901
0.00732205
0.0854235
0.166424
0.246641
0.322105
0.388387
0.440455
0.472812
0.48054
0.45864
0.391838
0.271599
-0.0980993
-0.23197
-0.300936
-0.317324
-0.300877
-0.258265
-0.194997
-0.116533
-0.0274465
0.0684164
0.167526
0.266297
0.360745
0.446149
0.516744
0.565736
0.586448
0.571468
0.500651
0.362308
-0.238217
-0.389869
-0.459317
-0.463859
-0.429682
-0.366409
-0.281326
-0.180931
-0.070147
0.0473059
0.168274
0.28961
0.407635
0.517598
0.613113
0.685952
0.727178
0.725911
0.654923
0.497278
-0.4363
-0.606086
-0.669575
-0.652673
-0.59112
-0.498701
-0.384855
-0.25706
-0.120265
0.0223896
0.168635
0.316291
0.462521
0.603033
0.731174
0.837325
0.909826
0.932945
0.868951
0.691724
-0.713581
-0.899399
-0.9447
-0.890865
-0.787853
-0.654984
-0.503988
-0.342914
-0.176071
-0.00528245
0.16882
0.345788
0.524418
0.701703
0.871478
1.0232
1.14232
1.2067
1.16313
0.968974
-1.10504
-1.29728
-1.30074
-1.18488
-1.02002
-0.831986
-0.634162
-0.43404
-0.234064
-0.0336152
0.169333
0.377061
0.591085
0.810925
1.0323
1.24505
1.43243
1.56486
1.5672
1.36721
-1.67261
-1.84051
-1.75571
-1.53746
-1.28215
-1.02083
-0.766128
-0.522484
-0.288418
-0.0592871
0.170837
0.408119
0.658102
0.924543
1.20734
1.4995
1.78482
2.02754
2.12494
1.95306
-2.52804
-2.58722
-2.32553
-1.94252
-1.55887
-1.20424
-0.884444
-0.596187
-0.330901
-0.0779593
0.173767
0.435416
0.717882
1.03122
1.38288
1.77418
2.19596
2.6132
2.89778
2.84434
-3.873
-3.61305
-3.0165
-2.38086
-1.82324
-1.35641
-0.96844
-0.640396
-0.35226
-0.0853313
0.177708
0.453628
0.75966
1.11425
1.53689
2.04545
2.64948
3.33064
3.96435
4.24909
-6.15941
-5.01373
-3.78644
-2.79027
-2.01928
-1.43416
-0.988416
-0.636626
-0.34254
-0.0781318
0.179935
0.453518
0.765971
1.14533
1.62783
2.25901
3.0847
4.13978
5.42507
6.62751
-10.5695
-6.84899
-4.35763
-2.91496
-1.96811
-1.32304
-0.875104
-0.545546
-0.282405
-0.0515945
0.172437
0.412779
0.695026
1.05334
1.53993
2.23475
3.24505
4.76455
7.34526
11.1677
-17.9825
-8.6112
-4.15441
-2.37805
-1.46163
-0.918358
-0.578357
-0.344495
-0.16342
-0.00553039
0.148969
0.317274
0.519132
0.783956
1.16479
1.76026
2.7477
4.62118
9.19196
18.678
)
;

boundaryField
{
    movingWall
    {
        type            zeroGradient;
    }
    fixedWalls
    {
        type            zeroGradient;
    }
    frontAndBack
    {
        type            empty;
    }
}


// ************************************************************************* //
