/*--------------------------------*- C++ -*----------------------------------*\
  =========                 |
  \\      /  F ield         | OpenFOAM: The Open Source CFD Toolbox
   \\    /   O peration     | Website:  https://openfoam.org
    \\  /    A nd           | Version:  6
     \\/     M anipulation  |
\*---------------------------------------------------------------------------*/
FoamFile
{
    version     2.0;
    format      ascii;
    class       surfaceScalarField;
    location    "0.205";
    object      phi;
}
// * * * * * * * * * * * * * * * * * * * * * * * * * * * * * * * * * * * * * //

dimensions      [0 3 -1 0 0 0 0];

internalField   nonuniform List<scalar> 
760
(
1.47431e-08
-1.47586e-08
-2.09005e-08
3.56436e-08
-1.12832e-07
9.19316e-08
-2.44807e-07
1.31975e-07
-3.96753e-07
1.51946e-07
-5.49369e-07
1.52616e-07
-6.85963e-07
1.36594e-07
-7.93288e-07
1.07325e-07
-8.61794e-07
6.85062e-08
-8.85666e-07
2.38721e-08
-8.62825e-07
-2.28408e-08
-7.94975e-07
-6.78501e-08
-6.87695e-07
-1.0728e-07
-5.50529e-07
-1.37165e-07
-3.96973e-07
-1.53557e-07
-2.44127e-07
-1.52846e-07
-1.11701e-07
-1.32426e-07
-1.99513e-08
-9.17498e-08
1.51076e-08
-3.50589e-08
1.51077e-08
-3.30335e-08
1.82749e-08
-1.77834e-07
1.80444e-07
-4.3128e-07
3.45378e-07
-7.63199e-07
4.63893e-07
-1.1335e-06
5.22252e-07
-1.50103e-06
5.20137e-07
-1.82851e-06
4.6408e-07
-2.0854e-06
3.64219e-07
-2.24921e-06
2.32307e-07
-2.30608e-06
8.07423e-08
-2.25112e-06
-7.77972e-08
-2.08855e-06
-2.30423e-07
-1.83176e-06
-3.64068e-07
-1.50324e-06
-4.65681e-07
-1.13399e-06
-5.22811e-07
-7.61985e-07
-5.2485e-07
-4.29143e-07
-4.65269e-07
-1.75917e-07
-3.44975e-07
-3.21769e-08
-1.78799e-07
-1.70692e-08
-9.05992e-08
1.08874e-07
-3.53656e-07
4.43501e-07
-7.61362e-07
7.53084e-07
-1.26757e-06
9.70103e-07
-1.81727e-06
1.07195e-06
-2.35483e-06
1.0577e-06
-2.82982e-06
9.39069e-07
-3.20061e-06
7.35005e-07
-3.43638e-06
4.68076e-07
-3.51812e-06
1.62488e-07
-3.43913e-06
-1.56792e-07
-3.20521e-06
-4.64345e-07
-2.83476e-06
-7.34509e-07
-2.35855e-06
-9.41896e-07
-1.8187e-06
-1.06266e-06
-1.26659e-06
-1.07696e-06
-7.58867e-07
-9.72994e-07
-3.51157e-07
-7.52685e-07
-8.93782e-08
-4.40578e-07
-1.06447e-07
-1.43184e-07
2.52058e-07
-5.21951e-07
8.22268e-07
-1.07935e-06
1.31049e-06
-1.74909e-06
1.63984e-06
-2.46087e-06
1.78373e-06
-3.14696e-06
1.74379e-06
-3.74736e-06
1.53947e-06
-4.21314e-06
1.20078e-06
-4.50832e-06
7.63256e-07
-4.61078e-06
2.64949e-07
-4.51266e-06
-2.54906e-07
-4.22062e-06
-7.56393e-07
-3.75591e-06
-1.19922e-06
-3.15431e-06
-1.5435e-06
-2.46528e-06
-1.75169e-06
-1.75e-06
-1.79224e-06
-1.07759e-06
-1.64541e-06
-5.19381e-07
-1.3109e-06
-1.41714e-07
-8.18245e-07
-2.48161e-07
-1.91557e-07
4.43615e-07
-6.82743e-07
1.31345e-06
-1.3871e-06
2.01485e-06
-2.21551e-06
2.46825e-06
-3.08108e-06
2.6493e-06
-3.90451e-06
2.56722e-06
-4.61808e-06
2.25303e-06
-5.16797e-06
1.75068e-06
-5.5153e-06
1.11059e-06
-5.63637e-06
3.86012e-07
-5.52265e-06
-3.68627e-07
-5.18094e-06
-1.09809e-06
-4.63371e-06
-1.74646e-06
-3.91934e-06
-2.25786e-06
-3.09218e-06
-2.57885e-06
-2.22136e-06
-2.66305e-06
-1.38813e-06
-2.47863e-06
-6.81132e-07
-2.0179e-06
-1.90102e-07
-1.30928e-06
-4.38263e-07
-2.38601e-07
6.82216e-07
-8.41836e-07
1.91669e-06
-1.69317e-06
2.86618e-06
-2.67856e-06
3.45364e-06
-3.69324e-06
3.66398e-06
-4.64653e-06
3.52052e-06
-5.46446e-06
3.07096e-06
-6.09038e-06
2.37659e-06
-6.48448e-06
1.50469e-06
-6.62285e-06
5.24383e-07
-6.49674e-06
-4.94735e-07
-6.11247e-06
-1.48236e-06
-5.49205e-06
-2.36687e-06
-4.67437e-06
-3.07554e-06
-3.71644e-06
-3.53678e-06
-2.69395e-06
-3.68554e-06
-1.70026e-06
-3.47232e-06
-8.42935e-07
-2.87523e-06
-2.37669e-07
-1.91454e-06
-6.75932e-07
-2.87286e-07
9.69503e-07
-1.00602e-06
2.63542e-06
-2.00693e-06
3.86709e-06
-3.14858e-06
4.59528e-06
-4.30729e-06
4.82269e-06
-5.38174e-06
4.59496e-06
-6.29363e-06
3.98285e-06
-6.98604e-06
3.069e-06
-7.42058e-06
1.93924e-06
-7.57474e-06
6.7854e-07
-7.44003e-06
-6.29442e-07
-7.02158e-06
-1.90082e-06
-6.33914e-06
-3.04931e-06
-5.4295e-06
-3.98518e-06
-4.34964e-06
-4.61665e-06
-3.17975e-06
-4.85543e-06
-2.0247e-06
-4.62737e-06
-1.01241e-06
-3.88751e-06
-2.87683e-07
-2.63927e-06
-9.63615e-07
-3.40398e-07
1.3099e-06
-1.18171e-06
3.47673e-06
-2.33625e-06
5.02164e-06
-3.63169e-06
5.89072e-06
-4.92487e-06
6.11587e-06
-6.10566e-06
5.77575e-06
-7.09482e-06
4.97201e-06
-7.8388e-06
3.81298e-06
-8.30387e-06
2.40431e-06
-8.47103e-06
8.45702e-07
-8.33279e-06
-7.6768e-07
-7.89224e-06
-2.34137e-06
-7.16457e-06
-3.77698e-06
-6.181e-06
-4.96875e-06
-4.99449e-06
-5.80316e-06
-3.68616e-06
-6.16376e-06
-2.37053e-06
-5.943e-06
-1.19684e-06
-5.0612e-06
-3.4326e-07
-3.49286e-06
-1.30687e-06
-4.00688e-07
1.71059e-06
-1.37471e-06
4.45076e-06
-2.68638e-06
6.33331e-06
-4.1277e-06
7.33204e-06
-5.53636e-06
7.52453e-06
-6.7973e-06
7.0367e-06
-7.83574e-06
6.01045e-06
-8.607e-06
4.58425e-06
-9.08644e-06
2.88375e-06
-9.26147e-06
1.02073e-06
-9.12659e-06
-9.02554e-07
-8.68192e-06
-2.78604e-06
-7.93518e-06
-4.52372e-06
-6.90733e-06
-5.9966e-06
-5.64142e-06
-7.06907e-06
-4.21361e-06
-7.59156e-06
-2.74394e-06
-7.41267e-06
-1.40283e-06
-6.40231e-06
-4.07499e-07
-4.48819e-06
-1.71437e-06
-4.71442e-07
2.18203e-06
-1.59085e-06
5.57017e-06
-3.05958e-06
7.80203e-06
-4.62813e-06
8.90059e-06
-6.11741e-06
9.01381e-06
-7.41446e-06
8.33374e-06
-8.45738e-06
7.05337e-06
-9.21804e-06
5.3449e-06
-9.68673e-06
3.35244e-06
-9.86093e-06
1.19492e-06
-9.73852e-06
-1.02496e-06
-9.31564e-06
-3.20892e-06
-8.58909e-06
-5.25027e-06
-7.56361e-06
-7.02208e-06
-6.2642e-06
-8.36848e-06
-4.75283e-06
-9.10293e-06
-3.14729e-06
-9.0182e-06
-1.6367e-06
-7.91291e-06
-4.84013e-07
-5.64087e-06
-2.19839e-06
-5.5751e-07
2.73954e-06
-1.83699e-06
6.84965e-06
-3.45443e-06
9.41947e-06
-5.11304e-06
1.05592e-05
-6.62353e-06
1.05243e-05
-7.887e-06
9.59722e-06
-8.86677e-06
8.03314e-06
-9.56124e-06
6.03937e-06
-9.98264e-06
3.77384e-06
-1.01426e-05
1.3549e-06
-1.00441e-05
-1.12352e-06
-9.67831e-06
-3.57467e-06
-9.02772e-06
-5.90087e-06
-8.07395e-06
-7.97585e-06
-6.81346e-06
-9.62898e-06
-5.28069e-06
-1.06357e-05
-3.57786e-06
-1.0721e-05
-1.90525e-06
-9.58552e-06
-5.77898e-07
-6.96822e-06
-2.77628e-06
-6.67026e-07
3.40657e-06
-2.12219e-06
8.30481e-06
-3.86362e-06
1.11609e-05
-5.54475e-06
1.22403e-05
-6.98099e-06
1.19605e-05
-8.10684e-06
1.07231e-05
-8.92744e-06
8.85375e-06
-9.47943e-06
6.59136e-06
-9.80406e-06
4.09847e-06
-9.93095e-06
1.48179e-06
-9.86952e-06
-1.18496e-06
-9.60604e-06
-3.83815e-06
-9.10565e-06
-6.40126e-06
-8.32045e-06
-8.76104e-06
-7.20647e-06
-1.0743e-05
-5.75277e-06
-1.20894e-05
-4.02459e-06
-1.24492e-05
-2.21644e-06
-1.13937e-05
-6.97364e-07
-8.4873e-06
-3.47365e-06
-8.14181e-07
4.22075e-06
-2.45787e-06
9.9485e-06
-4.26723e-06
1.29703e-05
-5.85501e-06
1.38281e-05
-7.07121e-06
1.31767e-05
-7.91279e-06
1.15647e-05
-8.44697e-06
9.38792e-06
-8.75972e-06
6.90412e-06
-8.92626e-06
4.265e-06
-8.99597e-06
1.5515e-06
-8.9857e-06
-1.19522e-06
-8.87733e-06
-3.94652e-06
-8.61845e-06
-6.66014e-06
-8.12789e-06
-9.2516e-06
-7.31057e-06
-1.15603e-05
-6.0891e-06
-1.33109e-05
-4.46009e-06
-1.40782e-05
-2.57873e-06
-1.3275e-05
-8.56334e-07
-1.02097e-05
-4.32998e-06
-1.02311e-06
5.24386e-06
-2.85352e-06
1.17789e-05
-4.61505e-06
1.47318e-05
-5.91873e-06
1.51318e-05
-6.70363e-06
1.39616e-05
-7.06838e-06
1.19294e-05
-7.16194e-06
9.48148e-06
-7.12538e-06
6.86756e-06
-7.06662e-06
4.20624e-06
-7.05224e-06
1.53712e-06
-7.10575e-06
-1.14171e-06
-7.2068e-06
-3.84547e-06
-7.28969e-06
-6.57726e-06
-7.24303e-06
-9.29826e-06
-6.9166e-06
-1.18867e-05
-6.14716e-06
-1.40803e-05
-4.8214e-06
-1.5404e-05
-2.99547e-06
-1.5101e-05
-1.07796e-06
-1.21272e-05
-5.40794e-06
-1.3301e-06
6.57396e-06
-3.29656e-06
1.37454e-05
-4.78299e-06
1.62182e-05
-5.50247e-06
1.58513e-05
-5.57093e-06
1.40301e-05
-5.23107e-06
1.15895e-05
-4.7223e-06
8.97272e-06
-4.23243e-06
6.37769e-06
-3.88937e-06
3.86317e-06
-3.767e-06
1.41475e-06
-3.89198e-06
-1.01673e-06
-4.24575e-06
-3.4917e-06
-4.7603e-06
-6.0627e-06
-5.30896e-06
-8.7496e-06
-5.69769e-06
-1.1498e-05
-5.67155e-06
-1.41064e-05
-4.9651e-06
-1.61104e-05
-3.44268e-06
-1.66234e-05
-1.3958e-06
-1.41741e-05
-6.80374e-06
-1.76839e-06
8.34235e-06
-3.68313e-06
1.56601e-05
-4.47188e-06
1.7007e-05
-4.16904e-06
1.55484e-05
-3.18115e-06
1.30422e-05
-1.9162e-06
1.03246e-05
-6.8169e-07
7.7382e-06
3.21527e-07
5.37447e-06
9.74762e-07
3.20994e-06
1.2156e-06
1.17391e-06
1.02114e-06
-8.22266e-07
4.02634e-07
-2.8732e-06
-5.87987e-07
-5.07208e-06
-1.83934e-06
-7.49825e-06
-3.15117e-06
-1.01861e-05
-4.2051e-06
-1.30525e-05
-4.56761e-06
-1.57479e-05
-3.7969e-06
-1.73941e-05
-1.83611e-06
-1.61349e-05
-8.63985e-06
-2.28916e-06
1.06315e-05
-3.62333e-06
1.69943e-05
-2.99332e-06
1.6377e-05
-1.11757e-06
1.36727e-05
1.22987e-06
1.06948e-05
3.53109e-06
8.02337e-06
5.49164e-06
5.77766e-06
6.96464e-06
3.90147e-06
7.88519e-06
2.28939e-06
8.22716e-06
8.31951e-07
7.98037e-06
-5.75485e-07
7.14344e-06
-2.03626e-06
5.73032e-06
-3.65897e-06
3.79358e-06
-5.56151e-06
1.47017e-06
-7.86273e-06
-9.46585e-07
-1.06358e-05
-2.92187e-06
-1.37727e-05
-3.64123e-06
-1.66747e-05
-2.33411e-06
-1.7442e-05
-1.0974e-05
-2.50734e-06
1.31389e-05
-1.9617e-06
1.64486e-05
1.14413e-06
1.32711e-05
5.05133e-06
9.76547e-06
8.78063e-06
6.96546e-06
1.19255e-05
4.87855e-06
1.43605e-05
3.34258e-06
1.60809e-05
2.18109e-06
1.71184e-05
1.25191e-06
1.75018e-05
4.48576e-07
1.72401e-05
-3.13829e-07
1.63176e-05
-1.11378e-06
1.46967e-05
-2.03806e-06
1.2333e-05
-3.19776e-06
9.21479e-06
-4.74454e-06
5.45108e-06
-6.87204e-06
1.44379e-06
-9.76537e-06
-1.80506e-06
-1.34259e-05
-2.47781e-06
-1.67692e-05
-1.34518e-05
-6.0536e-07
1.37442e-05
4.57941e-06
1.12639e-05
1.09957e-05
6.85488e-06
1.6566e-05
4.19518e-06
2.08998e-05
2.63162e-06
2.40999e-05
1.67842e-06
2.63665e-05
1.07603e-06
2.78763e-05
6.71245e-07
2.87544e-05
3.73817e-07
2.90732e-05
1.29813e-07
2.88565e-05
-9.71062e-08
2.80808e-05
-3.38141e-07
2.66724e-05
-6.29636e-07
2.45005e-05
-1.02589e-06
2.13752e-05
-1.61921e-06
1.70736e-05
-2.57042e-06
1.14661e-05
-4.15788e-06
4.92927e-06
-6.88907e-06
-4.42506e-07
-1.13975e-05
-1.38943e-05
1.37442e-05
2.50081e-05
3.1863e-05
3.60581e-05
3.86898e-05
4.03682e-05
4.14442e-05
4.21155e-05
4.24893e-05
4.26191e-05
4.2522e-05
4.21838e-05
4.15542e-05
4.05283e-05
3.89091e-05
3.63387e-05
3.21808e-05
2.52917e-05
1.38943e-05
)
;

boundaryField
{
    movingWall
    {
        type            calculated;
        value           uniform 0;
    }
    fixedWalls
    {
        type            calculated;
        value           uniform 0;
    }
    frontAndBack
    {
        type            empty;
        value           nonuniform 0();
    }
}


// ************************************************************************* //
