/*--------------------------------*- C++ -*----------------------------------*\
  =========                 |
  \\      /  F ield         | OpenFOAM: The Open Source CFD Toolbox
   \\    /   O peration     | Website:  https://openfoam.org
    \\  /    A nd           | Version:  6
     \\/     M anipulation  |
\*---------------------------------------------------------------------------*/
FoamFile
{
    version     2.0;
    format      ascii;
    class       surfaceScalarField;
    location    "0.045";
    object      phi;
}
// * * * * * * * * * * * * * * * * * * * * * * * * * * * * * * * * * * * * * //

dimensions      [0 3 -1 0 0 0 0];

internalField   nonuniform List<scalar> 
760
(
1.47859e-08
-1.48096e-08
-2.07592e-08
3.55457e-08
-1.12646e-07
9.18882e-08
-2.44675e-07
1.32031e-07
-3.96747e-07
1.52073e-07
-5.49495e-07
1.52748e-07
-6.8616e-07
1.36666e-07
-7.93458e-07
1.07299e-07
-8.61842e-07
6.83853e-08
-8.85538e-07
2.36965e-08
-8.62529e-07
-2.30083e-08
-7.94583e-07
-6.79474e-08
-6.87315e-07
-1.07269e-07
-5.50269e-07
-1.37047e-07
-3.96895e-07
-1.53376e-07
-2.44223e-07
-1.52673e-07
-1.11891e-07
-1.32333e-07
-2.01236e-08
-9.17683e-08
1.50355e-08
-3.51591e-08
1.50358e-08
-3.28929e-08
1.80829e-08
-1.77505e-07
1.80158e-07
-4.30887e-07
3.4527e-07
-7.62911e-07
4.64056e-07
-1.13344e-06
5.22602e-07
-1.50119e-06
5.20494e-07
-1.82878e-06
4.64264e-07
-2.08561e-06
3.64127e-07
-2.24918e-06
2.31951e-07
-2.30572e-06
8.02373e-08
-2.25045e-06
-7.82722e-08
-2.08771e-06
-2.30693e-07
-1.83095e-06
-3.64026e-07
-1.50267e-06
-4.65331e-07
-1.13377e-06
-5.22278e-07
-7.62103e-07
-5.24336e-07
-4.29461e-07
-4.64975e-07
-1.76225e-07
-3.45004e-07
-3.23191e-08
-1.79066e-07
-1.72827e-08
-9.03848e-08
1.08467e-07
-3.53204e-07
4.42976e-07
-7.60861e-07
7.52926e-07
-1.26725e-06
9.70446e-07
-1.81726e-06
1.07262e-06
-2.35512e-06
1.05835e-06
-2.83023e-06
9.39375e-07
-3.20089e-06
7.3479e-07
-3.43631e-06
4.67369e-07
-3.51759e-06
1.6151e-07
-3.43815e-06
-1.5771e-07
-3.20396e-06
-4.6488e-07
-2.83353e-06
-7.34458e-07
-2.3576e-06
-9.41259e-07
-1.81822e-06
-1.06166e-06
-1.2666e-06
-1.07596e-06
-7.59198e-07
-9.72377e-07
-3.51537e-07
-7.52665e-07
-8.95704e-08
-4.41033e-07
-1.06852e-07
-1.42923e-07
2.5139e-07
-5.21465e-07
8.21518e-07
-1.07893e-06
1.31039e-06
-1.74902e-06
1.64053e-06
-2.46127e-06
1.78487e-06
-3.14774e-06
1.74482e-06
-3.74825e-06
1.53988e-06
-4.21377e-06
1.20031e-06
-4.50838e-06
7.6198e-07
-4.6101e-06
2.63232e-07
-4.51128e-06
-2.56531e-07
-4.21876e-06
-7.57401e-07
-3.75395e-06
-1.19927e-06
-3.15265e-06
-1.54256e-06
-2.46422e-06
-1.75009e-06
-1.74963e-06
-1.79054e-06
-1.07776e-06
-1.64425e-06
-5.19752e-07
-1.31067e-06
-1.41943e-07
-8.18842e-07
-2.48794e-07
-1.91296e-07
4.42684e-07
-6.82399e-07
1.31262e-06
-1.38711e-06
2.0151e-06
-2.21621e-06
2.46963e-06
-3.08253e-06
2.65119e-06
-3.90646e-06
2.56876e-06
-4.62006e-06
2.25348e-06
-5.16943e-06
1.74969e-06
-5.51578e-06
1.10833e-06
-5.6356e-06
3.83056e-07
-5.52068e-06
-3.71459e-07
-5.17809e-06
-1.09999e-06
-4.63048e-06
-1.74687e-06
-3.91635e-06
-2.25669e-06
-3.08993e-06
-2.57651e-06
-2.22011e-06
-2.66037e-06
-1.3878e-06
-2.47656e-06
-6.81327e-07
-2.01714e-06
-1.90326e-07
-1.30984e-06
-4.39119e-07
-2.38424e-07
6.81107e-07
-8.41928e-07
1.91613e-06
-1.69415e-06
2.86733e-06
-2.6808e-06
3.45627e-06
-3.69665e-06
3.66704e-06
-4.6506e-06
3.52271e-06
-5.46839e-06
3.07127e-06
-6.09332e-06
2.37462e-06
-6.48575e-06
1.50075e-06
-6.62206e-06
5.19371e-07
-6.49392e-06
-4.99597e-07
-6.10806e-06
-1.48586e-06
-5.48679e-06
-2.36814e-06
-4.66916e-06
-3.07432e-06
-3.71212e-06
-3.53355e-06
-2.69107e-06
-3.68142e-06
-1.69889e-06
-3.46874e-06
-8.42663e-07
-2.87337e-06
-2.37803e-07
-1.9147e-06
-6.76921e-07
-2.87329e-07
9.68434e-07
-1.00698e-06
2.63578e-06
-2.00967e-06
3.87002e-06
-3.15341e-06
4.60002e-06
-4.31386e-06
4.82748e-06
-5.3891e-06
4.59795e-06
-6.30054e-06
3.98271e-06
-6.99124e-06
3.06532e-06
-7.42308e-06
1.93259e-06
-7.57399e-06
6.7028e-07
-7.43605e-06
-6.37537e-07
-7.01494e-06
-1.90697e-06
-6.33089e-06
-3.05219e-06
-5.42095e-06
-3.98426e-06
-4.34209e-06
-4.61241e-06
-3.17419e-06
-4.84932e-06
-2.02151e-06
-4.62142e-06
-1.01125e-06
-3.88364e-06
-2.87593e-07
-2.63835e-06
-9.64513e-07
-3.40849e-07
1.30928e-06
-1.18411e-06
3.47904e-06
-2.34171e-06
5.02762e-06
-3.64038e-06
5.89869e-06
-4.93597e-06
6.12307e-06
-6.11764e-06
5.77962e-06
-7.10583e-06
4.9709e-06
-7.84709e-06
3.80658e-06
-8.30807e-06
2.39358e-06
-8.47042e-06
8.32624e-07
-8.32736e-06
-7.80597e-07
-7.88271e-06
-2.35161e-06
-7.15234e-06
-3.78257e-06
-6.16787e-06
-4.96872e-06
-4.98238e-06
-5.79789e-06
-3.6767e-06
-6.15501e-06
-2.36457e-06
-5.93354e-06
-1.1942e-06
-5.05401e-06
-3.42757e-07
-3.4898e-06
-1.30727e-06
-4.01793e-07
1.71107e-06
-1.37926e-06
4.45651e-06
-2.6957e-06
6.34406e-06
-4.14161e-06
7.3446e-06
-5.55339e-06
7.53485e-06
-6.81514e-06
7.04137e-06
-7.85184e-06
6.0076e-06
-8.61906e-06
4.5738e-06
-9.09275e-06
2.86726e-06
-9.2611e-06
1.00097e-06
-9.11952e-06
-9.22176e-07
-8.66901e-06
-2.80211e-06
-7.91814e-06
-4.53344e-06
-6.88849e-06
-5.99837e-06
-5.62343e-06
-7.06295e-06
-4.19889e-06
-7.57955e-06
-2.73407e-06
-7.39836e-06
-1.39801e-06
-6.39007e-06
-4.06334e-07
-4.48147e-06
-1.7136e-06
-4.735e-07
2.18457e-06
-1.59833e-06
5.58135e-06
-3.0739e-06
7.81962e-06
-4.64852e-06
8.91922e-06
-6.14147e-06
9.0278e-06
-7.43897e-06
8.33887e-06
-8.4791e-06
7.04772e-06
-9.23419e-06
5.32889e-06
-9.69533e-06
3.32841e-06
-9.86093e-06
1.16657e-06
-9.72986e-06
-1.05325e-06
-9.29926e-06
-3.23271e-06
-8.56691e-06
-5.26579e-06
-7.53841e-06
-7.02686e-06
-6.23933e-06
-8.36204e-06
-4.73165e-06
-9.08722e-06
-3.13237e-06
-8.99764e-06
-1.62889e-06
-7.89355e-06
-4.81881e-07
-5.62849e-06
-2.19548e-06
-5.60861e-07
2.74543e-06
-1.84817e-06
6.86866e-06
-3.47468e-06
9.44612e-06
-5.14063e-06
1.05852e-05
-6.65492e-06
1.05421e-05
-7.91808e-06
9.60203e-06
-8.89373e-06
8.02337e-06
-9.58107e-06
6.01623e-06
-9.99332e-06
3.74066e-06
-1.01431e-05
1.31636e-06
-1.00343e-05
-1.16209e-06
-9.65912e-06
-3.60786e-06
-9.00103e-06
-5.92389e-06
-8.04272e-06
-7.98517e-06
-6.78155e-06
-9.62321e-06
-5.2524e-06
-1.06164e-05
-3.55697e-06
-1.06931e-05
-1.89368e-06
-9.55683e-06
-5.74453e-07
-6.94771e-06
-2.76994e-06
-6.72022e-07
3.41746e-06
-2.13767e-06
8.33431e-06
-3.89014e-06
1.11986e-05
-5.57919e-06
1.22742e-05
-7.01857e-06
1.19815e-05
-8.14274e-06
1.07262e-05
-8.95775e-06
8.83838e-06
-9.50139e-06
6.55987e-06
-9.81598e-06
4.05526e-06
-9.93201e-06
1.43239e-06
-9.85962e-06
-1.23448e-06
-9.5858e-06
-3.88168e-06
-9.07656e-06
-6.43312e-06
-8.28516e-06
-8.77657e-06
-7.1689e-06
-1.07395e-05
-5.71788e-06
-1.20674e-05
-3.99745e-06
-1.24135e-05
-2.20051e-06
-1.13538e-05
-6.92248e-07
-8.45597e-06
-3.46218e-06
-8.21132e-07
4.23859e-06
-2.47778e-06
9.99096e-06
-4.29915e-06
1.302e-05
-5.89403e-06
1.38691e-05
-7.11149e-06
1.31989e-05
-7.94944e-06
1.15642e-05
-8.4767e-06
9.36564e-06
-8.78073e-06
6.8639e-06
-8.93772e-06
4.21224e-06
-8.99757e-06
1.49224e-06
-8.97735e-06
-1.25469e-06
-8.85915e-06
-3.99989e-06
-8.59104e-06
-6.70123e-06
-8.09286e-06
-9.27475e-06
-7.27109e-06
-1.15612e-05
-6.05011e-06
-1.32884e-05
-4.42773e-06
-1.40359e-05
-2.55835e-06
-1.32232e-05
-8.49235e-07
-1.01651e-05
-4.31142e-06
-1.03218e-06
5.27077e-06
-2.87698e-06
1.18358e-05
-4.64941e-06
1.47924e-05
-5.95719e-06
1.51769e-05
-6.74002e-06
1.39817e-05
-7.09882e-06
1.1923e-05
-7.18488e-06
9.45169e-06
-7.14077e-06
6.81979e-06
-7.07504e-06
4.14651e-06
-7.05416e-06
1.47136e-06
-7.10113e-06
-1.20772e-06
-7.19506e-06
-3.90596e-06
-7.27005e-06
-6.62624e-06
-7.21528e-06
-9.32953e-06
-6.88202e-06
-1.18945e-05
-6.1095e-06
-1.40609e-05
-4.78699e-06
-1.53584e-05
-2.97161e-06
-1.50385e-05
-1.06874e-06
-1.2068e-05
-5.38016e-06
-1.34099e-06
6.61176e-06
-3.32084e-06
1.38156e-05
-4.81364e-06
1.62852e-05
-5.53153e-06
1.58948e-05
-5.59345e-06
1.40437e-05
-5.24578e-06
1.15753e-05
-4.7305e-06
8.93641e-06
-4.23652e-06
6.32581e-06
-3.89162e-06
3.80162e-06
-3.7688e-06
1.34854e-06
-3.89337e-06
-1.08316e-06
-4.24539e-06
-3.55394e-06
-4.75583e-06
-6.11579e-06
-5.29772e-06
-8.78764e-06
-5.67798e-06
-1.15142e-05
-5.64428e-06
-1.40946e-05
-4.93507e-06
-1.60676e-05
-3.41826e-06
-1.65553e-05
-1.38479e-06
-1.41014e-05
-6.76496e-06
-1.77968e-06
8.39144e-06
-3.70228e-06
1.57382e-05
-4.48858e-06
1.70715e-05
-4.17638e-06
1.55826e-05
-3.17782e-06
1.30451e-05
-1.90511e-06
1.03026e-05
-6.67638e-07
7.69894e-06
3.33708e-07
5.32447e-06
9.81342e-07
3.15398e-06
1.21453e-06
1.11535e-06
1.01227e-06
-8.80902e-07
3.87795e-07
-2.92946e-06
-6.05155e-07
-5.12284e-06
-1.85386e-06
-7.53893e-06
-3.15785e-06
-1.02103e-05
-4.20045e-06
-1.3052e-05
-4.55243e-06
-1.57156e-05
-3.77815e-06
-1.73296e-05
-1.82484e-06
-1.60547e-05
-8.58979e-06
-2.29676e-06
1.06882e-05
-3.62684e-06
1.70683e-05
-2.98251e-06
1.64272e-05
-1.09049e-06
1.36906e-05
1.26855e-06
1.06861e-05
3.57378e-06
7.99734e-06
5.53078e-06
5.74194e-06
6.99419e-06
3.86106e-06
7.90107e-06
2.24711e-06
8.22726e-06
7.89158e-07
7.96454e-06
-6.18177e-07
7.11342e-06
-2.07834e-06
5.68994e-06
-3.69937e-06
3.74881e-06
-5.5978e-06
1.42876e-06
-7.89021e-06
-9.76508e-07
-1.06467e-05
-2.9349e-06
-1.37572e-05
-3.6388e-06
-1.66257e-05
-2.32674e-06
-1.73668e-05
-1.09165e-05
-2.50252e-06
1.31907e-05
-1.93612e-06
1.65019e-05
1.19322e-06
1.32978e-05
5.11722e-06
9.76656e-06
8.85269e-06
6.95062e-06
1.19936e-05
4.85644e-06
1.44172e-05
3.31831e-06
1.61213e-05
2.15696e-06
1.71398e-05
1.22863e-06
1.7503e-05
4.26014e-07
1.7221e-05
-3.36192e-07
1.62792e-05
-1.13655e-06
1.46414e-05
-2.06159e-06
1.22653e-05
-3.22173e-06
9.14218e-06
-4.76706e-06
5.38376e-06
-6.88831e-06
1.39301e-06
-9.76648e-06
-1.8317e-06
-1.3401e-05
-2.48283e-06
-1.67157e-05
-1.33994e-05
-5.77737e-07
1.37685e-05
4.63784e-06
1.12863e-05
1.10742e-05
6.86145e-06
1.66512e-05
4.18958e-06
2.09801e-05
2.62166e-06
2.41681e-05
1.66848e-06
2.6419e-05
1.06745e-06
2.79119e-05
6.64064e-07
2.87728e-05
3.6769e-07
2.90745e-05
1.24293e-07
2.88408e-05
-1.02498e-07
2.80482e-05
-3.43912e-07
2.66229e-05
-6.36323e-07
2.44352e-05
-1.03401e-06
2.12971e-05
-1.62899e-06
1.69897e-05
-2.58084e-06
1.13879e-05
-4.1647e-06
4.87113e-06
-6.88426e-06
-4.69144e-07
-1.13754e-05
-1.38685e-05
1.37685e-05
2.50548e-05
3.19162e-05
3.61058e-05
3.87275e-05
4.03959e-05
4.14634e-05
4.21274e-05
4.24951e-05
4.26194e-05
4.25169e-05
4.2173e-05
4.15367e-05
4.05027e-05
3.88737e-05
3.62929e-05
3.21282e-05
2.52439e-05
1.38685e-05
)
;

boundaryField
{
    movingWall
    {
        type            calculated;
        value           uniform 0;
    }
    fixedWalls
    {
        type            calculated;
        value           uniform 0;
    }
    frontAndBack
    {
        type            empty;
        value           nonuniform 0();
    }
}


// ************************************************************************* //
