/*--------------------------------*- C++ -*----------------------------------*\
  =========                 |
  \\      /  F ield         | OpenFOAM: The Open Source CFD Toolbox
   \\    /   O peration     | Website:  https://openfoam.org
    \\  /    A nd           | Version:  6
     \\/     M anipulation  |
\*---------------------------------------------------------------------------*/
FoamFile
{
    version     2.0;
    format      ascii;
    class       volScalarField;
    location    "0.07";
    object      p;
}
// * * * * * * * * * * * * * * * * * * * * * * * * * * * * * * * * * * * * * //

dimensions      [0 2 -2 0 0 0 0];

internalField   nonuniform List<scalar> 
400
(
2.69014e-08
-0.00176093
-0.00368126
-0.0048399
-0.00479854
-0.00339981
-0.000673981
0.00322426
0.00805784
0.0135289
0.0192901
0.0249554
0.030117
0.0343749
0.0373814
0.0389019
0.0388905
0.0375661
0.0354887
0.033683
0.00174248
-7.30395e-05
-0.00154934
-0.00224706
-0.00198081
-0.000634905
0.00178251
0.00516017
0.00931346
0.0140001
0.0189305
0.0237807
0.0282104
0.0318913
0.0345454
0.0359935
0.0362126
0.0353684
0.0337515
0.0319018
0.00378583
0.00129041
-0.000319449
-0.000937042
-0.000626308
0.000663781
0.00291313
0.00602071
0.00982714
0.0141225
0.0186516
0.0231242
0.0272311
0.0306701
0.0331795
0.034581
0.0348325
0.0340338
0.0322378
0.0296806
0.00532567
0.0019255
-9.99187e-05
-0.000848094
-0.00058964
0.000663959
0.0028674
0.00591205
0.0096458
0.0138734
0.0183552
0.0228117
0.026937
0.0304207
0.0329794
0.0343991
0.0345944
0.0336026
0.0312947
0.0277548
0.00590374
0.00155481
-0.000968564
-0.00190794
-0.00171157
-0.000445994
0.00181694
0.00495553
0.00881749
0.0132136
0.0179092
0.022623
0.0270351
0.030806
0.0336058
0.0351605
0.0353243
0.0340717
0.0311215
0.0264828
0.00518502
-0.000156862
-0.00321694
-0.00435556
-0.00418827
-0.00283294
-0.000388102
0.00300908
0.00720258
0.0120047
0.0171798
0.0224364
0.027428
0.031768
0.0350565
0.0369324
0.0371661
0.0356571
0.0319714
0.0260799
0.00286192
-0.00355784
-0.00718325
-0.0084966
-0.00829269
-0.00674397
-0.00397728
-0.000146319
0.00458884
0.0100421
0.0159765
0.0220872
0.0279941
0.033248
0.0373543
0.0398306
0.0403268
0.038635
0.0341288
0.0267422
-0.00141625
-0.00904377
-0.0132561
-0.0146876
-0.0143487
-0.0124782
-0.00923536
-0.00479014
0.000696944
0.0070473
0.0140294
0.0213307
0.0285378
0.0351297
0.0404916
0.0439764
0.045058
0.0433586
0.0379692
0.0287488
-0.00810367
-0.0171085
-0.0219136
-0.0233646
-0.0227512
-0.0204006
-0.016511
-0.0112673
-0.00482256
0.00266473
0.0109844
0.0198331
0.0287773
0.0372251
0.0444203
0.0494998
0.0516816
0.050314
0.0440449
0.0325682
-0.0178137
-0.0283927
-0.0337534
-0.035053
-0.0339594
-0.0309225
-0.0261889
-0.0199555
-0.0123556
-0.00350766
0.00642593
0.0171827
0.0283403
0.0392573
0.0490295
0.0565246
0.0606007
0.060172
0.053183
0.0389843
-0.0313878
-0.0437423
-0.0495211
-0.0503625
-0.0484643
-0.0444484
-0.0386211
-0.0311861
-0.0222398
-0.0118339
-4.55825e-05
0.0129524
0.0268061
0.0408775
0.0541398
0.0651577
0.0723101
0.0738507
0.0666156
0.0492749
-0.0500075
-0.0642955
-0.0701381
-0.0699585
-0.0667165
-0.0612722
-0.0540009
-0.045102
-0.034612
-0.0224824
-0.00865756
0.00684529
0.0238269
0.0417511
0.0595518
0.0755095
0.0874226
0.0925979
0.0861665
0.0654947
-0.0754129
-0.0916233
-0.0967228
-0.094487
-0.0889902
-0.0814034
-0.0721657
-0.061446
-0.0491863
-0.0351953
-0.0192295
-0.00107115
0.0193484
0.0417445
0.0651792
0.0877735
0.106729
0.118108
0.114531
0.0909609
-0.110384
-0.127968
-0.130574
-0.124407
-0.115144
-0.104302
-0.0923299
-0.0793013
-0.0650014
-0.0490378
-0.0309149
-0.0100953
0.0138843
0.0411837
0.0712578
0.102362
0.131283
0.15267
0.155712
0.131159
-0.159816
-0.176627
-0.173015
-0.159623
-0.144216
-0.128508
-0.112777
-0.0968511
-0.080237
-0.0622488
-0.0420629
-0.0187414
0.00869256
0.0410462
0.0785132
0.119992
0.162403
0.199229
0.21558
0.195355
-0.232832
-0.242382
-0.22495
-0.198876
-0.173889
-0.151263
-0.13066
-0.111336
-0.0922919
-0.0724024
-0.0504227
-0.0249459
0.00560431
0.0428532
0.0881059
0.141621
0.201503
0.261137
0.302143
0.298759
-0.346966
-0.331698
-0.286144
-0.239285
-0.200304
-0.168586
-0.142317
-0.119559
-0.0984204
-0.0771286
-0.05392
-0.026874
0.00622639
0.0479454
0.101063
0.168066
0.249744
0.341568
0.425534
0.465897
-0.543535
-0.452441
-0.35167
-0.273924
-0.216893
-0.175025
-0.143649
-0.118636
-0.0966958
-0.075233
-0.0519449
-0.0244426
0.0100829
0.0551777
0.115439
0.196584
0.304062
0.439895
0.600149
0.748118
-0.937052
-0.607702
-0.392898
-0.277128
-0.205646
-0.158915
-0.127642
-0.104801
-0.0856028
-0.0668621
-0.0460664
-0.0207183
0.0121937
0.0568124
0.119364
0.209413
0.340094
0.531641
0.837171
1.26839
-1.64279
-0.752165
-0.352257
-0.21199
-0.146687
-0.110731
-0.0904914
-0.077351
-0.0661927
-0.0541819
-0.0393555
-0.0198035
0.00688408
0.0443046
0.0985734
0.181114
0.313968
0.550694
1.06596
2.07125
)
;

boundaryField
{
    movingWall
    {
        type            zeroGradient;
    }
    fixedWalls
    {
        type            zeroGradient;
    }
    frontAndBack
    {
        type            empty;
    }
}


// ************************************************************************* //
