/*--------------------------------*- C++ -*----------------------------------*\
  =========                 |
  \\      /  F ield         | OpenFOAM: The Open Source CFD Toolbox
   \\    /   O peration     | Website:  https://openfoam.org
    \\  /    A nd           | Version:  6
     \\/     M anipulation  |
\*---------------------------------------------------------------------------*/
FoamFile
{
    version     2.0;
    format      ascii;
    class       surfaceScalarField;
    location    "0.07";
    object      phi;
}
// * * * * * * * * * * * * * * * * * * * * * * * * * * * * * * * * * * * * * //

dimensions      [0 3 -1 0 0 0 0];

internalField   nonuniform List<scalar> 
760
(
6.82891e-09
-6.82909e-09
-2.82186e-08
3.50476e-08
-1.04024e-07
7.58052e-08
-2.0577e-07
1.01746e-07
-3.18391e-07
1.12621e-07
-4.28948e-07
1.10557e-07
-5.27057e-07
9.81089e-08
-6.04734e-07
7.76774e-08
-6.56048e-07
5.13142e-08
-6.76884e-07
2.08355e-08
-6.64956e-07
-1.19276e-08
-6.20092e-07
-4.48644e-08
-5.44709e-07
-7.53831e-08
-4.44366e-07
-1.00342e-07
-3.28188e-07
-1.16178e-07
-2.08893e-07
-1.19296e-07
-1.02106e-07
-1.06787e-07
-2.47254e-08
-7.73806e-08
8.70578e-09
-3.34311e-08
8.70581e-09
-3.36452e-08
2.68162e-08
-1.55116e-07
1.56519e-07
-3.53734e-07
2.74424e-07
-6.03062e-07
3.51074e-07
-8.73289e-07
3.82848e-07
-1.13668e-06
3.73946e-07
-1.36971e-06
3.31141e-07
-1.55364e-06
2.61607e-07
-1.67438e-06
1.72051e-07
-1.72232e-06
6.87747e-08
-1.69249e-06
-4.17554e-08
-1.58512e-06
-1.52235e-07
-1.4065e-06
-2.54003e-07
-1.1699e-06
-3.36936e-07
-8.96113e-07
-3.8997e-07
-6.12934e-07
-4.02474e-07
-3.53128e-07
-3.66592e-07
-1.50101e-07
-2.80408e-07
-3.03446e-08
-1.53187e-07
-2.16387e-08
-7.71133e-08
1.0393e-07
-2.85666e-07
3.65071e-07
-5.95552e-07
5.8431e-07
-9.68543e-07
7.24065e-07
-1.36455e-06
7.78859e-07
-1.74641e-06
7.55799e-07
-2.08226e-06
6.66998e-07
-2.34647e-06
5.25816e-07
-2.51961e-06
3.45191e-07
-2.58843e-06
1.37596e-07
-2.5461e-06
-8.40887e-08
-2.39293e-06
-3.05406e-07
-2.13751e-06
-5.09424e-07
-1.79786e-06
-6.76587e-07
-1.40204e-06
-7.85782e-07
-9.87528e-07
-8.1699e-07
-5.98457e-07
-7.55663e-07
-2.8044e-07
-5.98425e-07
-7.27748e-08
-3.60852e-07
-9.44135e-08
-1.14828e-07
2.18758e-07
-4.05668e-07
6.55911e-07
-8.20783e-07
9.99425e-07
-1.3077e-06
1.21098e-06
-1.81623e-06
1.28739e-06
-2.30156e-06
1.24113e-06
-2.72595e-06
1.09139e-06
-3.05916e-06
8.59024e-07
-3.27823e-06
5.64265e-07
-3.36731e-06
2.26671e-07
-3.31783e-06
-1.33564e-07
-3.12944e-06
-4.93801e-07
-2.81137e-06
-8.27495e-07
-2.38409e-06
-1.10387e-06
-1.88041e-06
-1.28946e-06
-1.34523e-06
-1.35217e-06
-8.33029e-07
-1.26786e-06
-4.02633e-07
-1.02882e-06
-1.09768e-07
-6.53717e-07
-2.04182e-07
-1.49181e-07
3.67939e-07
-5.1974e-07
1.02647e-06
-1.03861e-06
1.51829e-06
-1.63745e-06
1.80982e-06
-2.25519e-06
1.90512e-06
-2.83978e-06
1.82572e-06
-3.34872e-06
1.60033e-06
-3.74848e-06
1.25879e-06
-4.01368e-06
8.29457e-07
-4.12631e-06
3.39302e-07
-4.07585e-06
-1.84021e-07
-3.86022e-06
-7.09436e-07
-3.48763e-06
-1.20008e-06
-2.97905e-06
-1.61245e-06
-2.37033e-06
-1.89818e-06
-1.7131e-06
-2.0094e-06
-1.07307e-06
-1.9079e-06
-5.25013e-07
-1.57687e-06
-1.44805e-07
-1.03393e-06
-3.48986e-07
-1.83599e-07
5.51539e-07
-6.36119e-07
1.47899e-06
-1.26259e-06
2.14477e-06
-1.97728e-06
2.52451e-06
-2.70724e-06
2.63509e-06
-3.39323e-06
2.51171e-06
-3.98865e-06
2.19575e-06
-4.45771e-06
1.72785e-06
-4.77335e-06
1.1451e-06
-4.91576e-06
4.81712e-07
-4.87199e-06
-2.27794e-07
-4.63697e-06
-9.44449e-07
-4.21605e-06
-1.62101e-06
-3.6285e-06
-2.19999e-06
-2.91153e-06
-2.61515e-06
-2.12298e-06
-2.79794e-06
-1.34132e-06
-2.68956e-06
-6.61025e-07
-2.25717e-06
-1.82969e-07
-1.51198e-06
-5.31955e-07
-2.21326e-07
7.72864e-07
-7.63251e-07
2.02091e-06
-1.50624e-06
2.88776e-06
-2.34494e-06
3.36321e-06
-3.19358e-06
3.48372e-06
-3.98575e-06
3.30388e-06
-4.67174e-06
2.88173e-06
-5.21465e-06
2.27077e-06
-5.58681e-06
1.51725e-06
-5.767e-06
6.61907e-07
-5.73948e-06
-2.5532e-07
-5.49485e-06
-1.18907e-06
-5.03329e-06
-2.08258e-06
-4.36962e-06
-2.86366e-06
-3.53976e-06
-3.44502e-06
-2.6065e-06
-3.7312e-06
-1.66225e-06
-3.63381e-06
-8.2562e-07
-3.0938e-06
-2.29647e-07
-2.10796e-06
-7.61602e-07
-2.65273e-07
1.03814e-06
-9.08732e-07
2.66437e-06
-1.78093e-06
3.75996e-06
-2.75372e-06
4.33599e-06
-3.7274e-06
4.4574e-06
-4.62914e-06
4.20563e-06
-5.40771e-06
3.66029e-06
-6.02704e-06
2.8901e-06
-6.46048e-06
1.9507e-06
-6.68649e-06
8.87913e-07
-6.68649e-06
-2.55317e-07
-6.44553e-06
-1.43003e-06
-5.95595e-06
-2.57216e-06
-5.22434e-06
-3.59528e-06
-4.28106e-06
-4.38829e-06
-3.19064e-06
-4.82162e-06
-2.05918e-06
-4.76526e-06
-1.03406e-06
-4.11893e-06
-2.90436e-07
-2.85158e-06
-1.05204e-06
-3.18096e-07
1.35623e-06
-1.07896e-06
3.42524e-06
-2.09474e-06
4.77574e-06
-3.21001e-06
5.45127e-06
-4.31047e-06
5.55786e-06
-5.31854e-06
5.21371e-06
-6.1843e-06
4.52605e-06
-6.87567e-06
3.58147e-06
-7.36983e-06
2.44485e-06
-7.64685e-06
1.16494e-06
-7.68623e-06
-2.15944e-07
-7.46664e-06
-1.64962e-06
-6.96987e-06
-3.06892e-06
-6.18936e-06
-4.37579e-06
-5.14347e-06
-5.43418e-06
-3.89199e-06
-6.07311e-06
-2.55134e-06
-6.10591e-06
-1.30107e-06
-5.3692e-06
-3.71265e-07
-3.78138e-06
-1.4233e-06
-3.82541e-07
1.73877e-06
-1.27936e-06
4.32205e-06
-2.4516e-06
5.94798e-06
-3.71103e-06
6.7107e-06
-4.92896e-06
6.77579e-06
-6.02653e-06
6.31127e-06
-6.95985e-06
5.45938e-06
-7.70559e-06
4.32721e-06
-8.24899e-06
2.98826e-06
-8.57519e-06
1.49114e-06
-8.66381e-06
-1.2732e-07
-8.48755e-06
-1.82589e-06
-8.01539e-06
-3.54108e-06
-7.22209e-06
-5.16909e-06
-6.10504e-06
-6.55124e-06
-4.70827e-06
-7.46988e-06
-3.1495e-06
-7.66467e-06
-1.63988e-06
-6.87882e-06
-4.7869e-07
-4.94257e-06
-1.90199e-06
-4.6221e-07
2.20099e-06
-1.51514e-06
5.37498e-06
-2.85072e-06
7.28356e-06
-4.24188e-06
8.10186e-06
-5.5481e-06
8.08201e-06
-6.6957e-06
7.45887e-06
-7.65414e-06
6.41782e-06
-8.41561e-06
5.08867e-06
-8.97927e-06
3.55193e-06
-9.34015e-06
1.85202e-06
-9.48188e-06
1.44029e-08
-9.37327e-06
-1.93449e-06
-8.96991e-06
-3.94444e-06
-8.22282e-06
-5.91617e-06
-7.09755e-06
-7.67651e-06
-5.60597e-06
-8.96145e-06
-3.84924e-06
-9.42141e-06
-2.0605e-06
-8.66756e-06
-6.20406e-07
-6.38267e-06
-2.5224e-06
-5.63078e-07
2.76406e-06
-1.79276e-06
6.60466e-06
-3.28558e-06
8.77638e-06
-4.77106e-06
9.58734e-06
-6.10458e-06
9.41553e-06
-7.229e-06
8.58328e-06
-8.13782e-06
7.32664e-06
-8.84748e-06
5.79833e-06
-9.37811e-06
4.08256e-06
-9.74062e-06
2.21453e-06
-9.92799e-06
2.01774e-07
-9.90975e-06
-1.95273e-06
-9.63042e-06
-4.22377e-06
-9.01491e-06
-6.53169e-06
-7.9863e-06
-8.70511e-06
-6.50306e-06
-1.04447e-05
-4.62008e-06
-1.13044e-05
-2.56654e-06
-1.07211e-05
-8.06125e-07
-8.14308e-06
-3.32852e-06
-6.96389e-07
3.46045e-06
-2.1219e-06
8.03017e-06
-3.74096e-06
1.03954e-05
-5.24199e-06
1.10884e-05
-6.4943e-06
1.06678e-05
-7.47614e-06
9.56512e-06
-8.21963e-06
8.07014e-06
-8.77537e-06
6.35407e-06
-9.19121e-06
4.4984e-06
-9.49958e-06
2.5229e-06
-9.70881e-06
4.11e-07
-9.79599e-06
-1.86556e-06
-9.70131e-06
-4.31845e-06
-9.32688e-06
-6.90612e-06
-8.54743e-06
-9.48457e-06
-7.24574e-06
-1.17464e-05
-5.3884e-06
-1.31617e-05
-3.14887e-06
-1.29606e-05
-1.04884e-06
-1.02431e-05
-4.37736e-06
-8.8368e-07
4.34413e-06
-2.5161e-06
9.66259e-06
-4.18303e-06
1.20624e-05
-5.55407e-06
1.24594e-05
-6.54953e-06
1.16633e-05
-7.21213e-06
1.02277e-05
-7.62996e-06
8.48797e-06
-7.89611e-06
6.62022e-06
-8.08965e-06
4.69193e-06
-8.26691e-06
2.70017e-06
-8.45583e-06
5.99919e-07
-8.64896e-06
-1.67243e-06
-8.79378e-06
-4.17363e-06
-8.78203e-06
-6.91787e-06
-8.44582e-06
-9.82078e-06
-7.57824e-06
-1.2614e-05
-6.0092e-06
-1.47308e-05
-3.77154e-06
-1.51983e-05
-1.36553e-06
-1.26491e-05
-5.74289e-06
-1.16303e-06
5.50716e-06
-2.98382e-06
1.14834e-05
-4.52813e-06
1.36067e-05
-5.51836e-06
1.34497e-05
-5.99388e-06
1.21388e-05
-6.1004e-06
1.03342e-05
-5.99671e-06
8.38428e-06
-5.81917e-06
6.44268e-06
-5.67299e-06
4.54575e-06
-5.63336e-06
2.66054e-06
-5.74671e-06
7.13274e-07
-6.02701e-06
-1.39212e-06
-6.44404e-06
-3.7566e-06
-6.9028e-06
-6.45911e-06
-7.21843e-06
-9.50515e-06
-7.10444e-06
-1.27279e-05
-6.21806e-06
-1.56172e-05
-4.33778e-06
-1.70786e-05
-1.77177e-06
-1.52151e-05
-7.51466e-06
-1.58557e-06
7.09273e-06
-3.47934e-06
1.33772e-05
-4.55315e-06
1.46805e-05
-4.75751e-06
1.3654e-05
-4.35584e-06
1.17372e-05
-3.63135e-06
9.60974e-06
-2.81088e-06
7.56382e-06
-2.05651e-06
5.6883e-06
-1.47932e-06
3.96856e-06
-1.15649e-06
2.33771e-06
-1.14292e-06
6.99706e-07
-1.47389e-06
-1.06115e-06
-2.15545e-06
-3.07505e-06
-3.13814e-06
-5.47642e-06
-4.27068e-06
-8.37261e-06
-5.24123e-06
-1.17574e-05
-5.54796e-06
-1.53104e-05
-4.6075e-06
-1.8019e-05
-2.24985e-06
-1.75728e-05
-9.76451e-06
-2.161e-06
9.25374e-06
-3.72502e-06
1.49412e-05
-3.66398e-06
1.46194e-05
-2.49786e-06
1.24879e-05
-8.19325e-07
1.00586e-05
9.65691e-07
7.82472e-06
2.61124e-06
5.91827e-06
3.97898e-06
4.32056e-06
4.99169e-06
2.95586e-06
5.59924e-06
1.73016e-06
5.7576e-06
5.4135e-07
5.41925e-06
-7.22811e-07
4.5362e-06
-2.19199e-06
3.08188e-06
-4.0221e-06
1.10527e-06
-6.396e-06
-1.16799e-06
-9.48413e-06
-3.19473e-06
-1.32837e-05
-4.02263e-06
-1.71911e-05
-2.64511e-06
-1.89503e-05
-1.24096e-05
-2.6292e-06
1.18829e-05
-2.68053e-06
1.49925e-05
-3.6334e-07
1.23023e-05
2.80575e-06
9.31881e-06
5.98304e-06
6.88132e-06
8.8035e-06
5.00427e-06
1.11311e-05
3.59065e-06
1.29347e-05
2.517e-06
1.4221e-05
1.66955e-06
1.49976e-05
9.53553e-07
1.52523e-05
2.86626e-07
1.49417e-05
-4.12164e-07
1.39856e-05
-1.23595e-06
1.22729e-05
-2.30938e-06
9.69321e-06
-3.8163e-06
6.23429e-06
-6.02522e-06
2.20596e-06
-9.25535e-06
-1.36056e-06
-1.36246e-05
-2.41858e-06
-1.78923e-05
-1.48282e-05
-1.26243e-06
1.31454e-05
3.09097e-06
1.06391e-05
8.81811e-06
6.57511e-06
1.39369e-05
4.20003e-06
1.80635e-05
2.7547e-06
2.12462e-05
1.82161e-06
2.36269e-05
1.20992e-06
2.5347e-05
7.96851e-07
2.65161e-05
5.0053e-07
2.72021e-05
2.67516e-07
2.74287e-05
5.99961e-08
2.71708e-05
-1.54257e-07
2.63458e-05
-4.10918e-07
2.47983e-05
-7.61865e-07
2.22814e-05
-1.29947e-06
1.84624e-05
-2.20613e-06
1.30512e-05
-3.84423e-06
6.28336e-06
-6.85672e-06
2.51599e-07
-1.18605e-05
-1.45766e-05
1.31454e-05
2.37845e-05
3.03596e-05
3.45596e-05
3.73143e-05
3.91359e-05
4.03458e-05
4.11427e-05
4.16432e-05
4.19107e-05
4.19707e-05
4.18165e-05
4.14056e-05
4.06437e-05
3.93442e-05
3.71381e-05
3.32939e-05
2.64371e-05
1.45766e-05
)
;

boundaryField
{
    movingWall
    {
        type            calculated;
        value           uniform 0;
    }
    fixedWalls
    {
        type            calculated;
        value           uniform 0;
    }
    frontAndBack
    {
        type            empty;
        value           nonuniform 0();
    }
}


// ************************************************************************* //
