/*--------------------------------*- C++ -*----------------------------------*\
  =========                 |
  \\      /  F ield         | OpenFOAM: The Open Source CFD Toolbox
   \\    /   O peration     | Website:  https://openfoam.org
    \\  /    A nd           | Version:  6
     \\/     M anipulation  |
\*---------------------------------------------------------------------------*/
FoamFile
{
    version     2.0;
    format      ascii;
    class       volVectorField;
    location    "0.07";
    object      U;
}
// * * * * * * * * * * * * * * * * * * * * * * * * * * * * * * * * * * * * * //

dimensions      [0 1 -1 0 0 0 0];

internalField   nonuniform List<vector> 
400
(
(0.000149253 -0.00014758 0)
(-5.27781e-05 0.000163199 0)
(-0.00119055 0.000498257 0)
(-0.00302464 0.000711777 0)
(-0.00522544 0.000802675 0)
(-0.00750617 0.000793027 0)
(-0.0096323 0.000705919 0)
(-0.0114204 0.000560972 0)
(-0.0127319 0.000373491 0)
(-0.0134668 0.000156044 0)
(-0.0135606 -7.90124e-05 0)
(-0.0129871 -0.000317069 0)
(-0.0117669 -0.000539382 0)
(-0.00997814 -0.00072223 0)
(-0.00776715 -0.000837537 0)
(-0.00535431 -0.000855573 0)
(-0.00302819 -0.000750305 0)
(-0.0011252 -0.000507133 0)
(8.77795e-06 -0.000145558 0)
(0.000170599 0.00016547 0)
(-0.000141811 3.25874e-05 0)
(-0.00149813 0.00151358 0)
(-0.00477462 0.00295075 0)
(-0.00940322 0.00389068 0)
(-0.0147369 0.00429011 0)
(-0.0201931 0.00420991 0)
(-0.0252565 0.00373718 0)
(-0.029503 0.00295898 0)
(-0.0326048 0.00195304 0)
(-0.0343252 0.000790132 0)
(-0.0345171 -0.000457826 0)
(-0.0331297 -0.00170879 0)
(-0.0302241 -0.00286371 0)
(-0.0259925 -0.00380463 0)
(-0.0207755 -0.00440014 0)
(-0.015065 -0.00452094 0)
(-0.00947756 -0.00406742 0)
(-0.00469213 -0.00300848 0)
(-0.00139547 -0.00145923 0)
(-0.00010236 3.62193e-05 0)
(-0.000483934 0.00114016 0)
(-0.00306389 0.00480979 0)
(-0.00837918 0.00804287 0)
(-0.0154328 0.0101426 0)
(-0.0233168 0.0110012 0)
(-0.0312621 0.0107219 0)
(-0.0385783 0.00948529 0)
(-0.0446873 0.00748886 0)
(-0.0491388 0.00492168 0)
(-0.051606 0.00196428 0)
(-0.0518862 -0.00119734 0)
(-0.0499098 -0.00435387 0)
(-0.0457604 -0.00725919 0)
(-0.0396992 -0.00962803 0)
(-0.0321871 -0.0111517 0)
(-0.0238878 -0.011537 0)
(-0.0156284 -0.0105721 0)
(-0.00831754 -0.008214 0)
(-0.00293637 -0.00472211 0)
(-0.000429019 -0.000993419 0)
(-0.000769864 0.00307373 0)
(-0.00447744 0.0098358 0)
(-0.0117341 0.0153413 0)
(-0.0210551 0.0188086 0)
(-0.0312511 0.0201283 0)
(-0.0413908 0.0194807 0)
(-0.0506544 0.017168 0)
(-0.0583598 0.0135249 0)
(-0.0639761 0.00887838 0)
(-0.0671159 0.00354544 0)
(-0.067533 -0.00214604 0)
(-0.0651328 -0.00782858 0)
(-0.0599965 -0.0130728 0)
(-0.0524141 -0.0173835 0)
(-0.042916 -0.0202273 0)
(-0.0322869 -0.0210982 0)
(-0.0215278 -0.0196274 0)
(-0.0117729 -0.0157223 0)
(-0.0043452 -0.00974268 0)
(-0.000698561 -0.00282746 0)
(-0.00101853 0.00571792 0)
(-0.00579398 0.0164524 0)
(-0.0149583 0.0246807 0)
(-0.0265166 0.0296677 0)
(-0.038971 0.0313974 0)
(-0.0512251 0.0301902 0)
(-0.062347 0.0265108 0)
(-0.0715778 0.0208579 0)
(-0.078332 0.0137136 0)
(-0.0821784 0.00554256 0)
(-0.08283 -0.0031761 0)
(-0.0801542 -0.011905 0)
(-0.0742016 -0.0200123 0)
(-0.0652523 -0.0267625 0)
(-0.0538669 -0.0313512 0)
(-0.0409235 -0.0329993 0)
(-0.0275964 -0.0311097 0)
(-0.0152823 -0.025464 0)
(-0.00571947 -0.0164452 0)
(-0.000937533 -0.00536634 0)
(-0.00126214 0.00903755 0)
(-0.00712497 0.0246602 0)
(-0.0182642 0.0361034 0)
(-0.0321442 0.0427726 0)
(-0.0469285 0.0448497 0)
(-0.0613458 0.042877 0)
(-0.0743618 0.0375377 0)
(-0.0851596 0.0295275 0)
(-0.0931193 0.0194972 0)
(-0.0977779 0.00806086 0)
(-0.098807 -0.0041556 0)
(-0.0960186 -0.0164474 0)
(-0.0894003 -0.0279726 0)
(-0.0791794 -0.0377269 0)
(-0.0659045 -0.04458 0)
(-0.0505208 -0.0473949 0)
(-0.0343828 -0.0452387 0)
(-0.0192027 -0.0376538 0)
(-0.00723371 -0.0249559 0)
(-0.00119083 -0.0086172 0)
(-0.00153028 0.0130673 0)
(-0.00858357 0.0345606 0)
(-0.0218722 0.0497477 0)
(-0.0382543 0.0582629 0)
(-0.0555167 0.0606042 0)
(-0.0722064 0.0576378 0)
(-0.0871994 0.0503362 0)
(-0.0996447 0.0396298 0)
(-0.108912 0.0263498 0)
(-0.114523 0.0112505 0)
(-0.116109 -0.00491474 0)
(-0.11341 -0.021293 0)
(-0.106314 -0.0368381 0)
(-0.0949408 -0.0502554 0)
(-0.0797691 -0.0600256 0)
(-0.0617667 -0.0645419 0)
(-0.0424608 -0.0623831 0)
(-0.0239321 -0.0526881 0)
(-0.00908255 -0.0355816 0)
(-0.0015052 -0.0126954 0)
(-0.00184955 0.0179036 0)
(-0.0102735 0.0463527 0)
(-0.025978 0.065837 0)
(-0.0451029 0.0763334 0)
(-0.0650087 0.0788061 0)
(-0.0840621 0.0745743 0)
(-0.101077 0.0649872 0)
(-0.115206 0.0512546 0)
(-0.125847 0.0343945 0)
(-0.132536 0.0152808 0)
(-0.134875 -0.0052434 0)
(-0.13252 -0.0262184 0)
(-0.12522 -0.0464217 0)
(-0.112923 -0.0642623 0)
(-0.0959505 -0.0777683 0)
(-0.0752104 -0.0847266 0)
(-0.0523564 -0.0830196 0)
(-0.0298699 -0.0711399 0)
(-0.0114706 -0.0488224 0)
(-0.00193019 -0.0178266 0)
(-0.00224567 0.0236983 0)
(-0.012289 0.0603221 0)
(-0.0307389 0.0846547 0)
(-0.0528506 0.0971885 0)
(-0.0754988 0.0995616 0)
(-0.0968888 0.0937153 0)
(-0.115824 0.0814846 0)
(-0.131524 0.0644085 0)
(-0.143477 0.0436938 0)
(-0.151282 0.0202984 0)
(-0.154544 -0.00490465 0)
(-0.152837 -0.0309189 0)
(-0.145736 -0.0564068 0)
(-0.132941 -0.079506 0)
(-0.114499 -0.0977466 0)
(-0.0911183 -0.108158 0)
(-0.06446 -0.107654 0)
(-0.0373837 -0.0937221 0)
(-0.0146118 -0.0653693 0)
(-0.00252229 -0.0243522 0)
(-0.00274873 0.0306563 0)
(-0.0147236 0.0768199 0)
(-0.0362715 0.106492 0)
(-0.0615332 0.120958 0)
(-0.0868379 0.12283 0)
(-0.110282 0.114897 0)
(-0.130748 0.0996132 0)
(-0.147624 0.0789027 0)
(-0.16058 0.0541538 0)
(-0.169354 0.0263567 0)
(-0.173612 -0.00367017 0)
(-0.172874 -0.0349989 0)
(-0.166528 -0.066284 0)
(-0.153948 -0.0954708 0)
(-0.134761 -0.119593 0)
(-0.109264 -0.134783 0)
(-0.0788984 -0.13666 0)
(-0.0467625 -0.121189 0)
(-0.0187321 -0.0860778 0)
(-0.0033525 -0.0327389 0)
(-0.00340376 0.039043 0)
(-0.0176925 0.096241 0)
(-0.0426585 0.131572 0)
(-0.0710281 0.147575 0)
(-0.0985499 0.148273 0)
(-0.123326 0.137602 0)
(-0.14447 0.118794 0)
(-0.16168 0.0942095 0)
(-0.174935 0.0653998 0)
(-0.184223 0.0333167 0)
(-0.189356 -0.00138537 0)
(-0.189864 -0.0379886 0)
(-0.184968 -0.0753033 0)
(-0.173669 -0.111239 0)
(-0.155021 -0.142425 0)
(-0.128629 -0.164028 0)
(-0.0953382 -0.170022 0)
(-0.0581392 -0.154158 0)
(-0.0240739 -0.111909 0)
(-0.00451929 -0.0435969 0)
(-0.00429205 0.0492152 0)
(-0.0213721 0.119005 0)
(-0.0499607 0.159946 0)
(-0.0810007 0.176602 0)
(-0.109707 0.175052 0)
(-0.134417 0.160757 0)
(-0.154711 0.137896 0)
(-0.170795 0.1093 0)
(-0.18311 0.0766353 0)
(-0.192021 0.0407267 0)
(-0.1976 0.0019363 0)
(-0.199488 -0.0393987 0)
(-0.196819 -0.0824629 0)
(-0.188233 -0.125384 0)
(-0.172097 -0.16462 0)
(-0.147014 -0.194458 0)
(-0.11269 -0.206956 0)
(-0.071355 -0.192808 0)
(-0.030896 -0.143818 0)
(-0.00617084 -0.0577132 0)
(-0.00557313 0.0616967 0)
(-0.0260702 0.145534 0)
(-0.0582163 0.191314 0)
(-0.0907858 0.206966 0)
(-0.118711 0.20155 0)
(-0.140992 0.182493 0)
(-0.158026 0.15505 0)
(-0.170767 0.122494 0)
(-0.180276 0.0865202 0)
(-0.187409 0.047712 0)
(-0.192607 0.00600615 0)
(-0.195755 -0.0388164 0)
(-0.19604 -0.0865643 0)
(-0.191867 -0.13593 0)
(-0.180917 -0.183618 0)
(-0.160545 -0.223391 0)
(-0.128671 -0.245382 0)
(-0.0857137 -0.236392 0)
(-0.039455 -0.18253 0)
(-0.0085409 -0.0761132 0)
(-0.00756107 0.0773354 0)
(-0.0323187 0.17619 0)
(-0.0673555 0.224713 0)
(-0.0990787 0.236557 0)
(-0.122847 0.225016 0)
(-0.139063 0.199887 0)
(-0.149409 0.16749 0)
(-0.155821 0.131388 0)
(-0.160082 0.0931342 0)
(-0.163579 0.0529319 0)
(-0.16718 0.0101791 0)
(-0.171125 -0.0360346 0)
(-0.174859 -0.0863666 0)
(-0.176809 -0.140463 0)
(-0.174202 -0.195874 0)
(-0.163131 -0.246573 0)
(-0.139165 -0.28129 0)
(-0.0995153 -0.282491 0)
(-0.0499016 -0.228111 0)
(-0.0119906 -0.10014 0)
(-0.010829 0.097572 0)
(-0.0409039 0.211063 0)
(-0.0767864 0.257925 0)
(-0.103126 0.261625 0)
(-0.117341 0.241156 0)
(-0.12237 0.208793 0)
(-0.121671 0.171584 0)
(-0.118272 0.13299 0)
(-0.114599 0.0941375 0)
(-0.112447 0.0546966 0)
(-0.113032 0.013467 0)
(-0.116988 -0.0311837 0)
(-0.124219 -0.0808638 0)
(-0.133575 -0.136488 0)
(-0.142368 -0.197137 0)
(-0.145891 -0.258133 0)
(-0.13727 -0.30816 0)
(-0.109125 -0.325963 0)
(-0.0618698 -0.279105 0)
(-0.0169824 -0.131478 0)
(-0.0162012 0.124906 0)
(-0.052394 0.249283 0)
(-0.083916 0.286305 0)
(-0.0966919 0.27591 0)
(-0.0934104 0.243792 0)
(-0.080875 0.203952 0)
(-0.0644918 0.163212 0)
(-0.0480959 0.124215 0)
(-0.0343365 0.0872614 0)
(-0.0250273 0.0513524 0)
(-0.0214497 0.0147377 0)
(-0.0245123 -0.0247903 0)
(-0.034698 -0.0696544 0)
(-0.0517264 -0.122089 0)
(-0.0738436 -0.183233 0)
(-0.0966916 -0.251115 0)
(-0.111926 -0.31671 0)
(-0.107118 -0.357677 0)
(-0.0731547 -0.331085 0)
(-0.0236745 -0.172175 0)
(-0.0239904 0.163962 0)
(-0.0647418 0.287028 0)
(-0.0797368 0.300141 0)
(-0.0653915 0.269163 0)
(-0.0346201 0.224662 0)
(0.0015654 0.17958 0)
(0.0367632 0.138694 0)
(0.0673952 0.102861 0)
(0.0914915 0.0711757 0)
(0.107904 0.0419648 0)
(0.115768 0.0131505 0)
(0.114191 -0.0176742 0)
(0.102178 -0.0532797 0)
(0.0788331 -0.0967965 0)
(0.0440489 -0.151377 0)
(3.34279e-05 -0.218762 0)
(-0.0460485 -0.295238 0)
(-0.0789247 -0.362993 0)
(-0.0763922 -0.374082 0)
(-0.0302289 -0.224823 0)
(-0.029629 0.220471 0)
(-0.0646335 0.311094 0)
(-0.0374888 0.280159 0)
(0.0225898 0.226339 0)
(0.0887716 0.174865 0)
(0.149823 0.131584 0)
(0.201677 0.0969385 0)
(0.243059 0.0693704 0)
(0.273927 0.046819 0)
(0.294556 0.0272608 0)
(0.304977 0.00874363 0)
(0.304678 -0.0107655 0)
(0.292434 -0.0336299 0)
(0.26627 -0.0628879 0)
(0.223749 -0.10262 0)
(0.163122 -0.157842 0)
(0.0859291 -0.232319 0)
(0.00292641 -0.320842 0)
(-0.0516092 -0.385688 0)
(-0.0269487 -0.286908 0)
(0.00274622 0.269224 0)
(0.00721536 0.281527 0)
(0.113991 0.202946 0)
(0.230184 0.140651 0)
(0.324239 0.0972852 0)
(0.396852 0.0671017 0)
(0.451901 0.0460958 0)
(0.492431 0.0312017 0)
(0.520957 0.0201276 0)
(0.539297 0.0112183 0)
(0.5484 0.0031984 0)
(0.548281 -0.00508376 0)
(0.537905 -0.0149253 0)
(0.514952 -0.0281558 0)
(0.475481 -0.0478063 0)
(0.41372 -0.0791962 0)
(0.321609 -0.131051 0)
(0.192151 -0.213833 0)
(0.0573604 -0.31899 0)
(0.0282469 -0.311783 0)
(0.294664 0.143329 0)
(0.384569 0.126092 0)
(0.538021 0.0772529 0)
(0.653339 0.0459049 0)
(0.723346 0.0276751 0)
(0.767524 0.0168445 0)
(0.796838 0.0103289 0)
(0.816359 0.00631427 0)
(0.828997 0.00369437 0)
(0.836489 0.00180501 0)
(0.839704 0.000225647 0)
(0.838825 -0.00136087 0)
(0.833384 -0.00328101 0)
(0.822073 -0.00601779 0)
(0.802245 -0.010499 0)
(0.768766 -0.0187339 0)
(0.710065 -0.0351163 0)
(0.599913 -0.0682499 0)
(0.431225 -0.125768 0)
(0.317431 -0.150907 0)
)
;

boundaryField
{
    movingWall
    {
        type            fixedValue;
        value           uniform (1 0 0);
    }
    fixedWalls
    {
        type            noSlip;
    }
    frontAndBack
    {
        type            empty;
    }
}


// ************************************************************************* //
