/*--------------------------------*- C++ -*----------------------------------*\
  =========                 |
  \\      /  F ield         | OpenFOAM: The Open Source CFD Toolbox
   \\    /   O peration     | Website:  https://openfoam.org
    \\  /    A nd           | Version:  6
     \\/     M anipulation  |
\*---------------------------------------------------------------------------*/
FoamFile
{
    version     2.0;
    format      ascii;
    class       volScalarField;
    location    "0.26";
    object      p;
}
// * * * * * * * * * * * * * * * * * * * * * * * * * * * * * * * * * * * * * //

dimensions      [0 2 -2 0 0 0 0];

internalField   nonuniform List<scalar> 
400
(
6.80383e-06
-0.0231856
-0.0520653
-0.0743205
-0.0826415
-0.073755
-0.047416
-0.00555828
0.048395
0.110047
0.174428
0.236347
0.290736
0.333035
0.359655
0.368563
0.360019
0.337435
0.308332
0.285149
0.0229904
-0.000840066
-0.0235028
-0.0388466
-0.0432766
-0.034494
-0.0122014
0.0222078
0.0661381
0.116169
0.168374
0.218632
0.262935
0.297725
0.320267
0.32908
0.324469
0.308842
0.285984
0.262195
0.0535374
0.0205162
-0.00400523
-0.0181568
-0.021757
-0.013554
0.00643101
0.0368489
0.0754291
0.119245
0.164951
0.209025
0.24803
0.278892
0.299182
0.307449
0.303663
0.289184
0.264411
0.231421
0.0816233
0.0359426
0.00545202
-0.010685
-0.0150824
-0.00741539
0.01182
0.0410309
0.0779377
0.119766
0.163404
0.20558
0.24307
0.272912
0.292619
0.300449
0.295871
0.279319
0.248445
0.202707
0.100732
0.0416743
0.00403413
-0.0149475
-0.0202774
-0.0124538
0.00750548
0.0376363
0.0754851
0.11825
0.162868
0.206132
0.244832
0.27592
0.296659
0.304861
0.299419
0.279935
0.241713
0.182396
0.106186
0.0334812
-0.0116154
-0.0333649
-0.0389615
-0.0296854
-0.00712494
0.0262862
0.0678001
0.11446
0.163121
0.210505
0.25328
0.28816
0.312009
0.322056
0.316537
0.294238
0.248297
0.174973
0.0939279
0.00716786
-0.0452599
-0.0690009
-0.0734794
-0.0608223
-0.0332802
0.00614228
0.0543068
0.108016
0.163965
0.218723
0.268746
0.310403
0.340026
0.354113
0.350106
0.325866
0.27228
0.184332
0.0596279
-0.0418531
-0.101096
-0.125304
-0.126472
-0.107779
-0.0722942
-0.02371
0.0343757
0.0984897
0.165152
0.230769
0.291556
0.34348
0.382228
0.403401
0.403421
0.378956
0.318224
0.214732
-0.0020409
-0.119168
-0.184207
-0.206422
-0.201078
-0.172794
-0.125696
-0.0642929
0.00731923
0.0854207
0.166421
0.246638
0.322103
0.388385
0.440453
0.472809
0.480537
0.458637
0.391835
0.271596
-0.0981021
-0.231973
-0.300938
-0.317327
-0.30088
-0.258267
-0.194999
-0.116536
-0.0274492
0.0684136
0.167523
0.266294
0.360742
0.446147
0.516741
0.565734
0.586445
0.571465
0.500648
0.362306
-0.23822
-0.389872
-0.45932
-0.463862
-0.429685
-0.366412
-0.281328
-0.180934
-0.0701498
0.0473031
0.168271
0.289608
0.407632
0.517595
0.61311
0.685949
0.727175
0.725908
0.65492
0.497275
-0.436303
-0.606089
-0.669578
-0.652676
-0.591123
-0.498704
-0.384858
-0.257063
-0.120267
0.0223869
0.168632
0.316289
0.462518
0.60303
0.731171
0.837323
0.909824
0.932942
0.868948
0.691722
-0.713584
-0.899402
-0.944703
-0.890868
-0.787856
-0.654986
-0.503991
-0.342917
-0.176074
-0.00528519
0.168817
0.345785
0.524416
0.701701
0.871475
1.0232
1.14232
1.2067
1.16312
0.968971
-1.10504
-1.29729
-1.30074
-1.18488
-1.02003
-0.831988
-0.634165
-0.434042
-0.234067
-0.033618
0.16933
0.377058
0.591082
0.810922
1.0323
1.24505
1.43243
1.56486
1.5672
1.3672
-1.67261
-1.84051
-1.75571
-1.53746
-1.28215
-1.02083
-0.766131
-0.522487
-0.28842
-0.0592899
0.170834
0.408117
0.658099
0.924541
1.20734
1.4995
1.78482
2.02754
2.12493
1.95306
-2.52804
-2.58723
-2.32554
-1.94252
-1.55887
-1.20424
-0.884446
-0.59619
-0.330904
-0.0779621
0.173765
0.435413
0.717879
1.03122
1.38288
1.77417
2.19596
2.61319
2.89777
2.84434
-3.873
-3.61305
-3.0165
-2.38086
-1.82324
-1.35641
-0.968443
-0.640399
-0.352262
-0.0853341
0.177705
0.453625
0.759657
1.11425
1.53688
2.04545
2.64948
3.33063
3.96435
4.24908
-6.15941
-5.01373
-3.78644
-2.79027
-2.01928
-1.43417
-0.988419
-0.636628
-0.342542
-0.0781346
0.179932
0.453515
0.765968
1.14532
1.62783
2.259
3.0847
4.13978
5.42507
6.62751
-10.5695
-6.84899
-4.35764
-2.91497
-1.96811
-1.32305
-0.875107
-0.545549
-0.282408
-0.0515972
0.172434
0.412776
0.695023
1.05334
1.53993
2.23474
3.24505
4.76455
7.34526
11.1677
-17.9825
-8.6112
-4.15441
-2.37805
-1.46163
-0.91836
-0.57836
-0.344498
-0.163423
-0.00553316
0.148966
0.317271
0.51913
0.783953
1.16479
1.76026
2.74769
4.62118
9.19196
18.678
)
;

boundaryField
{
    movingWall
    {
        type            zeroGradient;
    }
    fixedWalls
    {
        type            zeroGradient;
    }
    frontAndBack
    {
        type            empty;
    }
}


// ************************************************************************* //
