/*--------------------------------*- C++ -*----------------------------------*\
  =========                 |
  \\      /  F ield         | OpenFOAM: The Open Source CFD Toolbox
   \\    /   O peration     | Website:  https://openfoam.org
    \\  /    A nd           | Version:  6
     \\/     M anipulation  |
\*---------------------------------------------------------------------------*/
FoamFile
{
    version     2.0;
    format      ascii;
    class       volScalarField;
    location    "0.13";
    object      p;
}
// * * * * * * * * * * * * * * * * * * * * * * * * * * * * * * * * * * * * * //

dimensions      [0 2 -2 0 0 0 0];

internalField   nonuniform List<scalar> 
400
(
1.12851e-05
-0.0231784
-0.0520575
-0.0743126
-0.0826336
-0.073747
-0.0474079
-0.00555016
0.0484031
0.110055
0.174436
0.236355
0.290744
0.333043
0.359663
0.368571
0.360028
0.337443
0.30834
0.285157
0.0229976
-0.000832393
-0.0234949
-0.0388387
-0.0432686
-0.0344861
-0.0121934
0.0222158
0.0661462
0.116177
0.168382
0.21864
0.262943
0.297733
0.320275
0.329088
0.324477
0.30885
0.285992
0.262203
0.0535452
0.020524
-0.00399734
-0.0181488
-0.021749
-0.0135461
0.00643894
0.0368568
0.0754371
0.119254
0.164959
0.209033
0.248038
0.2789
0.29919
0.307457
0.303671
0.289193
0.264419
0.231429
0.0816312
0.0359505
0.00545991
-0.0106771
-0.0150744
-0.00740736
0.011828
0.0410388
0.0779457
0.119774
0.163412
0.205588
0.243078
0.27292
0.292627
0.300457
0.295879
0.279327
0.248453
0.202715
0.10074
0.0416822
0.00404201
-0.0149395
-0.0202693
-0.0124457
0.00751354
0.0376443
0.075493
0.118258
0.162876
0.20614
0.24484
0.275928
0.296667
0.304869
0.299427
0.279943
0.241721
0.182404
0.106194
0.0334891
-0.0116075
-0.033357
-0.0389536
-0.0296773
-0.00711683
0.0262943
0.0678081
0.114468
0.163129
0.210513
0.253288
0.288169
0.312018
0.322064
0.316545
0.294246
0.248305
0.174981
0.0939359
0.00717589
-0.045252
-0.068993
-0.0734715
-0.0608144
-0.0332721
0.00615041
0.0543149
0.108024
0.163973
0.218731
0.268754
0.310411
0.340034
0.354121
0.350114
0.325874
0.272288
0.18434
0.0596359
-0.041845
-0.101088
-0.125296
-0.126464
-0.107771
-0.0722862
-0.0237019
0.0343839
0.0984978
0.16516
0.230777
0.291564
0.343487
0.382236
0.403409
0.403429
0.378964
0.318232
0.21474
-0.00203294
-0.11916
-0.184199
-0.206414
-0.20107
-0.172786
-0.125688
-0.0642849
0.00732733
0.0854289
0.166429
0.246646
0.322111
0.388393
0.440461
0.472817
0.480545
0.458645
0.391843
0.271604
-0.0980942
-0.231965
-0.30093
-0.317319
-0.300872
-0.258259
-0.194992
-0.116528
-0.0274413
0.0684217
0.167531
0.266302
0.36075
0.446155
0.516749
0.565742
0.586453
0.571473
0.500656
0.362314
-0.238212
-0.389864
-0.459312
-0.463854
-0.429677
-0.366404
-0.28132
-0.180926
-0.0701419
0.0473111
0.16828
0.289616
0.40764
0.517603
0.613118
0.685957
0.727183
0.725916
0.654928
0.497283
-0.436295
-0.606081
-0.66957
-0.652668
-0.591115
-0.498695
-0.384849
-0.257055
-0.12026
0.0223947
0.16864
0.316297
0.462526
0.603038
0.731179
0.83733
0.909831
0.93295
0.868956
0.69173
-0.713576
-0.899394
-0.944695
-0.89086
-0.787848
-0.654978
-0.503983
-0.342909
-0.176066
-0.00527728
0.168825
0.345793
0.524424
0.701709
0.871483
1.02321
1.14233
1.20671
1.16313
0.968979
-1.10503
-1.29728
-1.30073
-1.18487
-1.02002
-0.83198
-0.634156
-0.434034
-0.234059
-0.03361
0.169338
0.377066
0.59109
0.81093
1.0323
1.24505
1.43244
1.56486
1.56721
1.36721
-1.67261
-1.84051
-1.7557
-1.53745
-1.28214
-1.02083
-0.766123
-0.522479
-0.288412
-0.0592818
0.170842
0.408125
0.658107
0.924549
1.20734
1.49951
1.78483
2.02755
2.12494
1.95307
-2.52803
-2.58722
-2.32553
-1.94251
-1.55886
-1.20423
-0.884438
-0.596182
-0.330896
-0.0779539
0.173773
0.435421
0.717887
1.03123
1.38288
1.77418
2.19597
2.6132
2.89778
2.84435
-3.87299
-3.61304
-3.01649
-2.38085
-1.82324
-1.35641
-0.968435
-0.640391
-0.352254
-0.085326
0.177713
0.453633
0.759665
1.11426
1.53689
2.04545
2.64949
3.33064
3.96436
4.24909
-6.1594
-5.01373
-3.78643
-2.79027
-2.01927
-1.43416
-0.988411
-0.636621
-0.342534
-0.0781266
0.17994
0.453523
0.765976
1.14533
1.62784
2.25901
3.08471
4.13979
5.42507
6.62752
-10.5695
-6.84898
-4.35763
-2.91496
-1.96811
-1.32304
-0.875099
-0.545541
-0.2824
-0.0515893
0.172442
0.412784
0.695031
1.05335
1.53993
2.23475
3.24505
4.76456
7.34526
11.1677
-17.9825
-8.61119
-4.1544
-2.37804
-1.46162
-0.918352
-0.578352
-0.34449
-0.163415
-0.00552517
0.148974
0.317279
0.519138
0.783961
1.1648
1.76026
2.7477
4.62119
9.19197
18.678
)
;

boundaryField
{
    movingWall
    {
        type            zeroGradient;
    }
    fixedWalls
    {
        type            zeroGradient;
    }
    frontAndBack
    {
        type            empty;
    }
}


// ************************************************************************* //
