/*--------------------------------*- C++ -*----------------------------------*\
  =========                 |
  \\      /  F ield         | OpenFOAM: The Open Source CFD Toolbox
   \\    /   O peration     | Website:  https://openfoam.org
    \\  /    A nd           | Version:  6
     \\/     M anipulation  |
\*---------------------------------------------------------------------------*/
FoamFile
{
    version     2.0;
    format      ascii;
    class       volScalarField;
    location    "0.215";
    object      p;
}
// * * * * * * * * * * * * * * * * * * * * * * * * * * * * * * * * * * * * * //

dimensions      [0 2 -2 0 0 0 0];

internalField   nonuniform List<scalar> 
400
(
8.04471e-06
-0.0231836
-0.0520632
-0.0743183
-0.0826393
-0.0737528
-0.0474137
-0.00555604
0.0483972
0.110049
0.17443
0.236349
0.290738
0.333037
0.359657
0.368566
0.360022
0.337437
0.308334
0.285151
0.0229924
-0.000837942
-0.0235006
-0.0388445
-0.0432744
-0.0344918
-0.0121992
0.02221
0.0661403
0.116171
0.168376
0.218635
0.262938
0.297728
0.320269
0.329083
0.324471
0.308844
0.285987
0.262197
0.0535396
0.0205184
-0.00400304
-0.0181546
-0.0217548
-0.0135518
0.0064332
0.0368511
0.0754313
0.119248
0.164954
0.209027
0.248032
0.278894
0.299185
0.307451
0.303666
0.289187
0.264414
0.231423
0.0816255
0.0359448
0.00545421
-0.0106828
-0.0150802
-0.00741317
0.0118222
0.0410331
0.0779399
0.119769
0.163406
0.205582
0.243072
0.272914
0.292621
0.300451
0.295873
0.279321
0.248447
0.202709
0.100734
0.0416765
0.00403632
-0.0149453
-0.0202752
-0.0124515
0.00750771
0.0376385
0.0754873
0.118253
0.162871
0.206134
0.244835
0.275922
0.296662
0.304863
0.299421
0.279937
0.241715
0.182399
0.106188
0.0334834
-0.0116132
-0.0333627
-0.0389593
-0.0296832
-0.00712269
0.0262885
0.0678023
0.114462
0.163123
0.210507
0.253282
0.288163
0.312012
0.322058
0.31654
0.29424
0.248299
0.174975
0.0939301
0.00717009
-0.0452577
-0.0689987
-0.0734772
-0.0608201
-0.0332779
0.00614453
0.054309
0.108018
0.163967
0.218726
0.268748
0.310405
0.340028
0.354116
0.350109
0.325869
0.272283
0.184334
0.0596301
-0.0418509
-0.101093
-0.125302
-0.126469
-0.107776
-0.072292
-0.0237077
0.034378
0.098492
0.165154
0.230771
0.291558
0.343482
0.38223
0.403404
0.403423
0.378958
0.318227
0.214734
-0.00203869
-0.119166
-0.184204
-0.206419
-0.201076
-0.172792
-0.125694
-0.0642907
0.00732147
0.085423
0.166423
0.24664
0.322105
0.388387
0.440455
0.472811
0.48054
0.458639
0.391838
0.271598
-0.0980999
-0.231971
-0.300936
-0.317324
-0.300878
-0.258265
-0.194997
-0.116534
-0.027447
0.0684159
0.167525
0.266297
0.360744
0.446149
0.516744
0.565736
0.586447
0.571468
0.50065
0.362308
-0.238218
-0.389869
-0.459317
-0.46386
-0.429683
-0.366409
-0.281326
-0.180932
-0.0701476
0.0473053
0.168274
0.28961
0.407635
0.517597
0.613112
0.685952
0.727177
0.72591
0.654922
0.497277
-0.4363
-0.606087
-0.669576
-0.652673
-0.591121
-0.498701
-0.384855
-0.257061
-0.120265
0.022389
0.168634
0.316291
0.46252
0.603032
0.731173
0.837325
0.909826
0.932944
0.86895
0.691724
-0.713582
-0.8994
-0.944701
-0.890866
-0.787853
-0.654984
-0.503988
-0.342915
-0.176072
-0.005283
0.168819
0.345787
0.524418
0.701703
0.871477
1.0232
1.14232
1.2067
1.16313
0.968974
-1.10504
-1.29728
-1.30074
-1.18488
-1.02002
-0.831986
-0.634162
-0.43404
-0.234065
-0.0336158
0.169332
0.377061
0.591085
0.810924
1.0323
1.24505
1.43243
1.56486
1.5672
1.3672
-1.67261
-1.84051
-1.75571
-1.53746
-1.28215
-1.02083
-0.766129
-0.522485
-0.288418
-0.0592877
0.170837
0.408119
0.658101
0.924543
1.20734
1.4995
1.78482
2.02754
2.12493
1.95306
-2.52804
-2.58723
-2.32553
-1.94252
-1.55887
-1.20424
-0.884444
-0.596188
-0.330901
-0.0779598
0.173767
0.435415
0.717881
1.03122
1.38288
1.77418
2.19596
2.6132
2.89777
2.84434
-3.873
-3.61305
-3.0165
-2.38086
-1.82324
-1.35641
-0.968441
-0.640396
-0.35226
-0.0853318
0.177707
0.453627
0.75966
1.11425
1.53689
2.04545
2.64948
3.33064
3.96435
4.24909
-6.15941
-5.01373
-3.78644
-2.79027
-2.01928
-1.43416
-0.988417
-0.636626
-0.34254
-0.0781324
0.179935
0.453517
0.76597
1.14533
1.62783
2.259
3.0847
4.13978
5.42507
6.62751
-10.5695
-6.84899
-4.35763
-2.91496
-1.96811
-1.32305
-0.875105
-0.545547
-0.282406
-0.051595
0.172436
0.412778
0.695025
1.05334
1.53993
2.23475
3.24505
4.76455
7.34526
11.1677
-17.9825
-8.6112
-4.15441
-2.37805
-1.46163
-0.918358
-0.578358
-0.344496
-0.16342
-0.00553094
0.148968
0.317273
0.519132
0.783956
1.16479
1.76026
2.7477
4.62118
9.19196
18.678
)
;

boundaryField
{
    movingWall
    {
        type            zeroGradient;
    }
    fixedWalls
    {
        type            zeroGradient;
    }
    frontAndBack
    {
        type            empty;
    }
}


// ************************************************************************* //
