/*--------------------------------*- C++ -*----------------------------------*\
  =========                 |
  \\      /  F ield         | OpenFOAM: The Open Source CFD Toolbox
   \\    /   O peration     | Website:  https://openfoam.org
    \\  /    A nd           | Version:  6
     \\/     M anipulation  |
\*---------------------------------------------------------------------------*/
FoamFile
{
    version     2.0;
    format      ascii;
    class       volScalarField;
    location    "0.08";
    object      p;
}
// * * * * * * * * * * * * * * * * * * * * * * * * * * * * * * * * * * * * * //

dimensions      [0 2 -2 0 0 0 0];

internalField   nonuniform List<scalar> 
400
(
3.14228e-08
-0.000783254
-0.00148957
-0.00173476
-0.0013839
-0.000411787
0.00114306
0.00320512
0.00567629
0.00843968
0.0113588
0.014277
0.01702
0.0194048
0.0212555
0.0224306
0.0228595
0.0225837
0.0218
0.0209666
0.000777301
-3.01962e-05
-0.000555152
-0.000632716
-0.000223915
0.000695409
0.00210674
0.00395621
0.00616531
0.00863408
0.0112417
0.0138484
0.0162998
0.0184374
0.0201136
0.0212157
0.0216961
0.0215927
0.0209984
0.0201449
0.00152907
0.000444656
-0.000128351
-0.000175306
0.000241564
0.00112774
0.00246672
0.00421279
0.00629854
0.00863529
0.0111125
0.0135992
0.0159488
0.0180089
0.0196364
0.020719
0.0212059
0.0211153
0.0204456
0.0192945
0.00188843
0.000463409
-0.000256582
-0.000343794
5.8235e-05
0.000934146
0.00226226
0.00399794
0.00607918
0.00842374
0.0109261
0.0134573
0.0158681
0.0179984
0.0196913
0.0208163
0.0213034
0.0211473
0.0202797
0.0187446
0.00167859
-7.85578e-05
-0.000964053
-0.00110621
-0.000713744
0.000180355
0.00154875
0.00334629
0.00551427
0.00797469
0.0106241
0.013331
0.0159371
0.0182647
0.020131
0.0213738
0.0218932
0.0216588
0.0205526
0.018608
0.000779433
-0.0013128
-0.00237056
-0.00256477
-0.00216264
-0.00121297
0.00025151
0.00218484
0.0045312
0.00721613
0.0101372
0.0131577
0.0161053
0.0187763
0.0209493
0.0224152
0.0230298
0.022729
0.0213474
0.0189313
-0.000914719
-0.00337315
-0.00461311
-0.00484837
-0.00440884
-0.00336032
-0.00174113
0.000402358
0.00301828
0.00603726
0.00935911
0.0128425
0.0162985
0.0194901
0.022144
0.0239834
0.0247973
0.0244675
0.0227617
0.0197472
-0.00352555
-0.0064111
-0.00784876
-0.00810812
-0.00759751
-0.0064044
-0.00457363
-0.00215075
0.000819226
0.00427624
0.00812752
0.0122318
0.0163859
0.0203161
0.0236826
0.0261148
0.0272984
0.0270219
0.024935
0.0211148
-0.00721683
-0.01062
-0.0122749
-0.0125339
-0.0119124
-0.0105281
-0.00843403
-0.00567291
-0.00227807
0.00170705
0.00620677
0.0110914
0.0161539
0.021088
0.0254774
0.028825
0.0306595
0.0306049
0.0280926
0.023167
-0.0122189
-0.0162584
-0.018146
-0.0183639
-0.0175798
-0.0159548
-0.0135518
-0.0104082
-0.00653929
-0.00196207
0.00327967
0.00908776
0.015275
0.0215223
0.0273396
0.0320718
0.035017
0.0355171
0.0326022
0.0261794
-0.0188615
-0.0236792
-0.0257912
-0.0258901
-0.0248644
-0.0229359
-0.0201791
-0.0166226
-0.0122576
-0.00706347
-0.00103371
0.00579437
0.0132944
0.0211814
0.0289242
0.0356978
0.0404845
0.0421643
0.0390538
0.0306913
-0.0276289
-0.0333732
-0.0356345
-0.035456
-0.0340489
-0.0317164
-0.028543
-0.0245451
-0.0196842
-0.0138935
-0.00709809
0.000761509
0.00967961
0.0194886
0.0297042
0.0393753
0.0471039
0.0510673
0.0483708
0.0377169
-0.0392635
-0.046039
-0.0482131
-0.0474334
-0.0453821
-0.0424589
-0.0387493
-0.0342505
-0.028892
-0.0225573
-0.0150899
-0.00629969
0.00399958
0.0158782
0.0290615
0.0426267
0.0548265
0.0628793
0.0619732
0.0491198
-0.0549761
-0.0626939
-0.0641779
-0.0621513
-0.0589635
-0.0550993
-0.0506151
-0.0454734
-0.0395675
-0.0327317
-0.0247241
-0.0152001
-0.00371773
0.0101667
0.026621
0.0450599
0.0636321
0.0784763
0.0820472
0.068288
-0.0768972
-0.0848428
-0.0842159
-0.0797018
-0.0745053
-0.0690944
-0.063418
-0.0573646
-0.0507717
-0.0434168
-0.0349691
-0.0249202
-0.012535
0.0031087
0.0228639
0.046927
0.0739126
0.0991812
0.111926
0.101201
-0.108994
-0.114673
-0.108786
-0.0995499
-0.090937
-0.0830691
-0.0756149
-0.0682904
-0.0608118
-0.0528577
-0.0439837
-0.0335067
-0.0203911
-0.00319851
0.0197655
0.0499205
0.0871894
0.127164
0.156395
0.15753
-0.159033
-0.155139
-0.137638
-0.120088
-0.106048
-0.0945941
-0.0847877
-0.0759446
-0.0674999
-0.058927
-0.0496017
-0.0386315
-0.0246737
-0.00577985
0.0206336
0.057493
0.106846
0.166194
0.222442
0.252268
-0.245646
-0.209483
-0.168012
-0.137368
-0.11579
-0.0999888
-0.0878548
-0.0778566
-0.0688708
-0.0600242
-0.050443
-0.0389952
-0.0240247
-0.00307075
0.0273941
0.0720496
0.135843
0.220783
0.322242
0.416017
-0.422899
-0.277357
-0.18469
-0.137745
-0.110171
-0.0923269
-0.0802757
-0.0712561
-0.0634275
-0.0555999
-0.0467537
-0.0356461
-0.0204621
0.00160326
0.0349219
0.0862041
0.164894
0.283511
0.467035
0.714917
-0.761929
-0.337453
-0.15726
-0.101944
-0.0788047
-0.0664908
-0.0599433
-0.0557593
-0.0518241
-0.0470367
-0.0405938
-0.0314893
-0.0181488
0.00201188
0.0333322
0.083509
0.167289
0.315713
0.611891
1.15188
)
;

boundaryField
{
    movingWall
    {
        type            zeroGradient;
    }
    fixedWalls
    {
        type            zeroGradient;
    }
    frontAndBack
    {
        type            empty;
    }
}


// ************************************************************************* //
