/*--------------------------------*- C++ -*----------------------------------*\
  =========                 |
  \\      /  F ield         | OpenFOAM: The Open Source CFD Toolbox
   \\    /   O peration     | Website:  https://openfoam.org
    \\  /    A nd           | Version:  6
     \\/     M anipulation  |
\*---------------------------------------------------------------------------*/
FoamFile
{
    version     2.0;
    format      ascii;
    class       volVectorField;
    location    "0.08";
    object      U;
}
// * * * * * * * * * * * * * * * * * * * * * * * * * * * * * * * * * * * * * //

dimensions      [0 1 -1 0 0 0 0];

internalField   nonuniform List<vector> 
400
(
(8.65118e-05 -8.6287e-05 0)
(-0.000225791 0.000226705 0)
(-0.00138691 0.000508915 0)
(-0.00308937 0.000660398 0)
(-0.00501285 0.000703358 0)
(-0.00692522 0.000669917 0)
(-0.00866128 0.000584835 0)
(-0.0101045 0.00046433 0)
(-0.0111711 0.00031772 0)
(-0.0117979 0.000150506 0)
(-0.0119374 -3.25012e-05 0)
(-0.011559 -0.000224554 0)
(-0.0106564 -0.000414804 0)
(-0.0092601 -0.000586585 0)
(-0.00745237 -0.000716453 0)
(-0.0053823 -0.000774797 0)
(-0.00327405 -0.000729149 0)
(-0.00142545 -0.000550185 0)
(-0.000199475 -0.000231621 0)
(0.000104373 9.99698e-05 0)
(-0.000217281 0.000212423 0)
(-0.00163738 0.00163233 0)
(-0.00472839 0.0028168 0)
(-0.00883976 0.00347502 0)
(-0.0133619 0.00365864 0)
(-0.0178288 0.00347682 0)
(-0.0218761 0.0030293 0)
(-0.0252305 0.00239073 0)
(-0.0276909 0.00161138 0)
(-0.0291094 0.000726744 0)
(-0.0293817 -0.000230605 0)
(-0.0284496 -0.00121994 0)
(-0.0263153 -0.00218304 0)
(-0.0230645 -0.00303732 0)
(-0.0188939 -0.00367363 0)
(-0.0141358 -0.00396238 0)
(-0.00926216 -0.00377281 0)
(-0.00486032 -0.00300742 0)
(-0.00162237 -0.00167735 0)
(-0.00019402 -0.000174392 0)
(-0.000519675 0.00137572 0)
(-0.00297397 0.00475797 0)
(-0.00772163 0.00736558 0)
(-0.0137384 0.0088099 0)
(-0.020207 0.00918078 0)
(-0.0265302 0.00869066 0)
(-0.0322289 0.00755255 0)
(-0.036935 0.00593774 0)
(-0.0403753 0.003971 0)
(-0.0423486 0.00174691 0)
(-0.0427144 -0.000646203 0)
(-0.0413962 -0.00310216 0)
(-0.0383999 -0.00547609 0)
(-0.033842 -0.0075699 0)
(-0.0279865 -0.00912958 0)
(-0.021275 -0.00986304 0)
(-0.0143272 -0.00948815 0)
(-0.00790589 -0.00781525 0)
(-0.002949 -0.00488741 0)
(-0.000484308 -0.00130905 0)
(-0.000744267 0.00321673 0)
(-0.00405652 0.00924832 0)
(-0.0102387 0.0135977 0)
(-0.0178825 0.0159349 0)
(-0.0259677 0.0164526 0)
(-0.0337958 0.0155024 0)
(-0.0408137 0.0134357 0)
(-0.0465971 0.01054 0)
(-0.0508304 0.00703027 0)
(-0.0532784 0.00307337 0)
(-0.0537725 -0.00117428 0)
(-0.0522137 -0.00552678 0)
(-0.0485942 -0.00973342 0)
(-0.0430336 -0.013454 0)
(-0.0358255 -0.0162548 0)
(-0.0274808 -0.0176399 0)
(-0.0187343 -0.0171323 0)
(-0.0105124 -0.0144087 0)
(-0.00401908 -0.00949545 0)
(-0.000689681 -0.00310066 0)
(-0.000921094 0.0055754 0)
(-0.00498081 0.0148705 0)
(-0.0124733 0.0212435 0)
(-0.0216185 0.0245408 0)
(-0.0311875 0.0251422 0)
(-0.0403851 0.0235886 0)
(-0.0486016 0.0203993 0)
(-0.0553772 0.0159936 0)
(-0.0603714 0.0106837 0)
(-0.0633251 0.00471045 0)
(-0.0640408 -0.00170183 0)
(-0.0623852 -0.00828616 0)
(-0.0583137 -0.014679 0)
(-0.0519176 -0.0203803 0)
(-0.0434881 -0.0247444 0)
(-0.0335818 -0.027023 0)
(-0.0230474 -0.026483 0)
(-0.0130065 -0.0225998 0)
(-0.00498339 -0.0153158 0)
(-0.000850838 -0.00539364 0)
(-0.00108599 0.00839279 0)
(-0.0058776 0.0215633 0)
(-0.0146842 0.0302659 0)
(-0.0253485 0.034603 0)
(-0.0364198 0.0352277 0)
(-0.0470039 0.0329331 0)
(-0.0564426 0.0284434 0)
(-0.0642544 0.0223274 0)
(-0.0700862 0.0149978 0)
(-0.0736605 0.006763 0)
(-0.0747471 -0.00209516 0)
(-0.0731613 -0.0112385 0)
(-0.0687927 -0.0201925 0)
(-0.061666 -0.0282827 0)
(-0.0520307 -0.0346112 0)
(-0.0404648 -0.0381079 0)
(-0.0279377 -0.0376894 0)
(-0.0158178 -0.0325292 0)
(-0.00604356 -0.0224115 0)
(-0.00101645 -0.00816669 0)
(-0.001269 0.0116857 0)
(-0.00686922 0.0293843 0)
(-0.017123 0.0407508 0)
(-0.0294526 0.0462161 0)
(-0.0421609 0.0468007 0)
(-0.054251 0.0436245 0)
(-0.0650256 0.0376631 0)
(-0.0739966 0.0296547 0)
(-0.0808123 0.0201119 0)
(-0.0851852 0.00939706 0)
(-0.0868487 -0.00217344 0)
(-0.0855488 -0.0142136 0)
(-0.0810738 -0.0261521 0)
(-0.0733304 -0.0371319 0)
(-0.0624692 -0.0459566 0)
(-0.049044 -0.0511386 0)
(-0.0341395 -0.0511042 0)
(-0.0194315 -0.0445713 0)
(-0.00742033 -0.0310618 0)
(-0.00123416 -0.0115154 0)
(-0.00149625 0.0155343 0)
(-0.0080666 0.0385032 0)
(-0.0200186 0.0528983 0)
(-0.0342639 0.059572 0)
(-0.0488201 0.0600301 0)
(-0.0625877 0.0558132 0)
(-0.0748474 0.0482044 0)
(-0.0851276 0.0381346 0)
(-0.0931014 0.0262127 0)
(-0.0984876 0.0128313 0)
(-0.100987 -0.00169513 0)
(-0.100263 -0.0169749 0)
(-0.0959602 -0.0323752 0)
(-0.0878019 -0.046864 0)
(-0.0757514 -0.0589013 0)
(-0.0602525 -0.0664602 0)
(-0.0424602 -0.0672738 0)
(-0.0244092 -0.0593608 0)
(-0.00937403 -0.0417957 0)
(-0.00155914 -0.0156592 0)
(-0.00179395 0.0200782 0)
(-0.00957769 0.0491964 0)
(-0.0235824 0.0670096 0)
(-0.0400657 0.0749344 0)
(-0.0567076 0.0751254 0)
(-0.072315 0.0696654 0)
(-0.0861775 0.0602162 0)
(-0.0978789 0.0479279 0)
(-0.107155 0.0334986 0)
(-0.113762 0.017318 0)
(-0.117387 -0.000354814 0)
(-0.117605 -0.0191895 0)
(-0.113886 -0.0385586 0)
(-0.105686 -0.057296 0)
(-0.0926573 -0.073493 0)
(-0.0749854 -0.0844441 0)
(-0.0537742 -0.0869084 0)
(-0.0314194 -0.077816 0)
(-0.0122389 -0.0554447 0)
(-0.00206715 -0.0209719 0)
(-0.00219479 0.0255186 0)
(-0.0115232 0.0618413 0)
(-0.0280234 0.0834614 0)
(-0.0470937 0.0925924 0)
(-0.0660148 0.0922725 0)
(-0.083528 0.08529 0)
(-0.0989856 0.0737736 0)
(-0.112086 0.0591228 0)
(-0.122685 0.0421148 0)
(-0.130629 0.0230936 0)
(-0.135634 0.00219209 0)
(-0.137207 -0.0204169 0)
(-0.134623 -0.0442221 0)
(-0.126999 -0.0680207 0)
(-0.113522 -0.089562 0)
(-0.0938912 -0.105337 0)
(-0.0689158 -0.110774 0)
(-0.0412269 -0.101117 0)
(-0.0164559 -0.0731982 0)
(-0.00287202 -0.0280356 0)
(-0.00274775 0.032135 0)
(-0.0140579 0.0769167 0)
(-0.0335614 0.102669 0)
(-0.0555175 0.112787 0)
(-0.0767533 0.111537 0)
(-0.0960089 0.102629 0)
(-0.112786 0.0887618 0)
(-0.126984 0.0716182 0)
(-0.13866 0.0520396 0)
(-0.147825 0.0302755 0)
(-0.154296 0.00624843 0)
(-0.157572 -0.0201504 0)
(-0.156763 -0.0486881 0)
(-0.150605 -0.0783023 0)
(-0.137673 -0.106529 0)
(-0.116891 -0.129009 0)
(-0.0883577 -0.139455 0)
(-0.0545663 -0.13058 0)
(-0.0225825 -0.096631 0)
(-0.00414747 -0.0377185 0)
(-0.00353449 0.0403187 0)
(-0.0173988 0.0950047 0)
(-0.0404252 0.12502 0)
(-0.0653767 0.13559 0)
(-0.0886139 0.132711 0)
(-0.10901 0.121287 0)
(-0.126357 0.104703 0)
(-0.140869 0.0849489 0)
(-0.152905 0.0629095 0)
(-0.162739 0.0386894 0)
(-0.170389 0.011914 0)
(-0.175456 -0.0179452 0)
(-0.176986 -0.0511394 0)
(-0.17339 -0.0870175 0)
(-0.162558 -0.123182 0)
(-0.142348 -0.15457 0)
(-0.111566 -0.172894 0)
(-0.0718091 -0.167306 0)
(-0.031247 -0.12762 0)
(-0.00615417 -0.0512705 0)
(-0.00470066 0.050639 0)
(-0.021868 0.116779 0)
(-0.0488232 0.150738 0)
(-0.0764241 0.160684 0)
(-0.10068 0.155061 0)
(-0.120866 0.140285 0)
(-0.137273 0.120518 0)
(-0.150584 0.0980563 0)
(-0.161567 0.0737932 0)
(-0.170859 0.0476386 0)
(-0.178789 0.0188498 0)
(-0.185213 -0.0136433 0)
(-0.189307 -0.05079 0)
(-0.189359 -0.0926948 0)
(-0.182693 -0.137496 0)
(-0.165946 -0.179884 0)
(-0.135995 -0.20966 0)
(-0.0923243 -0.211449 0)
(-0.0429925 -0.168007 0)
(-0.00926758 -0.0704162 0)
(-0.00651775 0.0639666 0)
(-0.0279595 0.142946 0)
(-0.0588392 0.179602 0)
(-0.0877841 0.186978 0)
(-0.110887 0.176939 0)
(-0.128322 0.157708 0)
(-0.141202 0.134236 0)
(-0.150842 0.109051 0)
(-0.158511 0.0829816 0)
(-0.165261 0.055694 0)
(-0.171815 0.0260424 0)
(-0.178432 -0.00764308 0)
(-0.18468 -0.0471617 0)
(-0.189102 -0.0937143 0)
(-0.188864 -0.146596 0)
(-0.179595 -0.201133 0)
(-0.155833 -0.245995 0)
(-0.113451 -0.260989 0)
(-0.0578769 -0.218761 0)
(-0.01397 -0.09737 0)
(-0.00948996 0.0816964 0)
(-0.0364053 0.174046 0)
(-0.0701094 0.210378 0)
(-0.0971908 0.211956 0)
(-0.114987 0.195224 0)
(-0.125438 0.170312 0)
(-0.130875 0.142759 0)
(-0.133387 0.115101 0)
(-0.134736 0.087951 0)
(-0.13633 0.0606721 0)
(-0.139251 0.0317344 0)
(-0.14422 -0.0010742 0)
(-0.15143 -0.0403909 0)
(-0.16017 -0.0887031 0)
(-0.168191 -0.147081 0)
(-0.170915 -0.212738 0)
(-0.160833 -0.274999 0)
(-0.129038 -0.310106 0)
(-0.0745305 -0.278403 0)
(-0.0206584 -0.134598 0)
(-0.0144427 0.106196 0)
(-0.0479867 0.209879 0)
(-0.080721 0.239699 0)
(-0.0991664 0.23066 0)
(-0.104524 0.204662 0)
(-0.101732 0.173239 0)
(-0.0946436 0.141885 0)
(-0.0860359 0.11267 0)
(-0.0779313 0.0857236 0)
(-0.0718278 0.060025 0)
(-0.0689241 0.0337448 0)
(-0.0702652 0.00434137 0)
(-0.0767304 -0.0313887 0)
(-0.088752 -0.077059 0)
(-0.105588 -0.135816 0)
(-0.123908 -0.208063 0)
(-0.135723 -0.28655 0)
(-0.127648 -0.347742 0)
(-0.0881733 -0.340773 0)
(-0.0288354 -0.184364 0)
(-0.0221454 0.141981 0)
(-0.0619327 0.24781 0)
(-0.0834619 0.259426 0)
(-0.0804642 0.233807 0)
(-0.0627875 0.197058 0)
(-0.0391815 0.160036 0)
(-0.014567 0.126836 0)
(0.00825793 0.0983069 0)
(0.0276612 0.0737577 0)
(0.0426164 0.0517387 0)
(0.0522662 0.0302884 0)
(0.0556081 0.00690179 0)
(0.0513125 -0.0216307 0)
(0.0377531 -0.0593744 0)
(0.0135016 -0.111096 0)
(-0.0211152 -0.180997 0)
(-0.0607365 -0.268362 0)
(-0.090872 -0.356709 0)
(-0.0873541 -0.391951 0)
(-0.0348009 -0.247857 0)
(-0.0300299 0.19626 0)
(-0.0683902 0.27708 0)
(-0.054025 0.251202 0)
(-0.00923221 0.205552 0)
(0.0427353 0.161517 0)
(0.0921057 0.124084 0)
(0.135451 0.0940266 0)
(0.17162 0.0703601 0)
(0.200477 0.0514805 0)
(0.222209 0.0356627 0)
(0.236822 0.0211145 0)
(0.243801 0.00582614 0)
(0.24182 -0.0127018 0)
(0.228505 -0.0378666 0)
(0.200391 -0.0745224 0)
(0.153733 -0.1294 0)
(0.087251 -0.209698 0)
(0.00850828 -0.314253 0)
(-0.0490108 -0.403307 0)
(-0.0256774 -0.315984 0)
(-0.00724112 0.252977 0)
(-0.0110661 0.261933 0)
(0.0818154 0.189975 0)
(0.184864 0.134856 0)
(0.269617 0.0960044 0)
(0.336317 0.0680968 0)
(0.388244 0.0482319 0)
(0.427968 0.0341215 0)
(0.457689 0.0238543 0)
(0.479122 0.0159273 0)
(0.493269 0.009109 0)
(0.500266 0.00224044 0)
(0.4992 -0.00599137 0)
(0.487768 -0.01739 0)
(0.461742 -0.0349051 0)
(0.414393 -0.0640702 0)
(0.335865 -0.115541 0)
(0.215041 -0.204516 0)
(0.0785018 -0.324578 0)
(0.0416954 -0.330046 0)
(0.285063 0.140298 0)
(0.365393 0.124297 0)
(0.509163 0.0786877 0)
(0.620777 0.0489133 0)
(0.690754 0.0308743 0)
(0.735965 0.01955 0)
(0.766694 0.012413 0)
(0.787839 0.00792325 0)
(0.802306 0.00503506 0)
(0.811947 0.00305524 0)
(0.817774 0.00151342 0)
(0.820078 4.84291e-05 0)
(0.81846 -0.00168512 0)
(0.811672 -0.00412548 0)
(0.797156 -0.00801622 0)
(0.769924 -0.0149906 0)
(0.719422 -0.0292345 0)
(0.618978 -0.0605339 0)
(0.450894 -0.120715 0)
(0.328873 -0.152857 0)
)
;

boundaryField
{
    movingWall
    {
        type            fixedValue;
        value           uniform (1 0 0);
    }
    fixedWalls
    {
        type            noSlip;
    }
    frontAndBack
    {
        type            empty;
    }
}


// ************************************************************************* //
