/*--------------------------------*- C++ -*----------------------------------*\
  =========                 |
  \\      /  F ield         | OpenFOAM: The Open Source CFD Toolbox
   \\    /   O peration     | Website:  https://openfoam.org
    \\  /    A nd           | Version:  6
     \\/     M anipulation  |
\*---------------------------------------------------------------------------*/
FoamFile
{
    version     2.0;
    format      ascii;
    class       volScalarField;
    location    "0.055";
    object      p;
}
// * * * * * * * * * * * * * * * * * * * * * * * * * * * * * * * * * * * * * //

dimensions      [0 2 -2 0 0 0 0];

internalField   nonuniform List<scalar> 
400
(
2.24509e-09
-0.000253433
-0.000295781
-4.1173e-05
0.000493341
0.00128384
0.00230308
0.0035185
0.00489208
0.00637992
0.00793209
0.00949323
0.0110035
0.0124002
0.0136199
0.0146018
0.0152915
0.0156454
0.0156402
0.0153778
0.00025212
-1.06189e-05
-1.95503e-05
0.000247725
0.000765162
0.00152034
0.0024938
0.00365695
0.00497424
0.00640366
0.00789698
0.00940032
0.0108554
0.0122013
0.0133767
0.0143245
0.014998
0.0153649
0.0153928
0.0151185
0.000300654
-2.6033e-05
-4.63795e-05
0.000221855
0.000735251
0.00148322
0.0024491
0.00360609
0.00492008
0.00635004
0.00784823
0.0093608
0.0108289
0.0121905
0.0133827
0.0143463
0.0150337
0.0154113
0.0154273
0.0150815
4.7503e-05
-0.000340791
-0.000382507
-0.000112786
0.000411762
0.00117922
0.00217329
0.00336757
0.00472829
0.00621441
0.00777758
0.00936249
0.0109078
0.0123475
0.0136137
0.0146408
0.0153746
0.0157744
0.0157723
0.0153555
-0.000518482
-0.000959777
-0.00101873
-0.000739062
-0.000187003
0.00062413
0.00167784
0.00294755
0.00439918
0.00599103
0.00767331
0.00938813
0.01107
0.0126468
0.0140424
0.0151807
0.0159967
0.0164397
0.0164277
0.0159451
-0.00141509
-0.00191244
-0.00198552
-0.00168518
-0.00108739
-0.000207072
0.000938815
0.00232313
0.00391117
0.00566018
0.00751847
0.00942483
0.0113083
0.0130886
0.0146776
0.0159843
0.0169277
0.0174417
0.0174275
0.0168697
-0.00267303
-0.00323785
-0.00332381
-0.00299106
-0.00232796
-0.00135169
-7.99208e-05
0.00145945
0.00323101
0.00519098
0.00728585
0.00945093
0.0116091
0.0136699
0.0155299
0.0170773
0.0182071
0.01883
0.0188219
0.018167
-0.00433712
-0.00498634
-0.00508497
-0.0047069
-0.00395752
-0.00285734
-0.00142503
0.000310669
0.00231385
0.0045403
0.00693543
0.00943192
0.0119469
0.0143787
0.0166052
0.0184867
0.0198833
0.020669
0.0206791
0.019894
-0.00646929
-0.0072252
-0.0073366
-0.00689811
-0.00603917
-0.00478525
-0.0031565
-0.00118246
0.00110094
0.00365014
0.00641124
0.00931655
0.0122795
0.0151886
0.0179004
0.0202395
0.0220163
0.0230461
0.0230956
0.0221312
-0.00915269
-0.0100442
-0.0101673
-0.00964882
-0.00865273
-0.00721203
-0.00534889
-0.00309377
-0.000481953
0.00244522
0.00563742
0.00903071
0.0125401
0.0160484
0.0193925
0.0223543
0.0246753
0.0260779
0.0262086
0.0249921
-0.0124991
-0.0135637
-0.013693
-0.0130659
-0.0118972
-0.0102309
-0.00809181
-0.00551172
-0.00252484
0.00083158
0.0045146
0.0084705
0.0126248
0.0168657
0.021019
0.0248231
0.0279299
0.0299175
0.0302184
0.0286419
-0.0166628
-0.0179481
-0.0180664
-0.0172846
-0.0158937
-0.0139525
-0.0114891
-0.00853756
-0.00513123
-0.00130196
0.00291891
0.00749627
0.0123802
0.017484
0.0226452
0.0275744
0.0318223
0.034754
0.0354219
0.033342
-0.0218688
-0.0234305
-0.0234916
-0.0224757
-0.0207883
-0.0185046
-0.0156556
-0.0122794
-0.00841066
-0.0040761
0.000707595
0.00593262
0.0115913
0.0176528
0.0240119
0.0304034
0.0363046
0.0407982
0.0422784
0.0395793
-0.0284718
-0.0303546
-0.0302444
-0.0288538
-0.0267534
-0.0240277
-0.0207075
-0.0168384
-0.012461
-0.00760062
-0.00225998
0.00358549
0.00998671
0.0170058
0.0246676
0.0328522
0.0411064
0.0482357
0.0515473
0.0484309
-0.0370861
-0.0392479
-0.0386914
-0.0366747
-0.0339777
-0.0306582
-0.0267382
-0.0222768
-0.0173293
-0.0119277
-0.00606818
0.000301459
0.00729372
0.0150888
0.0239226
0.0340283
0.045401
0.0568667
0.0642107
0.0621512
-0.0488844
-0.0509451
-0.0492865
-0.0462039
-0.0426241
-0.0384723
-0.033748
-0.0285358
-0.0229181
-0.0169453
-0.0106197
-0.00387913
0.00342639
0.0115734
0.0210332
0.0325976
0.0473244
0.0650238
0.0804032
0.0842453
-0.0663463
-0.0667719
-0.0625046
-0.0575973
-0.0526515
-0.0472618
-0.0414015
-0.0351955
-0.0287576
-0.0221553
-0.015399
-0.0084323
-0.00110593
0.0068871
0.0161792
0.0281483
0.045439
0.0705949
0.100084
0.120537
-0.0955507
-0.0882995
-0.0780289
-0.0699121
-0.0627569
-0.0555718
-0.0482507
-0.0408961
-0.0335947
-0.0263864
-0.0192597
-0.0121449
-0.00488298
0.00287383
0.0119392
0.0243054
0.044456
0.0795599
0.133369
0.190544
-0.153824
-0.11383
-0.0888976
-0.0761882
-0.0670288
-0.0585939
-0.0505218
-0.0427454
-0.0352084
-0.0278836
-0.0207314
-0.0136558
-0.00643866
0.00143709
0.0112635
0.0262335
0.0535745
0.106983
0.204479
0.338781
-0.280349
-0.131623
-0.0766705
-0.0640117
-0.0576588
-0.0512276
-0.0448929
-0.0386331
-0.0322912
-0.0258605
-0.0193757
-0.0127941
-0.00589588
0.00195023
0.0124303
0.0299323
0.0652384
0.141995
0.29797
0.557736
)
;

boundaryField
{
    movingWall
    {
        type            zeroGradient;
    }
    fixedWalls
    {
        type            zeroGradient;
    }
    frontAndBack
    {
        type            empty;
    }
}


// ************************************************************************* //
