/*--------------------------------*- C++ -*----------------------------------*\
  =========                 |
  \\      /  F ield         | OpenFOAM: The Open Source CFD Toolbox
   \\    /   O peration     | Website:  https://openfoam.org
    \\  /    A nd           | Version:  6
     \\/     M anipulation  |
\*---------------------------------------------------------------------------*/
FoamFile
{
    version     2.0;
    format      ascii;
    class       surfaceScalarField;
    location    "0.055";
    object      phi;
}
// * * * * * * * * * * * * * * * * * * * * * * * * * * * * * * * * * * * * * //

dimensions      [0 3 -1 0 0 0 0];

internalField   nonuniform List<scalar> 
760
(
-1.53652e-08
1.53651e-08
-7.24699e-08
5.71048e-08
-1.4761e-07
7.51405e-08
-2.24631e-07
7.7021e-08
-2.96389e-07
7.17579e-08
-3.59577e-07
6.31875e-08
-4.12173e-07
5.25965e-08
-4.52618e-07
4.04446e-08
-4.79603e-07
2.6985e-08
-4.92061e-07
1.24581e-08
-4.89207e-07
-2.85374e-09
-4.706e-07
-1.86071e-08
-4.36217e-07
-3.43827e-08
-3.86551e-07
-4.96662e-08
-3.22759e-07
-6.37924e-08
-2.47009e-07
-7.57492e-08
-1.63448e-07
-8.35613e-08
-8.08353e-08
-8.26127e-08
-1.76351e-08
-6.32002e-08
-1.76352e-08
-5.79528e-08
7.33179e-08
-1.83071e-07
1.82223e-07
-3.36337e-07
2.28407e-07
-4.92595e-07
2.33279e-07
-6.38394e-07
2.17557e-07
-7.66593e-07
1.91386e-07
-8.72742e-07
1.58746e-07
-9.53577e-07
1.2128e-07
-1.00654e-06
7.99509e-08
-1.02969e-06
3.56082e-08
-1.02171e-06
-1.08353e-08
-9.81996e-07
-5.83223e-08
-9.10788e-07
-1.0559e-07
-8.09362e-07
-1.51092e-07
-6.80346e-07
-1.92808e-07
-5.28421e-07
-2.27674e-07
-3.62042e-07
-2.49941e-07
-1.97143e-07
-2.47512e-07
-6.22848e-08
-1.98058e-07
-7.992e-08
-8.09167e-08
1.54235e-07
-2.44196e-07
3.45503e-07
-4.38768e-07
4.22978e-07
-6.35132e-07
4.29643e-07
-8.17647e-07
4.00071e-07
-9.77754e-07
3.51494e-07
-1.11001e-06
2.91006e-07
-1.21045e-06
2.21712e-07
-1.27599e-06
1.45489e-07
-1.30432e-06
6.3947e-08
-1.29392e-06
-2.12373e-08
-1.24408e-06
-1.08166e-07
-1.15509e-06
-1.94583e-07
-1.02847e-06
-2.77703e-07
-8.67425e-07
-3.53858e-07
-6.77604e-07
-4.17494e-07
-4.69115e-07
-4.5843e-07
-2.60604e-07
-4.56022e-07
-8.57583e-08
-3.72904e-07
-1.65678e-07
-9.26112e-08
2.46846e-07
-2.79348e-07
5.32239e-07
-5.00012e-07
6.43643e-07
-7.21278e-07
6.50909e-07
-9.26172e-07
6.04964e-07
-1.10556e-06
5.30886e-07
-1.25368e-06
4.3912e-07
-1.36629e-06
3.34328e-07
-1.44015e-06
2.19342e-07
-1.47274e-06
9.65423e-08
-1.46232e-06
-3.16567e-08
-1.40794e-06
-1.62549e-07
-1.30963e-06
-2.92895e-07
-1.16871e-06
-4.18623e-07
-9.88307e-07
-5.3426e-07
-7.74366e-07
-6.31436e-07
-5.37867e-07
-6.94929e-07
-2.99599e-07
-6.9429e-07
-9.83602e-08
-5.74143e-07
-2.64039e-07
-1.02065e-07
3.48911e-07
-3.09061e-07
7.39234e-07
-5.53101e-07
8.87684e-07
-7.96914e-07
8.94721e-07
-1.02206e-06
8.30107e-07
-1.21892e-06
7.27754e-07
-1.38159e-06
6.01787e-07
-1.50578e-06
4.58518e-07
-1.58816e-06
3.01723e-07
-1.62609e-06
1.34466e-07
-1.61751e-06
-4.02363e-08
-1.56103e-06
-2.19026e-07
-1.45611e-06
-3.97813e-07
-1.30346e-06
-5.71276e-07
-1.10572e-06
-7.31997e-07
-8.68807e-07
-8.68349e-07
-6.04615e-07
-9.59121e-07
-3.36695e-07
-9.6221e-07
-1.09902e-07
-8.00936e-07
-3.73941e-07
-1.13322e-07
4.62234e-07
-3.43756e-07
9.69668e-07
-6.14919e-07
1.15885e-06
-8.84956e-07
1.16476e-06
-1.13361e-06
1.07877e-06
-1.35075e-06
9.44888e-07
-1.53037e-06
7.8141e-07
-1.66829e-06
5.9644e-07
-1.76123e-06
3.94656e-07
-1.80641e-06
1.79646e-07
-1.80142e-06
-4.52217e-08
-1.74422e-06
-2.76231e-07
-1.63331e-06
-5.08714e-07
-1.46833e-06
-7.36262e-07
-1.25093e-06
-9.49398e-07
-9.86645e-07
-1.13263e-06
-6.88429e-07
-1.25734e-06
-3.83546e-07
-1.26709e-06
-1.24751e-07
-1.05973e-06
-4.98691e-07
-1.28066e-07
5.90299e-07
-3.88268e-07
1.22987e-06
-6.93439e-07
1.46402e-06
-9.96026e-07
1.46735e-06
-1.27356e-06
1.3563e-06
-1.51536e-06
1.18668e-06
-1.71554e-06
9.81591e-07
-1.87023e-06
7.51127e-07
-1.97638e-06
5.0081e-07
-2.03123e-06
2.34498e-07
-2.03197e-06
-4.44804e-08
-1.97566e-06
-3.3254e-07
-1.85944e-06
-6.24941e-07
-1.68114e-06
-9.14558e-07
-1.44067e-06
-1.18987e-06
-1.1425e-06
-1.4308e-06
-8.0052e-07
-1.59931e-06
-4.46863e-07
-1.62075e-06
-1.45106e-07
-1.36149e-06
-6.43798e-07
-1.47367e-07
7.37666e-07
-4.45707e-07
1.52821e-06
-7.93677e-07
1.81199e-06
-1.13648e-06
1.81015e-06
-1.44902e-06
1.66885e-06
-1.72022e-06
1.45788e-06
-1.94466e-06
1.20604e-06
-2.11921e-06
9.25675e-07
-2.24144e-06
6.23033e-07
-2.30881e-06
3.01873e-07
-2.31818e-06
-3.51071e-08
-2.26551e-06
-3.85213e-07
-2.14597e-06
-7.4448e-07
-1.95468e-06
-1.10585e-06
-1.68845e-06
-1.45611e-06
-1.34934e-06
-1.76991e-06
-9.51537e-07
-1.99712e-06
-5.33204e-07
-2.03908e-06
-1.7308e-07
-1.72161e-06
-8.16877e-07
-1.72472e-07
9.10138e-07
-5.1947e-07
1.87521e-06
-9.2081e-07
2.21333e-06
-1.31243e-06
2.20177e-06
-1.66629e-06
2.02271e-06
-1.9713e-06
1.76289e-06
-2.2232e-06
1.45794e-06
-2.42025e-06
1.12272e-06
-2.56125e-06
7.64037e-07
-2.64439e-06
3.85014e-07
-2.66639e-06
-1.31099e-08
-2.62195e-06
-4.29652e-07
-2.50364e-06
-8.6279e-07
-2.30251e-06
-1.30697e-06
-2.01024e-06
-1.74838e-06
-1.62398e-06
-2.15616e-06
-1.15629e-06
-2.46481e-06
-6.5223e-07
-2.54314e-06
-2.11935e-07
-2.16191e-06
-1.02881e-06
-2.05309e-07
1.11545e-06
-6.14461e-07
2.28436e-06
-1.08189e-06
2.68076e-06
-1.53172e-06
2.6516e-06
-1.93288e-06
2.42386e-06
-2.27511e-06
2.10512e-06
-2.5564e-06
1.73923e-06
-2.7775e-06
1.34382e-06
-2.93942e-06
9.25949e-07
-3.04179e-06
4.87388e-07
-3.0817e-06
2.68053e-08
-3.05269e-06
-4.58667e-07
-2.94409e-06
-9.71392e-07
-2.74124e-06
-1.50981e-06
-2.42763e-06
-2.062e-06
-1.99115e-06
-2.59264e-06
-1.43837e-06
-3.0176e-06
-8.20492e-07
-3.16102e-06
-2.67685e-07
-2.71471e-06
-1.2965e-06
-2.49113e-07
1.36456e-06
-7.38392e-07
2.77364e-06
-1.28737e-06
3.22974e-06
-1.8053e-06
3.16953e-06
-2.25856e-06
2.87712e-06
-2.63937e-06
2.48594e-06
-2.94969e-06
2.04955e-06
-3.19437e-06
1.5885e-06
-3.37798e-06
1.10956e-06
-3.50281e-06
6.12217e-07
-3.56723e-06
9.12261e-08
-3.56412e-06
-4.61776e-07
-3.47937e-06
-1.05614e-06
-3.29094e-06
-1.69825e-06
-2.97004e-06
-2.38289e-06
-2.4882e-06
-3.07448e-06
-1.83686e-06
-3.66893e-06
-1.06807e-06
-3.92981e-06
-3.52411e-07
-3.43038e-06
-1.64891e-06
-3.09566e-07
1.67413e-06
-9.03818e-07
3.36789e-06
-1.55314e-06
3.87906e-06
-2.14866e-06
3.76505e-06
-2.6561e-06
3.38456e-06
-3.07306e-06
2.9029e-06
-3.40809e-06
2.38457e-06
-3.67232e-06
1.85274e-06
-3.87577e-06
1.313e-06
-4.02501e-06
7.61453e-07
-4.12122e-06
1.87442e-07
-4.15801e-06
-4.24991e-07
-4.11857e-06
-1.09558e-06
-3.97263e-06
-1.84419e-06
-3.67471e-06
-2.68081e-06
-3.16941e-06
-3.57978e-06
-2.41589e-06
-4.42245e-06
-1.45052e-06
-4.89518e-06
-4.91659e-07
-4.38924e-06
-2.14057e-06
-3.9704e-07
2.07117e-06
-1.13155e-06
4.1024e-06
-1.90323e-06
4.65074e-06
-2.58309e-06
4.44491e-06
-3.141e-06
3.94246e-06
-3.58481e-06
3.3467e-06
-3.93343e-06
2.73319e-06
-4.20713e-06
2.12644e-06
-4.42359e-06
1.52946e-06
-4.5957e-06
9.3356e-07
-4.72967e-06
3.21408e-07
-4.82237e-06
-3.32284e-07
-4.85709e-06
-1.06086e-06
-4.79693e-06
-1.90435e-06
-4.57708e-06
-2.90066e-06
-4.10243e-06
-4.05444e-06
-3.27118e-06
-5.2537e-06
-2.06495e-06
-6.1014e-06
-7.38334e-07
-5.71586e-06
-2.8789e-06
-5.30961e-07
2.60213e-06
-1.45584e-06
5.02728e-06
-2.37197e-06
5.56688e-06
-3.1337e-06
5.20664e-06
-3.72571e-06
4.53447e-06
-4.174e-06
3.79499e-06
-4.51293e-06
3.07213e-06
-4.77515e-06
2.38867e-06
-4.98825e-06
1.74256e-06
-5.17343e-06
1.11874e-06
-5.34445e-06
4.92426e-07
-5.50526e-06
-1.71469e-07
-5.64471e-06
-9.21416e-07
-5.72584e-06
-1.82322e-06
-5.66822e-06
-2.95828e-06
-5.32794e-06
-4.39472e-06
-4.50421e-06
-6.07743e-06
-3.04911e-06
-7.55649e-06
-1.18773e-06
-7.57724e-06
-4.06664e-06
-7.47489e-07
3.34962e-06
-1.9291e-06
6.20889e-06
-2.99745e-06
6.63523e-06
-3.81078e-06
6.01997e-06
-4.39075e-06
5.11444e-06
-4.79361e-06
4.19785e-06
-5.07539e-06
3.35391e-06
-5.28414e-06
2.59742e-06
-5.45862e-06
1.91704e-06
-5.62913e-06
1.28925e-06
-5.81844e-06
6.81728e-07
-6.04117e-06
5.12648e-08
-6.29912e-06
-6.63461e-07
-6.56777e-06
-1.55457e-06
-6.76701e-06
-2.75904e-06
-6.71302e-06
-4.44871e-06
-6.07934e-06
-6.71111e-06
-4.48548e-06
-9.15036e-06
-1.95954e-06
-1.01032e-05
-6.02617e-06
-1.10905e-06
4.45867e-06
-2.61072e-06
7.71055e-06
-3.77202e-06
7.79654e-06
-4.5256e-06
6.77355e-06
-4.97353e-06
5.56237e-06
-5.21926e-06
4.44358e-06
-5.3464e-06
3.48104e-06
-5.41896e-06
2.66998e-06
-5.48472e-06
1.9828e-06
-5.57985e-06
1.38438e-06
-5.7334e-06
8.35285e-07
-5.97015e-06
2.88011e-07
-6.30922e-06
-3.24394e-07
-6.75247e-06
-1.11132e-06
-7.24969e-06
-2.26182e-06
-7.62322e-06
-4.07517e-06
-7.45768e-06
-6.87665e-06
-6.08059e-06
-1.05275e-05
-3.05809e-06
-1.31257e-05
-9.08427e-06
-1.70303e-06
6.1617e-06
-3.46891e-06
9.47643e-06
-4.42905e-06
8.75668e-06
-4.79299e-06
7.13749e-06
-4.81895e-06
5.58833e-06
-4.673e-06
4.29763e-06
-4.46169e-06
3.26974e-06
-4.25433e-06
2.46261e-06
-4.09539e-06
1.82387e-06
-4.01488e-06
1.30387e-06
-4.03705e-06
8.57448e-07
-4.18713e-06
4.38094e-07
-4.49559e-06
-1.59321e-08
-4.99567e-06
-6.11243e-07
-5.70045e-06
-1.55703e-06
-6.52832e-06
-3.2473e-06
-7.13205e-06
-6.27292e-06
-6.66924e-06
-1.09903e-05
-4.0219e-06
-1.5773e-05
-1.31062e-05
-2.5755e-06
8.7372e-06
-3.9042e-06
1.08051e-05
-3.69555e-06
8.54803e-06
-2.88714e-06
6.32908e-06
-1.94625e-06
4.64744e-06
-1.04554e-06
3.39692e-06
-2.55698e-07
2.47989e-06
3.93163e-07
1.81375e-06
8.92504e-07
1.32453e-06
1.24253e-06
9.53847e-07
1.44245e-06
6.57529e-07
1.48293e-06
3.97614e-07
1.33775e-06
1.2925e-07
9.52145e-07
-2.25643e-07
2.32066e-07
-8.36954e-07
-9.35384e-07
-2.07985e-06
-2.53128e-06
-4.67703e-06
-3.96854e-06
-9.55301e-06
-3.53948e-06
-1.62021e-05
-1.66456e-05
-2.79688e-06
1.15341e-05
-5.92147e-07
8.60039e-06
2.81357e-06
5.14232e-06
5.72503e-06
3.41761e-06
8.01625e-06
2.35623e-06
9.79938e-06
1.61379e-06
1.11712e-05
1.10803e-06
1.22123e-05
7.727e-07
1.29895e-05
5.47302e-07
1.35537e-05
3.89688e-07
1.39384e-05
2.72841e-07
1.41586e-05
1.77336e-07
1.42041e-05
8.37417e-08
1.40182e-05
-3.96973e-08
1.3449e-05
-2.67794e-07
1.21694e-05
-8.00218e-07
9.65047e-06
-2.15809e-06
5.49055e-06
-5.39309e-06
7.79627e-07
-1.14911e-05
-1.5866e-05
1.15341e-05
2.01345e-05
2.52768e-05
2.86944e-05
3.10506e-05
3.26644e-05
3.37724e-05
3.45451e-05
3.50925e-05
3.54821e-05
3.5755e-05
3.59323e-05
3.60161e-05
3.59764e-05
3.57086e-05
3.49083e-05
3.27503e-05
2.73572e-05
1.5866e-05
)
;

boundaryField
{
    movingWall
    {
        type            calculated;
        value           uniform 0;
    }
    fixedWalls
    {
        type            calculated;
        value           uniform 0;
    }
    frontAndBack
    {
        type            empty;
        value           nonuniform 0();
    }
}


// ************************************************************************* //
