/*--------------------------------*- C++ -*----------------------------------*\
  =========                 |
  \\      /  F ield         | OpenFOAM: The Open Source CFD Toolbox
   \\    /   O peration     | Website:  https://openfoam.org
    \\  /    A nd           | Version:  6
     \\/     M anipulation  |
\*---------------------------------------------------------------------------*/
FoamFile
{
    version     2.0;
    format      ascii;
    class       volVectorField;
    location    "0.055";
    object      U;
}
// * * * * * * * * * * * * * * * * * * * * * * * * * * * * * * * * * * * * * //

dimensions      [0 1 -1 0 0 0 0];

internalField   nonuniform List<vector> 
400
(
(-9.88058e-05 9.68354e-05 0)
(-0.000786568 0.000454995 0)
(-0.00216021 0.000615367 0)
(-0.00372991 0.000633176 0)
(-0.00523895 0.000590003 0)
(-0.00659829 0.000520475 0)
(-0.00776285 0.000435101 0)
(-0.00869855 0.000337093 0)
(-0.00937697 0.000228103 0)
(-0.0097744 0.000109846 0)
(-0.00987217 -1.54898e-05 0)
(-0.00965784 -0.000145123 0)
(-0.00912651 -0.000275594 0)
(-0.00828248 -0.000402656 0)
(-0.00714158 -0.000520881 0)
(-0.00573496 -0.000622047 0)
(-0.00411714 -0.000689441 0)
(-0.00240169 -0.00068132 0)
(-0.000887428 -0.000509503 0)
(-0.000117717 -0.00011718 0)
(-0.00046353 0.000783642 0)
(-0.00221969 0.002183 0)
(-0.00511635 0.00279071 0)
(-0.00831337 0.00285858 0)
(-0.0113778 0.00266701 0)
(-0.0141396 0.00234878 0)
(-0.0164985 0.00195272 0)
(-0.0183802 0.00149768 0)
(-0.019727 0.000994448 0)
(-0.0204942 0.000452799 0)
(-0.0206491 -0.000116302 0)
(-0.0201721 -0.00069987 0)
(-0.019059 -0.00128225 0)
(-0.0173241 -0.00184429 0)
(-0.015005 -0.00236117 0)
(-0.0121714 -0.0027952 0)
(-0.00893807 -0.00307426 0)
(-0.00551333 -0.00303971 0)
(-0.00239396 -0.00238933 0)
(-0.000500108 -0.000867416 0)
(-0.000662154 0.00220526 0)
(-0.00301377 0.00513414 0)
(-0.00673936 0.00634935 0)
(-0.010776 0.00646816 0)
(-0.014618 0.0060296 0)
(-0.0180713 0.00530205 0)
(-0.0210144 0.00439415 0)
(-0.0233559 0.00335238 0)
(-0.0250265 0.00220448 0)
(-0.0259726 0.000974632 0)
(-0.0261558 -0.000311601 0)
(-0.0255532 -0.00162498 0)
(-0.0241601 -0.00293074 0)
(-0.0219934 -0.00418624 0)
(-0.0190986 -0.00533573 0)
(-0.01556 -0.00629489 0)
(-0.0115157 -0.00690792 0)
(-0.00720548 -0.00685458 0)
(-0.00321395 -0.00555355 0)
(-0.000702409 -0.0023809 0)
(-0.0007576 0.0039687 0)
(-0.00345094 0.00868827 0)
(-0.00769653 0.0105629 0)
(-0.0122596 0.0107056 0)
(-0.0165792 0.00996081 0)
(-0.020451 0.00874713 0)
(-0.0237469 0.00723854 0)
(-0.0263698 0.00551223 0)
(-0.0282461 0.00361517 0)
(-0.0293186 0.00158746 0)
(-0.029545 -0.000529685 0)
(-0.0288978 -0.00268983 0)
(-0.027367 -0.00483776 0)
(-0.0249644 -0.00690493 0)
(-0.0217323 -0.00880057 0)
(-0.0177568 -0.0103871 0)
(-0.0131842 -0.0114139 0)
(-0.00827563 -0.0113773 0)
(-0.00369446 -0.00936315 0)
(-0.00080432 -0.00424821 0)
(-0.000832102 0.00591702 0)
(-0.00381286 0.0126251 0)
(-0.00851738 0.0152074 0)
(-0.0135555 0.0153536 0)
(-0.0183074 0.014259 0)
(-0.0225575 0.0125082 0)
(-0.026174 0.0103449 0)
(-0.0290583 0.00787826 0)
(-0.0311359 0.00517438 0)
(-0.0323478 0.00228822 0)
(-0.0326473 -0.000725119 0)
(-0.0319995 -0.00380407 0)
(-0.030384 -0.00687452 0)
(-0.0278003 -0.0098422 0)
(-0.0242787 -0.0125788 0)
(-0.0198989 -0.0148866 0)
(-0.014812 -0.0164065 0)
(-0.00930719 -0.0164229 0)
(-0.00414407 -0.0136313 0)
(-0.000894654 -0.00632753 0)
(-0.000922572 0.00806043 0)
(-0.0042389 0.0169769 0)
(-0.00947408 0.0203336 0)
(-0.0150642 0.0204677 0)
(-0.0203188 0.0189762 0)
(-0.0250075 0.0166312 0)
(-0.0289958 0.0137542 0)
(-0.0321865 0.0104884 0)
(-0.0345067 0.00691852 0)
(-0.0358974 0.00311195 0)
(-0.0363074 -0.000866148 0)
(-0.0356915 -0.00494342 0)
(-0.0340131 -0.00903076 0)
(-0.0312506 -0.0130099 0)
(-0.0274122 -0.0167122 0)
(-0.0225617 -0.0198696 0)
(-0.0168513 -0.0219912 0)
(-0.0106072 -0.0221061 0)
(-0.00471675 -0.0184481 0)
(-0.00101265 -0.00865673 0)
(-0.0010434 0.0104591 0)
(-0.00479127 0.0218522 0)
(-0.0106953 0.0260629 0)
(-0.0169742 0.0261637 0)
(-0.0228492 0.0242136 0)
(-0.0280734 0.0212015 0)
(-0.0325126 0.0175377 0)
(-0.0360748 0.0134029 0)
(-0.038694 0.00889967 0)
(-0.0403141 0.00410363 0)
(-0.0408805 -0.000916135 0)
(-0.0403354 -0.00608403 0)
(-0.0386193 -0.0113032 0)
(-0.0356779 -0.0164363 0)
(-0.0314822 -0.0212728 0)
(-0.0260639 -0.0254604 0)
(-0.0195657 -0.028343 0)
(-0.0123568 -0.0286307 0)
(-0.00549733 -0.0239982 0)
(-0.00117649 -0.0113301 0)
(-0.00120366 0.0131941 0)
(-0.0055101 0.0273991 0)
(-0.0122639 0.0325537 0)
(-0.019402 0.0325835 0)
(-0.0260359 0.0300889 0)
(-0.0319029 0.0263133 0)
(-0.0368753 0.0217711 0)
(-0.0408753 0.0166853 0)
(-0.0438513 0.0111742 0)
(-0.0457571 0.005316 0)
(-0.0465377 -0.000825998 0)
(-0.0461216 -0.00718499 0)
(-0.0444184 -0.0136694 0)
(-0.0413263 -0.0201331 0)
(-0.0367553 -0.0263265 0)
(-0.0306769 -0.0317982 0)
(-0.0231995 -0.0356802 0)
(-0.0147326 -0.0362704 0)
(-0.00656914 -0.0305406 0)
(-0.00140325 -0.0144768 0)
(-0.00141459 0.0163676 0)
(-0.00644103 0.0338043 0)
(-0.014268 0.0399988 0)
(-0.0224646 0.0398907 0)
(-0.0300062 0.0367285 0)
(-0.0366204 0.0320608 0)
(-0.0421988 0.0265261 0)
(-0.0466916 0.020395 0)
(-0.0500754 0.0137991 0)
(-0.0523249 0.0068102 0)
(-0.0533918 -0.000528032 0)
(-0.0531921 -0.008176 0)
(-0.0515973 -0.0160687 0)
(-0.0484385 -0.0240724 0)
(-0.0435307 -0.0319105 0)
(-0.0367375 -0.0390211 0)
(-0.0280819 -0.0442644 0)
(-0.0179893 -0.0453873 0)
(-0.00805917 -0.0384351 0)
(-0.0017203 -0.018275 0)
(-0.00169458 0.0201117 0)
(-0.00765259 0.0413041 0)
(-0.016832 0.0486296 0)
(-0.0263169 0.0482666 0)
(-0.034918 0.0442583 0)
(-0.042368 0.0385261 0)
(-0.0486006 0.0318578 0)
(-0.0536164 0.0245773 0)
(-0.057441 0.016825 0)
(-0.0600872 0.00865416 0)
(-0.0615269 6.95257e-05 0)
(-0.0616695 -0.00894287 0)
(-0.0603445 -0.018378 0)
(-0.0572943 -0.0281518 0)
(-0.0521935 -0.0379934 0)
(-0.0447217 -0.0472337 0)
(-0.0347186 -0.0543918 0)
(-0.0225492 -0.0564618 0)
(-0.0101948 -0.0482001 0)
(-0.0021805 -0.0229877 0)
(-0.00207597 0.0246077 0)
(-0.00925665 0.0502066 0)
(-0.020146 0.058726 0)
(-0.0311824 0.0579068 0)
(-0.0409845 0.0527917 0)
(-0.0493232 0.0457631 0)
(-0.0562118 0.0377877 0)
(-0.0617353 0.0292477 0)
(-0.0659981 0.0202846 0)
(-0.0690768 0.0109167 0)
(-0.0709844 0.00108518 0)
(-0.0716394 -0.00931258 0)
(-0.0708341 -0.0203797 0)
(-0.0682067 -0.0321444 0)
(-0.0632373 -0.0444095 0)
(-0.0553112 -0.0564423 0)
(-0.0439094 -0.0663636 0)
(-0.0291475 -0.0701334 0)
(-0.0134137 -0.0606198 0)
(-0.0028961 -0.0290416 0)
(-0.00261848 0.0301217 0)
(-0.0114431 0.0609308 0)
(-0.0245098 0.0706307 0)
(-0.0373894 0.0690124 0)
(-0.0484963 0.0624077 0)
(-0.057706 0.0537711 0)
(-0.0651713 0.0442779 0)
(-0.0711097 0.0343687 0)
(-0.0757443 0.0241732 0)
(-0.0792497 0.0136541 0)
(-0.0817118 0.00265994 0)
(-0.0830878 -0.00904204 0)
(-0.0831568 -0.0217262 0)
(-0.0814576 -0.0356274 0)
(-0.0772321 -0.0507496 0)
(-0.0694313 -0.0664253 0)
(-0.0568895 -0.0803937 0)
(-0.0390662 -0.0872367 0)
(-0.0185877 -0.0769437 0)
(-0.00411941 -0.0372125 0)
(-0.00343692 0.0370729 0)
(-0.014543 0.0740666 0)
(-0.0303995 0.0847578 0)
(-0.0454128 0.0817631 0)
(-0.0578308 0.0731097 0)
(-0.0677588 0.0624506 0)
(-0.0755808 0.0511891 0)
(-0.0817107 0.0398117 0)
(-0.0865389 0.0284148 0)
(-0.0903789 0.0168804 0)
(-0.0934303 0.00493552 0)
(-0.0957367 -0.00782412 0)
(-0.0971198 -0.0219142 0)
(-0.0970709 -0.0379011 0)
(-0.0946016 -0.0561993 0)
(-0.0880997 -0.0764945 0)
(-0.0753447 -0.0963713 0)
(-0.054376 -0.108748 0)
(-0.0273897 -0.0991906 0)
(-0.00640721 -0.0490354 0)
(-0.00475819 0.0461671 0)
(-0.0191406 0.0904602 0)
(-0.0385513 0.101574 0)
(-0.0558784 0.0962433 0)
(-0.0693718 0.0847386 0)
(-0.0795971 0.071521 0)
(-0.0872994 0.0582068 0)
(-0.0931664 0.045291 0)
(-0.0978062 0.0327995 0)
(-0.101711 0.0205047 0)
(-0.105234 0.00798969 0)
(-0.108568 -0.00534789 0)
(-0.111669 -0.0203198 0)
(-0.114111 -0.0379564 0)
(-0.114805 -0.0593709 0)
(-0.11157 -0.085124 0)
(-0.100695 -0.113304 0)
(-0.0776205 -0.135293 0)
(-0.0425302 -0.130235 0)
(-0.0108416 -0.0674239 0)
(-0.00702798 0.058661 0)
(-0.0262338 0.111312 0)
(-0.0499665 0.121487 0)
(-0.0693107 0.112254 0)
(-0.0830256 0.0967824 0)
(-0.0925392 0.0803478 0)
(-0.0991267 0.0646888 0)
(-0.103827 0.0502254 0)
(-0.107504 0.0368507 0)
(-0.110839 0.024191 0)
(-0.114361 0.0116746 0)
(-0.118452 -0.00149167 0)
(-0.12331 -0.0164183 0)
(-0.128793 -0.0346802 0)
(-0.134025 -0.0583916 0)
(-0.136568 -0.0897308 0)
(-0.131081 -0.12858 0)
(-0.109209 -0.165994 0)
(-0.0665519 -0.173162 0)
(-0.0189396 -0.0973136 0)
(-0.0110669 0.0768896 0)
(-0.0373118 0.138142 0)
(-0.0653503 0.14438 0)
(-0.0847747 0.128748 0)
(-0.0962255 0.107831 0)
(-0.10265 0.0874653 0)
(-0.106019 0.0692688 0)
(-0.10776 0.0534136 0)
(-0.10896 0.0395449 0)
(-0.110434 0.0270848 0)
(-0.112816 0.015306 0)
(-0.116639 0.00327427 0)
(-0.122368 -0.0103385 0)
(-0.130316 -0.0276061 0)
(-0.140267 -0.0518219 0)
(-0.150312 -0.0875703 0)
(-0.154339 -0.138447 0)
(-0.140267 -0.198162 0)
(-0.0965225 -0.23071 0)
(-0.0309185 -0.147111 0)
(-0.0181497 0.105302 0)
(-0.0536278 0.171673 0)
(-0.0820194 0.167448 0)
(-0.0945874 0.141659 0)
(-0.0973044 0.113826 0)
(-0.0953838 0.0893077 0)
(-0.0914035 0.0689986 0)
(-0.0869732 0.0524731 0)
(-0.0831626 0.038934 0)
(-0.0806679 0.0275226 0)
(-0.0799966 0.0173695 0)
(-0.0816232 0.00749171 0)
(-0.0861078 -0.00348171 0)
(-0.0941673 -0.017882 0)
(-0.10656 -0.0400083 0)
(-0.123116 -0.0772141 0)
(-0.139549 -0.138758 0)
(-0.143142 -0.225727 0)
(-0.11424 -0.300491 0)
(-0.0400577 -0.227721 0)
(-0.0291212 0.151967 0)
(-0.0713314 0.206228 0)
(-0.0809271 0.177579 0)
(-0.0676026 0.138607 0)
(-0.0484053 0.105301 0)
(-0.0294083 0.0790508 0)
(-0.0123051 0.0590343 0)
(0.00213045 0.0439335 0)
(0.0135946 0.0324148 0)
(0.0220587 0.0233624 0)
(0.0275508 0.0158616 0)
(0.0299917 0.00904363 0)
(0.0290439 0.00178757 0)
(0.0238872 -0.00791681 0)
(0.0128738 -0.0243279 0)
(-0.00654799 -0.0562446 0)
(-0.0357607 -0.118539 0)
(-0.0683865 -0.224562 0)
(-0.0796357 -0.348393 0)
(-0.0236708 -0.324018 0)
(-0.0302059 0.221351 0)
(-0.0452112 0.216247 0)
(0.0191472 0.149528 0)
(0.0871038 0.104544 0)
(0.140079 0.0743045 0)
(0.180432 0.0527357 0)
(0.21151 0.0375044 0)
(0.235269 0.0269186 0)
(0.253156 0.0194887 0)
(0.266346 0.0141044 0)
(0.275685 0.00999986 0)
(0.281656 0.00659263 0)
(0.284305 0.00327681 0)
(0.282974 -0.000949752 0)
(0.275604 -0.00839656 0)
(0.25737 -0.0249421 0)
(0.219427 -0.0646862 0)
(0.152378 -0.152183 0)
(0.0716012 -0.291152 0)
(0.0673998 -0.339223 0)
(0.262553 0.135407 0)
(0.326544 0.119967 0)
(0.447074 0.0791973 0)
(0.542129 0.051928 0)
(0.601982 0.0345813 0)
(0.640281 0.0229765 0)
(0.666309 0.015227 0)
(0.684483 0.0101799 0)
(0.697295 0.00692849 0)
(0.706396 0.00480919 0)
(0.71284 0.00338007 0)
(0.717217 0.00234986 0)
(0.719717 0.00149715 0)
(0.719987 0.000569833 0)
(0.716573 -0.000923857 0)
(0.705404 -0.00423677 0)
(0.676586 -0.0129279 0)
(0.609879 -0.0355639 0)
(0.468279 -0.0930689 0)
(0.351566 -0.144492 0)
)
;

boundaryField
{
    movingWall
    {
        type            fixedValue;
        value           uniform (1 0 0);
    }
    fixedWalls
    {
        type            noSlip;
    }
    frontAndBack
    {
        type            empty;
    }
}


// ************************************************************************* //
