/*--------------------------------*- C++ -*----------------------------------*\
  =========                 |
  \\      /  F ield         | OpenFOAM: The Open Source CFD Toolbox
   \\    /   O peration     | Website:  https://openfoam.org
    \\  /    A nd           | Version:  6
     \\/     M anipulation  |
\*---------------------------------------------------------------------------*/
FoamFile
{
    version     2.0;
    format      ascii;
    class       volScalarField;
    location    "0.055";
    object      p;
}
// * * * * * * * * * * * * * * * * * * * * * * * * * * * * * * * * * * * * * //

dimensions      [0 2 -2 0 0 0 0];

internalField   nonuniform List<scalar> 
400
(
1.83123e-08
-0.00075584
-0.00131465
-0.00132379
-0.00069614
0.000559528
0.00238393
0.00469061
0.00737768
0.0103302
0.0134196
0.0165034
0.019427
0.022028
0.0241457
0.0256373
0.0264058
0.026437
0.0258492
0.02505
0.000749897
-2.93191e-05
-0.000430316
-0.000311898
0.000335887
0.00151663
0.00319646
0.00531029
0.0077725
0.0104804
0.0133157
0.0161459
0.0188284
0.0212165
0.0231701
0.0245715
0.025352
0.0255103
0.0250835
0.0242612
0.00134855
0.000322259
-0.000121445
1.8209e-05
0.000664984
0.00181255
0.00343281
0.00546878
0.00784333
0.0104612
0.01321
0.015962
0.0185782
0.0209153
0.0228356
0.0242232
0.0250099
0.0251825
0.0246953
0.0236077
0.00145349
0.00014159
-0.000421487
-0.000309062
0.000335759
0.00149164
0.00312748
0.00518686
0.00759549
0.0102611
0.0130727
0.0159019
0.0186062
0.021035
0.0230399
0.0244904
0.0253033
0.0254456
0.0248113
0.0234076
0.000932143
-0.000645639
-0.00133494
-0.00125134
-0.000588733
0.000618369
0.0023341
0.00450009
0.00704217
0.0098683
0.0128661
0.0159025
0.0188258
0.0214708
0.0236684
0.0252632
0.0261477
0.0262665
0.0254698
0.023752
-0.000300979
-0.00214621
-0.00296243
-0.00289467
-0.00218212
-0.00087204
0.000993882
0.00335382
0.00613214
0.00923551
0.0125482
0.0159298
0.0192149
0.0222167
0.0247354
0.0265787
0.0276033
0.0277248
0.0267521
0.0246863
-0.00232724
-0.00447389
-0.00542361
-0.00535166
-0.00454819
-0.00307564
-0.00098317
0.00166279
0.00478465
0.00828762
0.0120525
0.0159305
0.0197398
0.0232655
0.0262662
0.0284971
0.0297615
0.0299303
0.0287569
0.0262553
-0.00525151
-0.00776468
-0.00886109
-0.00875871
-0.00781524
-0.00611413
-0.00371446
-0.000688016
0.00288636
0.0069142
0.0112751
0.015814
0.0203326
0.0245838
0.0282733
0.0310829
0.0327358
0.0330284
0.0316199
0.0285309
-0.00922429
-0.0122006
-0.0134617
-0.0132934
-0.0121505
-0.0101469
-0.0073552
-0.00385282
0.000282117
0.00495939
0.0100631
0.0154382
0.0208754
0.0260962
0.0307436
0.0344014
0.0366722
0.0372252
0.0355491
0.0316394
-0.0144626
-0.018033
-0.0194748
-0.019187
-0.0177674
-0.0153756
-0.0121012
-0.0080274
-0.00322858
0.00221549
0.00820279
0.0145911
0.0211745
0.0276538
0.0336078
0.0384963
0.0417471
0.0428135
0.0408702
0.0358048
-0.0212822
-0.0256144
-0.0272346
-0.0267355
-0.0249304
-0.0220431
-0.0181844
-0.013443
-0.00788566
-0.00157422
0.00541634
0.012977
0.0209322
0.0289917
0.0366884
0.043345
0.0481482
0.0501992
0.0481017
0.0414382
-0.0301584
-0.035449
-0.037189
-0.0363111
-0.0339523
-0.0304223
-0.0258546
-0.0203422
-0.0139414
-0.0066888
0.00138252
0.0102239
0.0197337
0.0296884
0.0396346
0.0487834
0.0560273
0.0599221
0.0580688
0.0493264
-0.0418455
-0.0482759
-0.0499352
-0.0483627
-0.045174
-0.0407795
-0.0353291
-0.0289174
-0.0215892
-0.0133523
-0.00418495
0.00595435
0.017095
0.029174
0.041876
0.0544169
0.0654137
0.0726534
0.0720741
0.0610055
-0.0576196
-0.0652028
-0.0662467
-0.0633807
-0.0588924
-0.0532769
-0.0466753
-0.039177
-0.0308155
-0.0215706
-0.0113595
-2.61754e-05
0.0126492
0.0268843
0.0427048
0.0596013
0.0761269
0.0891648
0.0921366
0.0794656
-0.0797747
-0.0879056
-0.0870304
-0.0817418
-0.0751564
-0.0677428
-0.0595698
-0.0506999
-0.0411495
-0.0308688
-0.0197115
-0.00739461
0.00653415
0.0226853
0.0416748
0.0637121
0.0878434
0.110293
0.121259
0.110283
-0.112577
-0.118846
-0.113076
-0.103306
-0.0933204
-0.0832317
-0.0728978
-0.0622901
-0.0513663
-0.0400191
-0.0280217
-0.0149551
-0.000119019
0.0175499
0.0394586
0.0670445
0.100758
0.137162
0.163602
0.162853
-0.164158
-0.161275
-0.144441
-0.126749
-0.111395
-0.0974783
-0.0843725
-0.071766
-0.0594186
-0.0470721
-0.0343601
-0.0206954
-0.00511736
0.0139041
0.0386558
0.0721617
0.117206
0.172501
0.225516
0.252319
-0.253201
-0.218369
-0.17814
-0.147719
-0.124814
-0.10626
-0.0904048
-0.0762033
-0.0629323
-0.0500357
-0.0369343
-0.022833
-0.00648836
0.0141196
0.0422204
0.0826432
0.141242
0.221582
0.319786
0.41044
-0.432892
-0.288814
-0.197812
-0.151374
-0.122508
-0.101767
-0.0857483
-0.0722391
-0.0598503
-0.0477501
-0.0352414
-0.0214321
-0.00491479
0.0166904
0.047465
0.0942334
0.167265
0.280705
0.460775
0.706016
-0.773062
-0.350167
-0.172096
-0.117782
-0.0937178
-0.0786896
-0.0681685
-0.0593338
-0.0505771
-0.0412073
-0.0307739
-0.0186226
-0.00356285
0.0165959
0.0459086
0.0921247
0.170646
0.313867
0.606222
1.14369
)
;

boundaryField
{
    movingWall
    {
        type            zeroGradient;
    }
    fixedWalls
    {
        type            zeroGradient;
    }
    frontAndBack
    {
        type            empty;
    }
}


// ************************************************************************* //
