/*--------------------------------*- C++ -*----------------------------------*\
  =========                 |
  \\      /  F ield         | OpenFOAM: The Open Source CFD Toolbox
   \\    /   O peration     | Website:  https://openfoam.org
    \\  /    A nd           | Version:  6
     \\/     M anipulation  |
\*---------------------------------------------------------------------------*/
FoamFile
{
    version     2.0;
    format      ascii;
    class       volScalarField;
    location    "0.015";
    object      p;
}
// * * * * * * * * * * * * * * * * * * * * * * * * * * * * * * * * * * * * * //

dimensions      [0 2 -2 0 0 0 0];

internalField   nonuniform List<scalar> 
400
(
8.7349e-09
-2.07252e-05
0.000524931
0.00165348
0.00330547
0.00542683
0.00795442
0.0108141
0.0139228
0.0171907
0.0205233
0.0238229
0.0269915
0.0299328
0.032555
0.0347735
0.0365145
0.0377142
0.0383049
0.0383003
1.65332e-05
-1.2895e-05
0.000544348
0.00167614
0.00332416
0.00543952
0.00796087
0.0108146
0.013918
0.0171815
0.0205104
0.0238073
0.0269739
0.029914
0.0325353
0.0347534
0.0364953
0.0377016
0.0383054
0.0382923
-0.00053355
-0.00058877
-1.86464e-05
0.00114698
0.0028429
0.00501932
0.00761342
0.0105497
0.0137434
0.0171028
0.0205312
0.0239286
0.0271942
0.0302287
0.0329368
0.0352303
0.0370332
0.0382833
0.0389054
0.038867
-0.0017008
-0.00177354
-0.00117406
6.05297e-05
0.00185729
0.00416231
0.00690858
0.0100162
0.0133961
0.0169522
0.0205832
0.0241848
0.027651
0.0308767
0.0337602
0.0362066
0.0381326
0.0394691
0.0401306
0.040077
-0.00349741
-0.00358234
-0.00293266
-0.00159073
0.000361451
0.00286358
0.00584199
0.00920996
0.0128718
0.016725
0.0206621
0.0245718
0.0283411
0.0318565
0.035007
0.0376869
0.0398022
0.0412729
0.0420006
0.041939
-0.00597603
-0.00607265
-0.00534995
-0.00385723
-0.00168887
0.00108559
0.00438291
0.0081069
0.012153
0.0164104
0.0207636
0.025093
0.0292764
0.0331895
0.0367085
0.0397134
0.0420942
0.0437552
0.04458
0.0445133
-0.0092152
-0.00932469
-0.00850253
-0.0068084
-0.00435418
-0.00122259
0.00248995
0.00667474
0.011216
0.0159932
0.0208813
0.0257517
0.0304711
0.0349025
0.0389062
0.0423426
0.0450801
0.047
0.0479597
0.0478899
-0.0133197
-0.0134438
-0.0124899
-0.0105332
-0.00771085
-0.00412426
0.000112239
0.00487392
0.0100316
0.0154537
0.0210056
0.026549
0.0319395
0.0370259
0.041649
0.0456445
0.0488509
0.0511167
0.0522601
0.0521902
-0.0184269
-0.0185676
-0.01744
-0.0151442
-0.0118533
-0.00769602
-0.00281073
0.00265772
0.00856476
0.0147673
0.021122
0.0274822
0.0336937
0.0395905
0.0449919
0.0497025
0.0535208
0.0562471
0.0576412
0.0575763
-0.0247162
-0.0248749
-0.0235166
-0.0207808
-0.0168951
-0.0120271
-0.0063476
-2.6226e-05
0.00677546
0.0139039
0.0212097
0.0285417
0.035739
0.0426234
0.0489917
0.0546118
0.0592286
0.0625728
0.064314
0.0642644
-0.0324247
-0.0326001
-0.0309279
-0.0276142
-0.0229693
-0.0172173
-0.010572
-0.00323291
0.00462096
0.0128286
0.0212401
0.0297063
0.0380675
0.0461393
0.0536989
0.0604733
0.0661387
0.0703251
0.07256
0.072547
-0.0418721
-0.0420556
-0.0399406
-0.0358515
-0.030227
-0.023372
-0.0155564
-0.00701425
0.00205964
0.011503
0.0211744
0.0309384
0.0406489
0.0501282
0.0591432
0.0673818
0.074437
0.0797963
0.0827608
0.0828314
-0.0535077
-0.0536688
-0.050899
-0.0457399
-0.0388317
-0.0305922
-0.0213611
-0.0114094
-0.000941768
0.00988874
0.0209633
0.0321774
0.0434179
0.0545356
0.0653091
0.0754012
0.0843167
0.0913505
0.0954443
0.09571
-0.0679997
-0.0680464
-0.0642501
-0.0575666
-0.0489467
-0.0389568
-0.0280164
-0.0164288
-0.00439633
0.00795473
0.0205482
0.0333335
0.0462585
0.059236
0.0720962
0.0845177
0.0959391
0.105424
0.111361
0.112109
-0.086423
-0.0860843
-0.0805722
-0.0716455
-0.0607058
-0.0484898
-0.0354923
-0.0220305
-0.00827889
0.00568902
0.0198662
0.0342844
0.0489871
0.0639963
0.0792587
0.0945537
0.109345
0.122497
0.131615
0.133619
-0.110648
-0.109145
-0.100589
-0.0882779
-0.074161
-0.0591098
-0.0436566
-0.0280868
-0.0125018
0.0031161
0.0188611
0.0348774
0.0513405
0.0684358
0.0863169
0.105014
0.124245
0.142907
0.157692
0.162975
-0.144276
-0.139358
-0.125219
-0.107729
-0.0892183
-0.0705579
-0.052214
-0.0343387
-0.0168801
0.000326013
0.0175103
0.0349542
0.0529907
0.0720123
0.0924737
0.11486
0.139542
0.166072
0.190773
0.204612
-0.196253
-0.180193
-0.155407
-0.129859
-0.105231
-0.0820634
-0.0604665
-0.0402304
-0.0210106
-0.00242499
0.0159242
0.0344628
0.0536791
0.0741783
0.0967671
0.122567
0.153074
0.189855
0.232797
0.271715
-0.292561
-0.234031
-0.186691
-0.150001
-0.118478
-0.0908566
-0.0664404
-0.0443825
-0.0239297
-0.00446247
0.0145646
0.0336867
0.0535028
0.0747889
0.0987055
0.127189
0.163648
0.214849
0.296183
0.40999
-0.474553
-0.283732
-0.196403
-0.154162
-0.121077
-0.0922996
-0.0673147
-0.0450211
-0.0244618
-0.00495388
0.0140658
0.0331411
0.052885
0.0741297
0.0982668
0.128136
0.170456
0.241506
0.382345
0.641315
)
;

boundaryField
{
    movingWall
    {
        type            zeroGradient;
    }
    fixedWalls
    {
        type            zeroGradient;
    }
    frontAndBack
    {
        type            empty;
    }
}


// ************************************************************************* //
