/*--------------------------------*- C++ -*----------------------------------*\
  =========                 |
  \\      /  F ield         | OpenFOAM: The Open Source CFD Toolbox
   \\    /   O peration     | Website:  https://openfoam.org
    \\  /    A nd           | Version:  6
     \\/     M anipulation  |
\*---------------------------------------------------------------------------*/
FoamFile
{
    version     2.0;
    format      ascii;
    class       volVectorField;
    location    "0.045";
    object      U;
}
// * * * * * * * * * * * * * * * * * * * * * * * * * * * * * * * * * * * * * //

dimensions      [0 1 -1 0 0 0 0];

internalField   nonuniform List<vector> 
400
(
(0.000258036 -0.000254362 0)
(0.000162072 0.000104713 0)
(-0.0011413 0.000564681 0)
(-0.00345154 0.000894668 0)
(-0.00637462 0.00106185 0)
(-0.00950146 0.00107792 0)
(-0.0124625 0.000967607 0)
(-0.0149528 0.000759944 0)
(-0.0167425 0.000483921 0)
(-0.0176781 0.000167263 0)
(-0.0176825 -0.000163308 0)
(-0.0167541 -0.00048127 0)
(-0.0149674 -0.000759424 0)
(-0.0124748 -0.00096924 0)
(-0.00950722 -0.00108086 0)
(-0.00637242 -0.00106469 0)
(-0.00344351 -0.000896004 0)
(-0.00113221 -0.00056389 0)
(0.000167735 -0.000102648 0)
(0.000259596 0.000255472 0)
(-6.53038e-05 -0.000192019 0)
(-0.00156547 0.00161235 0)
(-0.00562115 0.00361183 0)
(-0.0116622 0.00506735 0)
(-0.0188879 0.00580118 0)
(-0.0264622 0.00581826 0)
(-0.0335816 0.0052046 0)
(-0.0395538 0.00408562 0)
(-0.0438422 0.00260179 0)
(-0.0460829 0.000897548 0)
(-0.0460912 -0.000882111 0)
(-0.0438641 -0.00259167 0)
(-0.0395814 -0.00408419 0)
(-0.0336051 -0.00521193 0)
(-0.0264736 -0.00583091 0)
(-0.0188842 -0.0058134 0)
(-0.0116471 -0.00507343 0)
(-0.00560319 -0.00360914 0)
(-0.00155353 -0.00160389 0)
(-6.17448e-05 0.000197678 0)
(-0.000510313 0.00103303 0)
(-0.00364757 0.00566187 0)
(-0.0104979 0.0102121 0)
(-0.0199306 0.0134781 0)
(-0.0307798 0.0150701 0)
(-0.0419257 0.0149608 0)
(-0.0522871 0.0133221 0)
(-0.0609239 0.0104365 0)
(-0.067103 0.00663935 0)
(-0.0703254 0.00228751 0)
(-0.0703372 -0.00225415 0)
(-0.0671346 -0.00661758 0)
(-0.0609649 -0.0104338 0)
(-0.0523242 -0.0133387 0)
(-0.0419474 -0.0149894 0)
(-0.0307809 -0.0150982 0)
(-0.0199145 -0.013493 0)
(-0.0104754 -0.0102077 0)
(-0.00363126 -0.00564351 0)
(-0.000505116 -0.00101886 0)
(-0.000904337 0.00337427 0)
(-0.00561771 0.0121022 0)
(-0.0152163 0.0199186 0)
(-0.0278964 0.0253353 0)
(-0.0420815 0.027818 0)
(-0.0563942 0.0273459 0)
(-0.0695409 0.0242149 0)
(-0.0804119 0.0189087 0)
(-0.0881502 0.0120073 0)
(-0.0921757 0.00413339 0)
(-0.0921943 -0.00407346 0)
(-0.0882005 -0.0119672 0)
(-0.08048 -0.0189014 0)
(-0.0696082 -0.0242416 0)
(-0.0564434 -0.0273949 0)
(-0.0421027 -0.0278686 0)
(-0.0278906 -0.0253655 0)
(-0.0151955 -0.0199158 0)
(-0.0055991 -0.0120731 0)
(-0.000897678 -0.00334887 0)
(-0.00125227 0.00671955 0)
(-0.00747124 0.0208064 0)
(-0.0197756 0.0325566 0)
(-0.0356422 0.0403591 0)
(-0.053037 0.0436532 0)
(-0.0703164 0.0425103 0)
(-0.0860013 0.0374155 0)
(-0.0988589 0.0291041 0)
(-0.107959 0.0184403 0)
(-0.11268 0.0063448 0)
(-0.112711 -0.00624113 0)
(-0.108044 -0.0183678 0)
(-0.0989794 -0.0290837 0)
(-0.0861292 -0.0374509 0)
(-0.0704244 -0.0425855 0)
(-0.0531059 -0.0437372 0)
(-0.0356674 -0.040417 0)
(-0.0197688 -0.0325651 0)
(-0.00745477 -0.0207704 0)
(-0.00124478 -0.0066817 0)
(-0.00158447 0.0110113 0)
(-0.00929722 0.0317467 0)
(-0.0243218 0.0481297 0)
(-0.0433755 0.0585373 0)
(-0.063925 0.0625126 0)
(-0.0840473 0.0603362 0)
(-0.102096 0.0527743 0)
(-0.116755 0.0408781 0)
(-0.127063 0.0258366 0)
(-0.132398 0.00888925 0)
(-0.132449 -0.00871112 0)
(-0.127207 -0.0257057 0)
(-0.116962 -0.0408278 0)
(-0.102328 -0.0528133 0)
(-0.0842592 -0.0604448 0)
(-0.0640832 -0.0626471 0)
(-0.0434641 -0.0586446 0)
(-0.0243489 -0.0481693 0)
(-0.00929099 -0.0317153 0)
(-0.00157755 -0.0109628 0)
(-0.00193145 0.016256 0)
(-0.0111985 0.0449654 0)
(-0.0290288 0.0666865 0)
(-0.0513098 0.0798775 0)
(-0.0749639 0.0843357 0)
(-0.0977855 0.0806984 0)
(-0.117992 0.0701297 0)
(-0.134231 0.0540747 0)
(-0.145568 0.0340865 0)
(-0.151419 0.0117327 0)
(-0.1515 -0.0114322 0)
(-0.145797 -0.0338561 0)
(-0.134568 -0.0539659 0)
(-0.118379 -0.0701608 0)
(-0.0981589 -0.0808476 0)
(-0.075266 -0.0845446 0)
(-0.0515062 -0.0800683 0)
(-0.0291186 -0.0667913 0)
(-0.011215 -0.0449624 0)
(-0.00192755 -0.0162036 0)
(-0.00232204 0.0225202 0)
(-0.0132755 0.060582 0)
(-0.0340585 0.0883134 0)
(-0.0596074 0.104371 0)
(-0.0862491 0.109 0)
(-0.111513 0.103382 0)
(-0.133538 0.0892251 0)
(-0.151014 0.0684563 0)
(-0.163106 0.0430263 0)
(-0.169325 0.0148226 0)
(-0.169445 -0.014333 0)
(-0.163447 -0.0426377 0)
(-0.151525 -0.0682462 0)
(-0.134139 -0.0892279 0)
(-0.112113 -0.103577 0)
(-0.08676 -0.109313 0)
(-0.0599671 -0.104693 0)
(-0.0342486 -0.0885356 0)
(-0.0133319 -0.0606475 0)
(-0.00232484 -0.0224788 0)
(-0.00278647 0.0299276 0)
(-0.0156275 0.0787877 0)
(-0.039548 0.113113 0)
(-0.0683466 0.131946 0)
(-0.0976999 0.136248 0)
(-0.124926 0.128 0)
(-0.148191 0.10963 0)
(-0.166347 0.0836389 0)
(-0.178759 0.0523955 0)
(-0.185114 0.0180721 0)
(-0.185279 -0.0173093 0)
(-0.179233 -0.0517732 0)
(-0.167066 -0.0832693 0)
(-0.149057 -0.109572 0)
(-0.125815 -0.128241 0)
(-0.0984871 -0.1367 0)
(-0.0689316 -0.13246 0)
(-0.0398838 -0.113525 0)
(-0.015746 -0.0789824 0)
(-0.00280104 -0.0299224 0)
(-0.00336409 0.0386626 0)
(-0.0183689 0.0998326 0)
(-0.0456139 0.141154 0)
(-0.0774946 0.162373 0)
(-0.108997 0.165578 0)
(-0.137347 0.153878 0)
(-0.160912 0.130634 0)
(-0.178876 0.0990112 0)
(-0.190949 0.0617856 0)
(-0.197087 0.0213408 0)
(-0.197299 -0.0202105 0)
(-0.191563 -0.0608423 0)
(-0.179819 -0.0984102 0)
(-0.162069 -0.130469 0)
(-0.138568 -0.154154 0)
(-0.110117 -0.166199 0)
(-0.0783651 -0.16315 0)
(-0.0461443 -0.141849 0)
(-0.0185759 -0.100241 0)
(-0.00339706 -0.0387321 0)
(-0.00411752 0.0489892 0)
(-0.0216568 0.124015 0)
(-0.0523586 0.172393 0)
(-0.0868653 0.19514 0)
(-0.119489 0.196083 0)
(-0.147591 0.179905 0)
(-0.170014 0.151132 0)
(-0.186508 0.113651 0)
(-0.197298 0.0705902 0)
(-0.202715 0.0244162 0)
(-0.202965 -0.0228285 0)
(-0.198027 -0.0692384 0)
(-0.187646 -0.112739 0)
(-0.171442 -0.150797 0)
(-0.149144 -0.180187 0)
(-0.120965 -0.19689 0)
(-0.0880636 -0.196248 0)
(-0.0531287 -0.173477 0)
(-0.0219812 -0.124744 0)
(-0.00417719 -0.049188 0)
(-0.00515777 0.0612991 0)
(-0.0257328 0.151666 0)
(-0.059863 0.20655 0)
(-0.0960237 0.229255 0)
(-0.128019 0.226256 0)
(-0.153761 0.204369 0)
(-0.172958 0.1695 0)
(-0.186218 0.126254 0)
(-0.194462 0.0779666 0)
(-0.198494 0.0269986 0)
(-0.198759 -0.0248917 0)
(-0.195241 -0.0761386 0)
(-0.187458 -0.124956 0)
(-0.174559 -0.168924 0)
(-0.155565 -0.2046 0)
(-0.129809 -0.227237 0)
(-0.0975498 -0.230741 0)
(-0.0609002 -0.20813 0)
(-0.0262024 -0.152844 0)
(-0.00525408 -0.0616988 0)
(-0.00668847 0.0762062 0)
(-0.0309762 0.183115 0)
(-0.0681196 0.242893 0)
(-0.104069 0.262945 0)
(-0.132617 0.253718 0)
(-0.152918 0.224768 0)
(-0.16607 0.183506 0)
(-0.173842 0.135092 0)
(-0.177989 0.0828284 0)
(-0.179834 0.0286991 0)
(-0.180072 -0.0260722 0)
(-0.178699 -0.080506 0)
(-0.175006 -0.133362 0)
(-0.167638 -0.182611 0)
(-0.154777 -0.224865 0)
(-0.134572 -0.254808 0)
(-0.105843 -0.264809 0)
(-0.0694113 -0.245048 0)
(-0.0316108 -0.184872 0)
(-0.00683263 -0.076896 0)
(-0.00907514 0.09471 0)
(-0.0379363 0.218557 0)
(-0.0767972 0.279819 0)
(-0.109151 0.293216 0)
(-0.129931 0.274903 0)
(-0.140584 0.237679 0)
(-0.144179 0.190295 0)
(-0.14386 0.138082 0)
(-0.14222 0.0839073 0)
(-0.14103 0.0290633 0)
(-0.141182 -0.0260137 0)
(-0.142691 -0.0811571 0)
(-0.144686 -0.13593 0)
(-0.145387 -0.189027 0)
(-0.142154 -0.237529 0)
(-0.131749 -0.275972 0)
(-0.110966 -0.295367 0)
(-0.0782542 -0.282555 0)
(-0.0387338 -0.220998 0)
(-0.00927809 -0.0957918 0)
(-0.0129067 0.118412 0)
(-0.0471893 0.257639 0)
(-0.0845429 0.314103 0)
(-0.107437 0.315243 0)
(-0.114225 0.284804 0)
(-0.109988 0.238794 0)
(-0.100191 0.186608 0)
(-0.0892587 0.133022 0)
(-0.0803492 0.0799397 0)
(-0.0754253 0.0276427 0)
(-0.0754265 -0.0243945 0)
(-0.0803873 -0.0769458 0)
(-0.0894282 -0.130556 0)
(-0.10062 -0.184969 0)
(-0.11079 -0.238283 0)
(-0.115429 -0.285652 0)
(-0.10891 -0.317465 0)
(-0.0859456 -0.317291 0)
(-0.0480964 -0.260792 0)
(-0.0131731 -0.119986 0)
(-0.018831 0.149825 0)
(-0.0584598 0.298447 0)
(-0.0871141 0.339576 0)
(-0.091027 0.321666 0)
(-0.0757474 0.27698 0)
(-0.0511169 0.223381 0)
(-0.0247328 0.169387 0)
(-0.00160621 0.118143 0)
(0.0152274 0.0700321 0)
(0.0241106 0.0241317 0)
(0.0243084 -0.0210347 0)
(0.0157735 -0.0671059 0)
(-0.000850422 -0.115593 0)
(-0.0239819 -0.16748 0)
(-0.0506256 -0.22245 0)
(-0.0757388 -0.277374 0)
(-0.0915801 -0.32361 0)
(-0.0880473 -0.342888 0)
(-0.0593122 -0.302173 0)
(-0.0191388 -0.15196 0)
(-0.0263683 0.193092 0)
(-0.0675834 0.335104 0)
(-0.0729632 0.344703 0)
(-0.0441039 0.301764 0)
(0.00160454 0.244049 0)
(0.0502306 0.18735 0)
(0.093829 0.136859 0)
(0.128378 0.0929554 0)
(0.152076 0.054188 0)
(0.164235 0.0185612 0)
(0.164627 -0.0160345 0)
(0.153208 -0.0517298 0)
(0.130109 -0.0906722 0)
(0.095921 -0.134934 0)
(0.052346 -0.186075 0)
(0.00334933 -0.24383 0)
(-0.0430782 -0.303023 0)
(-0.0727999 -0.347599 0)
(-0.0680096 -0.339004 0)
(-0.0266122 -0.195759 0)
(-0.0286568 0.251052 0)
(-0.0577851 0.35095 0)
(-0.0140063 0.309648 0)
(0.0632618 0.24242 0)
(0.142965 0.18031 0)
(0.212742 0.129916 0)
(0.268488 0.0905889 0)
(0.309463 0.0595743 0)
(0.336259 0.0340326 0)
(0.349667 0.0115481 0)
(0.35016 -0.00995086 0)
(0.337713 -0.0324216 0)
(0.311797 -0.0579611 0)
(0.271535 -0.0890426 0)
(0.216216 -0.12861 0)
(0.146443 -0.179577 0)
(0.0662093 -0.242757 0)
(-0.0121261 -0.311528 0)
(-0.0571583 -0.354251 0)
(-0.0285305 -0.253893 0)
(0.0139495 0.28904 0)
(0.0303833 0.302875 0)
(0.154091 0.214125 0)
(0.282774 0.142373 0)
(0.38298 0.0939715 0)
(0.457148 0.0619836 0)
(0.510518 0.0405678 0)
(0.547105 0.0255591 0)
(0.569973 0.014213 0)
(0.581129 0.00474062 0)
(0.581536 -0.00414475 0)
(0.571198 -0.0135786 0)
(0.549151 -0.0248522 0)
(0.513365 -0.03977 0)
(0.460704 -0.0611214 0)
(0.387016 -0.0931825 0)
(0.286864 -0.141998 0)
(0.157536 -0.214673 0)
(0.0325366 -0.30455 0)
(0.0149974 -0.290853 0)
(0.304909 0.147201 0)
(0.40625 0.127709 0)
(0.569525 0.0747679 0)
(0.686099 0.0418524 0)
(0.753534 0.0238645 0)
(0.794606 0.0139518 0)
(0.820891 0.00831569 0)
(0.837588 0.00490145 0)
(0.847524 0.00260796 0)
(0.852225 0.000837928 0)
(0.852352 -0.000774218 0)
(0.847919 -0.0025274 0)
(0.838287 -0.00478381 0)
(0.821952 -0.00813461 0)
(0.796099 -0.0136767 0)
(0.755514 -0.0234796 0)
(0.688573 -0.0414048 0)
(0.572185 -0.0744246 0)
(0.40821 -0.127747 0)
(0.305837 -0.147542 0)
)
;

boundaryField
{
    movingWall
    {
        type            fixedValue;
        value           uniform (1 0 0);
    }
    fixedWalls
    {
        type            noSlip;
    }
    frontAndBack
    {
        type            empty;
    }
}


// ************************************************************************* //
