/*--------------------------------*- C++ -*----------------------------------*\
  =========                 |
  \\      /  F ield         | OpenFOAM: The Open Source CFD Toolbox
   \\    /   O peration     | Website:  https://openfoam.org
    \\  /    A nd           | Version:  6
     \\/     M anipulation  |
\*---------------------------------------------------------------------------*/
FoamFile
{
    version     2.0;
    format      ascii;
    class       surfaceScalarField;
    location    "0.01";
    object      phi;
}
// * * * * * * * * * * * * * * * * * * * * * * * * * * * * * * * * * * * * * //

dimensions      [0 3 -1 0 0 0 0];

internalField   nonuniform List<scalar> 
760
(
-3.32105e-08
3.32103e-08
-9.84764e-08
6.5266e-08
-1.69352e-07
7.0876e-08
-2.36503e-07
6.71506e-08
-2.96797e-07
6.02939e-08
-3.48481e-07
5.16846e-08
-3.90222e-07
4.17406e-08
-4.2098e-07
3.07582e-08
-4.4e-07
1.90199e-08
-4.46803e-07
6.80288e-09
-4.41186e-07
-5.61733e-09
-4.23224e-07
-1.79619e-08
-3.93281e-07
-2.99424e-08
-3.52023e-07
-4.12579e-08
-3.0043e-07
-5.15929e-08
-2.39822e-07
-6.06088e-08
-1.71987e-07
-6.7835e-08
-1.00156e-07
-7.18304e-08
-3.38126e-08
-6.63437e-08
-3.38126e-08
-6.69438e-08
1.00154e-07
-1.77565e-07
1.75887e-07
-2.95383e-07
1.88695e-07
-4.07339e-07
1.79106e-07
-5.08021e-07
1.60976e-07
-5.943e-07
1.37964e-07
-6.63897e-07
1.11337e-07
-7.15087e-07
8.1948e-08
-7.46637e-07
5.05694e-08
-7.5778e-07
1.79459e-08
-7.48204e-07
-1.51931e-08
-7.18052e-07
-4.81143e-08
-6.67934e-07
-8.00602e-08
-5.9896e-07
-1.10232e-07
-5.12775e-07
-1.37778e-07
-4.11638e-07
-1.61746e-07
-2.98728e-07
-1.80745e-07
-1.79604e-07
-1.90954e-07
-6.76761e-08
-1.78272e-07
-1.01489e-07
-7.8135e-08
1.78289e-07
-2.05624e-07
3.03376e-07
-3.40317e-07
3.23387e-07
-4.67861e-07
3.0665e-07
-5.82357e-07
2.75473e-07
-6.8033e-07
2.35936e-07
-7.59252e-07
1.9026e-07
-8.17237e-07
1.39932e-07
-8.5295e-07
8.62826e-08
-8.65569e-07
3.05651e-08
-8.54757e-07
-2.6005e-08
-8.20658e-07
-8.22137e-08
-7.63916e-07
-1.36802e-07
-6.8572e-07
-1.88428e-07
-5.87865e-07
-2.35633e-07
-4.7285e-07
-2.76761e-07
-3.44217e-07
-3.09378e-07
-2.0805e-07
-3.27121e-07
-7.90772e-08
-3.07245e-07
-1.80566e-07
-8.47466e-08
2.63036e-07
-2.23744e-07
4.42374e-07
-3.70227e-07
4.69871e-07
-5.08465e-07
4.44888e-07
-6.32195e-07
3.99203e-07
-7.37792e-07
3.41533e-07
-8.22674e-07
2.75142e-07
-8.84953e-07
2.02212e-07
-9.23321e-07
1.2465e-07
-9.36973e-07
4.42172e-08
-9.25567e-07
-3.74103e-08
-8.89213e-07
-1.18568e-07
-8.28496e-07
-1.97519e-07
-7.44545e-07
-2.72379e-07
-6.39125e-07
-3.41054e-07
-5.14775e-07
-4.0111e-07
-3.7519e-07
-4.48963e-07
-2.26858e-07
-4.75454e-07
-8.59532e-08
-4.48149e-07
-2.66519e-07
-9.27816e-08
3.55817e-07
-2.4532e-07
5.94912e-07
-4.05789e-07
6.30339e-07
-5.56699e-07
5.95798e-07
-6.91238e-07
5.33742e-07
-8.05621e-07
4.55916e-07
-8.9727e-07
3.6679e-07
-9.64379e-07
2.69321e-07
-1.00574e-06
1.66011e-07
-1.02062e-06
5.90963e-08
-1.00868e-06
-4.93486e-08
-9.69967e-07
-1.57282e-07
-9.04934e-07
-2.62552e-07
-8.14552e-07
-3.62761e-07
-7.0045e-07
-4.55155e-07
-5.65135e-07
-5.36425e-07
-4.12463e-07
-6.01635e-07
-2.49529e-07
-6.38388e-07
-9.44095e-08
-6.03269e-07
-3.60929e-07
-1.03696e-07
4.59514e-07
-2.74125e-07
7.65342e-07
-4.52909e-07
8.09123e-07
-6.20266e-07
7.63154e-07
-7.68652e-07
6.82129e-07
-8.94121e-07
5.81385e-07
-9.94181e-07
4.6685e-07
-1.06723e-06
3.42368e-07
-1.11226e-06
2.11044e-07
-1.12869e-06
7.55216e-08
-1.11619e-06
-6.18402e-08
-1.07472e-06
-1.98754e-07
-1.0045e-06
-3.32771e-07
-9.06217e-07
-4.61048e-07
-7.81211e-07
-5.80161e-07
-6.31843e-07
-6.85793e-07
-4.62125e-07
-7.71353e-07
-2.79964e-07
-8.20549e-07
-1.05954e-07
-7.77278e-07
-4.66883e-07
-1.18193e-07
5.77707e-07
-3.12063e-07
9.59211e-07
-5.14532e-07
1.01159e-06
-7.02811e-07
9.51434e-07
-8.68467e-07
8.47785e-07
-1.00746e-06
7.2038e-07
-1.11758e-06
5.76963e-07
-1.1976e-06
4.22397e-07
-1.24693e-06
2.60372e-07
-1.26522e-06
9.38126e-08
-1.25223e-06
-7.48336e-08
-1.20773e-06
-2.43254e-07
-1.1316e-06
-4.08902e-07
-1.02401e-06
-5.68638e-07
-8.85785e-07
-7.18384e-07
-7.1891e-07
-8.52668e-07
-5.27445e-07
-9.62818e-07
-3.20289e-07
-1.02771e-06
-1.21378e-07
-9.7619e-07
-5.8826e-07
-1.37135e-07
7.14842e-07
-3.61296e-07
1.18337e-06
-5.93853e-07
1.24415e-06
-8.08083e-07
1.16566e-06
-9.94541e-07
1.03424e-06
-1.14932e-06
8.75156e-07
-1.2708e-06
6.9844e-07
-1.35852e-06
5.10123e-07
-1.41255e-06
3.14397e-07
-1.43297e-06
1.14238e-07
-1.41967e-06
-8.81321e-08
-1.3722e-06
-2.90724e-07
-1.28987e-06
-4.91234e-07
-1.17203e-06
-6.86481e-07
-1.01856e-06
-8.71852e-07
-8.30656e-07
-1.04057e-06
-6.12145e-07
-1.18133e-06
-3.73037e-07
-1.26681e-06
-1.4169e-07
-1.20754e-06
-7.2995e-07
-1.61833e-07
8.76675e-07
-4.24984e-07
1.44652e-06
-6.95362e-07
1.51453e-06
-9.41114e-07
1.41142e-06
-1.15179e-06
1.24492e-06
-1.32408e-06
1.04745e-06
-1.45757e-06
8.31927e-07
-1.5531e-06
6.05651e-07
-1.61182e-06
3.73114e-07
-1.63453e-06
1.36954e-07
-1.62134e-06
-1.01321e-07
-1.57149e-06
-3.40578e-07
-1.48344e-06
-5.79284e-07
-1.35524e-06
-8.14678e-07
-1.1852e-06
-1.0419e-06
-9.72969e-07
-1.2528e-06
-7.21535e-07
-1.43276e-06
-4.41969e-07
-1.54638e-06
-1.68456e-07
-1.48105e-06
-8.98406e-07
-1.94382e-07
1.07106e-06
-5.07982e-07
1.76012e-06
-8.25674e-07
1.83222e-06
-1.10898e-06
1.69472e-06
-1.34676e-06
1.48271e-06
-1.53724e-06
1.23792e-06
-1.68218e-06
9.76869e-07
-1.78459e-06
7.0806e-07
-1.84732e-06
4.3585e-07
-1.87228e-06
1.61913e-07
-1.85993e-06
-1.13677e-07
-1.80908e-06
-3.91419e-07
-1.71703e-06
-6.7134e-07
-1.57985e-06
-9.51861e-07
-1.39327e-06
-1.22847e-06
-1.1542e-06
-1.49187e-06
-8.63546e-07
-1.72341e-06
-5.32962e-07
-1.87696e-06
-2.04212e-07
-1.8098e-06
-1.10262e-06
-2.38261e-07
1.30932e-06
-6.18014e-07
2.13988e-06
-9.94785e-07
2.20899e-06
-1.32176e-06
2.02169e-06
-1.58817e-06
1.74913e-06
-1.7955e-06
1.44524e-06
-1.94934e-06
1.13071e-06
-2.05607e-06
8.14788e-07
-2.1211e-06
5.00881e-07
-2.1479e-06
1.88721e-07
-2.13751e-06
-1.24069e-07
-2.08826e-06
-4.40672e-07
-1.9958e-06
-7.63797e-07
-1.85342e-06
-1.09424e-06
-1.65288e-06
-1.42901e-06
-1.38632e-06
-1.75843e-06
-1.05032e-06
-2.05942e-06
-6.55534e-07
-2.27174e-06
-2.53273e-07
-2.21206e-06
-1.35589e-06
-2.99564e-07
1.60888e-06
-7.67813e-07
2.60812e-06
-1.21814e-06
2.65932e-06
-1.59398e-06
2.39753e-06
-1.88762e-06
2.04277e-06
-2.10695e-06
1.66458e-06
-2.26389e-06
1.28764e-06
-2.36989e-06
9.20789e-07
-2.43394e-06
5.64931e-07
-2.46166e-06
2.16434e-07
-2.45486e-06
-1.30861e-07
-2.41139e-06
-4.84143e-07
-2.3249e-06
-8.50285e-07
-2.18492e-06
-1.23422e-06
-1.97741e-06
-1.63653e-06
-1.68671e-06
-2.04913e-06
-1.30086e-06
-2.44527e-06
-8.25726e-07
-2.74687e-06
-3.23431e-07
-2.71436e-06
-1.67932e-06
-3.89619e-07
1.9985e-06
-9.79176e-07
3.19768e-06
-1.52005e-06
3.20019e-06
-1.94657e-06
2.82404e-06
-2.26023e-06
2.35643e-06
-2.48077e-06
1.88512e-06
-2.63006e-06
1.43694e-06
-2.72671e-06
1.01744e-06
-2.78433e-06
6.22551e-07
-2.81118e-06
2.43291e-07
-2.81018e-06
-1.31861e-07
-2.77875e-06
-5.15579e-07
-2.7084e-06
-9.20634e-07
-2.58413e-06
-1.35849e-06
-2.38402e-06
-1.83664e-06
-2.08035e-06
-2.3528e-06
-1.64546e-06
-2.88016e-06
-1.07168e-06
-3.32066e-06
-4.29754e-07
-3.35628e-06
-2.10908e-06
-5.30811e-07
2.52931e-06
-1.29062e-06
3.95749e-06
-1.93895e-06
3.84853e-06
-2.40899e-06
3.29408e-06
-2.7244e-06
2.67184e-06
-2.92568e-06
2.0864e-06
-3.04935e-06
1.56061e-06
-3.1232e-06
1.09128e-06
-3.16612e-06
6.65477e-07
-3.18922e-06
2.66394e-07
-3.19666e-06
-1.24425e-07
-3.18582e-06
-5.26423e-07
-3.14652e-06
-9.59929e-07
-3.05926e-06
-1.44576e-06
-2.89269e-06
-2.00321e-06
-2.60192e-06
-2.64357e-06
-2.13225e-06
-3.34983e-06
-1.44416e-06
-4.00875e-06
-6.03245e-07
-4.1972e-06
-2.71232e-06
-7.68969e-07
3.29828e-06
-1.76999e-06
4.95851e-06
-2.53229e-06
4.61083e-06
-3.01714e-06
3.77892e-06
-3.29583e-06
2.95053e-06
-3.44228e-06
2.23286e-06
-3.51242e-06
1.63074e-06
-3.544e-06
1.12286e-06
-3.56063e-06
6.82103e-07
-3.57554e-06
2.81299e-07
-3.59402e-06
-1.05935e-07
-3.61419e-06
-5.06254e-07
-3.62575e-06
-9.48372e-07
-3.60661e-06
-1.46489e-06
-3.51687e-06
-2.09295e-06
-3.29064e-06
-2.8698e-06
-2.83107e-06
-3.80939e-06
-2.03195e-06
-4.80787e-06
-9.08035e-07
-5.32112e-06
-3.62036e-06
-1.19295e-06
4.49123e-06
-2.52144e-06
6.28701e-06
-3.36044e-06
5.44984e-06
-3.78223e-06
4.2007e-06
-3.94934e-06
3.11765e-06
-3.98268e-06
2.26619e-06
-3.95857e-06
1.60663e-06
-3.92166e-06
1.08595e-06
-3.89672e-06
6.57165e-07
-3.89675e-06
2.81328e-07
-3.92743e-06
-7.52541e-08
-3.98866e-06
-4.4502e-07
-4.07325e-06
-8.63782e-07
-4.16195e-06
-1.3762e-06
-4.21286e-06
-2.04205e-06
-4.14252e-06
-2.94013e-06
-3.79954e-06
-4.15237e-06
-2.95554e-06
-5.65187e-06
-1.45916e-06
-6.81749e-06
-5.07952e-06
-1.93406e-06
6.42529e-06
-3.60318e-06
7.95612e-06
-4.33565e-06
6.18231e-06
-4.50597e-06
4.37102e-06
-4.42236e-06
3.03403e-06
-4.25176e-06
2.0956e-06
-4.07793e-06
1.4328e-06
-3.93985e-06
9.47867e-07
-3.85453e-06
5.71847e-07
-3.82947e-06
2.56273e-07
-3.86866e-06
-3.60637e-08
-3.97474e-06
-3.38939e-07
-4.1482e-06
-6.90323e-07
-4.38233e-06
-1.14207e-06
-4.64972e-06
-1.77466e-06
-4.87149e-06
-2.71836e-06
-4.8557e-06
-4.16817e-06
-4.20153e-06
-6.30603e-06
-2.372e-06
-8.64703e-06
-7.45152e-06
-2.97351e-06
9.39879e-06
-4.45152e-06
9.43413e-06
-4.45262e-06
6.18341e-06
-3.95729e-06
3.8757e-06
-3.39266e-06
2.4694e-06
-2.89897e-06
1.60191e-06
-2.51572e-06
1.04956e-06
-2.24604e-06
6.78184e-07
-2.0827e-06
4.08508e-07
-2.01924e-06
1.92816e-07
-2.05413e-06
-1.17774e-09
-2.19231e-06
-2.00761e-07
-2.44567e-06
-4.36957e-07
-2.83153e-06
-7.56217e-07
-3.36414e-06
-1.24205e-06
-4.02528e-06
-2.05723e-06
-4.67847e-06
-3.51498e-06
-4.84164e-06
-6.14286e-06
-3.36839e-06
-1.01203e-05
-1.08199e-05
-2.63397e-06
1.20328e-05
-1.25385e-06
8.05401e-06
9.15916e-07
4.01365e-06
2.63209e-06
2.15952e-06
3.85065e-06
1.25084e-06
4.69805e-06
7.54516e-07
5.27688e-06
4.70725e-07
5.65822e-06
2.9685e-07
5.88778e-06
1.78939e-07
5.99145e-06
8.91465e-08
5.97921e-06
1.1067e-08
5.84647e-06
-6.80198e-08
5.57205e-06
-1.62545e-07
5.11197e-06
-2.96129e-07
4.38791e-06
-5.17988e-07
3.27632e-06
-9.45633e-07
1.63639e-06
-1.87505e-06
-4.95751e-07
-4.01071e-06
-2.04466e-06
-8.57137e-06
-1.28646e-05
1.20328e-05
2.00868e-05
2.41004e-05
2.62599e-05
2.75108e-05
2.82653e-05
2.8736e-05
2.90329e-05
2.92118e-05
2.9301e-05
2.9312e-05
2.9244e-05
2.90815e-05
2.87853e-05
2.82673e-05
2.73217e-05
2.54467e-05
2.14359e-05
1.28646e-05
)
;

boundaryField
{
    movingWall
    {
        type            calculated;
        value           uniform 0;
    }
    fixedWalls
    {
        type            calculated;
        value           uniform 0;
    }
    frontAndBack
    {
        type            empty;
        value           nonuniform 0();
    }
}


// ************************************************************************* //
