/*--------------------------------*- C++ -*----------------------------------*\
  =========                 |
  \\      /  F ield         | OpenFOAM: The Open Source CFD Toolbox
   \\    /   O peration     | Website:  https://openfoam.org
    \\  /    A nd           | Version:  6
     \\/     M anipulation  |
\*---------------------------------------------------------------------------*/
FoamFile
{
    version     2.0;
    format      ascii;
    class       volVectorField;
    location    "0.01";
    object      U;
}
// * * * * * * * * * * * * * * * * * * * * * * * * * * * * * * * * * * * * * //

dimensions      [0 1 -1 0 0 0 0];

internalField   nonuniform List<vector> 
400
(
(-0.000309959 0.000301927 0)
(-0.00127973 0.000597685 0)
(-0.00267068 0.000650932 0)
(-0.00407418 0.000616947 0)
(-0.00535723 0.000554007 0)
(-0.00648157 0.000475107 0)
(-0.00741938 0.00038395 0)
(-0.00814706 0.000283189 0)
(-0.00864666 0.000175404 0)
(-0.00890585 6.31525e-05 0)
(-0.00891782 -5.10219e-05 0)
(-0.00868129 -0.00016453 0)
(-0.00820064 -0.000274694 0)
(-0.00748609 -0.00037873 0)
(-0.00655413 -0.000473754 0)
(-0.00542767 -0.000556742 0)
(-0.0041346 -0.000623602 0)
(-0.00271322 -0.000661095 0)
(-0.00130166 -0.000610776 0)
(-0.000313449 -0.000310123 0)
(-0.000624257 0.0012823 0)
(-0.00237717 0.00231889 0)
(-0.0047195 0.00249757 0)
(-0.00705978 0.00236996 0)
(-0.00920122 0.00212983 0)
(-0.0110794 0.0018259 0)
(-0.012645 0.00147424 0)
(-0.013858 0.00108581 0)
(-0.0146888 0.000670747 0)
(-0.0151175 0.000238947 0)
(-0.0151334 -0.000199853 0)
(-0.0147347 -0.00063582 0)
(-0.0139289 -0.0010588 0)
(-0.0127331 -0.00145815 0)
(-0.0111748 -0.00182264 0)
(-0.00929298 -0.00213995 0)
(-0.00713725 -0.00239238 0)
(-0.00477326 -0.00252928 0)
(-0.00240299 -0.00235417 0)
(-0.000628519 -0.00130196 0)
(-0.000725743 0.00274929 0)
(-0.00275756 0.00473301 0)
(-0.00545018 0.00505812 0)
(-0.00812193 0.00479931 0)
(-0.0105592 0.00431325 0)
(-0.0126937 0.00369598 0)
(-0.0144705 0.0029819 0)
(-0.0158453 0.00219411 0)
(-0.016786 0.00135344 0)
(-0.0172713 0.000479764 0)
(-0.0172896 -0.000407524 0)
(-0.0168389 -0.00128899 0)
(-0.0159271 -0.00214452 0)
(-0.0145723 -0.00295284 0)
(-0.0128041 -0.00369105 0)
(-0.0106655 -0.00433344 0)
(-0.00821174 -0.00484228 0)
(-0.00551339 -0.00511715 0)
(-0.00279029 -0.00479467 0)
(-0.000733648 -0.00278556 0)
(-0.000785063 0.00438964 0)
(-0.00299673 0.00741396 0)
(-0.00593101 0.00788619 0)
(-0.00883237 0.00747294 0)
(-0.01147 0.00671036 0)
(-0.0137734 0.00574497 0)
(-0.0156861 0.00463108 0)
(-0.0171634 0.00340514 0)
(-0.0181736 0.00209942 0)
(-0.0186957 0.000744139 0)
(-0.0187184 -0.000631634 0)
(-0.0182394 -0.00199894 0)
(-0.0172655 -0.00332767 0)
(-0.0158135 -0.00458548 0)
(-0.013912 -0.00573698 0)
(-0.0116041 -0.00674156 0)
(-0.0089463 -0.00753964 0)
(-0.00601194 -0.00797754 0)
(-0.00303944 -0.00750834 0)
(-0.000796299 -0.00444594 0)
(-0.000858624 0.0061594 0)
(-0.00328425 0.0103183 0)
(-0.00650305 0.010944 0)
(-0.00967665 0.0103541 0)
(-0.0125504 0.0092848 0)
(-0.0150499 0.00793863 0)
(-0.017118 0.00639209 0)
(-0.0187109 0.00469624 0)
(-0.0197989 0.0028951 0)
(-0.020363 0.0010288 0)
(-0.0203928 -0.00086482 0)
(-0.0198852 -0.00274836 0)
(-0.0188451 -0.0045826 0)
(-0.0172861 -0.00632457 0)
(-0.0152338 -0.00792585 0)
(-0.0127293 -0.00932943 0)
(-0.0098296 -0.010451 0)
(-0.00661243 -0.0110774 0)
(-0.00334218 -0.0104566 0)
(-0.000874125 -0.00624366 0)
(-0.000959727 0.00811409 0)
(-0.00367121 0.01353 0)
(-0.00726377 0.0143183 0)
(-0.0107923 0.0135212 0)
(-0.0139706 0.0121018 0)
(-0.0167194 0.0103281 0)
(-0.0189818 0.00830289 0)
(-0.0207173 0.00609373 0)
(-0.0219008 0.0037567 0)
(-0.0225167 0.0013409 0)
(-0.0225565 -0.00110877 0)
(-0.0220164 -0.00354842 0)
(-0.0208978 -0.00593147 0)
(-0.0192089 -0.00820517 0)
(-0.0169694 -0.0103077 0)
(-0.0142155 -0.0121634 0)
(-0.0110032 -0.0136583 0)
(-0.00741544 -0.0145088 0)
(-0.00375163 -0.0137286 0)
(-0.000981256 -0.00823662 0)
(-0.00109475 0.0103209 0)
(-0.00418324 0.0171516 0)
(-0.00826248 0.0181098 0)
(-0.0122466 0.0170604 0)
(-0.0158085 0.0152297 0)
(-0.0188646 0.0129643 0)
(-0.0213614 0.0103994 0)
(-0.0232657 0.00762145 0)
(-0.0245607 0.00469866 0)
(-0.0252376 0.00168728 0)
(-0.0252912 -0.00136371 0)
(-0.0247167 -0.00440729 0)
(-0.0235102 -0.00739259 0)
(-0.0216712 -0.0102591 0)
(-0.0192081 -0.0129316 0)
(-0.0161479 -0.0153127 0)
(-0.0125412 -0.0172517 0)
(-0.0084759 -0.018379 0)
(-0.00429664 -0.0174344 0)
(-0.00112502 -0.0104968 0)
(-0.00127191 0.0128589 0)
(-0.00485061 0.0213055 0)
(-0.00955413 0.0224351 0)
(-0.0141107 0.0210666 0)
(-0.0181416 0.0187384 0)
(-0.0215617 0.0158949 0)
(-0.0243272 0.0127119 0)
(-0.0264194 0.0092977 0)
(-0.0278362 0.00573171 0)
(-0.0285804 0.00207397 0)
(-0.0286523 -0.00162735 0)
(-0.0280465 -0.00532766 0)
(-0.0267509 -0.00897695 0)
(-0.0247505 -0.0125108 0)
(-0.0220358 -0.0158416 0)
(-0.0186151 -0.0188475 0)
(-0.0145262 -0.021331 0)
(-0.00985795 -0.022814 0)
(-0.0050127 -0.0217076 0)
(-0.00131508 -0.0131106 0)
(-0.00150408 0.0158285 0)
(-0.00571853 0.0261447 0)
(-0.0112175 0.0274344 0)
(-0.0164826 0.0256459 0)
(-0.0210713 0.0226986 0)
(-0.0249048 0.0191614 0)
(-0.0279606 0.0152615 0)
(-0.0302464 0.0111319 0)
(-0.0317847 0.00686064 0)
(-0.0325969 0.00250553 0)
(-0.032693 -0.00189384 0)
(-0.0320665 -0.00630393 0)
(-0.0306937 -0.010684 0)
(-0.0285379 -0.0149725 0)
(-0.0255597 -0.0190733 0)
(-0.0217349 -0.0228373 0)
(-0.0170735 -0.0260079 0)
(-0.0116551 -0.0279668 0)
(-0.0059538 -0.0267178 0)
(-0.00156668 -0.0161894 0)
(-0.0018121 0.0193628 0)
(-0.00685799 0.0318674 0)
(-0.0133714 0.0332783 0)
(-0.0195034 0.0309151 0)
(-0.0247366 0.0271755 0)
(-0.0290152 0.0227904 0)
(-0.032359 0.0180517 0)
(-0.0348208 0.0131179 0)
(-0.0364628 0.00807985 0)
(-0.037335 0.0029835 0)
(-0.0374618 -0.00215212 0)
(-0.0368367 -0.00731736 0)
(-0.0354198 -0.0124937 0)
(-0.0331423 -0.0176343 0)
(-0.0299188 -0.0226426 0)
(-0.0256696 -0.0273429 0)
(-0.0203508 -0.0314051 0)
(-0.0140106 -0.0340261 0)
(-0.00720605 -0.0326882 0)
(-0.00190501 -0.0198838 0)
(-0.00223144 0.0236484 0)
(-0.00838475 0.0387393 0)
(-0.0162005 0.0401781 0)
(-0.0233809 0.0369981 0)
(-0.0293293 0.0322176 0)
(-0.0340484 0.0267798 0)
(-0.037636 0.0210549 0)
(-0.0402188 0.0152234 0)
(-0.0419193 0.00936692 0)
(-0.042829 0.00350397 0)
(-0.0429939 -0.00238413 0)
(-0.0424081 -0.00832981 0)
(-0.041011 -0.0143557 0)
(-0.0386899 -0.0204488 0)
(-0.0352906 -0.0265285 0)
(-0.0306445 -0.032401 0)
(-0.0246077 -0.03765 0)
(-0.0171502 -0.0412272 0)
(-0.00891284 -0.0399246 0)
(-0.00237371 -0.0244099 0)
(-0.00282579 0.0289632 0)
(-0.010496 0.047132 0)
(-0.0199998 0.0483959 0)
(-0.0284252 0.0440142 0)
(-0.0351153 0.0378339 0)
(-0.0402014 0.031075 0)
(-0.0439185 0.0241929 0)
(-0.0465091 0.0173757 0)
(-0.0481821 0.0106736 0)
(-0.0490858 0.00405409 0)
(-0.0492953 -0.00256286 0)
(-0.0488079 -0.00927562 0)
(-0.0475387 -0.0161741 0)
(-0.0453184 -0.0233081 0)
(-0.041898 -0.0306441 0)
(-0.0369714 -0.0379946 0)
(-0.03022 -0.0448565 0)
(-0.0214416 -0.0498627 0)
(-0.011325 -0.0488619 0)
(-0.00305372 -0.0300979 0)
(-0.00371739 0.035751 0)
(-0.0135441 0.0575839 0)
(-0.025255 0.0582506 0)
(-0.0351039 0.0520468 0)
(-0.0424592 0.0439524 0)
(-0.0477148 0.0355302 0)
(-0.0513357 0.0273073 0)
(-0.053735 0.0194421 0)
(-0.0552372 0.0119148 0)
(-0.0560615 0.00460752 0)
(-0.0563195 -0.00265039 0)
(-0.0560151 -0.0100521 0)
(-0.0550395 -0.0177876 0)
(-0.0531596 -0.0260112 0)
(-0.0500061 -0.0347886 0)
(-0.0450752 -0.0439963 0)
(-0.037758 -0.0530793 0)
(-0.0275004 -0.0602835 0)
(-0.014906 -0.0601437 0)
(-0.00410664 -0.0374949 0)
(-0.00515623 0.0447743 0)
(-0.0181886 0.0708971 0)
(-0.0327792 0.0700997 0)
(-0.0441151 0.061072 0)
(-0.0518393 0.0503433 0)
(-0.0568518 0.0398491 0)
(-0.0599805 0.0301197 0)
(-0.06187 0.021206 0)
(-0.0629834 0.0129551 0)
(-0.0636165 0.00511872 0)
(-0.0639195 -0.00259774 0)
(-0.0639086 -0.0105116 0)
(-0.0634604 -0.0189485 0)
(-0.0622854 -0.0282206 0)
(-0.0598839 -0.0385752 0)
(-0.0554976 -0.0500668 0)
(-0.0480688 -0.0622082 0)
(-0.0363713 -0.0728591 0)
(-0.0205508 -0.0747407 0)
(-0.00587614 -0.0475782 0)
(-0.00767052 0.0574219 0)
(-0.025685 0.088256 0)
(-0.0439001 0.0842423 0)
(-0.0564078 0.0708015 0)
(-0.0637561 0.0564863 0)
(-0.0677539 0.0434963 0)
(-0.0697478 0.032182 0)
(-0.0706552 0.0223421 0)
(-0.0710724 0.0135973 0)
(-0.0713557 0.00551569 0)
(-0.0716845 -0.00234976 0)
(-0.0720934 -0.010461 0)
(-0.0724683 -0.0193078 0)
(-0.0725016 -0.0294171 0)
(-0.0715996 -0.0413298 0)
(-0.0687384 -0.0554775 0)
(-0.0622494 -0.0717297 0)
(-0.0497272 -0.087786 0)
(-0.0299692 -0.0940393 0)
(-0.00909296 -0.0621536 0)
(-0.0123126 0.0764401 0)
(-0.0382325 0.111331 0)
(-0.0603676 0.100607 0)
(-0.072674 0.0803502 0)
(-0.0780133 0.0613401 0)
(-0.0796444 0.0455691 0)
(-0.0795226 0.0328175 0)
(-0.0787929 0.0223935 0)
(-0.0781105 0.0135713 0)
(-0.0778307 0.00568861 0)
(-0.0781296 -0.00186332 0)
(-0.0790628 -0.00968559 0)
(-0.0805679 -0.0184332 0)
(-0.0824066 -0.0288834 0)
(-0.0840196 -0.0419916 0)
(-0.0842465 -0.058857 0)
(-0.0807804 -0.0802636 0)
(-0.0694323 -0.104537 0)
(-0.0458819 -0.119815 0)
(-0.0150824 -0.0848307 0)
(-0.0206462 0.108021 0)
(-0.058289 0.142049 0)
(-0.0819134 0.117546 0)
(-0.0898504 0.0872704 0)
(-0.0898388 0.0627911 0)
(-0.0868539 0.0445348 0)
(-0.0832098 0.0310136 0)
(-0.0800033 0.0207316 0)
(-0.0777326 0.0125125 0)
(-0.0766127 0.00545969 0)
(-0.0767451 -0.00115799 0)
(-0.0781944 -0.0080254 0)
(-0.0810018 -0.015906 0)
(-0.0851359 -0.0257947 0)
(-0.0903315 -0.0391214 0)
(-0.0956918 -0.0579635 0)
(-0.0987285 -0.0849046 0)
(-0.0934375 -0.120903 0)
(-0.0698003 -0.154432 0)
(-0.0249268 -0.124215 0)
(-0.0316523 0.163336 0)
(-0.0806165 0.178207 0)
(-0.0922306 0.127232 0)
(-0.0848035 0.0850063 0)
(-0.073326 0.0566291 0)
(-0.0625203 0.0379252 0)
(-0.0537164 0.0253818 0)
(-0.0472115 0.0165835 0)
(-0.0429137 0.00997973 0)
(-0.0406648 0.0045655 0)
(-0.0403774 -0.000384693 0)
(-0.0420837 -0.00550962 0)
(-0.0459551 -0.0115359 0)
(-0.0523017 -0.0195084 0)
(-0.0614985 -0.031178 0)
(-0.0736686 -0.0496629 0)
(-0.0877684 -0.0802984 0)
(-0.0986817 -0.130277 0)
(-0.0890499 -0.196167 0)
(-0.0322215 -0.192661 0)
(-0.0145511 0.229478 0)
(-0.0454706 0.19163 0)
(-0.00497773 0.110188 0)
(0.0374143 0.0638595 0)
(0.0665901 0.0387541 0)
(0.086644 0.0242665 0)
(0.100564 0.0155248 0)
(0.109961 0.00991045 0)
(0.115943 0.00597447 0)
(0.119209 0.00290721 0)
(0.120106 0.000195844 0)
(0.118687 -0.00257652 0)
(0.114702 -0.00588677 0)
(0.107513 -0.0104879 0)
(0.0959377 -0.0178518 0)
(0.0780063 -0.0311907 0)
(0.0502525 -0.0576803 0)
(0.00841711 -0.111685 0)
(-0.0288548 -0.205946 0)
(0.011 -0.25224 0)
(0.278344 0.132692 0)
(0.33708 0.099577 0)
(0.439627 0.0518934 0)
(0.506689 0.0268859 0)
(0.540403 0.014789 0)
(0.559099 0.00856493 0)
(0.570737 0.00518855 0)
(0.578158 0.00322544 0)
(0.58278 0.00196251 0)
(0.585389 0.00104657 0)
(0.586363 0.000284519 0)
(0.585801 -0.000458982 0)
(0.583542 -0.00132491 0)
(0.579061 -0.0025366 0)
(0.571152 -0.00456414 0)
(0.557108 -0.00856791 0)
(0.529808 -0.0176405 0)
(0.46933 -0.0399308 0)
(0.363863 -0.0902736 0)
(0.301589 -0.131605 0)
)
;

boundaryField
{
    movingWall
    {
        type            fixedValue;
        value           uniform (1 0 0);
    }
    fixedWalls
    {
        type            noSlip;
    }
    frontAndBack
    {
        type            empty;
    }
}


// ************************************************************************* //
