/*--------------------------------*- C++ -*----------------------------------*\
  =========                 |
  \\      /  F ield         | OpenFOAM: The Open Source CFD Toolbox
   \\    /   O peration     | Website:  https://openfoam.org
    \\  /    A nd           | Version:  6
     \\/     M anipulation  |
\*---------------------------------------------------------------------------*/
FoamFile
{
    version     2.0;
    format      ascii;
    class       volVectorField;
    location    "0.065";
    object      U;
}
// * * * * * * * * * * * * * * * * * * * * * * * * * * * * * * * * * * * * * //

dimensions      [0 1 -1 0 0 0 0];

internalField   nonuniform List<vector> 
400
(
(0.000257745 -0.000254079 0)
(0.000161314 0.000105169 0)
(-0.00114236 0.000564981 0)
(-0.00345255 0.000894701 0)
(-0.00637499 0.00106169 0)
(-0.00950092 0.00107774 0)
(-0.0124612 0.00096757 0)
(-0.0149513 0.000760143 0)
(-0.0167414 0.00048434 0)
(-0.017678 0.000167788 0)
(-0.0176835 -0.000162845 0)
(-0.0167559 -0.000481029 0)
(-0.0149696 -0.000759497 0)
(-0.0124766 -0.000969613 0)
(-0.00950813 -0.00108142 0)
(-0.00637225 -0.00106524 0)
(-0.00344252 -0.000896362 0)
(-0.00113103 -0.000563984 0)
(0.000168346 -0.000102573 0)
(0.00025966 0.000255496 0)
(-6.59475e-05 -0.000191181 0)
(-0.00156717 0.00161362 0)
(-0.00562345 0.00361244 0)
(-0.0116643 0.0050669 0)
(-0.0188887 0.00579999 0)
(-0.0264613 0.005817 0)
(-0.0335794 0.00520398 0)
(-0.0395514 0.00408604 0)
(-0.0438407 0.00260321 0)
(-0.0460831 0.000899537 0)
(-0.0460934 -0.000880234 0)
(-0.0438679 -0.00259057 0)
(-0.0395859 -0.00408426 0)
(-0.0336088 -0.00521315 0)
(-0.0264756 -0.00583281 0)
(-0.0188841 -0.00581524 0)
(-0.0116454 -0.00507447 0)
(-0.00560102 -0.00360906 0)
(-0.00155227 -0.00160302 0)
(-6.1519e-05 0.000198301 0)
(-0.000511206 0.00103479 0)
(-0.0036499 0.00566423 0)
(-0.0105009 0.0102129 0)
(-0.019933 0.0134765 0)
(-0.0307804 0.015067 0)
(-0.041924 0.0149577 0)
(-0.0522838 0.0133205 0)
(-0.0609203 0.0104372 0)
(-0.0671008 0.00664227 0)
(-0.0703257 0.00229176 0)
(-0.0703405 -0.00225004 0)
(-0.0671403 -0.00661507 0)
(-0.0609716 -0.0104337 0)
(-0.0523301 -0.0133411 0)
(-0.0419511 -0.0149933 0)
(-0.0307817 -0.0151021 0)
(-0.0199129 -0.0134952 0)
(-0.0104728 -0.0102074 0)
(-0.00362955 -0.00564124 0)
(-0.00050472 -0.00101705 0)
(-0.000905457 0.00337749 0)
(-0.00562041 0.012106 0)
(-0.0152191 0.0199194 0)
(-0.0278977 0.0253321 0)
(-0.0420798 0.0278124 0)
(-0.0563893 0.0273405 0)
(-0.0695341 0.0242123 0)
(-0.0804053 0.0189102 0)
(-0.088146 0.0120127 0)
(-0.0921757 0.00414101 0)
(-0.0921989 -0.00406609 0)
(-0.088209 -0.0119626 0)
(-0.0804905 -0.0189011 0)
(-0.0696183 -0.0242456 0)
(-0.0564509 -0.0274018 0)
(-0.0421062 -0.0278757 0)
(-0.0278904 -0.0253698 0)
(-0.0151932 -0.0199159 0)
(-0.00559717 -0.0120696 0)
(-0.000897142 -0.00334571 0)
(-0.00125355 0.0067244 0)
(-0.00747376 0.0208113 0)
(-0.0197768 0.0325562 0)
(-0.0356397 0.0403529 0)
(-0.0530295 0.0436438 0)
(-0.0703045 0.042502 0)
(-0.0859873 0.0374121 0)
(-0.0988461 0.0291074 0)
(-0.10795 0.0184499 0)
(-0.112679 0.00635793 0)
(-0.112718 -0.00622835 0)
(-0.108057 -0.0183593 0)
(-0.0989967 -0.029082 0)
(-0.0861471 -0.0374564 0)
(-0.0704395 -0.0425961 0)
(-0.0531157 -0.0437489 0)
(-0.0356712 -0.0404251 0)
(-0.0197683 -0.0325668 0)
(-0.00745319 -0.0207662 0)
(-0.00124419 -0.00667707 0)
(-0.00158574 0.0110176 0)
(-0.00929855 0.0317512 0)
(-0.0243189 0.0481258 0)
(-0.0433653 0.0585253 0)
(-0.0639065 0.0624973 0)
(-0.0840225 0.0603243 0)
(-0.102069 0.0527708 0)
(-0.116731 0.0408855 0)
(-0.127048 0.0258536 0)
(-0.132394 0.00891174 0)
(-0.132459 -0.0086891 0)
(-0.127227 -0.02569 0)
(-0.116991 -0.0408225 0)
(-0.102359 -0.0528196 0)
(-0.0842875 -0.06046 0)
(-0.0641043 -0.0626654 0)
(-0.043476 -0.0586594 0)
(-0.0243527 -0.0481753 0)
(-0.00929076 -0.0317119 0)
(-0.00157709 -0.0109569 0)
(-0.00193239 0.0162628 0)
(-0.0111971 0.0449666 0)
(-0.0290181 0.0666748 0)
(-0.0512862 0.0798555 0)
(-0.0749276 0.0843116 0)
(-0.0977407 0.0806817 0)
(-0.117945 0.0701275 0)
(-0.134191 0.0540897 0)
(-0.145542 0.0341161 0)
(-0.151412 0.0117705 0)
(-0.151513 -0.0113949 0)
(-0.145828 -0.0338281 0)
(-0.134613 -0.0539536 0)
(-0.11843 -0.0701664 0)
(-0.0982075 -0.0808682 0)
(-0.0753052 -0.0845727 0)
(-0.0515317 -0.080094 0)
(-0.0291303 -0.0668058 0)
(-0.0112177 -0.0449628 0)
(-0.00192752 -0.0161974 0)
(-0.00232219 0.0225257 0)
(-0.0132691 0.0605749 0)
(-0.0340353 0.0882875 0)
(-0.0595635 0.104333 0)
(-0.0861868 0.108963 0)
(-0.11144 0.10336 0)
(-0.133465 0.0892266 0)
(-0.150952 0.068484 0)
(-0.163065 0.0430758 0)
(-0.169313 0.0148841 0)
(-0.169462 -0.0142721 0)
(-0.163491 -0.04259 0)
(-0.151591 -0.0682214 0)
(-0.134216 -0.0892301 0)
(-0.11219 -0.103604 0)
(-0.0868254 -0.109355 0)
(-0.0600131 -0.104736 0)
(-0.034273 -0.0885652 0)
(-0.0133396 -0.0606568 0)
(-0.00232569 -0.022474 0)
(-0.00278518 0.0299287 0)
(-0.0156134 0.0787648 0)
(-0.0395067 0.113064 0)
(-0.0682746 0.131884 0)
(-0.097603 0.136195 0)
(-0.124817 0.127973 0)
(-0.148085 0.109639 0)
(-0.166258 0.0836864 0)
(-0.178701 0.0524741 0)
(-0.185094 0.0181677 0)
(-0.185301 -0.0172142 0)
(-0.179294 -0.0516962 0)
(-0.167158 -0.0832245 0)
(-0.149167 -0.109566 0)
(-0.125928 -0.128274 0)
(-0.098587 -0.136759 0)
(-0.0690059 -0.132527 0)
(-0.0399265 -0.113579 0)
(-0.0157616 -0.0790082 0)
(-0.00280339 -0.0299222 0)
(-0.0033605 0.0386544 0)
(-0.0183438 0.0997834 0)
(-0.0455483 0.14107 0)
(-0.077387 0.162279 0)
(-0.108859 0.165503 0)
(-0.137196 0.153846 0)
(-0.160769 0.130656 0)
(-0.178759 0.0990873 0)
(-0.190873 0.0619041 0)
(-0.19706 0.0214823 0)
(-0.197326 -0.0200694 0)
(-0.19164 -0.060725 0)
(-0.179938 -0.0983362 0)
(-0.162215 -0.13045 0)
(-0.138722 -0.154191 0)
(-0.110259 -0.166279 0)
(-0.0784752 -0.16325 0)
(-0.0462114 -0.141938 0)
(-0.0186026 -0.100294 0)
(-0.00340173 -0.0387414 0)
(-0.00411055 0.0489651 0)
(-0.0216171 0.123926 0)
(-0.0522632 0.17226 0)
(-0.0867167 0.195005 0)
(-0.119305 0.195985 0)
(-0.147398 0.179872 0)
(-0.169836 0.151175 0)
(-0.186365 0.113766 0)
(-0.197206 0.0707594 0)
(-0.202682 0.0246147 0)
(-0.202995 -0.0226301 0)
(-0.198117 -0.0690697 0)
(-0.187788 -0.112626 0)
(-0.171621 -0.150757 0)
(-0.149339 -0.180224 0)
(-0.121151 -0.196994 0)
(-0.0882146 -0.19639 0)
(-0.0532259 -0.173615 0)
(-0.0220226 -0.124838 0)
(-0.00418515 -0.0492135 0)
(-0.0051461 0.06125 0)
(-0.0256749 0.151522 0)
(-0.0597343 0.206356 0)
(-0.095834 0.229072 0)
(-0.127796 0.226136 0)
(-0.153535 0.204341 0)
(-0.172756 0.169573 0)
(-0.18606 0.126416 0)
(-0.194362 0.0781948 0)
(-0.198458 0.0272618 0)
(-0.198789 -0.0246282 0)
(-0.195335 -0.0759099 0)
(-0.187611 -0.124794 0)
(-0.174757 -0.168852 0)
(-0.15579 -0.20463 0)
(-0.130034 -0.227361 0)
(-0.0977416 -0.230931 0)
(-0.0610309 -0.208331 0)
(-0.0262619 -0.152994 0)
(-0.00526648 -0.0617496 0)
(-0.00667053 0.076121 0)
(-0.0308974 0.182899 0)
(-0.0679591 0.242628 0)
(-0.103848 0.262715 0)
(-0.132373 0.253583 0)
(-0.152684 0.224756 0)
(-0.165871 0.183617 0)
(-0.173692 0.135308 0)
(-0.177895 0.0831179 0)
(-0.179799 0.0290271 0)
(-0.180096 -0.0257436 0)
(-0.178782 -0.0802149 0)
(-0.175148 -0.133145 0)
(-0.167831 -0.182499 0)
(-0.155008 -0.224877 0)
(-0.134816 -0.254946 0)
(-0.106066 -0.265045 0)
(-0.0695737 -0.245321 0)
(-0.0316906 -0.185095 0)
(-0.0068507 -0.0769832 0)
(-0.00904925 0.0945759 0)
(-0.0378366 0.218256 0)
(-0.0766157 0.279481 0)
(-0.108924 0.292949 0)
(-0.129702 0.274769 0)
(-0.140383 0.237697 0)
(-0.144023 0.190451 0)
(-0.143751 0.138349 0)
(-0.142155 0.0842499 0)
(-0.141005 0.0294441 0)
(-0.141195 -0.0256321 0)
(-0.142743 -0.0808122 0)
(-0.144783 -0.135659 0)
(-0.145533 -0.188867 0)
(-0.142347 -0.237509 0)
(-0.131973 -0.276106 0)
(-0.111193 -0.295637 0)
(-0.0784369 -0.2829 0)
(-0.0388333 -0.221307 0)
(-0.00930288 -0.0959281 0)
(-0.0128717 0.118216 0)
(-0.0470745 0.25725 0)
(-0.0843675 0.313708 0)
(-0.107251 0.314966 0)
(-0.11407 0.284696 0)
(-0.109882 0.238855 0)
(-0.100131 0.18681 0)
(-0.0892313 0.133328 0)
(-0.0803384 0.0803126 0)
(-0.0754192 0.0280483 0)
(-0.0754208 -0.0239881 0)
(-0.080386 -0.0765703 0)
(-0.0894431 -0.130245 0)
(-0.100667 -0.184761 0)
(-0.110885 -0.238217 0)
(-0.115576 -0.285756 0)
(-0.109092 -0.317743 0)
(-0.0861207 -0.317692 0)
(-0.0482082 -0.26119 0)
(-0.0132046 -0.120184 0)
(-0.0187888 0.149559 0)
(-0.0583492 0.297986 0)
(-0.086996 0.339163 0)
(-0.0909543 0.321421 0)
(-0.0757431 0.276927 0)
(-0.0511724 0.223494 0)
(-0.0248211 0.169622 0)
(-0.00169585 0.11846 0)
(0.0151632 0.070397 0)
(0.0240894 0.0245185 0)
(0.0243367 -0.0206474 0)
(0.0158457 -0.0667393 0)
(-0.000751159 -0.115273 0)
(-0.0238824 -0.167239 0)
(-0.0505582 -0.22233 0)
(-0.0757322 -0.27742 0)
(-0.0916456 -0.323851 0)
(-0.0881625 -0.343303 0)
(-0.0594145 -0.302644 0)
(-0.0191733 -0.152227 0)
(-0.0263306 0.192759 0)
(-0.0675221 0.334622 0)
(-0.0729812 0.344341 0)
(-0.0442279 0.301603 0)
(0.00139153 0.244073 0)
(0.0499704 0.187506 0)
(0.0935704 0.137098 0)
(0.128163 0.0932401 0)
(0.151935 0.0544952 0)
(0.164186 0.0188771 0)
(0.164676 -0.0157187 0)
(0.15335 -0.0514225 0)
(0.130327 -0.0903862 0)
(0.0961853 -0.134692 0)
(0.0526147 -0.185913 0)
(0.00357253 -0.243798 0)
(-0.0429457 -0.303177 0)
(-0.072777 -0.347961 0)
(-0.0680545 -0.339497 0)
(-0.0266352 -0.196094 0)
(-0.0286606 0.250696 0)
(-0.0578509 0.350541 0)
(-0.0142401 0.309412 0)
(0.0628952 0.242374 0)
(0.142532 0.180398 0)
(0.212307 0.130078 0)
(0.268105 0.090782 0)
(0.309169 0.0597766 0)
(0.336073 0.0342347 0)
(0.349601 0.0117481 0)
(0.350218 -0.00975149 0)
(0.337892 -0.032221 0)
(0.312086 -0.0577601 0)
(0.271914 -0.0888492 0)
(0.216651 -0.128446 0)
(0.146879 -0.179482 0)
(0.0665794 -0.242795 0)
(-0.0118899 -0.311761 0)
(-0.0570671 -0.354666 0)
(-0.0285024 -0.254248 0)
(0.0138341 0.2888 0)
(0.0301291 0.302649 0)
(0.153658 0.214045 0)
(0.282259 0.142412 0)
(0.382471 0.0940672 0)
(0.456699 0.0620913 0)
(0.510157 0.0406689 0)
(0.546844 0.0256492 0)
(0.569815 0.0142936 0)
(0.581074 0.00481561 0)
(0.581583 -0.00407065 0)
(0.571347 -0.0135005 0)
(0.549402 -0.0247655 0)
(0.513716 -0.0396716 0)
(0.461144 -0.0610135 0)
(0.387517 -0.0930808 0)
(0.287372 -0.141943 0)
(0.157964 -0.214729 0)
(0.032821 -0.304742 0)
(0.0151442 -0.291066 0)
(0.304806 0.147146 0)
(0.406021 0.127687 0)
(0.569196 0.0748002 0)
(0.685789 0.0419036 0)
(0.753284 0.0239113 0)
(0.794416 0.0139867 0)
(0.820755 0.00833945 0)
(0.837498 0.00491726 0)
(0.847473 0.0026188 0)
(0.852207 0.000846197 0)
(0.852367 -0.000766453 0)
(0.847967 -0.00251799 0)
(0.838372 -0.00477011 0)
(0.822082 -0.00811301 0)
(0.796282 -0.0136427 0)
(0.755759 -0.0234301 0)
(0.688881 -0.041344 0)
(0.57252 -0.074371 0)
(0.408471 -0.127734 0)
(0.305965 -0.147571 0)
)
;

boundaryField
{
    movingWall
    {
        type            fixedValue;
        value           uniform (1 0 0);
    }
    fixedWalls
    {
        type            noSlip;
    }
    frontAndBack
    {
        type            empty;
    }
}


// ************************************************************************* //
