/*--------------------------------*- C++ -*----------------------------------*\
  =========                 |
  \\      /  F ield         | OpenFOAM: The Open Source CFD Toolbox
   \\    /   O peration     | Website:  https://openfoam.org
    \\  /    A nd           | Version:  6
     \\/     M anipulation  |
\*---------------------------------------------------------------------------*/
FoamFile
{
    version     2.0;
    format      ascii;
    class       volScalarField;
    location    "0.06";
    object      p;
}
// * * * * * * * * * * * * * * * * * * * * * * * * * * * * * * * * * * * * * //

dimensions      [0 2 -2 0 0 0 0];

internalField   nonuniform List<scalar> 
400
(
1.42936e-05
-0.0231697
-0.0520429
-0.074293
-0.0826106
-0.0737229
-0.047385
-0.00553052
0.0484179
0.110064
0.174438
0.236351
0.290735
0.33303
0.35965
0.36856
0.36002
0.33744
0.308342
0.285162
0.0229987
-0.000827231
-0.0234854
-0.0388254
-0.0432527
-0.034469
-0.0121769
0.0222303
0.0661575
0.116184
0.168386
0.21864
0.26294
0.297728
0.320269
0.329083
0.324475
0.308852
0.285998
0.262212
0.0535412
0.020525
-0.00399204
-0.0181402
-0.021738
-0.0135338
0.00645131
0.0368681
0.0754463
0.11926
0.164964
0.209035
0.248038
0.278899
0.299189
0.307457
0.303674
0.289198
0.264429
0.231444
0.0816223
0.0359479
0.00546203
-0.0106717
-0.0150666
-0.0073981
0.0118378
0.0410482
0.0779539
0.119781
0.163417
0.205591
0.243081
0.272922
0.292629
0.30046
0.295884
0.279336
0.248466
0.202734
0.100728
0.0416773
0.00404205
-0.0149363
-0.0202638
-0.0124386
0.00752156
0.0376525
0.0755008
0.118265
0.162882
0.206144
0.244844
0.275932
0.296672
0.304875
0.299435
0.279954
0.241737
0.182428
0.106181
0.0334834
-0.0116082
-0.0333548
-0.0389491
-0.0296714
-0.0071099
0.0263018
0.0678157
0.114475
0.163135
0.210519
0.253294
0.288174
0.312024
0.322072
0.316555
0.294259
0.248323
0.175006
0.0939242
0.007171
-0.0452523
-0.0689906
-0.0734671
-0.0608087
-0.0332655
0.00615764
0.0543225
0.108032
0.16398
0.218738
0.268761
0.310418
0.340041
0.35413
0.350125
0.325888
0.272306
0.184364
0.059628
-0.0418476
-0.101087
-0.125292
-0.126459
-0.107764
-0.0722792
-0.0236944
0.0343918
0.0985061
0.165168
0.230785
0.291572
0.343495
0.382244
0.403418
0.403439
0.378977
0.318249
0.214762
-0.00203515
-0.119159
-0.184195
-0.206408
-0.201064
-0.172779
-0.12568
-0.0642766
0.00733588
0.0854377
0.166438
0.246655
0.32212
0.388401
0.440469
0.472826
0.480555
0.458657
0.391857
0.271621
-0.0980894
-0.231959
-0.300924
-0.317311
-0.300864
-0.258251
-0.194982
-0.116519
-0.0274318
0.0684313
0.16754
0.266312
0.36076
0.446164
0.516758
0.56575
0.586462
0.571483
0.500666
0.362325
-0.2382
-0.389853
-0.459302
-0.463845
-0.429668
-0.366394
-0.281311
-0.180916
-0.0701314
0.0473215
0.16829
0.289626
0.40765
0.517613
0.613127
0.685966
0.72719
0.725923
0.654934
0.497289
-0.436276
-0.606066
-0.669557
-0.652656
-0.591105
-0.498685
-0.384839
-0.257044
-0.120248
0.0224059
0.168651
0.316307
0.462536
0.603048
0.731188
0.837338
0.909838
0.932955
0.868959
0.691729
-0.713552
-0.899376
-0.94468
-0.890847
-0.787837
-0.654968
-0.503972
-0.342898
-0.176055
-0.00526577
0.168837
0.345804
0.524434
0.701718
0.871492
1.02321
1.14233
1.20671
1.16313
0.968974
-1.105
-1.29726
-1.30072
-1.18486
-1.02001
-0.83197
-0.634147
-0.434024
-0.234048
-0.0335987
0.16935
0.377078
0.591101
0.81094
1.03231
1.24506
1.43244
1.56487
1.56721
1.3672
-1.67258
-1.84049
-1.75569
-1.53744
-1.28213
-1.02082
-0.766115
-0.52247
-0.288403
-0.0592713
0.170854
0.408136
0.658118
0.924559
1.20735
1.49951
1.78483
2.02755
2.12494
1.95306
-2.52801
-2.5872
-2.32551
-1.9425
-1.55886
-1.20422
-0.884432
-0.596175
-0.330887
-0.0779444
0.173783
0.435432
0.717899
1.03124
1.38289
1.77419
2.19597
2.6132
2.89778
2.84434
-3.87297
-3.61303
-3.01648
-2.38084
-1.82323
-1.3564
-0.968431
-0.640386
-0.352248
-0.0853175
0.177723
0.453645
0.759677
1.11427
1.5369
2.04546
2.64949
3.33064
3.96436
4.24908
-6.15939
-5.01372
-3.78642
-2.79026
-2.01927
-1.43416
-0.988411
-0.636618
-0.34253
-0.0781191
0.17995
0.453535
0.76599
1.14535
1.62785
2.25902
3.08472
4.13979
5.42508
6.62751
-10.5695
-6.84898
-4.35763
-2.91496
-1.96811
-1.32305
-0.875104
-0.545543
-0.282398
-0.051583
0.172452
0.412798
0.695047
1.05337
1.53995
2.23477
3.24507
4.76457
7.34527
11.1677
-17.9825
-8.61119
-4.15441
-2.37805
-1.46164
-0.918366
-0.578363
-0.344498
-0.163416
-0.00552029
0.148985
0.317296
0.519159
0.783985
1.16482
1.76029
2.74772
4.6212
9.19198
18.678
)
;

boundaryField
{
    movingWall
    {
        type            zeroGradient;
    }
    fixedWalls
    {
        type            zeroGradient;
    }
    frontAndBack
    {
        type            empty;
    }
}


// ************************************************************************* //
