/*--------------------------------*- C++ -*----------------------------------*\
  =========                 |
  \\      /  F ield         | OpenFOAM: The Open Source CFD Toolbox
   \\    /   O peration     | Website:  https://openfoam.org
    \\  /    A nd           | Version:  6
     \\/     M anipulation  |
\*---------------------------------------------------------------------------*/
FoamFile
{
    version     2.0;
    format      ascii;
    class       surfaceScalarField;
    location    "0.06";
    object      phi;
}
// * * * * * * * * * * * * * * * * * * * * * * * * * * * * * * * * * * * * * //

dimensions      [0 3 -1 0 0 0 0];

internalField   nonuniform List<scalar> 
760
(
1.47345e-08
-1.47611e-08
-2.09018e-08
3.56362e-08
-1.12818e-07
9.19166e-08
-2.44772e-07
1.31953e-07
-3.96693e-07
1.51921e-07
-5.49283e-07
1.5259e-07
-6.85854e-07
1.36571e-07
-7.93161e-07
1.07306e-07
-8.61655e-07
6.84948e-08
-8.85524e-07
2.38684e-08
-8.62687e-07
-2.28364e-08
-7.94849e-07
-6.78382e-08
-6.87587e-07
-1.07262e-07
-5.50446e-07
-1.37142e-07
-3.96914e-07
-1.53531e-07
-2.44093e-07
-1.52821e-07
-1.11687e-07
-1.32406e-07
-1.99501e-08
-9.1737e-08
1.51046e-08
-3.50553e-08
1.51043e-08
-3.30319e-08
1.82708e-08
-1.7781e-07
1.80415e-07
-4.31217e-07
3.45324e-07
-7.63081e-07
4.63818e-07
-1.13333e-06
5.22166e-07
-1.50079e-06
5.2005e-07
-1.82822e-06
4.64002e-07
-2.08507e-06
3.64157e-07
-2.24884e-06
2.32268e-07
-2.3057e-06
8.07296e-08
-2.25075e-06
-7.77823e-08
-2.08821e-06
-2.30382e-07
-1.83147e-06
-3.64005e-07
-1.50301e-06
-4.65602e-07
-1.13382e-06
-5.22725e-07
-7.61871e-07
-5.24766e-07
-4.2908e-07
-4.65197e-07
-1.75892e-07
-3.44924e-07
-3.21727e-08
-1.78775e-07
-1.70686e-08
-9.05865e-08
1.08857e-07
-3.53605e-07
4.43433e-07
-7.61248e-07
7.52967e-07
-1.26738e-06
9.6995e-07
-1.81699e-06
1.07178e-06
-2.35447e-06
1.05753e-06
-2.82938e-06
9.38913e-07
-3.2001e-06
7.34882e-07
-3.43583e-06
4.67998e-07
-3.51757e-06
1.62463e-07
-3.43859e-06
-1.56762e-07
-3.20471e-06
-4.64264e-07
-2.83433e-06
-7.34384e-07
-2.35819e-06
-9.41739e-07
-1.81843e-06
-1.06249e-06
-1.26641e-06
-1.07679e-06
-7.58757e-07
-9.72846e-07
-3.51107e-07
-7.52574e-07
-8.93652e-08
-4.40515e-07
-1.06434e-07
-1.43163e-07
2.5202e-07
-5.21877e-07
8.22147e-07
-1.0792e-06
1.31029e-06
-1.74884e-06
1.63959e-06
-2.46051e-06
1.78345e-06
-3.1465e-06
1.74352e-06
-3.74681e-06
1.53922e-06
-4.21252e-06
1.20059e-06
-4.50766e-06
7.63134e-07
-4.6101e-06
2.6491e-07
-4.51201e-06
-2.54859e-07
-4.22001e-06
-7.56264e-07
-3.75537e-06
-1.19902e-06
-3.15386e-06
-1.54325e-06
-2.46494e-06
-1.75141e-06
-1.74976e-06
-1.79196e-06
-1.07745e-06
-1.64516e-06
-5.1931e-07
-1.31071e-06
-1.41694e-07
-8.18131e-07
-2.48127e-07
-1.91532e-07
4.43553e-07
-6.82657e-07
1.31327e-06
-1.38693e-06
2.01456e-06
-2.21523e-06
2.46789e-06
-3.08069e-06
2.64891e-06
-3.90401e-06
2.56684e-06
-4.61748e-06
2.25269e-06
-5.1673e-06
1.75041e-06
-5.51459e-06
1.11042e-06
-5.63564e-06
3.85959e-07
-5.52194e-06
-3.68562e-07
-5.18029e-06
-1.09792e-06
-4.63312e-06
-1.74618e-06
-3.91886e-06
-2.25752e-06
-3.0918e-06
-2.57847e-06
-2.22109e-06
-2.66267e-06
-1.38797e-06
-2.47829e-06
-6.8105e-07
-2.01763e-06
-1.90078e-07
-1.3091e-06
-4.38205e-07
-2.38575e-07
6.82128e-07
-8.41748e-07
1.91644e-06
-1.69299e-06
2.86581e-06
-2.67828e-06
3.45318e-06
-3.69285e-06
3.66348e-06
-4.64604e-06
3.52003e-06
-5.46388e-06
3.07053e-06
-6.08972e-06
2.37626e-06
-6.48378e-06
1.50448e-06
-6.62214e-06
5.24316e-07
-6.49605e-06
-4.94653e-07
-6.11182e-06
-1.48214e-06
-5.49148e-06
-2.36653e-06
-4.67389e-06
-3.0751e-06
-3.71606e-06
-3.5363e-06
-2.69368e-06
-3.68505e-06
-1.70009e-06
-3.47188e-06
-8.4285e-07
-2.87487e-06
-2.37644e-07
-1.91431e-06
-6.7585e-07
-2.87263e-07
9.6939e-07
-1.00594e-06
2.63512e-06
-2.00677e-06
3.86664e-06
-3.14833e-06
4.59473e-06
-4.30695e-06
4.82209e-06
-5.38129e-06
4.59438e-06
-6.29311e-06
3.98234e-06
-6.98545e-06
3.0686e-06
-7.41996e-06
1.93899e-06
-7.5741e-06
6.78461e-07
-7.43941e-06
-6.29345e-07
-7.021e-06
-1.90055e-06
-6.33863e-06
-3.0489e-06
-5.42907e-06
-3.98466e-06
-4.3493e-06
-4.61607e-06
-3.1795e-06
-4.85485e-06
-2.02454e-06
-4.62683e-06
-1.01234e-06
-3.88707e-06
-2.8766e-07
-2.63898e-06
-9.63509e-07
-3.40379e-07
1.30977e-06
-1.18164e-06
3.47638e-06
-2.33612e-06
5.02112e-06
-3.63149e-06
5.8901e-06
-4.92459e-06
6.1152e-06
-6.10531e-06
5.7751e-06
-7.09441e-06
4.97143e-06
-7.83834e-06
3.81253e-06
-8.30338e-06
2.40403e-06
-8.47053e-06
8.45613e-07
-8.33231e-06
-7.67571e-07
-7.89178e-06
-2.34107e-06
-7.16416e-06
-3.77652e-06
-6.18066e-06
-4.96817e-06
-4.99422e-06
-5.80251e-06
-3.68596e-06
-6.1631e-06
-2.37041e-06
-5.94239e-06
-1.19678e-06
-5.0607e-06
-3.43242e-07
-3.49252e-06
-1.30675e-06
-4.00676e-07
1.71045e-06
-1.37467e-06
4.45038e-06
-2.6863e-06
6.33275e-06
-4.12757e-06
7.33137e-06
-5.53619e-06
7.52381e-06
-6.79708e-06
7.036e-06
-7.83548e-06
6.00983e-06
-8.60671e-06
4.58377e-06
-9.08613e-06
2.88345e-06
-9.26115e-06
1.02063e-06
-9.12628e-06
-9.02438e-07
-8.68163e-06
-2.78572e-06
-7.93492e-06
-4.52323e-06
-6.9071e-06
-5.99598e-06
-5.64124e-06
-7.06837e-06
-4.21349e-06
-7.59085e-06
-2.74386e-06
-7.41201e-06
-1.40279e-06
-6.40177e-06
-4.07487e-07
-4.48782e-06
-1.71424e-06
-4.71438e-07
2.18188e-06
-1.59084e-06
5.56978e-06
-3.05955e-06
7.80147e-06
-4.62809e-06
8.89991e-06
-6.11736e-06
9.01308e-06
-7.41438e-06
8.33303e-06
-8.45729e-06
7.05274e-06
-9.21794e-06
5.34441e-06
-9.68663e-06
3.35213e-06
-9.86082e-06
1.19482e-06
-9.73841e-06
-1.02485e-06
-9.31554e-06
-3.2086e-06
-8.589e-06
-5.24977e-06
-7.56353e-06
-7.02145e-06
-6.26413e-06
-8.36777e-06
-4.75278e-06
-9.10221e-06
-3.14726e-06
-9.01753e-06
-1.63668e-06
-7.91236e-06
-4.84008e-07
-5.6405e-06
-2.19825e-06
-5.57515e-07
2.7394e-06
-1.83701e-06
6.84927e-06
-3.45446e-06
9.41892e-06
-5.11308e-06
1.05585e-05
-6.62359e-06
1.05236e-05
-7.88708e-06
9.59652e-06
-8.86687e-06
8.03252e-06
-9.56134e-06
6.03889e-06
-9.98275e-06
3.77354e-06
-1.01427e-05
1.35481e-06
-1.00442e-05
-1.12341e-06
-9.67841e-06
-3.57435e-06
-9.0278e-06
-5.90038e-06
-8.07402e-06
-7.97523e-06
-6.81351e-06
-9.62828e-06
-5.28073e-06
-1.0635e-05
-3.57788e-06
-1.07204e-05
-1.90526e-06
-9.58498e-06
-5.77901e-07
-6.96786e-06
-2.77615e-06
-6.67039e-07
3.40644e-06
-2.12223e-06
8.30447e-06
-3.8637e-06
1.11604e-05
-5.54488e-06
1.22397e-05
-6.98117e-06
1.19599e-05
-8.10707e-06
1.07224e-05
-8.92771e-06
8.85317e-06
-9.47973e-06
6.59091e-06
-9.80437e-06
4.09819e-06
-9.93127e-06
1.4817e-06
-9.86982e-06
-1.18485e-06
-9.60632e-06
-3.83785e-06
-9.1059e-06
-6.40081e-06
-8.32066e-06
-8.76046e-06
-7.20664e-06
-1.07423e-05
-5.75289e-06
-1.20887e-05
-4.02466e-06
-1.24486e-05
-2.21648e-06
-1.13932e-05
-6.97375e-07
-8.48696e-06
-3.47352e-06
-8.14201e-07
4.22064e-06
-2.45794e-06
9.94821e-06
-4.26736e-06
1.29698e-05
-5.85521e-06
1.38276e-05
-7.07149e-06
1.31761e-05
-7.91314e-06
1.15641e-05
-8.44738e-06
9.3874e-06
-8.76018e-06
6.90371e-06
-8.92675e-06
4.26475e-06
-8.99646e-06
1.55141e-06
-8.98619e-06
-1.19513e-06
-8.87778e-06
-3.94626e-06
-8.61885e-06
-6.65974e-06
-8.12822e-06
-9.25109e-06
-7.31084e-06
-1.15597e-05
-6.08929e-06
-1.33103e-05
-4.46021e-06
-1.40777e-05
-2.57879e-06
-1.32746e-05
-8.56351e-07
-1.02094e-05
-4.32987e-06
-1.02314e-06
5.24378e-06
-2.8536e-06
1.17787e-05
-4.61522e-06
1.47314e-05
-5.91899e-06
1.51313e-05
-6.70398e-06
1.39611e-05
-7.06882e-06
1.19289e-05
-7.16247e-06
9.48105e-06
-7.12597e-06
6.86721e-06
-7.06724e-06
4.20602e-06
-7.05287e-06
1.53704e-06
-7.10637e-06
-1.14163e-06
-7.20737e-06
-3.84525e-06
-7.2902e-06
-6.57691e-06
-7.24346e-06
-9.29782e-06
-6.91694e-06
-1.18862e-05
-6.14741e-06
-1.40798e-05
-4.82155e-06
-1.54035e-05
-2.99554e-06
-1.51006e-05
-1.07798e-06
-1.2127e-05
-5.40785e-06
-1.33013e-06
6.57391e-06
-3.29665e-06
1.37452e-05
-4.78317e-06
1.62179e-05
-5.50275e-06
1.58509e-05
-5.57132e-06
1.40297e-05
-5.23156e-06
1.15892e-05
-4.72289e-06
8.97237e-06
-4.23309e-06
6.37742e-06
-3.89007e-06
3.863e-06
-3.76772e-06
1.41469e-06
-3.89268e-06
-1.01667e-06
-4.2464e-06
-3.49153e-06
-4.76088e-06
-6.06243e-06
-5.30944e-06
-8.74926e-06
-5.69806e-06
-1.14976e-05
-5.67182e-06
-1.41061e-05
-4.96527e-06
-1.61101e-05
-3.44276e-06
-1.66231e-05
-1.39582e-06
-1.41739e-05
-6.80367e-06
-1.76841e-06
8.34232e-06
-3.68321e-06
1.566e-05
-4.47206e-06
1.70068e-05
-4.16931e-06
1.55482e-05
-3.18154e-06
1.30419e-05
-1.9167e-06
1.03243e-05
-6.82283e-07
7.73795e-06
3.2086e-07
5.37427e-06
9.74048e-07
3.20981e-06
1.21487e-06
1.17387e-06
1.02043e-06
-8.22224e-07
4.01969e-07
-2.87307e-06
-5.88577e-07
-5.07189e-06
-1.83983e-06
-7.498e-06
-3.15155e-06
-1.01859e-05
-4.20538e-06
-1.30522e-05
-4.56778e-06
-1.57477e-05
-3.79698e-06
-1.73939e-05
-1.83613e-06
-1.61347e-05
-8.63981e-06
-2.28918e-06
1.06315e-05
-3.6234e-06
1.69942e-05
-2.99347e-06
1.63769e-05
-1.11781e-06
1.36725e-05
1.22952e-06
1.06946e-05
3.53064e-06
8.0232e-06
5.49109e-06
5.7775e-06
6.96403e-06
3.90134e-06
7.88453e-06
2.28931e-06
8.22648e-06
8.31923e-07
7.97971e-06
-5.75458e-07
7.14282e-06
-2.03618e-06
5.72978e-06
-3.65885e-06
3.79313e-06
-5.56136e-06
1.46982e-06
-7.86256e-06
-9.46834e-07
-1.06356e-05
-2.92202e-06
-1.37725e-05
-3.6413e-06
-1.66746e-05
-2.33413e-06
-1.74419e-05
-1.09739e-05
-2.50735e-06
1.31389e-05
-1.96175e-06
1.64486e-05
1.14402e-06
1.32711e-05
5.05114e-06
9.7654e-06
8.78035e-06
6.96538e-06
1.19251e-05
4.87846e-06
1.43601e-05
3.3425e-06
1.60804e-05
2.18103e-06
1.71178e-05
1.25187e-06
1.75012e-05
4.48562e-07
1.72396e-05
-3.13815e-07
1.63171e-05
-1.11374e-06
1.46963e-05
-2.03799e-06
1.23326e-05
-3.19769e-06
9.21451e-06
-4.74446e-06
5.45088e-06
-6.87196e-06
1.44367e-06
-9.7653e-06
-1.80512e-06
-1.34258e-05
-2.47782e-06
-1.67692e-05
-1.34518e-05
-6.05363e-07
1.37442e-05
4.57938e-06
1.12639e-05
1.09956e-05
6.85487e-06
1.65658e-05
4.19516e-06
2.08996e-05
2.63159e-06
2.40997e-05
1.67839e-06
2.63662e-05
1.07601e-06
2.7876e-05
6.71227e-07
2.87541e-05
3.73805e-07
2.90728e-05
1.29809e-07
2.88561e-05
-9.7102e-08
2.80805e-05
-3.3813e-07
2.66721e-05
-6.29618e-07
2.45003e-05
-1.02587e-06
2.1375e-05
-1.61918e-06
1.70734e-05
-2.57039e-06
1.1466e-05
-4.15786e-06
4.92924e-06
-6.88906e-06
-4.42511e-07
-1.13975e-05
-1.38943e-05
1.37442e-05
2.50081e-05
3.18629e-05
3.60581e-05
3.86897e-05
4.03681e-05
4.14441e-05
4.21153e-05
4.24891e-05
4.26189e-05
4.25218e-05
4.21837e-05
4.15541e-05
4.05282e-05
3.8909e-05
3.63386e-05
3.21808e-05
2.52917e-05
1.38943e-05
)
;

boundaryField
{
    movingWall
    {
        type            calculated;
        value           uniform 0;
    }
    fixedWalls
    {
        type            calculated;
        value           uniform 0;
    }
    frontAndBack
    {
        type            empty;
        value           nonuniform 0();
    }
}


// ************************************************************************* //
