/*--------------------------------*- C++ -*----------------------------------*\
  =========                 |
  \\      /  F ield         | OpenFOAM: The Open Source CFD Toolbox
   \\    /   O peration     | Website:  https://openfoam.org
    \\  /    A nd           | Version:  6
     \\/     M anipulation  |
\*---------------------------------------------------------------------------*/
FoamFile
{
    version     2.0;
    format      ascii;
    class       volVectorField;
    location    "0.06";
    object      U;
}
// * * * * * * * * * * * * * * * * * * * * * * * * * * * * * * * * * * * * * //

dimensions      [0 1 -1 0 0 0 0];

internalField   nonuniform List<vector> 
400
(
(0.000256236 -0.000252728 0)
(0.000157461 0.00010727 0)
(-0.00114744 0.000566186 0)
(-0.00345666 0.000894495 0)
(-0.00637512 0.0010605 0)
(-0.00949566 0.00107644 0)
(-0.0124515 0.000967031 0)
(-0.0149399 0.000760844 0)
(-0.0167316 0.000486234 0)
(-0.0176725 0.000170336 0)
(-0.0176835 -0.000160466 0)
(-0.0167606 -0.000479626 0)
(-0.0149764 -0.000759562 0)
(-0.0124823 -0.000971124 0)
(-0.00951013 -0.00108381 0)
(-0.00636968 -0.0010676 0)
(-0.00343666 -0.000897825 0)
(-0.00112484 -0.000564188 0)
(0.000171388 -0.000102041 0)
(0.000259976 0.00025564 0)
(-6.90369e-05 -0.000187114 0)
(-0.00157512 0.00161936 0)
(-0.00563338 0.00361432 0)
(-0.0116715 0.00506313 0)
(-0.0188877 0.00579231 0)
(-0.02645 0.00580905 0)
(-0.0335597 0.00519938 0)
(-0.0395284 0.00408693 0)
(-0.0438208 0.00260953 0)
(-0.0460715 0.000909185 0)
(-0.0460922 -0.000870588 0)
(-0.0438754 -0.00258425 0)
(-0.0395974 -0.00408337 0)
(-0.0336186 -0.00521771 0)
(-0.0264786 -0.00584068 0)
(-0.0188787 -0.00582282 0)
(-0.0116337 -0.00507828 0)
(-0.00558863 -0.00360754 0)
(-0.00154546 -0.00159809 0)
(-6.02432e-05 0.000201472 0)
(-0.000515365 0.00104319 0)
(-0.00366042 0.0056744 0)
(-0.010513 0.0102139 0)
(-0.0199398 0.0134651 0)
(-0.030775 0.0150475 0)
(-0.0419043 0.014938 0)
(-0.0522533 0.0133085 0)
(-0.0608864 0.0104377 0)
(-0.0670721 0.00665511 0)
(-0.070309 0.00231236 0)
(-0.0703387 -0.0022289 0)
(-0.0671512 -0.00660066 0)
(-0.060989 -0.0104307 0)
(-0.0523461 -0.0133498 0)
(-0.0419588 -0.0150092 0)
(-0.0307779 -0.0151175 0)
(-0.0198996 -0.0135026 0)
(-0.0104569 -0.0102028 0)
(-0.00361979 -0.00562838 0)
(-0.000502433 -0.00100767 0)
(-0.000910613 0.00339252 0)
(-0.00563229 0.0121217 0)
(-0.0152297 0.0199179 0)
(-0.0278975 0.0253097 0)
(-0.0420612 0.0277772 0)
(-0.0563516 0.0273065 0)
(-0.0694837 0.0241927 0)
(-0.0803532 0.0189126 0)
(-0.0881042 0.0120364 0)
(-0.0921534 0.00417804 0)
(-0.0921997 -0.0040281 0)
(-0.0882302 -0.0119361 0)
(-0.0805238 -0.0188943 0)
(-0.0696523 -0.0242594 0)
(-0.056475 -0.0274291 0)
(-0.0421143 -0.0279037 0)
(-0.027883 -0.0253851 0)
(-0.0151781 -0.0199109 0)
(-0.00558587 -0.0120489 0)
(-0.000894016 -0.00332898 0)
(-0.00125941 0.00674674 0)
(-0.00748444 0.0208302 0)
(-0.0197787 0.0325462 0)
(-0.0356203 0.0403117 0)
(-0.0529813 0.0435862 0)
(-0.0702304 0.0424502 0)
(-0.0858994 0.0373858 0)
(-0.0987616 0.0291169 0)
(-0.107887 0.0184932 0)
(-0.112649 0.00642209 0)
(-0.112726 -0.00616275 0)
(-0.108101 -0.0183118 0)
(-0.0990629 -0.0290659 0)
(-0.0862193 -0.0374743 0)
(-0.0705007 -0.0426384 0)
(-0.0531539 -0.0437963 0)
(-0.0356834 -0.0404562 0)
(-0.0197618 -0.0325675 0)
(-0.00744338 -0.0207401 0)
(-0.00124071 -0.00665214 0)
(-0.00159146 0.0110461 0)
(-0.00930321 0.0317662 0)
(-0.0243001 0.0480952 0)
(-0.0433072 0.0584519 0)
(-0.063804 0.0624068 0)
(-0.0838851 0.0602502 0)
(-0.101918 0.0527409 0)
(-0.116594 0.0409125 0)
(-0.126949 0.0259326 0)
(-0.132353 0.00902218 0)
(-0.132481 -0.00857663 0)
(-0.127309 -0.0256052 0)
(-0.117113 -0.0407865 0)
(-0.102497 -0.0528383 0)
(-0.0844153 -0.0605216 0)
(-0.0641996 -0.0627431 0)
(-0.0435287 -0.0587203 0)
(-0.0243678 -0.0481943 0)
(-0.00928772 -0.0316878 0)
(-0.00157422 -0.0109248 0)
(-0.00193649 0.0162932 0)
(-0.0111882 0.0449633 0)
(-0.0289612 0.0666027 0)
(-0.0511625 0.0797291 0)
(-0.0747375 0.0841736 0)
(-0.0975052 0.0805811 0)
(-0.1177 0.0701011 0)
(-0.133976 0.054152 0)
(-0.145393 0.0342564 0)
(-0.151354 0.0119571 0)
(-0.151556 -0.0112056 0)
(-0.145965 -0.03368 0)
(-0.134819 -0.0538797 0)
(-0.118669 -0.0701789 0)
(-0.0984389 -0.0809541 0)
(-0.0754929 -0.0846959 0)
(-0.0516536 -0.0802063 0)
(-0.0291857 -0.066865 0)
(-0.0112294 -0.0449558 0)
(-0.00192682 -0.0161625 0)
(-0.00232238 0.022549 0)
(-0.013236 0.0605288 0)
(-0.0339172 0.0881424 0)
(-0.0593404 0.104125 0)
(-0.0858696 0.108759 0)
(-0.111066 0.103229 0)
(-0.133089 0.0892164 0)
(-0.150631 0.068608 0)
(-0.162848 0.0433137 0)
(-0.169233 0.0151885 0)
(-0.169532 -0.0139641 0)
(-0.163701 -0.0423419 0)
(-0.151908 -0.0680825 0)
(-0.134592 -0.0892233 0)
(-0.112566 -0.103717 0)
(-0.0871469 -0.109543 0)
(-0.0602396 -0.10493 0)
(-0.0343927 -0.0886981 0)
(-0.0133771 -0.0606927 0)
(-0.00232945 -0.0224457 0)
(-0.00277826 0.0299295 0)
(-0.0155425 0.0786389 0)
(-0.0392997 0.112802 0)
(-0.0679139 0.131557 0)
(-0.0971169 0.135905 0)
(-0.124266 0.127812 0)
(-0.147547 0.109665 0)
(-0.165809 0.0839079 0)
(-0.178402 0.0528565 0)
(-0.184987 0.0186422 0)
(-0.185401 -0.0167349 0)
(-0.179588 -0.0513004 0)
(-0.167608 -0.0829839 0)
(-0.14971 -0.10952 0)
(-0.126488 -0.128415 0)
(-0.0990848 -0.137034 0)
(-0.0693765 -0.132843 0)
(-0.0401393 -0.113832 0)
(-0.0158389 -0.079126 0)
(-0.00281475 -0.0299166 0)
(-0.00334228 0.0386091 0)
(-0.0182187 0.0995264 0)
(-0.0452223 0.140634 0)
(-0.0768514 0.161789 0)
(-0.108168 0.165107 0)
(-0.13644 0.153662 0)
(-0.16005 0.130746 0)
(-0.17817 0.0994505 0)
(-0.190487 0.0624848 0)
(-0.196923 0.0221856 0)
(-0.197454 -0.0193597 0)
(-0.19202 -0.0601264 0)
(-0.180527 -0.0979479 0)
(-0.162942 -0.130333 0)
(-0.139493 -0.154351 0)
(-0.110968 -0.166659 0)
(-0.0790274 -0.163732 0)
(-0.0465483 -0.142371 0)
(-0.0187362 -0.100547 0)
(-0.00342475 -0.0387831 0)
(-0.00407569 0.0488401 0)
(-0.0214198 0.123472 0)
(-0.0517902 0.171585 0)
(-0.0859791 0.194311 0)
(-0.118394 0.195472 0)
(-0.146436 0.179682 0)
(-0.168946 0.151366 0)
(-0.185652 0.114319 0)
(-0.196744 0.0715925 0)
(-0.202517 0.0256028 0)
(-0.203143 -0.0216336 0)
(-0.198566 -0.068213 0)
(-0.188496 -0.112039 0)
(-0.172516 -0.15053 0)
(-0.150316 -0.180385 0)
(-0.122085 -0.197489 0)
(-0.0889746 -0.19708 0)
(-0.0537152 -0.174295 0)
(-0.0222306 -0.125296 0)
(-0.00422486 -0.049337 0)
(-0.00508811 0.0610012 0)
(-0.0253878 0.150793 0)
(-0.0590966 0.205375 0)
(-0.094893 0.228142 0)
(-0.126687 0.225512 0)
(-0.152412 0.204176 0)
(-0.171754 0.16991 0)
(-0.185277 0.127205 0)
(-0.193862 0.079322 0)
(-0.198277 0.0285731 0)
(-0.198939 -0.0233062 0)
(-0.195809 -0.0747524 0)
(-0.188377 -0.123961 0)
(-0.175755 -0.168467 0)
(-0.156921 -0.204755 0)
(-0.131162 -0.227962 0)
(-0.0987075 -0.231859 0)
(-0.0616894 -0.209325 0)
(-0.0265616 -0.153737 0)
(-0.00532875 -0.0620005 0)
(-0.00658179 0.0756935 0)
(-0.0305075 0.181815 0)
(-0.0671636 0.241291 0)
(-0.10275 0.261548 0)
(-0.131156 0.252885 0)
(-0.15152 0.224669 0)
(-0.16488 0.184145 0)
(-0.172948 0.136362 0)
(-0.177431 0.0845507 0)
(-0.179629 0.0306621 0)
(-0.180223 -0.0240957 0)
(-0.179206 -0.0787454 0)
(-0.175858 -0.132036 0)
(-0.168799 -0.181909 0)
(-0.156165 -0.22491 0)
(-0.136041 -0.25561 0)
(-0.107185 -0.266207 0)
(-0.0703922 -0.246677 0)
(-0.0320934 -0.186206 0)
(-0.00694186 -0.0774176 0)
(-0.00892168 0.0939064 0)
(-0.0373432 0.21675 0)
(-0.0757155 0.277783 0)
(-0.107794 0.291598 0)
(-0.128562 0.274075 0)
(-0.139388 0.237755 0)
(-0.143248 0.191206 0)
(-0.143212 0.139662 0)
(-0.141836 0.0859481 0)
(-0.140885 0.0313426 0)
(-0.141265 -0.0237198 0)
(-0.143013 -0.0790737 0)
(-0.145274 -0.134284 0)
(-0.146267 -0.188038 0)
(-0.143313 -0.237379 0)
(-0.133103 -0.276749 0)
(-0.112331 -0.296973 0)
(-0.0793569 -0.284621 0)
(-0.0393358 -0.222853 0)
(-0.00942844 -0.0966103 0)
(-0.0127 0.117241 0)
(-0.0465069 0.255305 0)
(-0.0834956 0.311723 0)
(-0.106325 0.31356 0)
(-0.1133 0.28413 0)
(-0.109356 0.239131 0)
(-0.099837 0.187794 0)
(-0.0891016 0.134838 0)
(-0.0802945 0.0821641 0)
(-0.0754009 0.0300714 0)
(-0.0754041 -0.0219523 0)
(-0.0803897 -0.0746808 0)
(-0.089525 -0.128674 0)
(-0.100909 -0.183697 0)
(-0.11136 -0.237855 0)
(-0.116309 -0.28625 0)
(-0.110005 -0.319113 0)
(-0.0870009 -0.319691 0)
(-0.0487731 -0.263185 0)
(-0.0133649 -0.121176 0)
(-0.0185823 0.148236 0)
(-0.0578033 0.295684 0)
(-0.0864072 0.337092 0)
(-0.0905895 0.320176 0)
(-0.0757198 0.276637 0)
(-0.0514509 0.224032 0)
(-0.0252687 0.170777 0)
(-0.00215639 0.120028 0)
(0.0148248 0.0722113 0)
(0.0239632 0.0264491 0)
(0.0244576 -0.0187079 0)
(0.0161893 -0.0648973 0)
(-0.00026761 -0.113655 0)
(-0.0233918 -0.166012 0)
(-0.0502221 -0.221704 0)
(-0.075697 -0.277623 0)
(-0.0919707 -0.325035 0)
(-0.0887388 -0.34537 0)
(-0.0599319 -0.304999 0)
(-0.01935 -0.153571 0)
(-0.0261484 0.191105 0)
(-0.0672211 0.332212 0)
(-0.0730668 0.34252 0)
(-0.0448422 0.300779 0)
(0.000329076 0.244166 0)
(0.0486655 0.188266 0)
(0.0922644 0.138277 0)
(0.127067 0.0946537 0)
(0.151202 0.0560257 0)
(0.163908 0.0204545 0)
(0.164889 -0.0141385 0)
(0.15403 -0.0498813 0)
(0.131394 -0.0889474 0)
(0.0974927 -0.133466 0)
(0.053953 -0.185081 0)
(0.00469071 -0.243618 0)
(-0.0422774 -0.303925 0)
(-0.0726574 -0.349759 0)
(-0.0682834 -0.341959 0)
(-0.0267556 -0.197773 0)
(-0.0286872 0.24893 0)
(-0.0581835 0.34849 0)
(-0.0154 0.308215 0)
(0.0610676 0.242125 0)
(0.140364 0.180823 0)
(0.210123 0.130874 0)
(0.266171 0.0917411 0)
(0.307666 0.0607854 0)
(0.335112 0.0352445 0)
(0.349237 0.0127479 0)
(0.35047 -0.00875466 0)
(0.338748 -0.0312175 0)
(0.313499 -0.0567535 0)
(0.273786 -0.0878774 0)
(0.218808 -0.127612 0)
(0.149056 -0.178992 0)
(0.0684344 -0.242967 0)
(-0.0107004 -0.312912 0)
(-0.0566132 -0.356738 0)
(-0.0283683 -0.256032 0)
(0.0132475 0.287614 0)
(0.0288536 0.301524 0)
(0.151502 0.213635 0)
(0.279685 0.142603 0)
(0.379917 0.0945402 0)
(0.454433 0.0626283 0)
(0.508325 0.0411754 0)
(0.545511 0.0261015 0)
(0.568996 0.0146985 0)
(0.580767 0.00519163 0)
(0.581785 -0.0037004 0)
(0.572059 -0.0131113 0)
(0.550626 -0.0243337 0)
(0.515442 -0.039181 0)
(0.46332 -0.0604732 0)
(0.390005 -0.0925679 0)
(0.289906 -0.141664 0)
(0.16011 -0.215001 0)
(0.0342389 -0.305704 0)
(0.0158704 -0.292142 0)
(0.304279 0.146878 0)
(0.404862 0.127586 0)
(0.567544 0.074964 0)
(0.684224 0.0421604 0)
(0.752015 0.024147 0)
(0.793449 0.0141631 0)
(0.82006 0.00846026 0)
(0.837037 0.00499801 0)
(0.847206 0.00267423 0)
(0.852111 0.000888197 0)
(0.852431 -0.000727593 0)
(0.848195 -0.00247159 0)
(0.838785 -0.00470285 0)
(0.822715 -0.00800676 0)
(0.797181 -0.0134749 0)
(0.756964 -0.0231844 0)
(0.690407 -0.0410408 0)
(0.574191 -0.0741039 0)
(0.409764 -0.127675 0)
(0.3066 -0.147726 0)
)
;

boundaryField
{
    movingWall
    {
        type            fixedValue;
        value           uniform (1 0 0);
    }
    fixedWalls
    {
        type            noSlip;
    }
    frontAndBack
    {
        type            empty;
    }
}


// ************************************************************************* //
