/*--------------------------------*- C++ -*----------------------------------*\
  =========                 |
  \\      /  F ield         | OpenFOAM: The Open Source CFD Toolbox
   \\    /   O peration     | Website:  https://openfoam.org
    \\  /    A nd           | Version:  6
     \\/     M anipulation  |
\*---------------------------------------------------------------------------*/
FoamFile
{
    version     2.0;
    format      ascii;
    class       volScalarField;
    location    "0.095";
    object      p;
}
// * * * * * * * * * * * * * * * * * * * * * * * * * * * * * * * * * * * * * //

dimensions      [0 2 -2 0 0 0 0];

internalField   nonuniform List<scalar> 
400
(
2.04861e-08
-0.000800004
-0.00157033
-0.00191245
-0.00167201
-0.000809289
0.000647005
0.00262693
0.00503406
0.00774934
0.0106301
0.0135098
0.0162018
0.018511
0.0202543
0.0212923
0.0215693
0.0211547
0.020282
0.0194324
0.000793879
-3.12678e-05
-0.00060983
-0.000766532
-0.000450815
0.000370087
0.00168428
0.00344265
0.00556932
0.0079643
0.0105039
0.0130423
0.0154178
0.0174643
0.0190303
0.0200059
0.0203547
0.0201341
0.0194638
0.0185952
0.0016128
0.000495931
-0.000133455
-0.000255063
7.36128e-05
0.000862575
0.00209979
0.00374382
0.0057308
0.00797394
0.0103621
0.0127609
0.0150185
0.0169765
0.0184881
0.0194431
0.0197992
0.0195904
0.0188366
0.0176546
0.0020781
0.000593839
-0.000195362
-0.000362404
-5.31418e-05
0.000718658
0.0019345
0.00355404
0.00551991
0.00775354
0.0101507
0.0125805
0.0148889
0.0169093
0.0184797
0.0194689
0.0198133
0.0195217
0.0185438
0.0169426
0.00199289
0.000143574
-0.000829322
-0.00106207
-0.00077319
3.54919e-06
0.00124335
0.00290589
0.00493867
0.00726938
0.00979784
0.0123918
0.0148882
0.0171013
0.0188399
0.0199373
0.0202968
0.0198999
0.0186434
0.0165803
0.00121846
-0.00100011
-0.00216601
-0.00246581
-0.00218383
-0.00137143
-5.87395e-05
0.00171435
0.00390039
0.00643328
0.00921618
0.0121134
0.0149474
0.0175041
0.0195495
0.0208638
0.0213008
0.0208051
0.0192211
0.0166166
-0.000367463
-0.00298398
-0.00435336
-0.00471282
-0.00441609
-0.00353264
-0.00209738
-0.000148502
0.00227357
0.00511138
0.00827386
0.0116231
0.0149653
0.018051
0.0205877
0.0222797
0.0229048
0.0223478
0.0203778
0.0170844
-0.00290111
-0.00597086
-0.00755814
-0.00796382
-0.00762579
-0.00663566
-0.00503319
-0.00285277
-0.000123693
0.00311092
0.00677263
0.0107281
0.0147715
0.0186148
0.0218922
0.0242015
0.0252036
0.0246774
0.0222595
0.0180488
-0.00655867
-0.0101627
-0.0119847
-0.0124159
-0.0120056
-0.0108754
-0.00907081
-0.00661937
-0.00353315
0.000168275
0.00443142
0.00914213
0.0140968
0.0189755
0.023329
0.0266124
0.0283079
0.0280079
0.0251052
0.0196614
-0.0115799
-0.0158221
-0.0178897
-0.0183096
-0.0177856
-0.0164819
-0.014451
-0.0117102
-0.00824678
-0.00404468
0.000885468
0.00647346
0.012547
0.0187799
0.0246451
0.0294208
0.0323273
0.0326381
0.0293045
0.0222387
-0.0182981
-0.0232986
-0.0255955
-0.0259288
-0.0252217
-0.0236986
-0.0214206
-0.0183909
-0.0145645
-0.00987684
-0.00427402
0.0022525
0.0096105
0.0175233
0.0254257
0.0324087
0.0373365
0.0389667
0.0354766
0.0263873
-0.027189
-0.0330673
-0.0355054
-0.0355907
-0.0345651
-0.0327343
-0.0301678
-0.0268506
-0.0226994
-0.0175911
-0.0113859
-0.00395601
0.00475434
0.0146118
0.0251123
0.0352101
0.0433467
0.0475072
0.044581
0.0332152
-0.0389648
-0.0457918
-0.0481139
-0.0476131
-0.0459967
-0.0436716
-0.0407078
-0.0370648
-0.0326172
-0.0271778
-0.0205062
-0.0123175
-0.00233196
0.00958871
0.0231744
0.0374075
0.050344
0.0589394
0.0580904
0.0447028
-0.0547736
-0.0624285
-0.064
-0.0622322
-0.0595024
-0.0563148
-0.0527104
-0.0486055
-0.0438242
-0.0381127
-0.0311228
-0.0223882
-0.0113404
0.00256505
0.0195245
0.0388612
0.0584998
0.0742651
0.078287
0.0643705
-0.0766442
-0.0843932
-0.083747
-0.0794121
-0.0746459
-0.0699575
-0.0652791
-0.0604365
-0.0551755
-0.0491612
-0.0419306
-0.0328252
-0.020955
-0.00527426
0.0151064
0.0402783
0.0685989
0.0950902
0.108675
0.0983212
-0.108418
-0.113769
-0.1077
-0.0984912
-0.0902295
-0.083104
-0.076755
-0.0708063
-0.0648489
-0.0584162
-0.0509014
-0.0414436
-0.0288297
-0.0114875
0.0122998
0.0438003
0.0826131
0.123962
0.154262
0.156272
-0.157773
-0.153449
-0.135562
-0.117845
-0.104064
-0.0933783
-0.084789
-0.0774787
-0.0707165
-0.0637963
-0.0559034
-0.0459446
-0.032384
-0.0131359
0.0143848
0.052895
0.10402
0.164807
0.222125
0.253066
-0.243437
-0.206797
-0.164755
-0.133784
-0.112413
-0.0974229
-0.0866079
-0.078264
-0.0710701
-0.0639497
-0.0558218
-0.0453428
-0.0306591
-0.00917294
0.0226393
0.069228
0.135062
0.221576
0.324024
0.418807
-0.419882
-0.273869
-0.180509
-0.133121
-0.105698
-0.0886563
-0.0779483
-0.0706245
-0.064634
-0.0585741
-0.0512125
-0.041096
-0.0262171
-0.00363719
0.0310217
0.0842738
0.165132
0.285519
0.4701
0.71877
-0.758635
-0.333676
-0.152657
-0.0967226
-0.0735682
-0.0619304
-0.0566512
-0.0541458
-0.0520864
-0.0491521
-0.0443216
-0.0363764
-0.0235491
-0.00311535
0.0292936
0.0812251
0.167061
0.317318
0.614721
1.15546
)
;

boundaryField
{
    movingWall
    {
        type            zeroGradient;
    }
    fixedWalls
    {
        type            zeroGradient;
    }
    frontAndBack
    {
        type            empty;
    }
}


// ************************************************************************* //
