/*--------------------------------*- C++ -*----------------------------------*\
  =========                 |
  \\      /  F ield         | OpenFOAM: The Open Source CFD Toolbox
   \\    /   O peration     | Website:  https://openfoam.org
    \\  /    A nd           | Version:  6
     \\/     M anipulation  |
\*---------------------------------------------------------------------------*/
FoamFile
{
    version     2.0;
    format      ascii;
    class       surfaceScalarField;
    location    "0.095";
    object      phi;
}
// * * * * * * * * * * * * * * * * * * * * * * * * * * * * * * * * * * * * * //

dimensions      [0 3 -1 0 0 0 0];

internalField   nonuniform List<scalar> 
760
(
2.95653e-09
-2.95671e-09
-3.4535e-08
3.74916e-08
-1.0732e-07
7.27852e-08
-2.00252e-07
9.29317e-08
-2.99907e-07
9.96553e-08
-3.95873e-07
9.59662e-08
-4.80417e-07
8.45435e-08
-5.4781e-07
6.73935e-08
-5.93684e-07
4.58739e-08
-6.14658e-07
2.09735e-08
-6.08331e-07
-6.32636e-09
-5.7362e-07
-3.47111e-08
-5.1136e-07
-6.22599e-08
-4.25068e-07
-8.62923e-08
-3.21664e-07
-1.03404e-07
-2.11876e-07
-1.09788e-07
-1.09953e-07
-1.01923e-07
-3.24302e-08
-7.75225e-08
4.92932e-09
-3.73595e-08
4.92923e-09
-3.69045e-08
3.39478e-08
-1.55189e-07
1.55777e-07
-3.38933e-07
2.56529e-07
-5.61734e-07
3.15733e-07
-7.97249e-07
3.3517e-07
-1.02307e-06
3.21788e-07
-1.22145e-06
2.82922e-07
-1.37873e-06
2.24673e-07
-1.4845e-06
1.51646e-07
-1.53105e-06
6.7526e-08
-1.51339e-06
-2.39849e-08
-1.42989e-06
-1.18218e-07
-1.28339e-06
-2.08762e-07
-1.08261e-06
-2.87071e-07
-8.43322e-07
-3.42689e-07
-5.88728e-07
-3.64381e-07
-3.48263e-07
-3.42388e-07
-1.54102e-07
-2.71684e-07
-3.4229e-08
-1.57233e-07
-2.92998e-08
-7.59394e-08
1.09887e-07
-2.69976e-07
3.49813e-07
-5.48122e-07
5.34675e-07
-8.73811e-07
6.41421e-07
-1.21243e-06
6.7379e-07
-1.53439e-06
6.43748e-07
-1.81587e-06
5.64399e-07
-2.03827e-06
4.47075e-07
-2.18734e-06
3.00714e-07
-2.25255e-06
1.32741e-07
-2.22719e-06
-4.93481e-08
-2.10913e-06
-2.36282e-07
-1.90229e-06
-4.15597e-07
-1.61844e-06
-5.70925e-07
-1.27865e-06
-6.82471e-07
-9.13817e-07
-7.29218e-07
-5.63027e-07
-6.93178e-07
-2.69277e-07
-5.65433e-07
-7.21638e-08
-3.54346e-07
-1.01464e-07
-1.07426e-07
2.17313e-07
-3.68547e-07
6.10934e-07
-7.30625e-07
8.96754e-07
-1.1456e-06
1.05639e-06
-1.57135e-06
1.09954e-06
-1.97301e-06
1.04541e-06
-2.32283e-06
9.14225e-07
-2.5992e-06
7.23444e-07
-2.7854e-06
4.86913e-07
-2.86886e-06
2.16197e-07
-2.84116e-06
-7.70493e-08
-2.69899e-06
-3.78445e-07
-2.44597e-06
-6.6862e-07
-2.09491e-06
-9.21991e-07
-1.67e-06
-1.10737e-06
-1.20788e-06
-1.19134e-06
-7.56321e-07
-1.14474e-06
-3.69827e-07
-9.51927e-07
-1.02334e-07
-6.21839e-07
-2.03798e-07
-1.34338e-07
3.51651e-07
-4.56882e-07
9.33478e-07
-8.97556e-07
1.33743e-06
-1.39617e-06
1.555e-06
-1.90296e-06
1.60634e-06
-2.37846e-06
1.52091e-06
-2.7921e-06
1.32786e-06
-3.12031e-06
1.05165e-06
-3.34469e-06
7.11294e-07
-3.45084e-06
3.22344e-07
-3.42821e-06
-9.96812e-08
-3.27118e-06
-5.35477e-07
-2.98132e-06
-9.58483e-07
-2.57056e-06
-1.33274e-06
-2.0646e-06
-1.61333e-06
-1.5052e-06
-1.75074e-06
-9.49827e-07
-1.70011e-06
-4.67338e-07
-1.43442e-06
-1.29409e-07
-9.59767e-07
-3.33207e-07
-1.60229e-07
5.11879e-07
-5.43782e-07
1.31703e-06
-1.06365e-06
1.85729e-06
-1.64687e-06
2.13822e-06
-2.23573e-06
2.1952e-06
-2.7864e-06
2.07158e-06
-3.26618e-06
1.80764e-06
-3.65032e-06
1.43579e-06
-3.91922e-06
9.802e-07
-4.05665e-06
4.59771e-07
-4.0492e-06
-1.07125e-07
-3.88748e-06
-6.97201e-07
-3.56889e-06
-1.27707e-06
-3.1021e-06
-1.79953e-06
-2.51234e-06
-2.20309e-06
-1.84601e-06
-2.41707e-06
-1.17215e-06
-2.37397e-06
-5.78275e-07
-2.02829e-06
-1.59275e-07
-1.37877e-06
-4.92482e-07
-1.8832e-07
7.00199e-07
-6.37969e-07
1.76668e-06
-1.2434e-06
2.46273e-06
-1.91763e-06
2.81245e-06
-2.59449e-06
2.87206e-06
-3.22611e-06
2.7032e-06
-3.77841e-06
2.35994e-06
-4.2263e-06
1.88368e-06
-4.54962e-06
1.30352e-06
-4.73036e-06
6.40509e-07
-4.75156e-06
-8.59225e-08
-4.59833e-06
-8.50433e-07
-4.26124e-06
-1.61416e-06
-3.74238e-06
-2.31839e-06
-3.06339e-06
-2.88208e-06
-2.27379e-06
-3.20667e-06
-1.45587e-06
-3.19189e-06
-7.21692e-07
-2.76247e-06
-1.9833e-07
-1.90213e-06
-6.90813e-07
-2.21492e-07
9.21691e-07
-7.47391e-07
2.29258e-06
-1.44965e-06
3.16498e-06
-2.22499e-06
3.58779e-06
-2.99827e-06
3.64533e-06
-3.71812e-06
3.42305e-06
-4.35027e-06
2.99209e-06
-4.87062e-06
2.40404e-06
-5.25955e-06
1.69245e-06
-5.4978e-06
8.78764e-07
-5.5645e-06
-1.92287e-08
-5.4376e-06
-9.77326e-07
-5.09771e-06
-1.95405e-06
-4.53573e-06
-2.88037e-06
-3.76459e-06
-3.65322e-06
-2.83305e-06
-4.13821e-06
-1.83686e-06
-4.18808e-06
-9.19507e-07
-3.67983e-06
-2.5399e-07
-2.56764e-06
-9.44803e-07
-2.62458e-07
1.18415e-06
-8.7925e-07
2.90937e-06
-1.69307e-06
3.9788e-06
-2.58101e-06
4.47573e-06
-3.45833e-06
4.52266e-06
-4.2714e-06
4.23612e-06
-4.98764e-06
3.70833e-06
-5.58606e-06
3.00246e-06
-6.0495e-06
2.15588e-06
-6.35889e-06
1.18815e-06
-6.48989e-06
1.11774e-07
-6.41232e-06
-1.05489e-06
-6.09361e-06
-2.27276e-06
-5.5078e-06
-3.46619e-06
-4.65129e-06
-4.50972e-06
-3.56432e-06
-5.22518e-06
-2.35251e-06
-5.39989e-06
-1.19692e-06
-4.83543e-06
-3.35383e-07
-3.42918e-06
-1.28019e-06
-3.14175e-07
1.49832e-06
-1.0405e-06
3.63569e-06
-1.98212e-06
4.92043e-06
-2.99197e-06
5.48557e-06
-3.9756e-06
5.5063e-06
-4.8792e-06
5.13972e-06
-5.6749e-06
4.50402e-06
-6.34796e-06
3.67552e-06
-6.88671e-06
2.69463e-06
-7.275e-06
1.57644e-06
-7.48702e-06
3.23801e-07
-7.48495e-06
-1.05696e-06
-7.22095e-06
-2.53676e-06
-6.64629e-06
-4.04085e-06
-5.73058e-06
-5.42544e-06
-4.49225e-06
-6.46351e-06
-3.03597e-06
-6.85617e-06
-1.58149e-06
-6.28991e-06
-4.54049e-07
-4.55662e-06
-1.73424e-06
-3.80518e-07
1.87884e-06
-1.23861e-06
4.49379e-06
-2.32276e-06
6.00457e-06
-3.45632e-06
6.61913e-06
-4.53626e-06
6.58624e-06
-5.51234e-06
6.11581e-06
-6.36582e-06
5.3575e-06
-7.0926e-06
4.4023e-06
-7.69079e-06
3.29282e-06
-8.15145e-06
2.03709e-06
-8.4514e-06
6.23755e-07
-8.54838e-06
-9.59982e-07
-8.38007e-06
-2.70507e-06
-7.87103e-06
-4.54989e-06
-6.95284e-06
-6.34363e-06
-5.60303e-06
-7.81332e-06
-3.90289e-06
-8.5563e-06
-2.09917e-06
-8.09363e-06
-6.2442e-07
-6.03137e-06
-2.35865e-06
-4.67479e-07
2.34632e-06
-1.48273e-06
5.50904e-06
-2.71745e-06
7.23929e-06
-3.96044e-06
7.86213e-06
-5.10416e-06
7.72996e-06
-6.10859e-06
7.12024e-06
-6.97048e-06
6.21939e-06
-7.702e-06
5.13382e-06
-8.3164e-06
3.90722e-06
-8.81759e-06
2.53828e-06
-9.19149e-06
9.9765e-07
-9.39824e-06
-7.53226e-07
-9.36689e-06
-2.73643e-06
-8.99663e-06
-4.92014e-06
-8.17293e-06
-7.16733e-06
-6.80966e-06
-9.17659e-06
-4.9278e-06
-1.04382e-05
-2.76516e-06
-1.02563e-05
-8.6392e-07
-7.93261e-06
-3.22257e-06
-5.85499e-07
2.93182e-06
-1.78518e-06
6.70873e-06
-3.16238e-06
8.61649e-06
-4.47031e-06
9.17006e-06
-5.60772e-06
8.86736e-06
-6.55632e-06
8.06883e-06
-7.33737e-06
7.00045e-06
-7.98599e-06
5.78244e-06
-8.53611e-06
4.45734e-06
-9.01053e-06
3.0127e-06
-9.41204e-06
1.39916e-06
-9.71365e-06
-4.51619e-07
-9.848e-06
-2.60208e-06
-9.69965e-06
-5.06849e-06
-9.1094e-06
-7.75758e-06
-7.90842e-06
-1.03776e-05
-6.00821e-06
-1.23384e-05
-3.56629e-06
-1.26982e-05
-1.19196e-06
-1.03069e-05
-4.41454e-06
-7.54029e-07
3.68585e-06
-2.16294e-06
8.11764e-06
-3.63963e-06
1.00932e-05
-4.91415e-06
1.04446e-05
-5.91612e-06
9.86933e-06
-6.66846e-06
8.82117e-06
-7.22904e-06
7.56103e-06
-7.66255e-06
6.21596e-06
-8.02756e-06
4.82235e-06
-8.36962e-06
3.35476e-06
-8.71491e-06
1.74446e-06
-9.06079e-06
-1.05739e-07
-9.36135e-06
-2.30152e-06
-9.50887e-06
-4.92096e-06
-9.31846e-06
-7.94799e-06
-8.53667e-06
-1.11594e-05
-6.91773e-06
-1.39573e-05
-4.42978e-06
-1.51861e-05
-1.62482e-06
-1.31119e-05
-6.03936e-06
-1.00914e-06
4.69499e-06
-2.6346e-06
9.74311e-06
-4.09384e-06
1.15524e-05
-5.14322e-06
1.1494e-05
-5.79343e-06
1.05195e-05
-6.13836e-06
9.1661e-06
-6.28607e-06
7.70874e-06
-6.33449e-06
6.26437e-06
-6.36543e-06
4.85329e-06
-6.44498e-06
3.43431e-06
-6.62328e-06
1.92275e-06
-6.92939e-06
2.00366e-07
-7.3571e-06
-1.87381e-06
-7.83821e-06
-4.43985e-06
-8.20368e-06
-7.58252e-06
-8.14837e-06
-1.12147e-05
-7.25188e-06
-1.48538e-05
-5.16857e-06
-1.72694e-05
-2.15697e-06
-1.61235e-05
-8.19632e-06
-1.40857e-06
6.10355e-06
-3.19028e-06
1.15248e-05
-4.36005e-06
1.27222e-05
-4.83828e-06
1.19722e-05
-4.80526e-06
1.04865e-05
-4.46098e-06
8.82182e-06
-3.97011e-06
7.21787e-06
-3.45666e-06
5.75092e-06
-3.01334e-06
4.40997e-06
-2.71376e-06
3.13472e-06
-2.62184e-06
1.83084e-06
-2.79497e-06
3.73497e-07
-3.27622e-06
-1.39256e-06
-4.06796e-06
-3.64812e-06
-5.07666e-06
-6.57381e-06
-6.02621e-06
-1.02651e-05
-6.37665e-06
-1.45034e-05
-5.39095e-06
-1.82551e-05
-2.70629e-06
-1.88082e-05
-1.09026e-05
-2.00324e-06
8.10679e-06
-3.64922e-06
1.31708e-05
-3.94664e-06
1.30196e-05
-3.28727e-06
1.13128e-05
-2.1329e-06
9.33217e-06
-7.98023e-07
7.48694e-06
5.21515e-07
5.89833e-06
1.70789e-06
4.56454e-06
2.6877e-06
3.43016e-06
3.40572e-06
2.4167e-06
3.80611e-06
1.43045e-06
3.8203e-06
3.5931e-07
3.36377e-06
-9.3603e-07
2.34994e-06
-2.63429e-06
7.40136e-07
-4.96401e-06
-1.33957e-06
-8.18542e-06
-3.39596e-06
-1.2447e-05
-4.37656e-06
-1.72745e-05
-2.99353e-06
-2.01912e-05
-1.38961e-05
-2.6571e-06
1.07639e-05
-3.13043e-06
1.36441e-05
-1.43624e-06
1.13254e-05
1.09974e-06
8.77683e-06
3.75228e-06
6.67964e-06
6.20866e-06
5.03056e-06
8.34164e-06
3.76535e-06
1.01095e-05
2.79671e-06
1.15048e-05
2.03482e-06
1.25232e-05
1.39831e-06
1.31425e-05
8.11181e-07
1.33075e-05
1.94284e-07
1.29178e-05
-5.46311e-07
1.18211e-05
-1.53755e-06
9.82877e-06
-2.97173e-06
6.80113e-06
-5.15777e-06
2.90139e-06
-8.54725e-06
-8.91978e-07
-1.34812e-05
-2.34355e-06
-1.87396e-05
-1.62397e-05
-1.81595e-06
1.25799e-05
1.82706e-06
1.00011e-05
6.9199e-06
6.23256e-06
1.15642e-05
4.1325e-06
1.54129e-05
2.83098e-06
1.84931e-05
1.95035e-06
2.09062e-05
1.35221e-06
2.27611e-05
9.41885e-07
2.41477e-05
6.48231e-07
2.51249e-05
4.21017e-07
2.57136e-05
2.22547e-07
2.58882e-05
1.9674e-08
2.55651e-05
-2.23244e-07
2.45818e-05
-5.54251e-07
2.26657e-05
-1.05558e-06
1.94101e-05
-1.90218e-06
1.43698e-05
-3.50694e-06
7.57216e-06
-6.68357e-06
9.91582e-07
-1.2159e-05
-1.52481e-05
1.25799e-05
2.2581e-05
2.88135e-05
3.2946e-05
3.5777e-05
3.77274e-05
3.90796e-05
4.00214e-05
4.06697e-05
4.10907e-05
4.13132e-05
4.13329e-05
4.11097e-05
4.05554e-05
3.94998e-05
3.75977e-05
3.40907e-05
2.74072e-05
1.52481e-05
)
;

boundaryField
{
    movingWall
    {
        type            calculated;
        value           uniform 0;
    }
    fixedWalls
    {
        type            calculated;
        value           uniform 0;
    }
    frontAndBack
    {
        type            empty;
        value           nonuniform 0();
    }
}


// ************************************************************************* //
